table_id rows cols nulls inlinks outlinks views table_imp table_fraction
table-0104-882 20 4 12 522 652 15089 0.25 0.03326243215490685
table-0104-80 96 4 57 0 0 0 0.0 3890.0
table-0104-825 115 2 0 333 554 3296 0.25 2.0149732620320857
table-0104-849 0 1 0 80 133 39656 0.25 0.0
table-0104-787 54 4 54 171 662 1190 1.0 11.510810810810812
table-0104-443 10 7 0 241 312 2815 0.14285714285714285 0.22114868491680087
table-0104-520 10 3 0 409 72 7689 0.14285714285714285 0.7877947295423023
table-0104-420 5 7 0 243 317 3278 0.14285714285714285 0.0941999177293295
table-0104-222 1 3 0 71 80 1206 1.0 0.1724137931034483
table-0104-124 30 2 0 446 82 14178 0.25 0.17366628830874006
table-0104-465 10 5 0 238 325 2321 0.125 0.2797534376481745
table-0104-681 0 1 0 229 332 2209 0.14285714285714285 0.0
table-0104-472 10 5 0 237 333 2580 0.14285714285714285 0.20903361344537816
table-0104-248 7 5 0 243 331 3161 0.14285714285714285 0.24729241877256317
table-0104-622 2 3 0 37 46 1977 1.0 0.07303370786516854
table-0104-103 2 6 0 651 471 177903 0.045454545454545456 0.017682585144137973
table-0104-5 1 2 1 15 36 1416 1.0 0.021087680355160933
table-0104-518 8 4 0 34 55 29212 0.3333333333333333 0.8704856787048568
table-0104-250 9 8 0 243 331 3161 0.14285714285714285 0.24007220216606498
table-0104-697 7 7 0 329 357 5157 0.125 0.049387517013416295
table-0104-808 0 1 0 249 506 30655 1.0 0.0
table-0104-91 4 2 0 8 18 2894 0.5 0.3434650455927052
table-0104-613 1 2 1 18 33 4340 0.5 0.017025089605734768
table-0104-18 6 1 0 330 411 2170 1.0 0.022252747252747253
table-0104-209 3 2 0 51 63 661 0.5 0.04976303317535545
table-0104-158 14 7 0 255 343 10048 0.14285714285714285 0.15954088952654233
table-0104-407 0 1 0 19 26 456 1.0 0.0
table-0104-843 1 6 0 14 49 1833 0.25 0.022358527898694105
table-0104-312 2 7 2 257 398 135 1.0 0.015103914934751087
table-0104-933 3 7 0 231 344 1987 0.14285714285714285 0.10782080485952923
table-0104-77 6 4 0 255 342 4277 0.14285714285714285 0.22052663076002393
table-0104-339 12 7 0 297 372 4263 0.08333333333333333 0.2173728813559322
table-0104-326 1 7 1 257 398 135 1.0 0.01304978250362494
table-0104-95 5 3 0 6 114 50536 1.0 0.1591549295774648
table-0104-161 8 8 0 255 343 10048 0.14285714285714285 0.10329985652797705
table-0104-539 27 6 0 66 246 1651 0.08333333333333333 0.9982425307557118
table-0104-300 6 5 0 292 362 3610 0.125 0.14450619923044036
table-0104-36 15 1 0 18 90 968 0.2 0.510989010989011
table-0104-516 35 9 28 45 185 1417 0.3333333333333333 4.126494023904383
table-0104-774 12 4 12 171 662 1190 1.0 2.654054054054054
table-0104-527 1 3 0 103 139 49068 0.16666666666666666 0.008974964572508267
table-0104-451 5 7 0 325 317 3910 0.14285714285714285 0.11644908616187989
table-0104-42 0 1 0 384 352 6630 0.16666666666666666 0.0
table-0104-758 223 4 224 164 370 1247 1.0 89.85474860335195
table-0104-28 3 11 11 310 391 8837 0.0625 0.007168458781362007
table-0104-695 6 7 0 329 357 5157 0.125 0.05152634649037527
table-0104-264 9 8 0 417 478 10390 0.1111111111111111 0.0520223523150612
table-0104-670 3 3 0 47 71 4993 1.0 0.07970342910101946
table-0104-297 3 7 0 246 322 3041 0.14285714285714285 0.0752366716492277
table-0104-861 1 2 1 10 19 1161 1.0 0.00982928091050181
table-0104-951 8 5 0 232 335 1952 0.14285714285714285 0.41222707423580784
table-0104-837 1 2 1 35 55 11132 1.0 0.01676963812886143
table-0104-836 37 4 43 88 150 501850 0.5 0.49759384023099135
table-0104-747 37 4 3 57 77 28618 0.25 1.4804822043628014
table-0104-757 149 4 149 172 630 1883 1.0 50.1924882629108
table-0104-783 19 4 19 171 662 1190 1.0 3.945945945945946
table-0104-463 7 2 0 46 81 6118 0.3333333333333333 0.06893995552260934
table-0104-223 3 3 0 120 102 2978 1.0 0.0918987341772152
table-0104-831 26 4 9 96 115 1193 1.0 17.699530516431924
table-0104-690 1 6 0 236 354 3198 0.16666666666666666 0.01043669321614941
table-0104-193 0 1 0 248 336 3602 0.14285714285714285 0.0
table-0104-585 13 6 0 78 246 1009 0.058823529411764705 0.1918218085106383
table-0104-504 9 2 9 10 34 5088 1.0 0.07427413909520594
table-0104-603 1 1 0 173 145 10586 1.0 0.0026320306688790984
table-0104-395 1 7 1 257 398 92 1.0 0.013412276462058966
table-0104-426 8 7 0 240 328 2837 0.14285714285714285 0.11421499292786422
table-0104-272 9 8 0 249 319 2931 0.14285714285714285 0.20541871921182267
table-0104-145 1 5 2 16 19 677 1.0 0.14805825242718446
table-0104-846 15 2 0 80 133 39656 0.25 0.1047304275976038
table-0104-552 6 6 6 45 172 660 0.09090909090909091 1.0829015544041452
table-0104-56 6 11 0 252 336 4128 0.2 0.10484384958572339
table-0104-683 0 1 0 229 332 2209 0.14285714285714285 0.0
table-0104-427 4 7 0 240 328 2837 0.14285714285714285 0.05763790664780764
table-0104-65 0 1 0 244 338 3893 0.16666666666666666 0.0
table-0104-462 6 4 0 236 323 2804 0.14285714285714285 0.32014246141669966
table-0104-422 6 4 0 243 317 3278 0.14285714285714285 0.33031674208144796
table-0104-243 4 7 0 246 329 3634 0.125 0.03966228156292951
table-0104-230 7 8 0 489 545 15220 0.058823529411764705 0.14732724902216426
table-0104-125 2 1 0 153 205 13601 1.0 0.007444168734491315
table-0104-461 2 7 0 236 323 2804 0.14285714285714285 0.03007518796992481
table-0104-84 27 6 0 87 214 1242 0.3333333333333333 7.2823529411764705
table-0104-790 13 5 4 122 451 3540 1.0 0.09701686121919585
table-0104-809 7 4 0 218 150 1650 0.3333333333333333 0.5186440677966102
table-0104-183 1 8 0 244 337 2901 0.16666666666666666 0.01652892561983471
table-0104-247 0 1 0 40 15 33073 0.5 0.0
table-0104-401 4 7 0 417 472 11355 0.043478260869565216 0.05473615208128482
table-0104-609 28 7 7 402 317 3910 0.2 1.5601809954751131
table-0104-868 1 3 0 70 82 831 1.0 0.3427835051546392
table-0104-848 1 2 0 80 133 39656 0.25 0.008675893410452386
table-0104-957 11 4 0 232 335 1952 0.14285714285714285 1.2375545851528384
table-0104-332 2 7 2 257 398 135 1.0 0.012324794586756888
table-0104-752 8 3 2 36 52 9934 0.5 0.6569678407350689
table-0104-142 3 3 0 154 151 16935 1.0 0.054184955350385956
table-0104-948 1 6 0 235 324 2407 0.14285714285714285 0.0299625468164794
table-0104-946 3 7 0 235 324 2407 0.14285714285714285 0.07927590511860175
table-0104-619 1 2 1 18 27 3232 0.5 0.014570552147239263
table-0104-895 27 15 24 85 155 68884 0.09090909090909091 1.85565749235474
table-0104-943 8 5 0 235 324 2407 0.14285714285714285 0.2933832709113608
table-0104-981 11 6 3 413 500 959200 0.041666666666666664 0.0263279712996181
table-0104-11 9 9 0 330 411 2170 1.0 0.1458791208791209
table-0104-745 1 2 1 41 61 3214 1.0 0.02021276595744681
table-0104-276 8 7 0 249 319 2931 0.14285714285714285 0.15911330049261083
table-0104-429 6 4 0 240 328 2837 0.14285714285714285 0.28677510608203677
table-0104-729 2 3 0 13 47 1327 1.0 0.05977840762690028
table-0104-112 1 3 0 13 22 739 1.0 0.09331919406150584
table-0104-253 0 1 0 243 331 3161 0.14285714285714285 0.0
table-0104-525 5 2 0 103 139 49068 0.16666666666666666 0.06471421823334908
table-0104-912 0 1 0 234 349 2418 0.14285714285714285 0.0
table-0104-582 37 6 0 78 246 1009 0.058823529411764705 0.5282579787234043
table-0104-549 3 3 0 113 145 44591 0.3333333333333333 0.11288265306122448
table-0104-329 2 6 2 257 398 135 1.0 0.019574673755437408
table-0104-701 1 2 0 53 85 6126 1.0 0.010145566828407587
table-0104-484 19 7 0 233 320 3368 0.14285714285714285 0.2978131212723658
table-0104-146 6 3 1 240 346 643 1.0 1.4303030303030304
table-0104-262 4 4 0 250 320 4036 0.14285714285714285 0.22959183673469388
table-0104-294 9 8 0 246 322 3041 0.14285714285714285 0.2062780269058296
table-0104-618 2 6 0 553 295 219 1.0 0.035398230088495575
table-0104-314 2 7 2 257 398 135 1.0 0.01304978250362494
table-0104-851 1 2 1 30 49 3799 0.5 0.011052937754508435
table-0104-923 3 7 0 231 333 2242 0.14285714285714285 0.07618510158013544
table-0104-987 6 7 0 363 407 11610 0.1111111111111111 0.03879830917874396
table-0104-265 13 7 0 417 478 10390 0.1111111111111111 0.07158062799361363
table-0104-157 9 8 0 255 343 10048 0.14285714285714285 0.12510760401721666
table-0104-772 6 4 6 171 662 1190 1.0 1.2648648648648648
table-0104-330 1 7 1 257 398 135 1.0 0.0076123731271145485
table-0104-937 0 1 0 234 355 2121 0.14285714285714285 0.0
table-0104-835 1 2 0 37 74 14299 1.0 0.014973958333333334
table-0104-266 5 7 0 417 478 10390 0.1111111111111111 0.03392762107503992
table-0104-126 29 6 96 171 160 371349 0.14285714285714285 0.2547960778740941
table-0104-377 1 7 1 257 398 92 1.0 0.011116481391976801
table-0104-348 4 7 0 248 329 3551 0.14285714285714285 0.07045171985080813
table-0104-322 2 7 2 257 398 135 1.0 0.011116481391976801
table-0104-866 12 6 8 31 52 5031 0.25 0.5488565488565489
table-0104-865 5 4 0 31 52 5031 0.25 0.10083160083160084
table-0104-491 18 7 0 231 321 2656 0.14285714285714285 0.2813328284740629
table-0104-997 1 6 0 229 289 2119 0.14285714285714285 0.02943396226415094
table-0104-316 1 7 1 257 398 135 1.0 0.012808119864668923
table-0104-815 14 9 65 88 145 1763 0.25 0.8848101265822785
table-0104-794 4 5 8 52 167 3840 0.5 0.09408602150537634
table-0104-566 20 10 39 78 240 26121 0.09090909090909091 0.20745281497015647
table-0104-135 4 4 0 116 227 138427 0.25 0.006922810661128418
table-0104-604 1 2 1 34 61 9241 1.0 0.018410852713178296
table-0104-375 1 7 1 257 398 92 1.0 0.0064040599323344615
table-0104-397 1 3 0 59 73 1149 1.0 0.17410071942446043
table-0104-989 4 8 0 363 407 11610 0.1111111111111111 0.023852657004830916
table-0104-648 3 3 0 89 635 5490 1.0 0.08063872255489021
table-0104-235 0 1 0 15 24 622 1.0 0.0
table-0104-819 20 4 0 28 135 3025 0.3333333333333333 0.4629066229815118
table-0104-136 9 2 0 116 227 138427 0.25 0.0271374177916234
table-0104-637 25 12 25 89 635 5490 1.0 1.392814371257485
table-0104-341 3 7 0 297 372 4263 0.08333333333333333 0.04788135593220339
table-0104-716 4 3 0 41 41 2339 0.3333333333333333 0.2672209026128266
table-0104-551 22 6 21 45 172 660 0.09090909090909091 4.103626943005182
table-0104-51 0 1 0 253 330 3815 0.14285714285714285 0.0
table-0104-682 4 7 0 229 332 2209 0.14285714285714285 0.08580343213728549
table-0104-455 10 6 25 323 146 11478 0.3333333333333333 2.979899497487437
table-0104-143 1 5 2 12 23 805 1.0 0.1843065693430657
table-0104-746 12 4 3 57 77 28618 0.25 0.309414466130884
table-0104-120 1 2 0 19 55 2216 0.5 0.016690856313497822
table-0104-862 1 2 0 35 54 7977 1.0 0.019071310116086235
table-0104-804 1 2 0 6 13 877 1.0 0.014285714285714285
table-0104-644 0 0 0 89 635 5490 1.0 0.0
table-0104-546 4 3 1 113 145 44591 0.3333333333333333 0.032525510204081634
table-0104-599 15 3 9 49 67 12724 0.5 0.39133858267716537
table-0104-144 2 3 0 23 44 4305 1.0 0.05496507743698755
table-0104-967 12 6 3 413 500 959200 0.041666666666666664 0.03668556879990742
table-0104-133 1 2 0 22 38 3074 0.5 0.089058524173028
table-0104-894 7 9 13 85 155 68884 0.09090909090909091 0.7584097859327217
table-0104-887 8 13 1 85 155 68884 0.09090909090909091 1.2434250764525994
table-0104-828 4 6 12 81 123 1726 0.3333333333333333 0.3022598870056497
table-0104-574 14 4 12 815 285 7475918 0.2 0.05564533127239514
table-0104-705 4 9 2 138 134 1121 1.0 0.13973799126637554
table-0104-890 2 2 0 85 155 68884 0.09090909090909091 0.0782874617737003
table-0104-305 5 7 0 292 362 3610 0.125 0.09747755451047456
table-0104-335 1 7 1 257 398 135 1.0 0.013412276462058966
table-0104-488 8 4 0 233 320 3368 0.14285714285714285 0.4234592445328032
table-0104-795 35 5 0 52 167 3840 0.5 0.8951612903225806
table-0104-712 13 2 0 96 181 2236 0.25 0.07525773195876288
table-0104-31 6 4 0 310 391 8837 0.0625 0.1460101867572156
table-0104-280 9 8 0 255 327 4433 0.125 0.16345776031434184
table-0104-354 10 7 0 405 459 17037 0.1111111111111111 0.1732181425485961
table-0104-102 5 9 0 651 471 177903 0.045454545454545456 0.013012888363115621
table-0104-786 14 4 14 171 662 1190 1.0 2.8
table-0104-803 3 4 0 166 129 1635 0.5 0.32057416267942584
table-0104-584 17 6 0 78 246 1009 0.058823529411764705 0.24634308510638298
table-0104-889 5 13 3 85 155 68884 0.09090909090909091 0.8752293577981651
table-0104-632 1 3 0 87 109 2291 1.0 0.05730573057305731
table-0104-638 4 11 0 89 635 5490 1.0 0.21916167664670658
table-0104-816 5 5 2 314 160 2028 0.25 0.20957542908762422
table-0104-602 7 2 0 8 19 15402 0.5 0.06461538461538462
table-0104-625 12 6 0 228 507 2700 0.5 0.678031937850669
table-0104-898 0 1 0 60 63 17210 1.0 0.0
table-0104-626 9 2 9 35 58 3671 0.5 0.14153846153846153
table-0104-501 0 1 0 233 330 2155 0.14285714285714285 0.0
table-0104-447 7 4 0 241 312 2815 0.14285714285714285 0.49973161567364466
table-0104-559 23 6 22 45 172 660 0.09090909090909091 4.629533678756476
table-0104-140 11 3 0 162 121 3155 1.0 0.4117050067658999
table-0104-858 4 9 4 206 390 1604 0.125 0.0642361111111111
table-0104-532 11 6 10 20 144 632 0.2 5.772222222222222
table-0104-334 1 7 1 257 398 135 1.0 0.011478975350410826
table-0104-767 3 7 2 119 217 1925 1.0 0.06152185644900162
table-0104-131 1 5 2 6 17 631 1.0 0.18518518518518517
table-0104-237 1 2 0 267 308 15436 0.3333333333333333 0.04246284501061571
table-0104-939 3 7 0 234 355 2121 0.14285714285714285 0.06708799222168206
table-0104-352 6 5 0 405 459 17037 0.1111111111111111 0.14989200863930885
table-0104-662 8 4 3 30 44 9990 0.25 0.19837157660991858
table-0104-163 7 5 0 252 344 8506 0.125 0.10652741514360313
table-0104-735 1 4 0 157 171 1741 0.25 0.16607773851590105
table-0104-379 1 7 1 257 398 92 1.0 0.015466408893185114
table-0104-3 6 7 0 304 488 7904 0.0625 0.1423097974822113
table-0104-4 0 1 0 55 116 2123 1.0 0.0
table-0104-195 6 4 0 248 336 3602 0.14285714285714285 0.35799086757990867
table-0104-571 10 3 0 1073 493 117650 0.25 0.02361329147043433
table-0104-48 0 1 0 253 330 3815 0.14285714285714285 0.0
table-0104-411 7 3 0 72 205 990 0.09090909090909091 0.38876889848812096
table-0104-512 4 1 0 625 370 5876 0.125 0.036511156186612576
table-0104-692 8 5 0 329 357 5157 0.125 0.09235854559595567
table-0104-150 9 8 0 250 347 3522 0.16666666666666666 0.1972093023255814
table-0104-284 10 7 0 255 327 4433 0.125 0.1504911591355599
table-0104-601 1 3 0 26 60 5245 0.5 0.007841328413284132
table-0104-961 1 7 0 230 290 2807 0.14285714285714285 0.02943189596167009
table-0104-380 1 7 1 257 398 92 1.0 0.012808119864668923
table-0104-653 4 5 0 89 635 5490 1.0 0.1844311377245509
table-0104-519 10 3 0 409 72 7689 0.14285714285714285 0.7988904299583911
table-0104-198 1 7 0 243 324 3006 0.16666666666666666 0.021130480718436345
table-0104-847 1 2 0 80 133 39656 0.25 0.00846932451972733
table-0104-852 2 2 0 30 49 3799 0.5 0.04013961605584642
table-0104-152 3 7 0 250 347 3522 0.16666666666666666 0.07255813953488371
table-0104-800 3 3 0 4 43 259 1.0 0.16930737890448166
table-0104-254 2 5 0 243 331 3161 0.14285714285714285 0.04512635379061372
table-0104-489 8 5 0 231 321 2656 0.14285714285714285 0.17758424839076106
table-0104-457 8 8 0 236 323 2804 0.14285714285714285 0.14681440443213298
table-0104-907 8 5 0 234 349 2418 0.14285714285714285 0.1774254435636089
table-0104-406 4 6 7 264 68 3146 0.3333333333333333 0.6880733944954128
table-0104-598 32 5 13 7 36 1177 0.5 1.1058781869688386
table-0104-564 54 10 87 78 240 26121 0.09090909090909091 0.6488143248911115
table-0104-929 8 5 0 231 344 1987 0.14285714285714285 0.3568716780561883
table-0104-458 8 7 0 236 323 2804 0.14285714285714285 0.13771270280965572
table-0104-739 1 2 1 139 195 8696 1.0 0.020607375271149676
table-0104-159 6 7 0 255 343 10048 0.14285714285714285 0.08149210903873745
table-0104-992 8 5 0 229 289 2119 0.14285714285714285 0.3584905660377358
table-0104-271 7 5 0 249 319 2931 0.14285714285714285 0.1980295566502463
table-0104-268 6 8 0 417 478 10390 0.1111111111111111 0.0325971261309207
table-0104-398 6 5 0 417 472 11355 0.043478260869565216 0.1160275319567355
table-0104-947 1 7 0 235 324 2407 0.14285714285714285 0.02871410736579276
table-0104-782 46 4 46 171 662 1190 1.0 9.935135135135136
table-0104-474 15 7 0 237 333 2580 0.14285714285714285 0.20973389355742297
table-0104-492 4 7 0 231 321 2656 0.14285714285714285 0.0617190458159788
table-0104-983 11 6 3 414 500 959200 0.041666666666666664 0.022508968869343827
table-0104-413 2 3 0 72 205 990 0.09090909090909091 0.12742980561555076
table-0104-470 8 7 0 238 325 2321 0.125 0.12754860123281175
table-0104-524 5 3 1 103 139 49068 0.16666666666666666 0.061880018894662256
table-0104-647 20 8 20 89 635 5490 1.0 0.93812375249501
table-0104-994 1 7 0 229 289 2119 0.14285714285714285 0.022641509433962263
table-0104-428 9 7 0 240 328 2837 0.14285714285714285 0.13012729844413012
table-0104-538 4 3 0 66 246 1651 0.08333333333333333 0.17750439367311072
table-0104-924 0 1 0 231 333 2242 0.14285714285714285 0.0
table-0104-900 0 1 0 40 28 8654 1.0 0.0
table-0104-418 10 7 0 243 317 3278 0.14285714285714285 0.17729329494035376
table-0104-328 1 7 1 257 398 135 1.0 0.013895601739971
table-0104-666 9 4 3 17 23 1480 0.5 0.14603174603174604
table-0104-495 7 4 0 231 321 2656 0.14285714285714285 0.34986747444149946
table-0104-438 6 4 0 449 507 10826 0.125 0.19435215946843853
table-0104-441 10 5 0 241 312 2815 0.14285714285714285 0.3140096618357488
table-0104-793 1 5 2 52 167 3840 0.5 0.028329197684036394
table-0104-323 1 7 1 257 398 135 1.0 0.014499758337361043
table-0104-22 5 5 0 310 391 8837 0.0625 0.05432937181663837
table-0104-33 37 4 0 128 146 169555 0.25 0.3285971795143675
table-0104-313 1 7 1 257 398 135 1.0 0.012324794586756888
table-0104-675 1 6 0 229 324 2390 0.14285714285714285 0.025851197982345524
table-0104-916 5 7 0 238 349 3242 0.14285714285714285 0.042873432155074116
table-0104-299 5 4 0 246 322 3041 0.14285714285714285 0.3273542600896861
table-0104-576 1 4 1 815 285 7475918 0.2 0.004145296142766809
table-0104-118 2 2 1 39 59 8888 1.0 0.057441253263707574
table-0104-165 13 7 0 252 344 8506 0.125 0.14308093994778068
table-0104-435 6 7 0 449 507 10826 0.125 0.05719031798766018
table-0104-594 13 2 6 127 174 78887 0.5 0.06554524361948956
table-0104-886 5 4 0 48 105 3558 1.0 0.08930716860232278
table-0104-833 1 2 1 30 57 14124 1.0 0.008837209302325582
table-0104-567 21 10 27 78 240 26121 0.09090909090909091 0.23810291982577836
table-0104-70 16 3 0 294 255 6529 1.0 0.18070547417116423
table-0104-502 9 4 0 233 330 2155 0.14285714285714285 0.5912444663059518
table-0104-570 1 1 0 1073 493 117650 0.25 0.0019623233908948193
table-0104-90 1 3 0 69 82 1081 1.0 0.04241435562805873
table-0104-673 2 7 0 229 324 2390 0.14285714285714285 0.0510718789407314
table-0104-184 5 7 0 244 337 2901 0.16666666666666666 0.07212622088655146
table-0104-423 10 5 0 240 328 2837 0.14285714285714285 0.20615275813295617
table-0104-737 7 4 0 11 85 1568 0.3333333333333333 0.021231289534665247
table-0104-128 5 3 0 171 160 371349 0.14285714285714285 0.03211595850504476
table-0104-650 23 11 10 89 635 5490 1.0 1.5920159680638724
table-0104-754 142 4 143 172 630 1883 1.0 46.36150234741784
table-0104-919 3 7 0 238 349 3242 0.14285714285714285 0.026453819840364882
table-0104-606 42 6 30 402 317 3910 0.2 2.411764705882353
table-0104-415 27 6 0 72 205 990 0.09090909090909091 1.2343412526997841
table-0104-975 5 3 0 414 500 959200 0.041666666666666664 0.03836361532230066
table-0104-860 1 2 0 30 69 7601 1.0 0.017597551644988524
table-0104-345 6 5 0 248 329 3551 0.14285714285714285 0.1413178615830916
table-0104-717 3 4 4 8 100 5651 0.5 0.25485122897800777
table-0104-416 10 5 0 243 317 3278 0.14285714285714285 0.23776223776223776
table-0104-863 1 2 1 4 22 1986 1.0 0.017210144927536232
table-0104-686 1 8 0 236 354 3198 0.16666666666666666 0.012633891787970338
table-0104-548 2 3 0 113 145 44591 0.3333333333333333 0.06600765306122448
table-0104-949 16 4 0 235 324 2407 0.14285714285714285 1.249063670411985
table-0104-274 5 7 0 249 319 2931 0.14285714285714285 0.12167487684729064
table-0104-893 3 8 0 85 155 68884 0.09090909090909091 0.4470948012232416
table-0104-319 1 7 1 257 398 135 1.0 0.015466408893185114
table-0104-676 0 1 0 229 324 2390 0.14285714285714285 0.0
table-0104-902 0 1 0 28 17 3409 1.0 0.0
table-0104-999 8 5 0 231 295 1815 0.14285714285714285 0.36973478939157567
table-0104-473 8 8 0 237 333 2580 0.14285714285714285 0.13165266106442577
table-0104-792 15 15 0 88 129 1351 0.5 1.1704545454545454
table-0104-200 0 1 0 243 324 3006 0.16666666666666666 0.0
table-0104-873 1 2 1 31 68 3521 1.0 0.0026425591098748263
table-0104-761 104 4 104 172 381 1190 1.0 34.44444444444444
table-0104-261 5 7 0 250 320 4036 0.14285714285714285 0.08035714285714286
table-0104-515 10 6 0 45 185 1417 0.3333333333333333 1.2330677290836654
table-0104-50 0 1 0 253 330 3815 0.14285714285714285 0.0
table-0104-175 7 5 0 251 333 3466 0.16666666666666666 0.23366686286050617
table-0104-721 1 8 0 241 341 3524 0.14285714285714285 0.015486725663716814
table-0104-834 34 7 84 1537 493 127806 0.5 0.502737110120942
table-0104-186 4 7 0 244 337 2901 0.16666666666666666 0.05597295266716754
table-0104-434 11 7 0 449 507 10826 0.125 0.10132890365448505
table-0104-199 1 7 0 243 324 3006 0.16666666666666666 0.025884838880084523
table-0104-452 2 7 0 325 317 3910 0.14285714285714285 0.044386422976501305
table-0104-750 2 3 4 23 41 2178 1.0 0.015906477577615943
table-0104-927 11 4 0 231 333 2242 0.14285714285714285 0.7844243792325056
table-0104-709 4 7 4 60 37 2923 0.3333333333333333 0.22458357265939116
table-0104-101 2 1 0 651 471 177903 0.045454545454545456 0.002615030197372517
table-0104-922 3 8 0 231 333 2242 0.14285714285714285 0.08295711060948081
table-0104-960 1 7 0 230 290 2807 0.14285714285714285 0.023956194387405885
table-0104-446 7 7 0 241 312 2815 0.14285714285714285 0.13365539452495975
table-0104-979 10 6 3 414 500 959200 0.041666666666666664 0.01863210276588358
table-0104-560 1 2 0 100 101 20772 0.3333333333333333 0.008344923504867872
table-0104-823 38 2 0 333 554 3296 0.25 1.116577540106952
table-0104-661 2 4 0 17 45 7581 0.3333333333333333 0.09492847854356307
table-0104-363 4 7 0 483 530 14125 0.1111111111111111 0.03643272239606616
table-0104-522 10 3 0 409 72 7689 0.14285714285714285 0.6407766990291263
table-0104-16 4 1 0 330 411 2170 1.0 0.005906593406593406
table-0104-166 10 7 0 252 344 8506 0.125 0.11906005221932114
table-0104-621 100 6 0 228 507 394 1.0 4.419939577039275
table-0104-76 3 7 0 255 342 4277 0.14285714285714285 0.03859964093357271
table-0104-291 4 7 0 251 318 3251 0.14285714285714285 0.0741852487135506
table-0104-251 5 7 0 243 331 3161 0.14285714285714285 0.13598074608904934
table-0104-891 6 5 0 85 155 68884 0.09090909090909091 0.5406727828746177
table-0104-6 1 3 0 18 50 359 1.0 0.02891566265060241
table-0104-172 44 6 0 432 368 40464 0.5 0.31559187279151946
table-0104-537 2 3 0 66 246 1651 0.08333333333333333 0.13181019332161686
table-0104-344 0 1 0 297 372 4263 0.08333333333333333 0.0
table-0104-563 35 10 61 78 240 26121 0.09090909090909091 0.36941442168091626
table-0104-920 11 4 0 238 349 3242 0.14285714285714285 0.30285062713797034
table-0104-575 8 4 0 815 285 7475918 0.2 0.03758870231152955
table-0104-635 1 2 1 40 50 16130 1.0 0.012289780077619664
table-0104-722 3 7 0 241 341 3524 0.14285714285714285 0.031803097345132744
table-0104-827 42 4 0 50 74 496 1.0 0.4875
table-0104-719 19 13 0 28 5 1890 1.0 9.53475935828877
table-0104-412 6 3 0 72 205 990 0.09090909090909091 0.4222462203023758
table-0104-990 2 4 0 363 407 11610 0.1111111111111111 0.03094806763285024
table-0104-503 1 2 0 62 100 15603 1.0 0.013930950938824955
table-0104-872 10 9 14 132 140 4025 0.3333333333333333 2.661064425770308
table-0104-742 14 6 12 28 27 820 0.14285714285714285 0.6280087527352297
table-0104-640 3 38 0 89 635 5490 1.0 0.05229540918163673
table-0104-388 1 7 1 257 398 92 1.0 0.013895601739971
table-0104-232 3 9 0 489 545 15220 0.058823529411764705 0.06040851803563668
table-0104-23 0 1 0 310 391 8837 0.0625 0.0
table-0104-540 5 5 2 25 73 3656 0.16666666666666666 0.09026582520558424
table-0104-393 1 7 1 257 398 92 1.0 0.014499758337361043
table-0104-204 1 3 0 178 218 6539 1.0 0.02414833980163864
table-0104-616 1 3 0 20 52 3130 1.0 0.006131929389903995
table-0104-969 10 6 3 414 500 959200 0.041666666666666664 0.02661728966554797
table-0104-888 25 3 0 85 155 68884 0.09090909090909091 0.6232415902140673
table-0104-985 8 8 0 363 407 11610 0.1111111111111111 0.057669082125603864
table-0104-343 5 4 0 297 372 4263 0.08333333333333333 0.28728813559322036
table-0104-693 8 8 0 329 357 5157 0.125 0.07155356795644566
table-0104-978 13 6 3 414 500 959200 0.041666666666666664 0.03720634185858118
table-0104-857 4 9 4 206 390 1604 0.125 0.06944444444444445
table-0104-610 12 3 0 80 101 9341 0.3333333333333333 0.5033175355450237
table-0104-83 0 1 0 71 101 5241 1.0 0.0
table-0104-185 1 7 0 244 337 2901 0.16666666666666666 0.0169045830202855
table-0104-113 1 5 0 29 37 737 0.5 0.13966480446927373
table-0104-482 8 5 0 233 320 3368 0.14285714285714285 0.18648111332007952
table-0104-396 1 7 1 257 398 92 1.0 0.01486225229579507
table-0104-111 1 6 0 651 471 177903 0.045454545454545456 0.008841292572068987
table-0104-238 1 4 0 267 308 15436 0.3333333333333333 0.09978768577494693
table-0104-859 4 9 4 206 390 1604 0.125 0.0625
table-0104-30 3 13 13 310 391 8837 0.0625 0.008111677042067535
table-0104-798 53 5 0 54 118 2611 0.5 29.462311557788944
table-0104-554 13 6 13 45 172 660 0.09090909090909091 2.2746113989637307
table-0104-433 8 8 0 449 507 10826 0.125 0.09302325581395349
table-0104-921 8 5 0 231 333 2242 0.14285714285714285 0.26410835214446954
table-0104-164 9 8 0 252 344 8506 0.125 0.10391644908616188
table-0104-668 1 3 0 119 62 25600 1.0 0.015158270173874276
table-0104-998 1 4 0 229 289 2119 0.14285714285714285 0.09207547169811321
table-0104-29 3 12 12 310 391 8837 0.0625 0.007734389737785324
table-0104-909 3 7 0 234 349 2418 0.14285714285714285 0.05436013590033975
table-0104-67 6 4 0 244 338 3893 0.16666666666666666 0.22468260997933273
table-0104-732 4 9 3 157 171 1741 0.25 0.0989399293286219
table-0104-287 9 8 0 251 318 3251 0.14285714285714285 0.17881646655231562
table-0104-49 2 7 0 253 330 3815 0.14285714285714285 0.031739314430808296
table-0104-269 4 4 0 417 478 10390 0.1111111111111111 0.07158062799361363
table-0104-691 9 4 0 236 354 3198 0.16666666666666666 0.2955232079099149
table-0104-490 8 8 0 231 321 2656 0.14285714285714285 0.13971980310488452
table-0104-906 5 4 0 314 181 2010 0.25 0.2051063829787234
table-0104-577 12 4 0 815 285 7475918 0.2 0.08662966345816062
table-0104-279 7 5 0 255 327 4433 0.125 0.1599214145383104
table-0104-86 2 3 0 6 45 768 1.0 0.2896174863387978
table-0104-954 1 7 0 232 335 1952 0.14285714285714285 0.04104803493449782
table-0104-410 2 6 5 305 92 3376 0.3333333333333333 0.6161879895561357
table-0104-820 5 5 1 22 55 1274 1.0 0.3443432042520881
table-0104-814 8 4 12 88 145 1763 0.25 0.4253164556962025
table-0104-830 6 3 0 68 139 5684 0.5 0.02943033977516736
table-0104-968 12 6 3 414 500 959200 0.041666666666666664 0.12735794468232844
table-0104-369 1 7 1 257 398 92 1.0 0.00930401159980667
table-0104-39 5 5 0 384 352 6630 0.16666666666666666 0.08359941944847606
table-0104-523 2 2 1 103 139 49068 0.16666666666666666 0.0273972602739726
table-0104-402 1 7 0 417 472 11355 0.043478260869565216 0.01245493280891511
table-0104-370 1 7 1 257 398 92 1.0 0.013291445142580956
table-0104-499 2 7 0 233 330 2155 0.14285714285714285 0.04033448106246926
table-0104-478 9 4 0 237 333 2580 0.14285714285714285 0.4166666666666667
table-0104-307 0 1 0 292 362 3610 0.125 0.0
table-0104-155 5 4 0 250 347 3522 0.16666666666666666 0.2772093023255814
table-0104-521 3 3 0 409 72 7689 0.14285714285714285 0.231622746185853
table-0104-513 36 8 0 625 370 5876 0.125 3.9503042596348883
table-0104-607 45 6 32 402 317 3910 0.2 2.3737556561085973
table-0104-436 3 7 0 449 507 10826 0.125 0.03179876601803512
table-0104-962 0 1 0 230 290 2807 0.14285714285714285 0.0
table-0104-229 14 9 0 489 545 15220 0.058823529411764705 0.2642329421990439
table-0104-394 1 7 1 257 398 92 1.0 0.011478975350410826
table-0104-361 8 8 0 483 530 14125 0.1111111111111111 0.08649977648636567
table-0104-467 17 7 0 238 325 2321 0.125 0.34708392603129445
table-0104-655 30 8 26 117 186 6214 0.3333333333333333 0.7106283941039565
table-0104-129 6 3 0 98 102 118 1.0 0.12512733446519525
table-0104-381 1 7 1 257 398 92 1.0 0.010391493475108747
table-0104-225 25 4 0 137 153 92061 0.5 0.1368148467846353
table-0104-41 2 7 0 384 352 6630 0.16666666666666666 0.022060957910014514
table-0104-181 5 4 0 251 333 3466 0.16666666666666666 0.3896409652736904
table-0104-7 5 5 3 32 64 771 1.0 0.24505395683453238
table-0104-417 8 8 0 243 317 3278 0.14285714285714285 0.1567256273138626
table-0104-466 8 8 0 238 325 2321 0.125 0.1721194879089616
table-0104-756 132 4 132 172 630 1883 1.0 45.86854460093897
table-0104-942 20 4 0 234 355 2121 0.14285714285714285 1.1842489061740398
table-0104-386 1 7 1 257 398 92 1.0 0.01304978250362494
table-0104-974 5 6 0 414 500 959200 0.041666666666666664 0.055317671565790996
table-0104-14 1 6 0 330 411 2170 1.0 0.016483516483516484
table-0104-855 4 9 3 206 390 1604 0.125 0.14756944444444445
table-0104-137 1 5 2 7 19 824 1.0 0.1157684630738523
table-0104-2 8 9 0 304 488 7904 0.0625 0.22441160372194854
table-0104-27 3 13 13 310 391 8837 0.0625 0.008488964346349746
table-0104-545 8 2 1 113 145 44591 0.3333333333333333 0.08673469387755102
table-0104-362 12 7 0 483 530 14125 0.1111111111111111 0.1048278945015646
table-0104-10 6 1 0 330 411 2170 1.0 0.01662087912087912
table-0104-623 1 2 1 18 29 1806 1.0 0.03473491773308958
table-0104-724 4 7 0 241 341 3524 0.14285714285714285 0.045077433628318585
table-0104-93 1 2 0 25 36 1783 1.0 0.03764320785597381
table-0104-63 4 7 0 244 338 3893 0.16666666666666666 0.046944198405668734
table-0104-197 1 8 0 243 324 3006 0.16666666666666666 0.024828314844162706
table-0104-773 15 4 15 171 662 1190 1.0 3.2864864864864867
table-0104-678 8 5 0 229 332 2209 0.14285714285714285 0.24440977639105566
table-0104-703 1 3 0 30 38 2198 1.0 0.18298969072164947
table-0104-59 2 3 2 24 32 8202 1.0 0.12050898203592815
table-0104-864 1 2 0 26 51 5369 1.0 0.012286324786324786
table-0104-713 3 2 0 96 181 2236 0.25 0.02341678939617084
table-0104-231 2 7 0 489 545 15220 0.058823529411764705 0.03694046066927423
table-0104-98 4 4 2 60 46 10129 0.3333333333333333 0.05492610837438423
table-0104-320 1 7 1 257 398 135 1.0 0.012808119864668923
table-0104-233 5 4 0 489 545 15220 0.058823529411764705 0.2898739678400695
table-0104-510 6 7 0 625 370 5876 0.125 0.6369168356997972
table-0104-932 4 7 0 231 344 1987 0.14285714285714285 0.11693242217160213
table-0104-47 22 6 0 289 306 7719 0.3333333333333333 8.171084337349397
table-0104-930 2 8 0 231 344 1987 0.14285714285714285 0.07441154138192863
table-0104-367 1 3 0 483 530 14125 0.1111111111111111 0.028609745194456863
table-0104-449 8 8 0 325 317 3910 0.14285714285714285 0.1947780678851175
table-0104-353 8 8 0 405 459 17037 0.1111111111111111 0.16630669546436286
table-0104-141 26 6 0 554 478 357047 1.0 2.0024109014675053
table-0104-658 1 2 1 17 45 7581 0.3333333333333333 0.0247074122236671
table-0104-293 6 5 0 246 322 3041 0.14285714285714285 0.17239661185849528
table-0104-642 1 2 0 89 635 5490 1.0 0.024351297405189622
table-0104-260 1 7 0 250 320 4036 0.14285714285714285 0.019982993197278913
table-0104-267 1 7 0 417 478 10390 0.1111111111111111 0.0041245343267695585
table-0104-881 55 3 5 522 652 15089 0.25 0.2131069385360129
table-0104-821 0 1 0 13 21 1477 1.0 0.0
table-0104-303 4 7 0 292 362 3610 0.125 0.07439076528430953
table-0104-399 8 10 0 417 472 11355 0.043478260869565216 0.13634873811864962
table-0104-910 3 7 0 234 349 2418 0.14285714285714285 0.046055115137787844
table-0104-736 2 3 0 18 30 1308 1.0 0.25728643216080405
table-0104-486 4 7 0 233 320 3368 0.14285714285714285 0.07037773359840954
table-0104-439 0 1 0 449 507 10826 0.125 0.0
table-0104-908 1 8 0 234 349 2418 0.14285714285714285 0.01698754246885617
table-0104-169 5 4 0 252 344 8506 0.125 0.1744125326370757
table-0104-617 0 1 0 37 30 3159 1.0 0.0
table-0104-797 2 3 0 203 261 8737 0.3333333333333333 0.028867273297772198
table-0104-760 91 4 91 172 381 1190 1.0 29.324074074074073
table-0104-171 0 1 0 432 368 40464 0.5 0.0
table-0104-763 9 4 9 172 381 1190 1.0 3.185185185185185
table-0104-639 1 20 0 89 635 5490 1.0 0.014770459081836327
table-0104-46 1 2 1 3 16 632 1.0 0.014311270125223614
table-0104-664 1 3 0 9 30 948 1.0 0.06653019447287616
table-0104-385 1 7 1 257 398 92 1.0 0.006766553890768487
table-0104-336 1 7 1 257 398 135 1.0 0.01486225229579507
table-0104-19 4 1 0 330 411 2170 1.0 0.005906593406593406
table-0104-81 1 2 1 44 84 10316 0.5 0.014168530947054437
table-0104-612 3 3 0 80 101 9341 0.3333333333333333 0.3971563981042654
table-0104-597 7 2 0 17 38 2902 0.5 0.07411116675012519
table-0104-257 4 8 0 250 320 4036 0.14285714285714285 0.07653061224489796
table-0104-562 81 10 149 78 240 26121 0.09090909090909091 0.9975802548798193
table-0104-953 2 7 0 232 335 1952 0.14285714285714285 0.06899563318777292
table-0104-448 10 5 0 325 317 3910 0.14285714285714285 0.3060052219321149
table-0104-496 8 5 0 233 330 2155 0.14285714285714285 0.23315297589768816
table-0104-553 7 6 7 45 172 660 0.09090909090909091 1.049222797927461
table-0104-391 1 7 1 257 398 92 1.0 0.007129047849202513
table-0104-996 1 6 0 229 289 2119 0.14285714285714285 0.03245283018867925
table-0104-134 1 5 2 6 17 637 1.0 0.23462414578587698
table-0104-628 1 3 0 9 37 1574 1.0 0.02856505244365097
table-0104-824 46 2 0 333 554 3296 0.25 0.9508021390374332
table-0104-869 1 2 1 33 48 2659 0.5 0.012010113780025285
table-0104-589 1 3 0 27 46 5926 0.3333333333333333 0.014678899082568808
table-0104-26 25 10 49 310 391 8837 0.0625 0.1765704584040747
table-0104-652 9 2 0 89 635 5490 1.0 0.15808383233532936
table-0104-215 14 4 0 501 183 197432 1.0 0.06192959582790091
table-0104-364 1 7 0 483 530 14125 0.1111111111111111 0.008493518104604381
table-0104-188 0 1 0 248 336 3602 0.14285714285714285 0.0
table-0104-234 1 3 0 489 545 15220 0.058823529411764705 0.05997392438070404
table-0104-810 5 4 0 218 150 1650 0.3333333333333333 0.4576271186440678
table-0104-315 1 7 1 257 398 135 1.0 0.0064040599323344615
table-0104-351 6 4 0 248 329 3551 0.14285714285714285 0.3352673021135516
table-0104-212 32 8 17 36 198 1569 1.0 0.7303904923599321
table-0104-355 4 7 0 405 459 17037 0.1111111111111111 0.07213822894168466
table-0104-153 1 6 0 250 347 3522 0.16666666666666666 0.01627906976744186
table-0104-883 1 1 0 86 83 7672 1.0 0.003875968992248062
table-0104-672 0 1 0 229 324 2390 0.14285714285714285 0.0
table-0104-400 8 9 0 417 472 11355 0.043478260869565216 0.11340544083906916
table-0104-903 1 3 0 13 24 1356 1.0 0.15643802647412755
table-0104-94 4 3 0 6 114 50536 1.0 0.17816901408450705
table-0104-680 3 7 0 229 332 2209 0.14285714285714285 0.06604264170566823
table-0104-896 15 3 0 85 155 68884 0.09090909090909091 0.6207951070336392
table-0104-372 2 7 2 257 398 92 1.0 0.015103914934751087
table-0104-727 134 6 2 77 404 63847 0.2 2.7609080188679247
table-0104-913 12 4 0 234 349 2418 0.14285714285714285 0.5960739901849754
table-0104-714 19 2 0 96 181 2236 0.25 0.16156111929307806
table-0104-419 4 7 0 243 317 3278 0.14285714285714285 0.06705059646236117
table-0104-454 6 4 0 325 317 3910 0.14285714285714285 0.412532637075718
table-0104-725 0 1 0 241 341 3524 0.14285714285714285 0.0
table-0104-506 30 3 6 1128 491 109837 1.0 0.09060423523567038
table-0104-641 4 9 0 89 635 5490 1.0 0.059880239520958084
table-0104-807 118 16 269 249 506 30655 1.0 12.451612903225806
table-0104-528 1 2 0 103 139 49068 0.16666666666666666 0.00944733112895607
table-0104-696 3 7 0 329 357 5157 0.125 0.022360489986389266
table-0104-938 4 7 0 234 355 2121 0.14285714285714285 0.08799222168206125
table-0104-366 6 4 0 483 530 14125 0.1111111111111111 0.1750111756817166
table-0104-679 0 1 0 229 332 2209 0.14285714285714285 0.0
table-0104-710 49 6 0 209 362 1928 0.3333333333333333 20.75
table-0104-588 1 2 1 27 46 5926 0.3333333333333333 0.011620795107033639
table-0104-964 3 4 0 230 290 2807 0.14285714285714285 0.21971252566735114
table-0104-731 3 3 0 20 32 967 1.0 0.12696747114375656
table-0104-536 19 3 0 66 246 1651 0.08333333333333333 1.2293497363796133
table-0104-871 12 4 12 132 140 4025 0.3333333333333333 2.168067226890756
table-0104-130 1 5 2 6 19 711 1.0 0.20833333333333334
table-0104-976 10 6 3 414 500 959200 0.041666666666666664 0.025807198240944334
table-0104-43 0 1 0 384 352 6630 0.16666666666666666 0.0
table-0104-715 11 11 26 41 41 2339 0.3333333333333333 1.3182897862232779
table-0104-636 4 3 0 95 136 5134 1.0 0.1252541683611224
table-0104-20 3 8 0 330 411 2170 1.0 0.06126373626373626
table-0104-775 12 4 12 171 662 1190 1.0 2.527027027027027
table-0104-945 4 7 0 235 324 2407 0.14285714285714285 0.1136079900124844
table-0104-517 14 4 6 34 55 29212 0.3333333333333333 0.8194271481942715
table-0104-106 2 1 0 651 471 177903 0.045454545454545456 0.0028640806923603762
table-0104-62 9 8 0 244 338 3893 0.16666666666666666 0.12636551520519634
table-0104-421 6 7 0 243 317 3278 0.14285714285714285 0.1032496914849856
table-0104-479 28 3 8 21 54 6289 0.5 0.5570350643586329
table-0104-533 2 6 1 20 144 632 0.2 0.6888888888888889
table-0104-854 4 9 2 206 390 1604 0.125 0.22395833333333334
table-0104-477 6 7 0 237 333 2580 0.14285714285714285 0.07387955182072829
table-0104-151 2 7 0 250 347 3522 0.16666666666666666 0.03395348837209302
table-0104-838 1 3 0 24 29 2710 1.0 0.026648599819331528
table-0104-88 3 3 0 194 188 4175 1.0 0.059723777528928705
table-0104-338 9 8 0 297 372 4263 0.08333333333333333 0.1843220338983051
table-0104-333 1 7 1 257 398 135 1.0 0.014499758337361043
table-0105-1000 0 1 0 231 295 1815 0.14285714285714285 0.0
table-0104-914 8 5 0 238 349 3242 0.14285714285714285 0.10718358038768529
table-0104-877 12 6 0 174 190 12538 0.5 0.21757770632368703
table-0104-928 3 2 1 3 31 734 1.0 0.10146561443066517
table-0104-995 0 1 0 229 289 2119 0.14285714285714285 0.0
table-0104-224 12 2 0 49 77 0 0.3333333333333333 1.4904214559386972
table-0104-853 4 9 3 206 390 1604 0.125 0.1892361111111111
table-0104-156 7 5 0 255 343 10048 0.14285714285714285 0.11420373027259684
table-0104-114 2 2 0 86 96 10076 0.3333333333333333 0.05084745762711865
table-0104-34 3 3 0 129 146 169555 0.25 0.02216095854098187
table-0104-66 3 7 0 244 338 3893 0.16666666666666666 0.03808680248007086
table-0104-310 1 7 1 257 398 135 1.0 0.013291445142580956
table-0104-1 0 1 0 304 488 7904 0.0625 0.0
table-0104-500 3 7 0 233 330 2155 0.14285714285714285 0.06443679291687161
table-0104-789 1 2 1 192 278 9164 1.0 0.015019762845849802
table-0104-935 18 4 0 231 344 1987 0.14285714285714285 1.7236142748671222
table-0104-162 5 4 0 255 343 10048 0.14285714285714285 0.18220946915351507
table-0104-206 2 2 0 179 100 40752 0.3333333333333333 0.11527165932452275
table-0104-236 0 1 0 15 24 622 1.0 0.0
table-0104-796 1 5 2 23 39 1852 1.0 0.10741687979539642
table-0104-450 2 6 0 325 317 3910 0.14285714285714285 0.035509138381201046
table-0104-844 1 2 0 28 54 5058 1.0 0.01638176638176638
table-0104-453 1 5 0 325 317 3910 0.14285714285714285 0.020365535248041775
table-0104-444 6 7 0 241 312 2815 0.14285714285714285 0.14814814814814814
table-0104-69 4 1 0 565 312 82685 0.16666666666666666 0.004943880277926242
table-0104-590 1 4 0 27 46 5926 0.3333333333333333 0.05198776758409786
table-0104-138 1 2 0 23 34 1659 1.0 0.039182282793867124
table-0104-879 0 1 0 22 18 764 1.0 0.0
table-0104-568 6 10 10 78 240 26121 0.09090909090909091 0.07097919019196644
table-0104-788 4 4 4 171 662 1190 1.0 0.8756756756756757
table-0104-762 24 4 24 172 381 1190 1.0 7.736111111111111
table-0104-595 7 2 0 127 174 78887 0.5 0.05433101314771848
table-0104-459 3 7 0 236 323 2804 0.14285714285714285 0.05381875741986545
table-0104-587 1 3 0 26 14 2450 1.0 0.17857142857142858
table-0104-226 1 1 0 61 243 30108 1.0 0.00499186348242952
table-0104-688 0 1 0 236 354 3198 0.16666666666666666 0.0
table-0104-720 8 5 0 241 341 3524 0.14285714285714285 0.13329646017699115
table-0104-456 10 5 0 236 323 2804 0.14285714285714285 0.2374356944994064
table-0104-850 1 2 0 32 52 12608 1.0 0.012799109627156371
table-0104-874 1 3 0 16 27 1142 1.0 0.04874446085672083
table-0104-205 35 4 0 6 29 883 0.5 1.038842345773039
table-0104-493 5 7 0 231 321 2656 0.14285714285714285 0.08443771298750473
table-0104-54 9 12 0 252 336 4128 0.2 0.1532823454429573
table-0104-558 18 6 17 45 172 660 0.09090909090909091 3.5259067357512954
table-0104-275 2 7 0 249 319 2931 0.14285714285714285 0.03645320197044335
table-0104-711 46 7 0 47 242 4363 1.0 5.997093023255814
table-0104-278 0 1 0 255 327 4433 0.125 0.0
table-0104-988 2 8 0 363 407 11610 0.1111111111111111 0.015247584541062802
table-0104-178 1 7 0 251 333 3466 0.16666666666666666 0.031783402001177165
table-0104-376 1 7 1 257 398 92 1.0 0.012808119864668923
table-0104-977 8 6 3 414 500 959200 0.041666666666666664 0.016201828492072676
table-0104-190 9 8 0 248 336 3602 0.14285714285714285 0.18493150684931506
table-0104-993 0 1 0 229 289 2119 0.14285714285714285 0.0
table-0104-645 10 7 0 89 635 5490 1.0 0.4279441117764471
table-0104-708 1 3 0 60 134 6313 1.0 0.01967799642218247
table-0104-408 23 4 0 130 221 22043 1.0 0.34016457680250783
table-0104-75 0 1 0 255 342 4277 0.14285714285714285 0.0
table-0104-79 2 3 0 28 108 1793 1.0 0.036957558416785885
table-0104-885 72 7 187 0 0 0 0.0 3375.0
table-0104-239 0 1 0 246 329 3634 0.125 0.0
table-0104-694 14 7 0 329 357 5157 0.125 0.10169161967723118
table-0104-784 10 4 10 171 662 1190 1.0 2.1297297297297297
table-0104-733 4 9 3 157 171 1741 0.25 0.0977620730270907
table-0104-296 4 7 0 246 322 3041 0.14285714285714285 0.08370702541106129
table-0104-753 1 1 0 698 329 43514 1.0 0.0032285065168001915
table-0104-116 1 1 0 11 17 790 1.0 0.19245283018867926
table-0104-749 2 1 0 1466 528 157431 0.3333333333333333 0.0026394599258920868
table-0104-542 15 8 9 25 73 3656 0.16666666666666666 0.23924268502581755
table-0104-955 1 7 0 232 335 1952 0.14285714285714285 0.03580786026200873
table-0104-202 5 4 0 243 324 3006 0.16666666666666666 0.34601162176439515
table-0104-182 7 5 0 244 337 2901 0.16666666666666666 0.15063861758076635
table-0104-227 7 5 0 489 545 15220 0.058823529411764705 0.17687961755758366
table-0104-841 3 9 0 14 49 1833 0.25 0.06193114364859517
table-0104-71 7 5 0 255 342 4277 0.14285714285714285 0.11879114302812686
table-0104-556 16 6 15 45 172 660 0.09090909090909091 3.3704663212435233
table-0104-210 50 8 27 36 198 1569 1.0 1.3809847198641765
table-0104-180 5 7 0 251 333 3466 0.16666666666666666 0.12183637433784579
table-0104-498 5 7 0 233 330 2155 0.14285714285714285 0.10132808657156911
table-0104-245 7 7 0 246 329 3634 0.125 0.05281759277439623
table-0104-917 3 7 0 238 349 3242 0.14285714285714285 0.028278221208665907
table-0104-327 2 7 2 257 398 135 1.0 0.011599806669888834
table-0104-665 1 4 0 15 20 2948 0.5 0.11652173913043479
table-0104-337 6 5 0 297 372 4263 0.08333333333333333 0.14364406779661018
table-0104-387 2 7 2 257 398 92 1.0 0.011599806669888834
table-0104-340 5 7 0 297 372 4263 0.08333333333333333 0.0940677966101695
table-0104-934 5 7 0 231 344 1987 0.14285714285714285 0.15261958997722094
table-0104-699 1 2 0 8 22 1538 1.0 0.028290282902829027
table-0104-776 44 4 44 171 662 1190 1.0 9.740540540540541
table-0104-187 5 4 0 244 337 2901 0.16666666666666666 0.25131480090157776
table-0104-430 8 6 20 883 108 30198 0.25 2.189814814814815
table-0104-769 7 4 7 171 662 1190 1.0 1.4594594594594594
table-0104-259 5 7 0 250 320 4036 0.14285714285714285 0.10586734693877552
table-0104-925 3 7 0 231 333 2242 0.14285714285714285 0.0654627539503386
table-0104-505 15 2 0 10 34 5088 1.0 0.2761647535449021
table-0104-392 1 7 1 257 398 92 1.0 0.008699855002416627
table-0104-845 7 2 4 80 133 39656 0.25 0.041107209254286306
table-0104-78 4 3 0 216 252 7627 1.0 0.08664912857612628
table-0104-192 0 1 0 248 336 3602 0.14285714285714285 0.0
table-0104-57 12 11 0 252 336 4128 0.2 0.19407265774378585
table-0104-308 1 7 1 257 398 135 1.0 0.009666505558240696
table-0104-174 27 6 0 432 368 40464 0.5 0.19920494699646643
table-0104-107 3 6 0 651 471 177903 0.045454545454545456 0.02372205964759355
table-0104-218 2 5 0 38 67 2206 0.5 0.028065893837705917
table-0104-168 7 8 0 252 344 8506 0.125 0.0731070496083551
table-0104-160 3 7 0 255 343 10048 0.14285714285714285 0.03672883787661406
table-0104-219 1 9 2 100 111 2791 1.0 0.04896142433234421
table-0104-302 12 7 0 292 362 3610 0.125 0.2129115006412997
table-0104-950 1 1 0 106 96 13271 1.0 0.0117619926199262
table-0104-818 5 5 2 314 160 2028 0.25 0.1951219512195122
table-0104-643 1 8 0 89 635 5490 1.0 0.058283433133732535
table-0104-119 2 5 1 32 62 1063 1.0 0.15451895043731778
table-0104-240 7 5 0 246 329 3634 0.125 0.08010995483997643
table-0104-357 7 8 0 405 459 17037 0.1111111111111111 0.12138228941684666
table-0104-87 4 3 0 194 188 4175 1.0 0.09873086972751026
table-0104-507 11 2 0 1128 491 109837 1.0 0.023784388002235608
table-0104-812 8 5 18 30 59 1188 0.5 1.0259179265658747
table-0104-286 6 5 0 251 318 3251 0.14285714285714285 0.14751286449399656
table-0104-631 3 4 0 28 53 10544 0.3333333333333333 0.055495103373231776
table-0104-530 1 3 0 103 139 49068 0.16666666666666666 0.055739253660840815
table-0104-471 6 4 0 238 325 2321 0.125 0.37695590327169276
table-0104-360 6 5 0 483 530 14125 0.1111111111111111 0.07711220384443451
table-0104-61 7 5 0 244 338 3893 0.16666666666666666 0.1172128727487452
table-0104-288 13 7 0 251 318 3251 0.14285714285714285 0.2169811320754717
table-0104-38 0 1 0 38 53 2905 1.0 0.0
table-0104-431 1 3 0 136 182 33320 1.0 0.008009611533840609
table-0104-608 15 6 2 402 317 3910 0.2 0.7475113122171946
table-0104-21 6 1 0 330 411 2170 1.0 0.01662087912087912
table-0104-704 23 4 22 62 120 25388 0.2 0.10327085630282984
table-0104-201 1 7 0 243 324 3006 0.16666666666666666 0.02324352879027998
table-0104-785 10 4 10 171 662 1190 1.0 2.075675675675676
table-0104-600 1 2 1 26 60 5245 0.5 0.008763837638376383
table-0104-826 58 4 9 65 131 11672 0.5 1.025
table-0104-382 2 7 2 257 398 92 1.0 0.011116481391976801
table-0104-569 9 10 16 78 240 26121 0.09090909090909091 0.10098402968220681
table-0104-547 4 2 0 113 145 44591 0.3333333333333333 0.033482142857142856
table-0104-301 9 8 0 292 362 3610 0.125 0.18426678067550234
table-0104-579 13 3 0 78 246 1009 0.058823529411764705 0.29188829787234044
table-0104-965 12 3 1 414 500 959200 0.041666666666666664 0.02291401458164564
table-0104-555 12 6 12 45 172 660 0.09090909090909091 2.2694300518134716
table-0104-285 4 4 0 255 327 4433 0.125 0.20078585461689588
table-0104-270 1 3 0 417 478 10390 0.1111111111111111 0.019159127195316657
table-0104-480 4 3 0 186 223 41846 0.3333333333333333 0.04938075579549063
table-0104-687 1 7 0 236 354 3198 0.16666666666666666 0.01180994232353749
table-0104-780 6 4 6 171 662 1190 1.0 1.2783783783783784
table-0104-778 60 4 60 171 662 1190 1.0 12.889189189189189
table-0104-973 5 4 1 414 500 959200 0.041666666666666664 0.02349265131350538
table-0104-728 3 8 0 77 404 63847 0.2 0.11084905660377359
table-0104-485 4 7 0 233 320 3368 0.14285714285714285 0.06719681908548708
table-0104-347 13 7 0 248 329 3551 0.14285714285714285 0.21052631578947367
table-0104-646 25 15 101 89 635 5490 1.0 1.1656686626746506
table-0104-216 0 1 0 20 44 2941 1.0 0.0
table-0104-445 3 7 0 241 312 2815 0.14285714285714285 0.06387546967257113
table-0104-660 1 3 0 17 45 7581 0.3333333333333333 0.02990897269180754
table-0104-17 1 7 0 330 411 2170 1.0 0.01620879120879121
table-0104-726 12 4 0 241 341 3524 0.14285714285714285 0.4131637168141593
table-0104-13 9 10 1 330 411 2170 1.0 0.12376373626373627
table-0104-52 2 7 0 253 330 3815 0.14285714285714285 0.03681760473973762
table-0104-768 15 4 15 171 662 1190 1.0 3.175675675675676
table-0104-72 9 8 0 255 342 4277 0.14285714285714285 0.12088569718731298
table-0104-64 8 7 0 244 338 3893 0.16666666666666666 0.09684086211987009
table-0104-698 12 4 0 329 357 5157 0.125 0.29088080886642037
table-0104-573 1 1 0 5 16 6267 1.0 0.008869179600886918
table-0104-884 1 3 0 12 80 1106 1.0 0.0689375506893755
table-0104-317 1 7 1 257 398 135 1.0 0.011116481391976801
table-0104-777 38 4 38 171 662 1190 1.0 7.943243243243243
table-0104-572 6 6 0 37 28 19532 0.5 0.024151811385853938
table-0104-350 6 7 0 248 329 3551 0.14285714285714285 0.10401989225031082
table-0104-656 4 5 2 22 49 1263 1.0 0.04990912903676779
table-0104-211 13 8 8 36 198 1569 1.0 0.365704584040747
table-0104-899 1 1 1 55 33 21623 0.5 0.0
table-0104-242 12 7 0 246 329 3634 0.125 0.09837031219320636
table-0104-839 1 2 1 28 46 3935 0.5 0.013112491373360938
table-0104-32 34 4 16 129 146 169555 0.25 0.24684550948997985
table-0104-723 1 7 0 241 341 3524 0.14285714285714285 0.010785398230088495
table-0104-217 1 2 1 38 67 2206 0.5 0.011592434411226357
table-0104-529 2 3 0 103 139 49068 0.16666666666666666 0.1076995748700992
table-0104-534 10 6 10 20 144 632 0.2 3.6555555555555554
table-0104-751 8 2 0 36 52 9934 0.5 0.15007656967840735
table-0104-707 1 6 0 6 21 662 0.5 0.1395631067961165
table-0104-543 1 3 0 25 73 3656 0.16666666666666666 0.009944540065021993
table-0104-741 15 6 11 28 27 820 0.14285714285714285 1.4059080962800876
table-0104-110 2 5 0 651 471 177903 0.045454545454545456 0.01986177697528174
table-0104-246 4 4 0 246 329 3634 0.125 0.10210092283526409
table-0104-306 5 4 0 292 362 3610 0.125 0.28986746472851643
table-0104-892 1 3 0 85 155 68884 0.09090909090909091 0.06116207951070336
table-0104-109 9 6 0 651 471 177903 0.045454545454545456 0.07695660295124837
table-0104-880 13 3 1 522 652 15089 0.25 0.024240868417192314
table-0104-147 84 5 76 240 346 643 1.0 19.757575757575758
table-0104-744 1 2 1 109 139 6062 1.0 0.007251908396946565
table-0104-349 1 7 0 248 329 3551 0.14285714285714285 0.01989225031081641
table-0104-105 9 5 0 651 471 177903 0.045454545454545456 0.062449411618205594
table-0104-706 6 7 14 38 114 1587 1.0 0.03231657658991634
table-0104-915 2 8 0 238 349 3242 0.14285714285714285 0.021664766248574687
table-0104-252 2 7 0 243 331 3161 0.14285714285714285 0.06016847172081829
table-0104-565 22 10 41 78 240 26121 0.09090909090909091 0.2777867397967414
table-0104-487 6 7 0 233 320 3368 0.14285714285714285 0.09145129224652088
table-0104-842 1 6 0 14 49 1833 0.25 0.024732884843688168
table-0104-282 4 7 0 255 327 4433 0.125 0.06994106090373281
table-0104-108 2 1 0 651 471 177903 0.045454545454545456 0.0033621816823360936
table-0104-511 5 1 0 625 370 5876 0.125 0.10141987829614604
table-0104-535 22 3 0 66 246 1651 0.08333333333333333 1.2899824253075571
table-0104-295 12 7 0 246 322 3041 0.14285714285714285 0.24115595416043847
table-0104-624 14 3 9 46 32 1603 0.3333333333333333 0.41798941798941797
table-0104-654 10 6 0 117 186 6214 0.3333333333333333 0.3046289113007499
table-0104-139 1 3 0 13 22 734 1.0 0.13166485310119697
table-0104-878 1 3 0 32 44 3347 1.0 0.09941089837997054
table-0104-25 14 7 0 310 391 8837 0.0625 0.06451612903225806
table-0104-771 34 4 34 171 662 1190 1.0 6.84054054054054
table-0104-611 2 2 0 80 101 9341 0.3333333333333333 0.07772511848341232
table-0104-799 1 3 0 13 30 1197 1.0 0.08866995073891626
table-0104-970 3 4 1 414 500 959200 0.041666666666666664 0.015738919106584887
table-0104-356 2 7 0 405 459 17037 0.1111111111111111 0.04103671706263499
table-0104-483 8 8 0 233 320 3368 0.14285714285714285 0.15029821073558647
table-0104-669 3 3 0 23 72 1102 1.0 0.2721287490855889
table-0104-244 2 7 0 246 329 3634 0.125 0.016296878067936383
table-0104-437 6 7 0 449 507 10826 0.125 0.05576649264356905
table-0104-550 14 6 14 45 172 660 0.09090909090909091 2.2409326424870466
table-0104-281 13 7 0 255 327 4433 0.125 0.20275049115913557
table-0104-321 1 7 1 257 398 135 1.0 0.010391493475108747
table-0104-667 18 2 0 12 43 4058 0.5 0.7471526195899773
table-0104-870 2 2 0 33 48 2659 0.5 0.04361567635903919
table-0104-273 11 7 0 249 319 2931 0.14285714285714285 0.2330049261083744
table-0104-591 7 4 0 231 205 8428 0.3333333333333333 0.0943126607602172
table-0104-817 1 5 1 314 160 2028 0.25 0.04697380307136405
table-0104-840 1 2 0 28 46 3935 0.5 0.026224982746721876
table-0104-583 33 6 0 78 246 1009 0.058823529411764705 0.4930186170212766
table-0104-755 87 4 87 172 630 1883 1.0 27.15962441314554
table-0104-876 1 3 0 75 76 867 1.0 0.32107843137254904
table-0104-213 17 4 0 9 55 983 0.3333333333333333 1.020979020979021
table-0104-958 8 5 0 230 290 2807 0.14285714285714285 0.32511978097193706
table-0104-971 4 4 0 414 500 959200 0.041666666666666664 0.017185510936234234
table-0104-875 1 3 0 1544 441 1622869 1.0 0.005083359994312324
table-0104-926 6 7 0 231 333 2242 0.14285714285714285 0.14051918735891647
table-0104-476 2 7 0 237 333 2580 0.14285714285714285 0.026260504201680673
table-0104-173 44 6 0 432 368 40464 0.5 0.3206713780918728
table-0104-931 4 7 0 231 344 1987 0.14285714285714285 0.15034168564920272
table-0104-991 0 1 0 363 407 11610 0.1111111111111111 0.0
table-0104-283 2 7 0 255 327 4433 0.125 0.0412573673870334
table-0104-292 4 4 0 251 318 3251 0.14285714285714285 0.22084048027444253
table-0104-986 13 7 0 363 407 11610 0.1111111111111111 0.07427536231884058
table-0104-176 9 8 0 251 333 3466 0.16666666666666666 0.2371983519717481
table-0104-918 1 7 0 238 349 3242 0.14285714285714285 0.012998859749144812
table-0104-901 4 2 4 8 11 1538 0.5 0.36472945891783565
table-0104-959 2 8 0 230 290 2807 0.14285714285714285 0.06228610540725531
table-0104-781 18 4 19 171 662 1190 1.0 3.4567567567567568
table-0104-856 4 9 3 206 390 1604 0.125 0.1423611111111111
table-0104-100 1 3 0 22 15 1702 1.0 0.07000510986203373
table-0104-475 5 7 0 237 333 2580 0.14285714285714285 0.07282913165266107
table-0104-759 1 4 1 172 381 1190 1.0 0.3148148148148148
table-0104-373 1 7 1 257 398 92 1.0 0.012324794586756888
table-0104-177 3 7 0 251 333 3466 0.16666666666666666 0.075927015891701
table-0104-189 7 5 0 248 336 3602 0.14285714285714285 0.18310502283105023
table-0104-220 74 8 53 6 96 2761 1.0 7.099447513812155
table-0104-677 8 4 0 229 324 2390 0.14285714285714285 0.6147540983606558
table-0104-984 8 5 0 363 407 11610 0.1111111111111111 0.07065217391304347
table-0104-127 6 8 6 171 160 371349 0.14285714285714285 0.06281085689924684
table-0104-40 1 8 0 384 352 6630 0.16666666666666666 0.01509433962264151
table-0104-897 1 3 0 143 173 2699 1.0 0.015056461731493099
table-0104-73 3 7 0 255 342 4277 0.14285714285714285 0.03680430879712747
table-0104-35 14 1 0 18 90 968 0.2 0.4582417582417582
table-0104-122 14 7 0 446 82 14178 0.25 0.5879682179341658
table-0104-867 5 5 2 31 52 5031 0.25 0.29313929313929316
table-0104-766 14 4 1 119 217 1925 1.0 0.10991185465011692
table-0104-74 3 7 0 255 342 4277 0.14285714285714285 0.05026929982046679
table-0104-497 1 8 0 233 330 2155 0.14285714285714285 0.023610427939006393
table-0104-469 2 7 0 238 325 2321 0.125 0.03793266951161688
table-0104-614 1 3 0 18 33 4340 0.5 0.015232974910394265
table-0104-634 2 3 0 506 360 208451 0.3333333333333333 0.004612731137940716
table-0104-15 5 1 0 330 411 2170 1.0 0.017445054945054946
table-0104-832 2 7 0 38 66 13945 0.5 0.03811764705882353
table-0104-404 6 4 0 417 472 11355 0.043478260869565216 0.2572926909210095
table-0104-194 2 7 0 248 336 3602 0.14285714285714285 0.03333333333333333
table-0104-627 6 3 6 5 33 636 1.0 0.12728053230306932
table-0104-289 5 7 0 251 318 3251 0.14285714285714285 0.08576329331046312
table-0104-60 0 1 0 24 32 8202 1.0 0.0
table-0104-44 1 7 0 384 352 6630 0.16666666666666666 0.01509433962264151
table-0104-685 8 5 0 236 354 3198 0.16666666666666666 0.12881076627300192
table-0104-936 8 5 0 234 355 2121 0.14285714285714285 0.23189110354885756
table-0104-263 7 5 0 417 478 10390 0.1111111111111111 0.05401809473124002
table-0104-581 5 3 0 78 246 1009 0.058823529411764705 0.10904255319148937
table-0104-544 6 3 0 25 73 3656 0.16666666666666666 0.07936507936507936
table-0104-255 5 4 0 243 331 3161 0.14285714285714285 0.38868832731648617
table-0104-371 1 7 1 257 398 92 1.0 0.012808119864668923
table-0104-290 6 7 0 251 318 3251 0.14285714285714285 0.120926243567753
table-0104-196 7 5 0 243 324 3006 0.16666666666666666 0.21711568938193343
table-0104-940 0 1 0 234 355 2121 0.14285714285714285 0.0
table-0104-89 1 2 1 27 51 12258 1.0 0.02235294117647059
table-0104-659 10 4 0 17 45 7581 0.3333333333333333 0.4811443433029909
table-0104-96 12 2 2 5 38 708 0.5 0.5043859649122807
table-0104-311 1 7 1 257 398 135 1.0 0.012808119864668923
table-0104-966 11 6 3 414 500 959200 0.041666666666666664 0.04906839486170582
table-0104-425 12 7 0 240 328 2837 0.14285714285714285 0.16831683168316833
table-0104-596 5 3 0 17 38 2902 0.5 0.058587881822734104
table-0104-802 31 4 0 58 71 1939 0.5 1.38135593220339
table-0104-738 1 3 0 7 43 1915 1.0 0.0375406443984629
table-0104-952 1 8 0 232 335 1952 0.14285714285714285 0.034934497816593885
table-0104-207 18 6 18 179 100 40752 0.3333333333333333 1.9684287812041117
table-0104-593 3 3 0 68 108 2098 1.0 0.06586303284416492
table-0104-508 24 3 0 111 179 2515 0.5 0.09810573932711338
table-0104-494 6 7 0 231 321 2656 0.14285714285714285 0.08595229079893979
table-0104-557 14 6 13 45 172 660 0.09090909090909091 3.0
table-0104-663 4 9 2 141 136 1549 1.0 0.12776659959758552
table-0104-249 7 5 0 243 331 3161 0.14285714285714285 0.246690734055355
table-0104-740 30 7 29 40 21 3674 0.5 0.34974259974259975
table-0104-148 6 2 0 74 48 20775 1.0 0.09444255028980567
table-0104-620 1 3 0 18 27 3232 0.5 0.02147239263803681
table-0104-384 1 7 1 257 398 92 1.0 0.010270662155630739
table-0104-514 18 20 0 625 370 5876 0.125 6.491886409736308
table-0104-561 6 6 0 32 26 10722 0.5 0.02733485193621868
table-0104-806 1 2 1 42 30 5590 1.0 0.027818448023426062
table-0104-779 58 4 58 171 662 1190 1.0 12.394594594594595
table-0104-671 8 5 0 229 324 2390 0.14285714285714285 0.29823455233291296
table-0104-324 1 7 1 257 398 135 1.0 0.010270662155630739
table-0104-241 9 8 0 246 329 3634 0.125 0.0785391714117416
table-0104-700 45 5 0 130 207 446 0.5 3.3603960396039603
table-0104-629 1 2 1 28 53 10544 0.3333333333333333 0.006891548784911135
table-0104-298 6 7 0 246 322 3041 0.14285714285714285 0.13353263577478824
table-0104-743 2 4 0 28 27 820 0.14285714285714285 0.09190371991247265
table-0104-318 2 7 2 257 398 135 1.0 0.02513291445142581
table-0104-99 3 3 0 21 176 3226 1.0 0.024251316130145854
table-0104-592 5 3 6 231 205 8428 0.3333333333333333 0.05601600457273507
table-0104-684 8 4 0 229 332 2209 0.14285714285714285 0.500260010400416
table-0104-440 4 7 3 54 60 359 1.0 0.6067073170731707
table-0104-980 13 6 3 414 500 959200 0.041666666666666664 0.0314199745399838
table-0104-221 0 1 0 6 96 2761 1.0 0.0
table-0104-813 1 3 0 88 145 1763 0.25 0.1341772151898734
table-0104-633 1 2 1 4 12 2505 1.0 0.051771117166212535
table-0104-748 8 4 8 57 77 28618 0.25 0.2944890929965557
table-0104-115 8 14 23 328 157 2766 0.5 0.16892186817983412
table-0104-674 0 1 0 229 324 2390 0.14285714285714285 0.0
table-0104-649 18 12 4 89 635 5490 1.0 1.3057884231536927
table-0104-24 9 7 0 310 391 8837 0.0625 0.051877004338803996
table-0104-346 8 8 0 248 329 3551 0.14285714285714285 0.15375051802735185
table-0104-170 14 3 0 432 368 40464 0.5 0.14951413427561838
table-0104-414 5 3 0 72 205 990 0.09090909090909091 0.3369330453563715
table-0104-982 12 6 3 414 500 959200 0.041666666666666664 0.10542761254484434
table-0104-730 4 8 0 117 135 598 1.0 0.050011418131993605
table-0104-630 2 3 0 28 53 10544 0.3333333333333333 0.017047515415306493
table-0104-154 1 7 0 250 347 3522 0.16666666666666666 0.01581395348837209
table-0104-97 0 1 0 20 24 691 1.0 0.0
table-0104-904 14 4 1 314 181 2010 0.25 0.5012765957446809
table-0104-586 15 6 0 78 246 1009 0.058823529411764705 0.21476063829787234
table-0104-37 16 1 0 18 90 968 0.2 0.5560439560439561
table-0104-256 7 5 0 250 320 4036 0.14285714285714285 0.17006802721088435
table-0104-325 1 7 1 257 398 135 1.0 0.006766553890768487
table-0104-132 1 2 1 22 38 3074 0.5 0.04834605597964377
table-0104-424 8 8 0 240 328 2837 0.14285714285714285 0.1379066478076379
table-0104-509 5 1 0 625 370 5876 0.125 0.1105476673427992
table-0104-92 1 3 0 8 18 2894 0.5 0.40425531914893614
table-0104-956 2 5 0 232 335 1952 0.14285714285714285 0.06026200873362445
table-0104-359 1 3 0 405 459 17037 0.1111111111111111 0.05529157667386609
table-0104-9 22 7 0 330 411 2170 1.0 0.28667582417582416
table-0104-905 9 4 0 314 181 2010 0.25 0.3276595744680851
table-0104-55 16 11 0 252 336 4128 0.2 0.2390057361376673
table-0104-117 2 2 0 83 101 4788 0.5 0.08966861598440545
table-0104-403 9 8 0 417 472 11355 0.043478260869565216 0.11897738446411013
table-0104-734 4 9 2 157 171 1741 0.25 0.1519434628975265
table-0104-331 1 7 1 257 398 135 1.0 0.007129047849202513
table-0104-409 1 4 0 33 45 3163 0.5 0.015866209262435677
table-0104-179 0 1 0 251 333 3466 0.16666666666666666 0.0
table-0104-405 1 3 0 417 472 11355 0.043478260869565216 0.039986889544411666
table-0104-389 2 6 2 257 398 92 1.0 0.0166747220879652
table-0104-605 6 6 0 402 317 3910 0.2 0.12850678733031673
table-0104-689 3 7 0 236 354 3198 0.16666666666666666 0.03625377643504532
table-0104-526 5 5 0 103 139 49068 0.16666666666666666 0.07038261691072271
table-0104-702 2 2 2 9 27 786 1.0 0.06511627906976744
table-0104-104 15 6 0 651 471 177903 0.045454545454545456 0.11213498536828342
table-0104-541 1 2 0 25 73 3656 0.16666666666666666 0.008032128514056224
table-0104-432 10 5 0 449 507 10826 0.125 0.13929757949691504
table-0104-53 6 4 0 253 330 3815 0.14285714285714285 0.31739314430808296
table-0104-531 9 6 9 20 144 632 0.2 3.25
table-0104-442 8 8 0 241 312 2815 0.14285714285714285 0.20075147611379496
table-0104-468 7 7 0 238 325 2321 0.125 0.14035087719298245
table-0104-58 6 4 0 252 336 4128 0.2 0.23709369024856597
table-0104-203 4 3 0 149 140 4511 1.0 0.1536848412222888
table-0104-963 2 7 0 230 290 2807 0.14285714285714285 0.053388090349075976
table-0104-68 8 3 0 565 312 82685 0.16666666666666666 0.019107429182255477
table-0104-811 0 1 0 20 20 1981 1.0 0.0
table-0104-258 8 7 0 250 320 4036 0.14285714285714285 0.14285714285714285
table-0104-383 1 7 1 257 398 92 1.0 0.014499758337361043
table-0104-464 3 4 0 46 81 6118 0.3333333333333333 0.04941932295527551
table-0104-123 50 2 0 446 82 14178 0.25 0.3036322360953462
table-0104-657 4 9 2 137 139 1206 1.0 0.13685344827586207
table-0104-121 2 2 0 19 55 2216 0.5 0.03918722786647315
table-0104-365 7 7 0 483 530 14125 0.1111111111111111 0.05878408582923558
table-0104-82 4 5 3 69 73 2492 1.0 0.07886038092239887
table-0104-277 4 4 0 249 319 2931 0.14285714285714285 0.2630541871921182
table-0104-578 17 3 0 78 246 1009 0.058823529411764705 0.331781914893617
table-0104-12 17 10 1 330 411 2170 1.0 0.3598901098901099
table-0104-45 6 4 0 384 352 6630 0.16666666666666666 0.21712626995645865
table-0104-309 1 7 1 257 398 135 1.0 0.00930401159980667
table-0104-791 1 3 0 14 32 569 1.0 0.09620048504446241
table-0104-228 9 10 0 489 545 15220 0.058823529411764705 0.18296392872664058
table-0104-390 1 7 1 257 398 92 1.0 0.0076123731271145485
table-0104-829 6 3 0 25 44 26172 1.0 0.0970648067422261
table-0104-972 4 4 2 414 500 959200 0.041666666666666664 0.017706283994907996
table-0104-214 7 2 0 9 55 983 0.3333333333333333 0.08811188811188811
table-0104-718 1 3 0 12 37 1704 1.0 0.06149479659413434
table-0104-368 1 7 1 257 398 92 1.0 0.009666505558240696
table-0104-149 7 5 0 250 347 3522 0.16666666666666666 0.18511627906976744
table-0104-191 0 1 0 248 336 3602 0.14285714285714285 0.0
table-0104-580 10 3 0 78 246 1009 0.058823529411764705 0.21642287234042554
table-0104-358 6 4 0 405 459 17037 0.1111111111111111 0.34254859611231103
table-0104-342 4 7 0 297 372 4263 0.08333333333333333 0.07203389830508475
table-0104-911 1 7 0 234 349 2418 0.14285714285714285 0.015855039637599093
table-0104-764 7 3 0 119 217 1925 1.0 0.05990286022665947
table-0104-374 2 7 2 257 398 92 1.0 0.01304978250362494
table-0104-941 4 7 0 234 355 2121 0.14285714285714285 0.07681088964511425
table-0104-378 2 7 2 257 398 92 1.0 0.02513291445142581
table-0104-770 41 4 41 171 662 1190 1.0 8.286486486486487
table-0104-481 1 2 1 62 91 13743 1.0 0.0112893642305407
table-0104-304 2 7 0 292 362 3610 0.125 0.03805044890979051
table-0104-765 15 4 1 119 217 1925 1.0 0.09570066558733585
table-0104-822 1 3 0 255 210 31238 1.0 0.016437918927545484
table-0104-944 8 8 0 235 324 2407 0.14285714285714285 0.2184769038701623
table-0104-208 0 1 0 99 94 16502 0.5 0.0
table-0104-8 6 3 0 330 411 2170 1.0 0.05892857142857143
table-0104-85 8 3 0 44 43 2922 1.0 0.2792536369386464
table-0104-167 4 7 0 252 344 8506 0.125 0.04751958224543081
table-0104-805 5 4 0 167 138 1345 0.5 0.4057971014492754
table-0104-801 43 1 0 93 167 29645 0.5 0.34702414907777146
table-0104-615 167 10 9 17 216 533 1.0 18.074034334763947
table-0104-651 5 2 0 89 635 5490 1.0 0.08063872255489021
table-0104-460 1 6 0 236 323 2804 0.14285714285714285 0.01780767708745548
