table_id rows cols nulls inlinks outlinks views table_imp table_fraction
table-0300-973 5 5 10 245 261 1016 1.0 0.24242424242424243
table-0300-689 22 23 22 364 415 12515 1.0 1.5674217907227617
table-0300-597 1 5 2 44 48 780 1.0 0.08229426433915212
table-0300-928 2 3 0 77 162 1040 0.09090909090909091 0.12051915945611867
table-0300-268 4 2 0 42 34 11630 0.5 79.0
table-0300-592 21 5 0 246 328 835 1.0 0.2377460439984562
table-0300-833 24 25 24 403 423 16286 1.0 0.9159192825112108
table-0300-555 1 1 0 12 20 2371 1.0 0.18789407313997478
table-0300-42 97 3 0 78 670 18695 1.0 12.61003861003861
table-0300-364 16 11 13 338 346 1340 1.0 7.760869565217392
table-0300-430 2 7 3 161 296 18961 1.0 0.03463451970914658
table-0300-603 1 5 2 47 49 1055 1.0 0.06002265005662514
table-0300-600 3 3 4 19 94 1676 0.5 0.017168799009492364
table-0300-226 15 4 12 108 119 61587 0.25 0.9161451814768461
table-0300-935 14 11 0 77 162 1040 0.09090909090909091 0.34981458590852904
table-0300-725 22 23 22 368 423 15403 1.0 1.134843581445523
table-0300-243 47 16 0 27 148 887 0.08333333333333333 4.340153452685422
table-0300-58 4 6 0 85 823 25625 0.043478260869565216 0.411144578313253
table-0300-341 1 1 0 41 25 317521 1.0 0.06333739342265529
table-0300-786 3 2 3 390 413 15589 1.0 0.024147727272727272
table-0300-569 9 4 0 583 348 71300 0.1111111111111111 0.022784129119031608
table-0300-198 3 2 0 482 235 8583 0.14285714285714285 0.11656746031746032
table-0300-758 22 5 22 439 420 23269 1.0 1.1389645776566757
table-0300-171 15 4 0 53 37 11169 0.3333333333333333 0.36112708453133985
table-0300-168 1 3 0 386 339 17855 0.5 0.016585692745853576
table-0300-662 22 23 22 364 416 12279 1.0 4.13175230566535
table-0300-188 5 3 0 22 88 3208 0.047619047619047616 0.10446009389671361
table-0300-126 3 6 0 222 136 28003 0.3333333333333333 0.10422094841063054
table-0300-817 24 25 24 416 429 22839 1.0 1.108385370205174
table-0300-519 11 4 26 5 24 578 0.5 3.876190476190476
table-0300-666 22 5 22 364 416 12279 1.0 3.287220026350461
table-0300-707 22 23 22 366 419 13842 1.0 1.0066603235014273
table-0300-577 4 2 0 158 269 696 1.0 0.0062980224209598186
table-0300-283 1 2 0 65 78 64625 0.125 0.012807549713515335
table-0300-4 17 3 0 83 855 22910 0.08333333333333333 1.4834782608695651
table-0300-624 2 2 1 26 38 0 1.0 0.05702364394993046
table-0300-86 1 3 0 344 189 27672 0.5 0.02803577571379429
table-0300-360 1 1 0 41 25 317521 1.0 0.06333739342265529
table-0300-223 19 6 0 280 129 4970 0.3333333333333333 1.1948627103631533
table-0300-457 22 5 2 61 192 82993 0.3333333333333333 0.13454661558109834
table-0300-753 22 23 452 358 411 35215 1.0 0.6479514415781487
table-0300-888 8 7 8 127 159 1052 1.0 0.1818808129521185
table-0300-784 4 2 4 390 413 15589 1.0 0.043560606060606064
table-0300-141 5 3 0 134 219 1626 0.09090909090909091 0.09441879983214435
table-0300-329 1 1 0 41 25 317521 1.0 0.06333739342265529
table-0300-968 4 7 8 380 368 10880 0.5 0.11000369139904023
table-0300-640 18 11 11 329 344 2227 0.5 5.229249011857707
table-0300-130 3 3 0 47 117 3925 0.5 0.01828514949345194
table-0300-872 22 5 22 419 372 20192 1.0 0.3988125530110263
table-0300-782 22 5 22 390 413 15589 1.0 1.1903409090909092
table-0300-99 1 2 0 84 760 23362 0.043478260869565216 0.05433186490455213
table-0300-162 12 2 10 68 63 1039 0.5 0.3677685950413223
table-0300-105 1 2 0 84 760 23362 0.043478260869565216 0.0381791483113069
table-0300-815 24 5 24 416 429 22839 1.0 1.2462087421944692
table-0300-258 158 2 0 53 176 170340 0.5 6494.0
table-0300-630 4 8 1 12 60 9979 0.3333333333333333 0.0076234478775628065
table-0300-892 8 7 8 127 159 1052 1.0 0.19187047881501895
table-0300-252 99 2 0 46 133 73639 0.5 4725.0
table-0300-822 3 2 3 404 428 17983 1.0 0.024390243902439025
table-0300-372 1 3 0 41 61 1557 0.3333333333333333 0.03348864298194525
table-0300-878 24 5 24 424 373 16851 1.0 1.2782521346057258
table-0300-634 18 11 11 303 249 4566 1.0 4.477366255144033
table-0300-809 24 25 24 416 429 22839 1.0 1.0878679750223015
table-0300-233 103 2 0 45 114 107243 0.5 215.52941176470588
table-0300-484 28 4 0 148 190 13002 0.2 0.3087757313109426
table-0301-1000 6 5 0 181 207 11545 1.0 0.029131697869593284
table-0300-999 17 4 1 181 207 11545 1.0 0.04922530664945126
table-0300-633 18 11 10 300 261 4494 1.0 4.483606557377049
table-0300-746 22 23 22 367 430 19442 0.25 1.3917228103946102
table-0300-353 1 1 0 41 25 317521 1.0 0.06333739342265529
table-0300-314 0 1 0 75 86 11758 0.5 0.0
table-0300-976 1 2 0 40 61 3146 0.5 0.020389249304911955
table-0300-626 1 3 0 11 32 2060 1.0 0.017385257301808066
table-0300-9 40 2 1 81 1003 20640 1.0 2.4895330112721417
table-0300-46 2 5 2 47 24 2316 1.0 0.4602026049204052
table-0300-119 1 2 0 94 810 23327 0.043478260869565216 0.019469026548672566
table-0300-961 3 7 6 380 368 10880 0.5 0.07862679955703211
table-0300-120 4 2 0 94 810 23327 0.043478260869565216 0.1592920353982301
table-0300-873 7 2 7 419 372 20192 1.0 0.03443596268023749
table-0300-922 20 2 0 224 142 8933 0.1111111111111111 0.07988556338028169
table-0300-373 16 11 13 337 348 1508 1.0 7.282828282828283
table-0300-449 19 11 16 76 53 9166 0.3333333333333333 0.5137614678899083
table-0300-720 5 2 5 371 428 16756 1.0 0.06094929881337648
table-0300-184 4 3 0 22 88 3208 0.047619047619047616 0.07805164319248827
table-0300-444 4 7 6 161 296 18961 1.0 0.07615767317259854
table-0300-843 24 5 24 399 430 18623 1.0 1.2131800088456435
table-0300-886 4 6 4 127 159 1052 1.0 0.20943851188425766
table-0300-726 3 2 3 368 423 15403 1.0 0.021035598705501618
table-0300-60 3 3 0 85 823 25625 0.043478260869565216 0.3147590361445783
table-0300-637 18 11 11 305 342 2258 0.5 6.98314606741573
table-0300-970 1 3 0 100 115 1408 1.0 0.0930442637759711
table-0300-776 22 5 22 419 418 17055 1.0 1.0136491368928142
table-0300-681 59 10 87 497 551 40024 1.0 7.690391459074733
table-0300-694 5 2 5 364 415 12515 1.0 0.06094929881337648
table-0300-375 11 6 0 207 170 98324 0.14285714285714285 0.052306374648231985
table-0300-408 1 7 1 161 296 18961 1.0 0.04247990815154994
table-0300-379 2 1 2 28 45 47000 0.25 0.0
table-0300-486 3 9 2 117 99 1588 1.0 0.21912602913236226
table-0300-676 3 2 3 366 417 12384 1.0 0.029182879377431907
table-0300-838 22 23 22 403 423 16286 1.0 0.7869955156950673
table-0300-830 22 5 22 403 423 16286 1.0 0.9491778774289985
table-0300-153 12 2 10 81 61 1173 0.5 0.9175257731958762
table-0300-326 1 1 0 41 25 317521 1.0 0.06333739342265529
table-0300-92 5 2 0 84 760 23362 0.043478260869565216 0.5007342143906021
table-0300-147 74 9 0 425 132 253569 0.5 0.23837667454688732
table-0300-5 1 3 0 128 156 8443 1.0 0.008110220832519053
table-0300-977 3 3 0 65 72 3388 1.0 0.11100066269052353
table-0300-165 5 2 0 88 104 1000 0.5 0.4578313253012048
table-0300-721 22 23 22 371 428 16756 1.0 1.1402373247033442
table-0300-923 10 7 1 23 53 685 0.25 0.24758064516129033
table-0300-52 3 6 0 83 927 19969 1.0 0.3378995433789954
table-0300-616 1 2 0 5 17 587 1.0 0.030343007915567283
table-0300-511 4 2 0 32 82 1120 0.14285714285714285 0.0592363840539023
table-0300-540 14 4 12 168 300 17752 0.5 0.5534591194968553
table-0300-806 22 5 22 416 429 22839 1.0 1.11864406779661
table-0300-869 24 5 24 419 372 20192 1.0 0.44122137404580153
table-0300-213 33 11 82 857 423 36591 0.3333333333333333 0.07129387432325568
table-0300-583 1 3 1 28 45 2617 0.3333333333333333 0.04367816091954023
table-0300-370 15 10 0 41 61 1557 0.3333333333333333 0.4458357600465929
table-0300-236 15 11 0 27 148 887 0.08333333333333333 1.1227621483375958
table-0300-27 2 2 0 115 185 563 1.0 0.050468262226847034
table-0300-661 3 2 3 364 416 12279 1.0 0.05138339920948617
table-0300-790 22 23 22 390 413 15589 1.0 1.0179924242424243
table-0300-750 22 5 22 358 411 35215 1.0 1.751896813353566
table-0300-780 4 2 4 419 418 17055 1.0 0.03693295865114412
table-0300-800 22 5 22 392 423 17360 1.0 1.1092657342657342
table-0300-463 52 3 0 338 384 11174 1.0 20.790055248618785
table-0300-638 5 5 10 248 272 1211 1.0 0.24812030075187969
table-0300-531 5 3 0 98 188 283 1.0 0.20193637621023514
table-0300-502 1 1 0 230 225 55903 0.5 0.008221993833504625
table-0300-727 22 23 22 368 423 15403 1.0 1.5604099244875944
table-0300-382 0 0 0 28 45 47000 0.25 0.0
table-0300-6 32 4 23 115 159 8599 0.5 0.09906381937220829
table-0300-920 13 2 6 47 71 9408 1.0 0.21907894736842104
table-0300-846 3 2 3 399 430 18623 1.0 0.022556390977443608
table-0300-293 15 5 0 163 337 4027 0.2 0.2771841609050911
table-0300-522 13 3 13 12 190 234 1.0 0.9649122807017544
table-0300-939 18 11 15 9 29 872 0.5 0.46016949152542375
table-0300-717 3 2 3 371 428 16756 1.0 0.024271844660194174
table-0300-820 4 2 4 404 428 17983 1.0 0.04399808703969393
table-0300-417 26 7 34 161 296 18961 1.0 0.5394182931496364
table-0300-591 3 2 0 94 132 59572 0.5 0.007644123579997877
table-0300-586 1 5 2 43 51 931 1.0 0.0590513068731849
table-0300-766 22 23 22 439 420 23269 1.0 0.9741144414168937
table-0300-335 1 1 0 41 25 317521 1.0 0.06333739342265529
table-0300-204 2 2 0 494 573 15279 0.14285714285714285 0.06714364336818933
table-0300-180 4 3 0 22 88 3208 0.047619047619047616 0.0698356807511737
table-0300-277 1 6 0 55 93 1688 1.0 0.028075360177318064
table-0300-458 7 5 4 61 192 82993 0.3333333333333333 0.03888888888888889
table-0300-501 14 5 5 176 413 45567 0.3333333333333333 0.016044925792218213
table-0300-409 1 7 1 161 296 18961 1.0 0.03673938002296211
table-0300-148 8 3 13 22 64 1197 0.5 0.12774498229043685
table-0300-475 3 4 0 347 196 105603 1.0 0.010524766320747773
table-0300-946 6 7 13 380 368 10880 0.5 0.1790328534514581
table-0300-933 13 4 0 77 162 1040 0.09090909090909091 0.8634116192830655
table-0300-124 1 2 0 94 810 23327 0.043478260869565216 0.07610619469026549
table-0300-354 1 1 0 41 25 317521 1.0 0.06333739342265529
table-0300-420 16 7 17 161 296 18961 1.0 0.38365862992728667
table-0300-958 4 7 9 380 368 10880 0.5 0.10040605389442599
table-0300-249 9 2 0 44 38 5968 0.5 359.0
table-0300-495 1 2 0 19 33 13119 0.3333333333333333 0.022644927536231884
table-0300-394 18 7 19 161 296 18961 1.0 0.4091083046306927
table-0300-156 6 9 4 264 307 4005 0.16666666666666666 0.12109955423476969
table-0300-883 22 23 22 424 373 16851 1.0 1.0698141637368157
table-0300-564 11 4 6 583 348 71300 0.1111111111111111 0.0170275722932078
table-0300-608 10 2 0 132 251 9274 0.3333333333333333 0.00961596249774626
table-0300-729 3 2 3 368 423 15403 1.0 0.024271844660194174
table-0300-614 2 5 4 119 54 1826 1.0 0.08348134991119005
table-0300-814 22 23 22 416 429 22839 1.0 0.9473684210526315
table-0300-887 4 6 7 127 159 1052 1.0 0.09817430244574578
table-0300-342 1 1 0 41 25 317521 1.0 0.06333739342265529
table-0300-31 1 2 0 115 185 563 1.0 0.03850156087408949
table-0300-146 7 4 0 425 132 253569 0.5 0.030732860520094562
table-0300-907 4 9 6 246 276 6600 0.3333333333333333 0.46327014218009477
table-0300-574 2 2 2 27 55 4465 0.3333333333333333 0.07347670250896057
table-0300-496 5 5 0 19 33 13119 0.3333333333333333 0.28894927536231885
table-0300-561 3 5 0 27 50 4428 0.3333333333333333 1.4060913705583757
table-0300-556 1 1 0 12 20 2371 1.0 0.1626733921815889
table-0300-456 6 4 0 12 122 1522 1.0 0.034100453552830506
table-0300-121 9 2 0 94 810 23327 0.043478260869565216 0.6672566371681415
table-0300-127 3 5 0 222 136 28003 0.3333333333333333 0.08702449192287649
table-0300-673 3 2 3 366 417 12384 1.0 0.02529182879377432
table-0300-562 2 3 2 27 50 4428 0.3333333333333333 0.27411167512690354
table-0300-10 96 3 0 81 1003 20640 1.0 9.962962962962964
table-0300-450 29 2 29 1527 505 694 1.0 0.01752958880709318
table-0300-852 4 2 4 399 430 18623 1.0 0.040689960194604156
table-0300-312 7 3 5 68 152 9622 0.5 0.05387468280304509
table-0300-159 1 5 0 264 307 4005 0.16666666666666666 0.09435364041604755
table-0300-74 6 3 0 88 815 26146 0.047619047619047616 0.847682119205298
table-0300-144 25 5 0 425 132 253569 0.5 0.10677698975571316
table-0300-619 4 4 0 10 39 520 0.3333333333333333 1.4651162790697674
table-0300-1 61 6 62 162 233 15417 0.25 3.2293233082706765
table-0300-855 24 5 24 448 434 25065 1.0 1.2046757829730923
table-0300-399 10 7 13 161 296 18961 1.0 0.21526980482204364
table-0300-781 22 23 22 419 418 17055 1.0 0.8526696105981534
table-0300-347 1 1 0 41 25 317521 1.0 0.06333739342265529
table-0300-550 28 5 70 12 20 2371 1.0 0.6349306431273645
table-0300-876 5 2 5 424 373 16851 1.0 0.065796082370668
table-0300-323 2 3 0 70 94 1155 1.0 0.17060367454068243
table-0300-473 17 4 1 73 113 11596 0.5 0.22426166160640354
table-0300-11 1 6 0 81 1003 20640 1.0 0.13526570048309178
table-0300-921 16 2 0 224 142 8933 0.1111111111111111 0.04929577464788732
table-0300-437 1 7 1 161 296 18961 1.0 0.036930730960581706
table-0300-532 5 3 0 98 188 283 1.0 0.22544951590594745
table-0300-960 3 7 6 380 368 10880 0.5 0.08342561830933924
table-0300-271 8 4 0 386 369 127884 0.5 0.03205443882347674
table-0300-210 4 4 0 102 239 3386 0.3333333333333333 0.0635107321376066
table-0300-792 5 2 5 390 413 15589 1.0 0.05350378787878788
table-0300-61 10 2 6 24 52 15510 1.0 0.07626619552414605
table-0300-23 4 2 0 115 185 563 1.0 0.10509885535900104
table-0300-265 1 1 0 19 17 9623 1.0 0.06103286384976526
table-0300-96 30 3 0 84 760 23362 0.043478260869565216 2.0602055800293684
table-0300-351 1 1 0 41 25 317521 1.0 0.06333739342265529
table-0300-660 22 23 22 364 416 12279 1.0 2.7799736495388667
table-0300-172 5 3 0 22 88 3208 0.047619047619047616 0.10504694835680752
table-0300-731 22 5 22 368 423 15403 1.0 1.3500539374325782
table-0300-835 22 23 22 403 423 16286 1.0 0.804185351270553
table-0300-403 2 7 2 161 296 18961 1.0 0.07328740910830463
table-0300-177 4 3 0 22 88 3208 0.047619047619047616 0.07511737089201878
table-0300-827 24 5 24 404 428 17983 1.0 1.330463892874223
table-0300-209 4 5 0 46 98 5323 0.3333333333333333 0.03770491803278689
table-0300-443 30 7 47 161 296 18961 1.0 0.6502104860313815
table-0300-50 124 3 0 83 927 19969 1.0 12.339421613394217
table-0300-508 29 8 7 32 82 1120 0.14285714285714285 0.7302077484559236
table-0300-735 5 4 0 25 73 3742 0.25 0.027506192152261764
table-0300-793 22 23 22 390 413 15589 1.0 1.009469696969697
table-0300-446 8 7 14 161 296 18961 1.0 0.13738997321086874
table-0300-470 4 8 2 43 90 619 0.25 0.1188034188034188
table-0300-590 4 2 3 94 132 59572 0.5 0.011147680220830236
table-0300-294 1 5 0 163 337 4027 0.2 0.02545568824638592
table-0300-733 22 23 22 368 423 15403 1.0 1.1407766990291262
table-0300-691 3 2 3 364 415 12515 1.0 0.024271844660194174
table-0300-109 19 6 0 55 88 2449 0.5 1.593128390596745
table-0300-736 3 4 0 25 73 3742 0.25 0.029591969756224742
table-0300-897 17 4 27 84 80 15472 1.0 0.34460887949260044
table-0300-541 1 5 0 144 215 1913 1.0 0.03556771545827633
table-0300-20 2 2 0 115 185 563 1.0 0.055150884495317375
table-0300-371 1 20 0 41 61 1557 0.3333333333333333 0.16220151426907398
table-0300-248 107 2 0 45 144 80995 0.5 296.05882352941177
table-0300-33 2 2 0 115 185 563 1.0 0.06451612903225806
table-0300-807 24 5 24 416 429 22839 1.0 1.2234611953612846
table-0300-748 4 2 4 367 430 19442 0.25 0.04427333974975938
table-0300-716 22 5 22 371 428 16756 1.0 1.3613807982740023
table-0300-402 18 7 19 161 296 18961 1.0 0.4358974358974359
table-0300-518 7 4 0 780 467 206913 0.3333333333333333 0.035682285352869866
table-0300-322 10 2 0 22 185 770 1.0 0.1538135593220339
table-0300-383 0 0 0 28 45 47000 0.25 0.0
table-0300-867 5 2 5 419 372 20192 1.0 0.022222222222222223
table-0300-533 5 3 0 98 188 283 1.0 0.24066390041493776
table-0300-422 19 7 34 161 296 18961 1.0 0.4213547646383467
table-0300-826 22 23 22 404 428 17983 1.0 1.018651362984218
table-0300-273 2 28 3 1031 1558 34917 0.1 0.042681071211199025
table-0300-791 22 5 22 390 413 15589 1.0 1.1903409090909092
table-0300-441 1 7 1 161 296 18961 1.0 0.034251817833907384
table-0300-962 4 6 7 380 368 10880 0.5 0.09634551495016612
table-0300-975 67 3 3 103 64 12873 0.5 5.239247982696947
table-0300-164 4 2 2 13 23 896 1.0 0.056623376623376624
table-0300-292 5 7 0 160 356 4792 0.14285714285714285 0.07303578015492439
table-0300-499 5 4 0 516 313 66564 1.0 0.06249347939488784
table-0300-668 22 23 22 364 416 12279 1.0 2.769433465085639
table-0300-604 4 3 0 79 93 2360 0.5 0.21002132196162046
table-0300-692 22 23 22 364 415 12515 1.0 1.5037756202804746
table-0300-169 2 2 0 47 80 27554 0.3333333333333333 0.014146494812951903
table-0300-287 11 5 3 109 162 23813 0.14285714285714285 0.01726854477847104
table-0300-451 5 3 3 77 120 853 0.16666666666666666 1.0571428571428572
table-0300-384 3 4 0 28 45 47000 0.25 0.0022932492475275907
table-0300-797 22 23 22 392 423 17360 1.0 0.9147727272727273
table-0300-864 4 2 4 448 434 25065 1.0 0.04058226731363035
table-0300-658 22 5 22 364 416 12279 1.0 3.318840579710145
table-0300-3 67 3 0 83 855 22910 0.08333333333333333 7.907826086956522
table-0300-893 8 7 10 127 159 1052 1.0 0.19703754736479503
table-0300-208 2 2 0 46 98 5323 0.3333333333333333 0.017704918032786884
table-0300-705 22 5 22 366 419 13842 1.0 1.1907706945765937
table-0300-866 24 5 24 419 372 20192 1.0 0.44597116200169634
table-0300-289 9 3 0 109 162 23813 0.14285714285714285 0.006018781118043739
table-0300-388 3 7 4 161 296 18961 1.0 0.07041714504401071
table-0300-719 22 5 22 371 428 16756 1.0 1.3505933117583604
table-0300-544 1 1 0 12 20 2371 1.0 0.22887767969735182
table-0300-459 53 4 53 340 407 12739 1.0 1.8066588785046729
table-0300-246 57 2 0 48 89 37203 0.5 2692.0
table-0300-989 3 8 8 42 262 1267 0.5 0.055286129970902036
table-0300-507 29 8 8 32 82 1120 0.14285714285714285 0.7304884896125772
table-0300-128 1 3 0 92 150 1204 0.3333333333333333 0.7076271186440678
table-0300-514 10 5 0 8 25 5738 0.5 0.0659432387312187
table-0300-527 3 3 0 1332 641 396756 0.14285714285714285 0.0012764782998689022
table-0300-836 22 5 22 403 423 16286 1.0 0.9319880418535127
table-0300-811 22 23 22 416 429 22839 1.0 0.9482604817127565
table-0300-645 22 5 22 365 415 13671 1.0 1.5191846522781776
table-0300-70 4 2 0 88 815 26146 0.047619047619047616 0.25165562913907286
table-0300-742 3 2 3 367 430 19442 0.25 0.018768046198267566
table-0300-942 10 2 0 23 64 619 1.0 0.23568136932192232
table-0300-810 3 2 3 416 429 22839 1.0 0.022747546833184657
table-0300-2 32 2 0 83 855 22910 0.08333333333333333 2.4817391304347827
table-0300-768 5 2 5 439 420 23269 1.0 0.05131698455949137
table-0300-175 4 3 0 22 88 3208 0.047619047619047616 0.07570422535211267
table-0300-299 6 7 0 168 369 6524 0.25 0.11856127886323269
table-0300-924 3 8 2 23 53 685 0.25 0.07016129032258064
table-0300-83 16 5 0 139 114 28207 0.5 0.2462526766595289
table-0300-29 2 2 0 115 185 563 1.0 0.05931321540062435
table-0300-488 23 3 16 1966 491 250799 1.0 0.04123544631306598
table-0300-321 30 3 0 688 314 215976 0.2 0.05953288516182688
table-0300-32 2 2 0 115 185 563 1.0 0.04994797086368366
table-0300-823 22 23 22 404 428 17983 1.0 1.0224772835963654
table-0300-247 124 2 0 50 149 109103 0.5 5230.0
table-0300-405 22 7 21 161 296 18961 1.0 0.5352085725220054
table-0300-35 33 2 1 81 833 18706 0.07692307692307693 2.298045602605863
table-0300-685 22 5 22 364 415 12515 1.0 1.3624595469255663
table-0300-516 1 3 0 84 97 1416 1.0 0.0736462093862816
table-0300-280 3 4 0 65 78 64625 0.125 0.028311425682507583
table-0300-251 103 2 0 46 147 93406 0.5 4122.0
table-0300-336 1 1 0 41 25 317521 1.0 0.06333739342265529
table-0300-875 24 5 24 424 373 16851 1.0 1.3199397287795078
table-0300-152 24 2 0 58 96 27082 0.3333333333333333 0.11775914634146341
table-0300-635 8 4 0 49 42 1192 1.0 0.5719769673704415
table-0300-783 22 5 22 390 413 15589 1.0 1.175662878787879
table-0300-41 34 2 0 78 670 18695 1.0 2.6216216216216215
table-0300-606 22 8 28 177 215 712 1.0 0.24429125376992675
table-0300-741 22 23 22 367 430 19442 0.25 1.0153994225216554
table-0300-500 5 3 0 516 313 66564 1.0 0.022430881585811163
table-0300-761 22 23 22 439 420 23269 1.0 0.9554950045413261
table-0300-558 1 1 0 12 20 2371 1.0 0.19798234552332913
table-0300-990 3 12 12 42 262 1267 0.5 0.04558680892337536
table-0300-504 2 1 0 170 53 25571 0.5 0.28888888888888886
table-0300-623 1 3 0 71 45 10669 1.0 0.0464326160815402
table-0300-497 9 11 14 27 34 8814 0.5 0.1625750136388434
table-0300-339 1 1 0 41 25 317521 1.0 0.06333739342265529
table-0300-16 1 2 1 16 27 2251 1.0 0.024484536082474227
table-0300-365 1 3 0 90 93 11614 1.0 0.023921832884097036
table-0300-332 1 1 0 41 25 317521 1.0 0.06333739342265529
table-0300-684 22 5 22 364 415 12515 1.0 1.37108953613808
table-0300-481 12 3 11 157 140 79837 0.5 0.05472086035109916
table-0300-461 52 4 52 339 408 9549 1.0 1.625279142474319
table-0300-618 35 7 50 2114 588 142 1.0 0.17064813001762288
table-0300-840 4 2 4 403 423 16286 1.0 0.0343796711509716
table-0300-612 3 5 6 43 51 1190 1.0 0.23548387096774193
table-0300-435 16 7 15 161 296 18961 1.0 0.3991580558744738
table-0300-170 3 8 3 47 80 27554 0.3333333333333333 0.034894687205281355
table-0300-429 11 7 12 161 296 18961 1.0 0.2328740910830463
table-0300-901 4 5 8 253 272 1199 1.0 0.20990764063811923
table-0300-588 8 4 0 61 38 4251 0.3333333333333333 0.5069767441860465
table-0300-72 6 6 0 88 815 26146 0.047619047619047616 0.9072847682119205
table-0300-421 36 7 69 161 296 18961 1.0 0.6519326444699579
table-0300-593 1 3 0 246 328 835 1.0 0.04052489386337321
table-0300-472 7 4 0 840 37 46456 0.5 0.10971625107480654
table-0300-937 14 11 0 77 162 1040 0.09090909090909091 0.37453646477132263
table-0300-745 3 2 3 367 430 19442 0.25 0.02165543792107796
table-0300-483 9 4 1 148 190 13002 0.2 0.25655471289274107
table-0300-912 8 7 8 87 140 2938 1.0 0.2208642514185945
table-0300-140 16 8 1 76 128 956 0.3333333333333333 7.456066945606694
table-0300-79 3 2 0 88 815 26146 0.047619047619047616 0.15894039735099338
table-0300-358 1 1 0 41 25 317521 1.0 0.06333739342265529
table-0300-178 4 3 0 22 88 3208 0.047619047619047616 0.07922535211267606
table-0300-844 4 2 4 399 430 18623 1.0 0.040689960194604156
table-0300-274 2 20 6 1031 1558 34917 0.1 0.027008520998174072
table-0300-594 1 5 2 37 55 1117 1.0 0.08200734394124846
table-0300-264 47 2 0 44 84 28394 0.5 2123.0
table-0300-703 3 2 3 366 419 13842 1.0 0.021408182683158895
table-0300-158 1 5 0 264 307 4005 0.16666666666666666 0.0913818722139673
table-0300-859 22 23 22 448 434 25065 1.0 0.9589766210851345
table-0300-834 3 2 3 403 423 16286 1.0 0.01905829596412556
table-0300-896 2 2 1 42 54 4013 1.0 0.1157684630738523
table-0300-585 1 4 0 24 20 1809 0.3333333333333333 0.02645761881430671
table-0300-978 1 3 0 12 72 557 1.0 0.0931899641577061
table-0300-770 22 5 22 419 418 17055 1.0 1.009233239662786
table-0300-427 2 7 2 161 296 18961 1.0 0.04190585533869116
table-0300-139 1 3 0 76 128 956 0.3333333333333333 0.6820083682008368
table-0300-90 9 2 0 84 760 23362 0.043478260869565216 0.48751835535976507
table-0300-107 10 3 0 55 189 10976 1.0 0.2514336127040141
table-0300-779 22 5 22 419 418 17055 1.0 1.0060216780409474
table-0300-959 5 7 12 380 368 10880 0.5 0.10926541159099298
table-0300-764 22 5 22 439 420 23269 1.0 1.1525885558583107
table-0300-45 9 3 0 78 670 18695 1.0 1.3494208494208495
table-0300-88 6 4 0 11 27 871 1.0 0.37251512532411407
table-0300-621 10 9 12 175 179 2943 0.3333333333333333 0.054707379134860054
table-0300-512 1 2 0 74 84 0 0.3333333333333333 0.03579175704989154
table-0300-598 1 5 2 44 47 771 1.0 0.06532066508313539
table-0300-686 4 2 4 364 415 12515 1.0 0.04962243797195254
table-0300-39 6 3 0 81 833 18706 0.07692307692307693 0.5260586319218241
table-0300-93 1 2 0 84 760 23362 0.043478260869565216 0.05433186490455213
table-0300-669 22 5 22 366 417 12384 1.0 1.6511024643320362
table-0300-282 3 2 0 65 78 64625 0.125 0.021907650825749917
table-0300-377 8 4 0 28 45 47000 0.25 0.007596388132435144
table-0300-677 22 23 22 366 417 12384 1.0 1.9662775616083008
table-0300-974 6 5 12 245 261 1016 1.0 0.2902711323763955
table-0300-578 7 2 0 28 48 11872 0.5 0.5337552742616034
table-0300-950 5 7 11 380 368 10880 0.5 0.135843484680694
table-0300-981 16 3 0 105 97 3350 0.5 0.6051537822111388
table-0300-851 24 5 24 399 430 18623 1.0 1.2176028306059266
table-0300-629 1 3 1 30 76 6003 0.25 0.060126582278481014
table-0300-857 24 25 24 448 434 25065 1.0 1.0758711954124394
table-0300-879 5 2 5 424 373 16851 1.0 0.045705675539929685
table-0300-985 3 2 0 88 105 883 0.5 0.580168776371308
table-0300-133 2 4 0 1440 389 109598 0.027777777777777776 0.0033738393097065057
table-0300-573 1 3 0 181 229 2642 1.0 0.04608035965158752
table-0300-911 7 7 7 87 140 2938 1.0 0.22042776080314272
table-0300-197 3 2 0 482 235 8583 0.14285714285714285 0.11359126984126984
table-0300-943 10 7 18 380 368 10880 0.5 0.2532299741602067
table-0300-708 7 4 14 7 26 624 0.5 2.889908256880734
table-0300-222 6 1 0 280 129 4970 0.3333333333333333 0.08591674047829938
table-0300-85 10 4 10 344 189 27672 0.5 0.21190230478156175
table-0300-432 15 7 18 161 296 18961 1.0 0.29238423268274016
table-0300-285 8 4 1 109 162 23813 0.14285714285714285 0.008508224617129892
table-0300-477 10 7 1 21 55 516 0.25 0.19284802043422733
table-0300-687 22 23 22 364 415 12515 1.0 1.1423948220064726
table-0300-535 5 3 0 98 188 283 1.0 0.20885200553250347
table-0300-787 22 23 22 390 413 15589 1.0 1.0075757575757576
table-0300-279 7 2 0 65 78 64625 0.125 0.05123019885406134
table-0300-400 1 7 1 161 296 18961 1.0 0.036930730960581706
table-0300-667 5 2 5 364 416 12279 1.0 0.14888010540184454
table-0300-260 8 5 0 302 361 1450 0.3333333333333333 2.5652173913043477
table-0300-948 5 7 10 380 368 10880 0.5 0.14765596160945
table-0300-269 5 2 0 42 38 3679 0.5 157.0
table-0300-795 22 5 22 392 423 17360 1.0 1.0869755244755244
table-0300-672 22 23 22 366 417 12384 1.0 1.3793774319066148
table-0300-17 4 2 0 115 185 563 1.0 0.10926118626430802
table-0300-984 9 7 6 206 217 107076 0.25 0.04903044308248769
table-0300-374 8 5 0 207 170 98324 0.14285714285714285 0.0424568701823076
table-0300-182 4 3 0 22 88 3208 0.047619047619047616 0.07746478873239436
table-0300-643 5 9 3 164 217 235 1.0 0.08549222797927461
table-0300-663 22 5 22 364 416 12279 1.0 3.316205533596838
table-0300-931 13 4 0 77 162 1040 0.09090909090909091 0.92336217552534
table-0300-599 1 5 2 41 47 747 1.0 0.056935817805383024
table-0300-203 4 3 0 51 106 4291 1.0 0.09965928449744463
table-0300-284 10 4 2 109 162 23813 0.14285714285714285 0.006806579693703914
table-0300-479 5 2 0 21 55 516 0.25 0.1136653895274585
table-0300-670 22 5 22 366 417 12384 1.0 1.6394293125810635
table-0300-98 1 2 0 84 760 23362 0.043478260869565216 0.03524229074889868
table-0300-899 1 3 0 15 18 823 1.0 0.26464646464646463
table-0300-51 28 3 0 83 927 19969 1.0 2.025875190258752
table-0300-56 27 2 1 85 823 25625 0.043478260869565216 1.6957831325301205
table-0300-465 7 4 3 179 109 10905 1.0 0.12083214591051582
table-0300-756 22 5 22 358 411 35215 1.0 1.7488619119878603
table-0300-228 227 2 0 60 291 263099 0.5 10472.0
table-0300-337 1 1 0 41 25 317521 1.0 0.06333739342265529
table-0300-940 10 7 1 23 64 619 1.0 0.23963133640552994
table-0300-641 18 11 11 326 321 2293 0.5 5.224489795918367
table-0300-718 22 23 22 371 428 16756 1.0 1.651564185544768
table-0300-988 3 10 10 42 262 1267 0.5 0.03491755577109602
table-0300-49 19 2 0 83 927 19969 1.0 1.1598173515981736
table-0300-386 29 4 28 33 92 170 1.0 1.0801670146137787
table-0300-95 1 6 0 84 760 23362 0.043478260869565216 0.09544787077826726
table-0300-951 5 7 11 380 368 10880 0.5 0.13658176448874124
table-0300-891 8 7 8 127 159 1052 1.0 0.21357216672407853
table-0300-462 19 4 0 339 408 9549 1.0 0.2630638677981242
table-0300-917 4 7 8 87 140 2938 1.0 0.13051069402007856
table-0300-291 14 5 0 160 356 4792 0.14285714285714285 0.3190704537071191
table-0300-548 1 1 0 12 20 2371 1.0 0.1544766708701135
table-0300-877 24 25 24 424 373 16851 1.0 1.8171772978402814
table-0300-319 1 4 1 688 314 215976 0.2 0.009194446369579782
table-0300-103 2 2 0 84 760 23362 0.043478260869565216 0.09544787077826726
table-0300-426 2 7 2 161 296 18961 1.0 0.04324531190202832
table-0300-67 13 4 22 30 155 7798 0.2 0.002427143269345011
table-0300-517 14 3 0 780 467 206913 0.3333333333333333 0.04864807884889053
table-0300-728 22 5 22 368 423 15403 1.0 1.3700107874865157
table-0300-18 3 2 0 115 185 563 1.0 0.07388137356919876
table-0300-362 1 1 0 41 25 317521 1.0 0.06333739342265529
table-0300-238 10 3 0 27 148 887 0.08333333333333333 0.7877237851662404
table-0300-642 18 11 11 331 345 2344 0.5 4.80544747081712
table-0300-344 1 1 0 41 25 317521 1.0 0.06333739342265529
table-0300-900 9 5 0 37 60 9910 0.5 0.17445419302183227
table-0300-411 13 7 15 161 296 18961 1.0 0.2868350554917719
table-0300-196 13 4 0 482 235 8583 0.14285714285714285 0.3541666666666667
table-0300-798 3 2 3 392 423 17360 1.0 0.022290209790209792
table-0300-104 1 2 0 84 760 23362 0.043478260869565216 0.014684287812041116
table-0300-665 22 23 22 364 416 12279 1.0 4.318840579710145
table-0300-505 1 2 1 20 26 3772 1.0 0.03079416531604538
table-0300-842 22 5 22 399 430 18623 1.0 1.1353383458646618
table-0300-509 29 8 19 32 82 1120 0.14285714285714285 0.7170129140932061
table-0300-240 15 10 0 27 148 887 0.08333333333333333 1.3222506393861893
table-0300-996 2 3 0 181 207 11545 1.0 0.005245319561007101
table-0300-854 22 5 22 448 434 25065 1.0 1.101455668284076
table-0300-885 3 5 0 147 174 24832 0.25 0.0025138053243220966
table-0300-234 91 2 0 52 126 52642 0.5 4067.0
table-0300-369 40 5 7 0 0 0 0.0 4704.0
table-0300-534 5 3 0 98 188 283 1.0 0.21161825726141079
table-0300-59 24 3 0 85 823 25625 0.043478260869565216 1.7771084337349397
table-0300-231 9 9 0 11 17 1417 0.3333333333333333 2.2246376811594204
table-0300-679 4 2 4 366 417 12384 1.0 0.05966277561608301
table-0300-229 90 2 0 52 131 94415 0.5 3429.0
table-0300-652 4 2 4 365 415 13671 1.0 0.039568345323741004
table-0300-143 3 2 0 88 109 1296 0.5 0.4274353876739563
table-0300-747 22 5 22 367 430 19442 0.25 1.2064485081809433
table-0300-87 34 4 3 11 27 871 1.0 1.8902333621434746
table-0300-914 9 7 10 87 140 2938 1.0 0.257529463116543
table-0300-762 3 2 3 439 420 23269 1.0 0.02316076294277929
table-0300-434 7 7 12 161 296 18961 1.0 0.13471106008419442
table-0300-78 4 2 0 88 815 26146 0.047619047619047616 0.2599337748344371
table-0300-266 28 2 1 43 62 29924 0.5 1127.0
table-0300-587 2 5 0 61 38 4251 0.3333333333333333 0.34186046511627904
table-0300-389 8 7 14 161 296 18961 1.0 0.14542671259089168
table-0300-138 15 2 0 7 60 294 1.0 0.49001536098310294
table-0300-490 6 7 0 115 92 12162 1.0 0.0823502197547999
table-0300-882 6 2 6 424 373 16851 1.0 0.08588648920140633
table-0300-993 3 5 5 42 262 1267 0.5 0.052376333656644035
table-0300-595 8 5 0 303 343 1283 0.3333333333333333 3.0255102040816326
table-0300-620 4 3 4 10 39 520 0.3333333333333333 1.4046511627906977
table-0300-565 33 4 6 583 348 71300 0.1111111111111111 0.052320107599193005
table-0300-423 7 7 12 161 296 18961 1.0 0.11098354381936472
table-0300-161 7 4 1 123 127 5231 0.3333333333333333 0.09000969932104752
table-0300-257 82 2 0 51 122 87541 0.5 3395.0
table-0300-398 14 7 13 161 296 18961 1.0 0.36911595866819746
table-0300-910 4 6 7 87 140 2938 1.0 0.11959842863378438
table-0300-702 22 5 22 366 419 13842 1.0 1.2021883920076117
table-0300-632 8 2 0 24 88 11932 0.5 0.041182845641740205
table-0300-136 10 5 0 7 60 294 1.0 1.7910906298003073
table-0300-438 6 7 8 161 296 18961 1.0 0.16437045541523154
table-0300-297 16 5 0 161 347 3846 0.25 1.4533965244865719
table-0300-69 1 2 0 88 815 26146 0.047619047619047616 0.08774834437086093
table-0300-359 1 1 0 41 25 317521 1.0 0.06333739342265529
table-0300-270 29 3 0 50 18 662990 0.5 3.398406374501992
table-0300-987 3 11 11 42 262 1267 0.5 0.040737148399612025
table-0300-547 1 1 0 12 20 2371 1.0 0.1841109709962169
table-0300-941 3 8 2 23 64 619 1.0 0.07175773535220539
table-0300-54 5 4 5 404 584 247 1.0 0.32195121951219513
table-0300-767 22 5 22 439 420 23269 1.0 1.1444141689373297
table-0300-794 22 5 22 392 423 17360 1.0 1.0930944055944056
table-0300-290 34 4 0 160 356 4792 0.14285714285714285 0.5341202508299521
table-0300-361 1 1 0 41 25 317521 1.0 0.06333739342265529
table-0300-315 44 5 49 211 63 7896 0.5 7.97887323943662
table-0300-242 15 8 0 27 148 887 0.08333333333333333 1.1227621483375958
table-0300-971 4 3 0 120 168 4799 1.0 0.11415015350265141
table-0300-89 3 2 0 84 760 23362 0.043478260869565216 0.12481644640234948
table-0300-755 22 23 453 358 411 35215 1.0 0.633535660091047
table-0300-664 3 2 3 364 416 12279 1.0 0.0461133069828722
table-0300-908 9 7 9 87 140 2938 1.0 0.2749890877346137
table-0300-778 22 23 22 419 418 17055 1.0 0.8598956242472903
table-0300-12 23 3 1 81 1003 20640 1.0 1.7085346215780999
table-0300-812 22 5 22 416 429 22839 1.0 1.1195361284567351
table-0300-239 2 6 0 27 148 887 0.08333333333333333 0.11764705882352941
table-0300-474 5 4 0 73 113 11596 0.5 0.03629588738614408
table-0300-902 4 5 8 253 272 1199 1.0 0.17212426532325778
table-0300-476 24 9 20 13 46 2357 0.3333333333333333 8.745393634840871
table-0300-215 26 4 26 174 540 4545 0.3333333333333333 0.11309967685806611
table-0300-404 4 7 6 161 296 18961 1.0 0.08323765786452354
table-0300-918 5 7 10 87 140 2938 1.0 0.16324749017896115
table-0300-311 6 4 0 496 200 13288 0.5 0.015626466447677147
table-0300-610 1 5 2 46 47 849 1.0 0.07865168539325842
table-0300-327 1 1 0 41 25 317521 1.0 0.06333739342265529
table-0300-401 30 7 34 161 296 18961 1.0 0.6243781094527363
table-0300-468 0 1 0 25 22 1706 1.0 0.0
table-0300-690 22 5 22 364 415 12515 1.0 1.3516720604099244
table-0300-393 28 7 53 161 296 18961 1.0 0.5300420972062763
table-0300-25 1 2 0 115 185 563 1.0 0.02497398543184183
table-0300-730 22 23 22 368 423 15403 1.0 1.3937432578209277
table-0300-596 4 5 0 303 343 1283 0.3333333333333333 1.4846938775510203
table-0300-254 53 2 0 47 71 64292 0.5 1674.0
table-0300-207 1 2 0 46 98 5323 0.3333333333333333 0.0075409836065573775
table-0300-125 9 2 0 94 810 23327 0.043478260869565216 0.5221238938053098
table-0300-163 26 4 5 20 64 5085 0.5 0.6125435540069687
table-0300-898 12 2 10 69 61 1134 0.5 0.8240740740740741
table-0300-68 4 2 0 88 815 26146 0.047619047619047616 0.19370860927152317
table-0300-57 117 3 0 85 823 25625 0.043478260869565216 11.391566265060241
table-0300-183 5 3 0 22 88 3208 0.047619047619047616 0.10093896713615023
table-0300-118 3 2 0 94 810 23327 0.043478260869565216 0.22831858407079647
table-0300-520 5 3 4 328 56 167748 1.0 0.11955056179775281
table-0300-760 4 2 4 439 420 23269 1.0 0.04178019981834696
table-0300-487 1 3 0 352 407 147 1.0 0.31543624161073824
table-0300-466 9 2 0 34 131 3490 1.0 0.014747620902665702
table-0300-310 8 4 0 496 200 13288 0.5 0.03646175504458001
table-0300-413 2 7 2 161 296 18961 1.0 0.06812093379257558
table-0300-881 22 5 22 424 373 16851 1.0 1.1978905072827726
table-0300-492 10 4 8 710 605 87458 1.0 0.06813252561513723
table-0300-436 22 7 25 161 296 18961 1.0 0.4940681209337926
table-0300-714 3 2 3 371 428 16756 1.0 0.021035598705501618
table-0300-66 22 17 183 30 155 7798 0.2 0.017414328631804064
table-0300-528 9 2 0 1333 641 396756 0.14285714285714285 0.016645967018560685
table-0300-206 15 6 18 182 135 30232 0.5 0.11621528968117929
table-0300-296 6 7 0 161 347 3846 0.25 0.4218009478672986
table-0300-71 124 3 0 88 815 26146 0.047619047619047616 13.617549668874172
table-0300-106 9 3 1 26 28 1756 0.5 0.5178026449643948
table-0300-627 3 2 3 30 76 6003 0.25 0.2468354430379747
table-0300-281 3 3 0 65 78 64625 0.125 0.14459049544994945
table-0300-979 39 6 34 262 173 10998 0.5 0.574034620505992
table-0300-957 7 7 19 380 368 10880 0.5 0.17534145441122184
table-0300-272 5 19 12 1031 1558 34917 0.1 0.1486609860012173
table-0300-576 2 3 2 27 55 4465 0.3333333333333333 0.0931899641577061
table-0300-936 16 11 0 77 162 1040 0.09090909090909091 0.4641532756489493
table-0300-53 4 3 0 83 927 19969 1.0 0.4079147640791476
table-0300-905 1 8 1 4 33 1131 0.5 0.016550522648083623
table-0300-493 1 3 0 23 17 12812 1.0 0.0703689615823507
table-0300-945 6 7 13 380 368 10880 0.5 0.16758951642672573
table-0300-38 25 3 0 81 833 18706 0.07692307692307693 2.099348534201954
table-0300-174 4 3 0 22 88 3208 0.047619047619047616 0.07570422535211267
table-0300-559 4 3 0 191 213 2726 1.0 0.8057553956834532
table-0300-506 29 8 58 32 82 1120 0.14285714285714285 1.0188096574957888
table-0300-137 21 11 40 7 60 294 1.0 1.6697388632872503
table-0300-904 1 3 0 203 85 96580 1.0 0.01309107324229771
table-0300-785 22 23 22 390 413 15589 1.0 0.9876893939393939
table-0300-313 1 3 1 81 114 7693 0.5 0.014139110604332953
table-0300-76 2 2 0 88 815 26146 0.047619047619047616 0.11589403973509933
table-0300-286 6 4 3 109 162 23813 0.14285714285714285 0.01020986954055587
table-0300-396 2 7 2 161 296 18961 1.0 0.06965174129353234
table-0300-963 6 7 7 380 368 10880 0.5 0.17386489479512734
table-0300-955 3 7 6 380 368 10880 0.5 0.07788851974898486
table-0300-539 2 2 0 29 46 13021 1.0 0.04832214765100671
table-0300-704 22 23 22 366 419 13842 1.0 1.3092293054234063
table-0300-738 22 5 22 367 430 19442 0.25 1.2040423484119345
table-0300-656 22 23 52 365 415 13671 1.0 1.209832134292566
table-0300-930 5 3 0 77 162 1040 0.09090909090909091 0.2058096415327565
table-0300-992 4 11 0 42 262 1267 0.5 0.12948593598448108
table-0300-584 1 4 0 24 20 1809 0.3333333333333333 0.03870651641352278
table-0300-916 8 7 20 87 140 2938 1.0 0.22872108249672632
table-0300-115 9 3 0 94 810 23327 0.043478260869565216 1.3646017699115045
table-0300-259 1 3 0 5 16 446 1.0 0.09119496855345911
table-0300-553 1 1 0 12 20 2371 1.0 0.2244640605296343
table-0300-219 9 3 0 141 139 947 1.0 0.09753203607024205
table-0300-116 4 6 0 94 810 23327 0.043478260869565216 0.5557522123893806
table-0300-37 2 6 0 81 833 18706 0.07692307692307693 0.3957654723127036
table-0300-415 21 7 25 161 296 18961 1.0 0.49559892843474934
table-0300-715 22 23 22 371 428 16756 1.0 1.7243797195253505
table-0300-412 10 7 15 161 296 18961 1.0 0.21086873325679295
table-0300-376 6 4 0 475 431 174689 1.0 0.016345143852637512
table-0300-306 6 7 0 114 104 636 0.5 5.140096618357488
table-0300-861 3 2 3 448 434 25065 1.0 0.019850022055580063
table-0300-102 3 2 0 84 760 23362 0.043478260869565216 0.16593245227606462
table-0300-789 3 2 3 390 413 15589 1.0 0.02130681818181818
table-0300-868 24 25 24 419 372 20192 1.0 0.4888888888888889
table-0300-346 1 1 0 41 25 317521 1.0 0.06333739342265529
table-0300-515 1 1 0 93 91 4217 1.0 0.005758157389635317
table-0300-308 4 3 0 1135 642 1569482 0.5 0.059359262830815385
table-0300-956 4 7 8 380 368 10880 0.5 0.10852713178294573
table-0300-567 5 4 5 583 348 71300 0.1111111111111111 0.004761264290517821
table-0300-647 4 2 4 365 415 13671 1.0 0.049160671462829736
table-0300-625 0 1 0 98 126 2841 1.0 0.0
table-0300-440 12 7 12 161 296 18961 1.0 0.2847301951779564
table-0300-695 22 23 22 364 415 12515 1.0 1.1402373247033442
table-0300-333 1 1 0 41 25 317521 1.0 0.06333739342265529
table-0300-884 51 4 85 669 328 178288 0.3333333333333333 0.1323015476784823
table-0300-212 6 4 6 857 423 36591 0.3333333333333333 0.01964839710444674
table-0300-8 12 5 8 518 456 23084 0.5 0.13204664254121432
table-0300-997 17 4 1 181 207 11545 1.0 0.04898321497740478
table-0300-176 4 3 0 22 88 3208 0.047619047619047616 0.08098591549295775
table-0300-324 13 4 0 405 351 28337 1.0 0.050716740715902424
table-0300-111 4 2 0 94 810 23327 0.043478260869565216 0.17699115044247787
table-0300-805 22 23 22 392 423 17360 1.0 0.9335664335664335
table-0300-560 2 2 1 27 50 4428 0.3333333333333333 0.17258883248730963
table-0300-754 22 5 22 358 411 35215 1.0 1.7503793626707131
table-0300-871 24 25 24 419 372 20192 1.0 0.4152671755725191
table-0300-701 22 23 22 366 419 13842 1.0 1.3777354900095147
table-0300-848 22 5 22 399 430 18623 1.0 1.1021671826625388
table-0300-363 1 1 0 41 25 317521 1.0 0.06333739342265529
table-0300-575 1 5 0 27 55 4465 0.3333333333333333 0.15053763440860216
table-0300-63 34 3 3 147 63 14885 0.5 0.6248804742780646
table-0300-796 4 2 4 392 423 17360 1.0 0.04020979020979021
table-0300-986 3 11 11 42 262 1267 0.5 0.052376333656644035
table-0300-134 0 1 0 14 35 1225 1.0 0.0
table-0300-295 5 7 0 163 337 4027 0.2 0.06536769327467001
table-0300-841 24 25 24 403 423 16286 1.0 0.9147982062780269
table-0300-205 20 2 0 494 573 15279 0.14285714285714285 0.3104017611447441
table-0300-482 9 4 1 148 190 13002 0.2 0.2704225352112676
table-0300-112 7 2 0 94 810 23327 0.043478260869565216 0.3309734513274336
table-0300-675 22 5 22 366 417 12384 1.0 1.6180285343709468
table-0300-447 43 2 0 145 238 15148 0.5 0.3388498829822802
table-0300-777 3 2 3 419 418 17055 1.0 0.018065034122842234
table-0300-235 11 8 20 27 148 887 0.08333333333333333 3.4910485933503836
table-0300-94 131 3 0 84 760 23362 0.043478260869565216 12.672540381791483
table-0300-751 22 23 451 358 411 35215 1.0 0.6320182094081942
table-0300-752 22 5 22 358 411 35215 1.0 1.7678300455235205
table-0300-349 1 1 0 41 25 317521 1.0 0.06333739342265529
table-0300-526 21 2 0 1333 641 396756 0.14285714285714285 0.026202304560822468
table-0300-523 4 2 0 1333 641 396756 0.14285714285714285 0.003777685779341751
table-0300-566 34 4 17 583 348 71300 0.1111111111111111 0.048258238063214526
table-0300-131 9 4 0 1440 389 109598 0.027777777777777776 0.007076105454871167
table-0300-460 19 4 0 340 407 12739 1.0 0.3294392523364486
table-0300-713 22 23 22 371 428 16756 1.0 1.1305285868392665
table-0300-636 2 5 0 123 75 8514 0.5 0.11834823329076202
table-0300-406 1 7 1 161 296 18961 1.0 0.03654802908534252
table-0300-261 4 5 0 302 361 1450 0.3333333333333333 1.2434782608695651
table-0300-194 2 10 5 40 149 10916 0.25 0.0024830938292476753
table-0300-799 22 23 22 392 423 17360 1.0 0.923951048951049
table-0300-97 5 3 0 84 760 23362 0.043478260869565216 0.5433186490455213
table-0300-445 12 7 11 161 296 18961 1.0 0.25315729047072333
table-0300-166 8 3 0 42 75 2531 1.0 0.632201646090535
table-0300-145 1 2 0 425 132 253569 0.5 0.003940110323089046
table-0300-821 24 25 24 404 428 17983 1.0 1.1645145863223338
table-0300-263 29 2 0 45 63 38969 0.5 1100.0
table-0300-680 22 23 22 366 417 12384 1.0 1.3670557717250325
table-0300-241 5 9 0 27 148 887 0.08333333333333333 0.5396419437340153
table-0300-356 1 1 0 41 25 317521 1.0 0.06333739342265529
table-0300-710 22 5 22 371 428 16756 1.0 1.3694714131607335
table-0300-224 1 2 0 17 30 975 0.5 0.02826585179526356
table-0300-847 22 23 22 399 430 18623 1.0 0.9624060150375939
table-0300-697 22 5 22 366 419 13842 1.0 1.191722169362512
table-0300-563 1 1 0 700 131 71721 1.0 0.012152777777777778
table-0300-529 4 2 0 1333 641 396756 0.14285714285714285 0.0038984337266266475
table-0300-391 16 7 19 161 296 18961 1.0 0.34978951396861846
table-0300-769 22 23 22 439 420 23269 1.0 0.9663941871026339
table-0300-644 18 11 10 349 344 2707 0.5 5.380753138075314
table-0300-397 18 7 33 161 296 18961 1.0 0.3522770761576732
table-0300-617 1 2 0 25 42 2945 1.0 0.012068019747668678
table-0300-693 22 5 22 364 415 12515 1.0 1.3516720604099244
table-0300-655 4 2 4 365 415 13671 1.0 0.046762589928057555
table-0300-671 5 2 5 366 417 12384 1.0 0.07328145265888457
table-0300-839 24 5 24 403 423 16286 1.0 1.0347533632286996
table-0300-64 18 6 8 30 155 7798 0.2 0.019485038274182326
table-0300-19 2 2 0 115 185 563 1.0 0.05619146722164412
table-0300-699 22 23 22 366 419 13842 1.0 1.0033301617507135
table-0300-732 4 2 4 368 423 15403 1.0 0.04962243797195254
table-0300-424 25 7 30 161 296 18961 1.0 0.5732874091083047
table-0300-331 1 1 0 41 25 317521 1.0 0.06333739342265529
table-0300-570 3 4 0 451 487 60874 0.5 0.011586452762923352
table-0300-551 1 1 0 12 20 2371 1.0 0.21752837326607818
table-0300-739 22 5 22 367 430 19442 0.25 1.206929740134745
table-0300-953 3 7 6 380 368 10880 0.5 0.07899593946105574
table-0300-856 4 2 4 448 434 25065 1.0 0.04058226731363035
table-0300-772 4 2 4 419 418 17055 1.0 0.03693295865114412
table-0300-245 71 2 0 48 87 58417 0.5 2963.0
table-0300-221 4 29 12 17 153 965 1.0 0.39416058394160586
table-0300-387 14 7 18 161 296 18961 1.0 0.21718331419823958
table-0300-804 4 2 4 392 423 17360 1.0 0.04020979020979021
table-0300-217 14 4 14 209 179 22764 0.5 0.0692453340546389
table-0300-895 4 7 8 127 159 1052 1.0 0.10058560110230795
table-0300-927 0 1 0 310 524 219 1.0 0.0
table-0300-151 19 6 6 58 96 27082 0.3333333333333333 0.20969893292682926
table-0300-448 55 2 0 13 7 0 1.0 3.0751445086705202
table-0300-723 22 5 22 368 423 15403 1.0 1.3500539374325782
table-0300-825 3 2 3 404 428 17983 1.0 0.021520803443328552
table-0300-135 20 3 0 7 60 294 1.0 1.3855606758832566
table-0300-82 1 2 0 88 815 26146 0.047619047619047616 0.06622516556291391
table-0300-392 1 7 2 161 296 18961 1.0 0.03884424033677765
table-0300-34 2 2 0 115 185 563 1.0 0.045785639958376693
table-0300-55 0 1 0 404 584 247 1.0 0.0
table-0300-425 7 7 8 161 296 18961 1.0 0.2267508610792193
table-0300-439 26 7 31 161 296 18961 1.0 0.6035208572522005
table-0300-302 4 3 0 810 197 76043 0.5 0.03423346799914948
table-0300-378 2 1 2 28 45 47000 0.25 0.0
table-0300-191 4 3 0 22 88 3208 0.047619047619047616 0.08215962441314555
table-0300-582 1 5 0 28 45 2617 0.3333333333333333 0.20919540229885059
table-0300-543 1 2 1 30 65 3162 0.5 0.04785894206549118
table-0300-568 18 5 15 583 348 71300 0.1111111111111111 0.028298587760591794
table-0300-345 1 1 0 41 25 317521 1.0 0.06333739342265529
table-0300-132 1 5 0 1440 389 109598 0.027777777777777776 0.0019108470426656317
table-0300-491 49 11 82 124 113 32013 0.5 4.110316040548598
table-0300-22 3 2 0 115 185 563 1.0 0.07492195629552549
table-0300-571 1 2 1 24 38 1726 1.0 0.02844311377245509
table-0300-759 22 5 22 439 420 23269 1.0 1.13669391462307
table-0300-414 9 7 9 161 296 18961 1.0 0.2125908916953693
table-0300-352 1 1 0 41 25 317521 1.0 0.06333739342265529
table-0300-366 8 3 0 152 256 10307 0.14285714285714285 0.08642205252374743
table-0300-338 1 1 0 41 25 317521 1.0 0.06333739342265529
table-0300-478 4 8 2 21 55 516 0.25 0.08492975734355045
table-0300-455 7 4 0 77 120 853 0.16666666666666666 2.525714285714286
table-0300-244 6 14 0 27 148 887 0.08333333333333333 0.5089514066496164
table-0300-965 6 7 14 380 368 10880 0.5 0.13732004429678848
table-0300-824 22 5 22 404 428 17983 1.0 1.2056432329029172
table-0300-712 4 2 4 371 428 16756 1.0 0.04962243797195254
table-0300-230 9 5 0 11 17 1417 0.3333333333333333 0.9311594202898551
table-0300-395 18 7 27 161 296 18961 1.0 0.36701109835438195
table-0300-572 15 6 10 47 75 5201 0.3333333333333333 0.8918345705196182
table-0300-966 5 7 10 380 368 10880 0.5 0.12993724621631597
table-0300-15 19 3 1 67 464 209375 1.0 0.019428504849844163
table-0300-724 4 2 4 368 423 15403 1.0 0.04584681769147789
table-0300-298 5 6 5 168 369 6524 0.25 0.14742451154529307
table-0300-155 1 5 0 264 307 4005 0.16666666666666666 0.08766716196136701
table-0300-909 7 7 17 87 140 2938 1.0 0.2016586643387167
table-0300-816 4 2 4 416 429 22839 1.0 0.03479036574487065
table-0300-631 3 8 6 12 60 9979 0.3333333333333333 0.006121859659254982
table-0300-307 24 5 0 1135 642 1569482 0.5 0.17325618772099002
table-0300-654 21 5 21 365 415 13671 1.0 1.4298561151079137
table-0300-65 18 7 0 30 155 7798 0.2 0.027088955649472987
table-0300-62 1 1 0 65 137 27678 1.0 0.0004922990365004571
table-0300-220 0 1 0 25 15 12776 1.0 0.0
table-0300-173 4 3 0 22 88 3208 0.047619047619047616 0.08098591549295775
table-0300-262 117 2 0 46 135 108138 0.5 116.88888888888889
table-0300-357 74 5 0 41 25 317521 1.0 13.436662606577345
table-0300-418 6 7 7 161 296 18961 1.0 0.13758132414848834
table-0300-524 6 2 0 1333 641 396756 0.14285714285714285 0.005450907334575312
table-0300-972 2 3 0 36 33 1310 1.0 0.10988336402701043
table-0300-201 3 4 3 1901 428 1321523 0.5 0.012195888602502043
table-0300-853 24 25 24 399 430 18623 1.0 1.0756302521008403
table-0300-480 1 2 1 9 18 2111 1.0 0.0472636815920398
table-0300-301 32 4 15 120 81 150565 0.25 0.37074285714285715
table-0300-894 6 7 14 127 159 1052 1.0 0.15260075783672064
table-0300-938 46 6 0 72 198 40610 1.0 7.511455525606469
table-0300-639 4 5 8 248 272 1211 1.0 0.20551378446115287
table-0300-682 117 9 127 497 551 40024 1.0 12.456405693950177
table-0300-589 1 5 2 41 51 821 1.0 0.06043437204910293
table-0300-380 3 2 5 28 45 47000 0.25 0.0002149921169557116
table-0300-991 3 13 13 42 262 1267 0.5 0.052376333656644035
table-0300-737 24 2 0 109 196 5732 0.5 0.07951787736612198
table-0300-452 5 3 3 77 120 853 0.16666666666666666 1.1085714285714285
table-0300-318 2 5 2 688 314 215976 0.2 0.003118719245962991
table-0300-44 29 3 0 78 670 18695 1.0 2.640926640926641
table-0300-237 12 3 0 27 148 887 0.08333333333333333 0.5524296675191815
table-0300-554 1 1 0 12 20 2371 1.0 0.23266078184110972
table-0300-167 1 3 0 24 34 475 1.0 0.05349977708426215
table-0300-142 0 1 0 134 219 1626 0.09090909090909091 0.0
table-0300-267 4 2 0 43 38 10837 0.5 140.0
table-0300-464 1 3 0 89 90 2757 1.0 0.017082610436407315
table-0300-316 16 11 10 338 345 1345 1.0 7.555555555555555
table-0300-278 18 2 0 65 78 64625 0.125 0.3343444556791372
table-0300-40 4 3 0 81 833 18706 0.07692307692307693 0.506514657980456
table-0300-696 22 5 22 366 419 13842 1.0 1.2007611798287345
table-0300-743 22 23 22 367 430 19442 0.25 1.5553416746871993
table-0300-325 14 4 0 405 351 28337 1.0 0.052896303126833764
table-0300-858 3 2 3 448 434 25065 1.0 0.030877812086457873
table-0300-348 1 1 0 41 25 317521 1.0 0.06333739342265529
table-0300-117 52 3 0 94 810 23327 0.043478260869565216 4.198230088495575
table-0300-605 1 5 2 43 48 1100 1.0 0.06562193927522038
table-0300-227 17 2 0 8 50 35127 0.5 6.859154929577465
table-0300-763 22 23 22 439 420 23269 1.0 0.9627611262488647
table-0300-915 8 7 11 87 140 2938 1.0 0.2466171977302488
table-0300-615 2 3 0 28 36 787 1.0 0.15092748735244518
table-0300-340 1 1 0 41 25 317521 1.0 0.06333739342265529
table-0300-510 5 5 0 32 82 1120 0.14285714285714285 0.11341942728804043
table-0300-157 2 5 0 264 307 4005 0.16666666666666666 0.2072808320950966
table-0300-73 25 3 0 88 815 26146 0.047619047619047616 1.859271523178808
table-0300-774 3 2 3 419 418 17055 1.0 0.020473705339221198
table-0300-304 14 5 0 177 191 3501 0.25 0.38068635275339185
table-0300-390 12 7 13 161 296 18961 1.0 0.28836586299272865
table-0300-613 1 5 2 43 50 879 1.0 0.06789413118527042
table-0300-657 22 5 22 364 416 12279 1.0 3.3504611330698286
table-0300-485 28 4 0 148 190 13002 0.2 0.2990249187432286
table-0300-813 3 2 3 416 429 22839 1.0 0.02007136485280999
table-0300-489 3 7 2 115 92 12162 1.0 0.049271339347675226
table-0300-187 5 3 0 22 88 3208 0.047619047619047616 0.10035211267605634
table-0300-536 0 1 0 17 73 1124 1.0 0.0
table-0300-416 3 7 4 161 296 18961 1.0 0.06869498660543437
table-0300-944 6 7 13 380 368 10880 0.5 0.1598375784422296
table-0300-530 5 3 0 98 188 283 1.0 0.23098201936376211
table-0300-181 4 3 0 22 88 3208 0.047619047619047616 0.0733568075117371
table-0300-579 46 5 0 28 48 11872 0.5 31.127637130801688
table-0300-255 170 2 0 55 205 172283 0.5 7574.0
table-0300-113 2 2 0 94 810 23327 0.043478260869565216 0.11150442477876106
table-0300-932 1 4 0 77 162 1040 0.09090909090909091 0.07849196538936959
table-0300-123 4 2 0 94 810 23327 0.043478260869565216 0.21238938053097345
table-0300-7 7 2 3 30 56 1921 1.0 0.15895061728395063
table-0300-865 24 25 24 448 434 25065 1.0 1.0789589766210852
table-0300-525 8 2 0 1333 641 396756 0.14285714285714285 0.0074518733181535915
table-0300-454 9 4 7 77 120 853 0.16666666666666666 2.8914285714285715
table-0300-889 8 7 8 127 159 1052 1.0 0.2518084739924216
table-0300-542 1 2 1 4 5 1962 1.0 0.24404761904761904
table-0300-214 36 5 35 174 540 4545 0.3333333333333333 0.6076311210539398
table-0300-13 3 3 0 81 1003 20640 1.0 0.357487922705314
table-0300-538 4 2 0 16 17 1287 1.0 0.064911484339537
table-0300-320 1 5 1 688 314 215976 0.2 0.001362995818606048
table-0300-648 22 23 22 365 415 13671 1.0 1.2547961630695443
table-0300-453 20 6 11 77 120 853 0.16666666666666666 6.965714285714285
table-0300-706 5 2 5 366 419 13842 1.0 0.053758325404376785
table-0300-552 1 1 0 12 20 2371 1.0 0.21437578814627994
table-0300-202 8 3 0 1901 428 1321523 0.5 0.04111397497956874
table-0300-828 4 2 4 404 428 17983 1.0 0.04447632711621234
table-0300-860 22 5 22 448 434 25065 1.0 1.0988089986766651
table-0300-303 1 5 0 177 191 3501 0.25 0.01675977653631285
table-0300-367 6 3 0 152 256 10307 0.14285714285714285 0.05997392438070404
table-0300-309 13 2 0 496 200 13288 0.5 0.022149225715626466
table-0300-549 1 1 0 12 20 2371 1.0 0.15952080706179067
table-0300-952 4 7 10 380 368 10880 0.5 0.11886304909560723
table-0300-711 22 5 22 371 428 16756 1.0 1.348975188781014
table-0300-428 8 7 9 161 296 18961 1.0 0.16322234978951397
table-0300-870 5 2 5 419 372 20192 1.0 0.015436810856658184
table-0300-407 8 7 8 161 296 18961 1.0 0.16379640260237274
table-0300-949 6 7 13 380 368 10880 0.5 0.17201919527500922
table-0300-250 13 2 0 44 46 9441 0.5 495.0
table-0300-998 17 4 0 181 207 11545 1.0 0.04414138153647514
table-0300-30 5 2 0 115 185 563 1.0 0.14464099895941726
table-0300-419 5 7 8 161 296 18961 1.0 0.09950248756218906
table-0300-880 24 25 24 424 373 16851 1.0 1.2646911099949774
table-0300-994 1 7 1 55 85 1218 0.5 0.17142857142857143
table-0300-211 24 5 0 102 239 3386 0.3333333333333333 0.18876800940899735
table-0300-317 4 5 4 688 314 215976 0.2 0.0046434264328782315
table-0300-521 21 3 21 12 190 234 1.0 1.7042606516290726
table-0300-995 0 1 0 414 363 66451 1.0 0.0
table-0300-471 6 2 0 43 90 619 0.25 0.18376068376068377
table-0300-253 91 2 0 50 97 79202 0.5 3376.0
table-0300-14 9 2 8 63 145 15267 0.5 0.08715251690458302
table-0300-683 14 7 8 497 551 40024 1.0 1.4626334519572954
table-0300-903 1 2 1 126 189 49841 0.5 0.0025720860971977797
table-0300-218 6 4 0 52 44 21750 0.5 0.009635974304068522
table-0300-581 1 2 1 28 45 2617 0.3333333333333333 0.04367816091954023
table-0300-609 8 2 0 132 251 9274 0.3333333333333333 0.008774565779193461
table-0300-837 3 2 3 403 423 16286 1.0 0.016816143497757848
table-0300-498 10 4 0 516 313 66564 1.0 0.07981220657276995
table-0300-36 112 3 0 81 833 18706 0.07692307692307693 11.85830618892508
table-0300-343 1 1 0 41 25 317521 1.0 0.06333739342265529
table-0300-275 11 8 1 1031 1558 34917 0.1 0.04283323189287888
table-0300-24 2 2 0 115 185 563 1.0 0.05827263267429761
table-0300-442 2 7 2 161 296 18961 1.0 0.05721393034825871
table-0300-101 1 2 0 84 760 23362 0.043478260869565216 0.05873715124816446
table-0300-788 22 5 22 390 413 15589 1.0 1.203125
table-0300-381 3 5 3 28 45 47000 0.25 0.006521427547656586
table-0300-771 22 5 22 419 418 17055 1.0 1.0060216780409474
table-0300-688 3 2 3 364 415 12515 1.0 0.021035598705501618
table-0300-225 15 4 2 108 119 61587 0.25 1.0525657071339174
table-0300-947 5 7 10 380 368 10880 0.5 0.14765596160945
table-0300-906 2 15 2 190 271 22674 0.1 0.030591205554386703
table-0300-659 4 2 4 364 416 12279 1.0 0.13306982872200263
table-0300-890 10 7 12 127 159 1052 1.0 0.2776438167413021
table-0300-801 4 2 4 392 423 17360 1.0 0.028846153846153848
table-0300-674 22 23 22 366 417 12384 1.0 2.1964980544747084
table-0300-802 22 23 22 392 423 17360 1.0 0.9405594405594405
table-0300-698 4 2 4 366 419 13842 1.0 0.04376784015223597
table-0300-601 1 3 0 19 94 1676 0.5 0.009162195625257944
table-0300-513 1 3 0 467 192 204820 0.5 0.010857223956854954
table-0300-954 8 7 11 380 368 10880 0.5 0.2174234034699151
table-0300-929 14 11 0 77 162 1040 0.09090909090909091 0.40234857849196537
table-0300-709 11 7 14 55 68 6802 1.0 0.4247139588100686
table-0300-863 24 5 24 448 434 25065 1.0 1.2205558006175563
table-0300-410 2 7 2 161 296 18961 1.0 0.041714504401071564
table-0300-276 9 5 10 970 459 120558 0.5 0.011336592964389252
table-0300-969 6 7 14 380 368 10880 0.5 0.17386489479512734
table-0300-545 1 1 0 12 20 2371 1.0 0.2042875157629256
table-0300-150 12 2 10 80 62 1430 0.1 0.15478260869565216
table-0300-808 4 2 4 416 429 22839 1.0 0.03791257805530776
table-0300-845 24 25 24 399 430 18623 1.0 1.0813799203892083
table-0300-305 7 8 0 177 191 3501 0.25 0.16440542697525937
table-0300-849 3 2 3 399 430 18623 1.0 0.019902697921273773
table-0300-650 22 23 22 365 415 13671 1.0 1.7949640287769784
table-0300-773 22 23 22 419 418 17055 1.0 0.8458450421517463
table-0300-77 1 2 0 88 815 26146 0.047619047619047616 0.057947019867549666
table-0300-28 7 2 0 115 185 563 1.0 0.16805411030176898
table-0300-385 46 3 1 53 68 2102 0.5 0.2073732718894009
table-0300-200 5 2 0 64 80 4445 0.5 0.1128625472887768
table-0300-328 1 1 0 41 25 317521 1.0 0.06333739342265529
table-0300-288 3 2 0 109 162 23813 0.14285714285714285 0.0016701329803995714
table-0300-334 1 1 0 41 25 317521 1.0 0.06333739342265529
table-0300-862 22 23 22 448 434 25065 1.0 0.925452139391266
table-0300-431 28 7 44 161 296 18961 1.0 0.6102181400688863
table-0300-722 22 5 22 368 423 15403 1.0 1.354368932038835
table-0300-734 8 4 0 25 73 3742 0.25 0.06426802242210924
table-0300-537 35 3 0 71 101 2158 1.0 0.47886866059817945
table-0300-469 10 7 1 43 90 619 0.25 0.31965811965811963
table-0300-149 2 3 0 22 64 1197 0.5 0.049822904368358914
table-0300-934 9 4 0 77 162 1040 0.09090909090909091 0.5179233621755254
table-0300-850 22 23 22 399 430 18623 1.0 0.930561698363556
table-0300-557 1 1 0 12 20 2371 1.0 0.2837326607818411
table-0300-48 23 6 39 313 380 11199 0.5 0.6822784810126582
table-0300-757 22 23 452 358 411 35215 1.0 0.618361153262519
table-0300-744 22 5 22 367 430 19442 0.25 1.2261790182868142
table-0300-749 22 23 22 367 430 19442 0.25 1.0211742059672761
table-0300-186 5 3 0 22 88 3208 0.047619047619047616 0.09683098591549295
table-0300-195 2 14 9 40 149 10916 0.25 0.00507185122569738
table-0300-503 5 2 0 261 205 33874 1.0 0.08062930186823992
table-0300-678 22 5 22 366 417 12384 1.0 1.622568093385214
table-0300-232 167 2 0 60 300 180492 0.5 419.1764705882353
table-0300-108 2 2 0 55 88 2449 0.5 0.11934900542495479
table-0300-350 1 1 0 41 25 317521 1.0 0.06333739342265529
table-0300-964 6 7 7 380 368 10880 0.5 0.16906607604282023
table-0300-829 24 25 24 404 428 17983 1.0 1.1745576279292205
table-0300-819 24 5 24 404 428 17983 1.0 1.3103778096604495
table-0300-982 22 6 0 38 54 3817 0.5 0.8642281463112214
table-0300-580 2 4 0 28 48 11872 0.5 0.0981012658227848
table-0300-47 2 5 3 47 24 2316 1.0 0.23154848046309695
table-0300-368 51 4 7 152 256 10307 0.14285714285714285 0.30880983423356306
table-0300-913 9 7 9 87 140 2938 1.0 0.25971191619380185
table-0300-700 3 2 3 366 419 13842 1.0 0.018553758325404377
table-0300-494 1 2 1 15 24 1319 1.0 0.01095100864553314
table-0300-189 5 3 0 22 88 3208 0.047619047619047616 0.09741784037558686
table-0300-832 4 2 4 403 423 16286 1.0 0.0343796711509716
table-0300-467 1 3 0 124 148 2105 1.0 0.15034965034965034
table-0300-919 5 4 5 414 601 298 1.0 0.12467666839110192
table-0300-803 22 5 22 392 423 17360 1.0 1.1005244755244756
table-0300-926 53 3 0 85 177 7010 0.5 2.263007840342124
table-0300-190 4 3 0 22 88 3208 0.047619047619047616 0.07981220657276995
table-0300-330 1 1 0 41 25 317521 1.0 0.06333739342265529
table-0300-21 2 2 0 115 185 563 1.0 0.05619146722164412
table-0300-925 5 2 0 23 53 685 0.25 0.2
table-0300-602 1 5 2 41 48 981 1.0 0.07239263803680981
table-0300-649 3 2 3 365 415 13671 1.0 0.023381294964028777
table-0300-607 2 5 4 44 50 1023 1.0 0.10341805433829973
table-0300-765 3 2 3 439 420 23269 1.0 0.020435967302452316
table-0300-355 1 1 0 41 25 317521 1.0 0.06333739342265529
table-0300-100 1 2 0 84 760 23362 0.043478260869565216 0.11747430249632893
table-0300-818 22 5 22 404 428 17983 1.0 1.2046867527498804
table-0300-81 6 2 0 88 815 26146 0.047619047619047616 0.41721854304635764
table-0300-160 6 12 1 123 127 5231 0.3333333333333333 0.07604267701260911
table-0300-192 1 2 0 65 77 1440 0.5 0.0160075329566855
table-0300-874 22 23 22 419 372 20192 1.0 0.35385920271416454
table-0300-154 1 5 0 264 307 4005 0.16666666666666666 0.0950965824665676
table-0300-651 22 5 22 365 415 13671 1.0 1.523980815347722
table-0300-628 6 6 5 30 76 6003 0.25 1.5949367088607596
table-0300-84 27 4 6 139 114 28207 0.5 0.8893647394718058
table-0300-193 2 8 3 40 149 10916 0.25 0.0036982248520710057
table-0300-216 10 4 1 105 197 41530 0.25 0.3570780399274047
table-0300-433 2 7 2 161 296 18961 1.0 0.04802908534251818
table-0300-179 4 3 0 22 88 3208 0.047619047619047616 0.07570422535211267
table-0300-967 5 7 11 380 368 10880 0.5 0.13104466592838687
table-0300-199 3 2 0 482 235 8583 0.14285714285714285 0.09771825396825397
table-0300-831 24 5 24 403 423 16286 1.0 1.0265321375186847
table-0300-110 23 6 53 26 51 718 1.0 11.378947368421052
table-0300-740 4 2 4 367 430 19442 0.25 0.04090471607314726
table-0300-983 13 14 0 206 217 107076 0.25 0.056314678991258915
table-0300-129 23 8 0 92 150 1204 0.3333333333333333 11.521186440677965
table-0300-185 5 3 0 22 88 3208 0.047619047619047616 0.09507042253521127
table-0300-256 22 2 0 57 43 137149 0.5 1035.0
table-0300-546 1 1 0 12 20 2371 1.0 0.18474148802017654
table-0300-43 3 6 0 78 670 18695 1.0 0.611969111969112
table-0300-653 22 23 22 365 415 13671 1.0 2.105515587529976
table-0300-91 3 2 0 84 760 23362 0.043478260869565216 0.21292217327459617
table-0300-775 22 23 22 419 418 17055 1.0 0.8518667201926937
table-0300-300 14 6 0 168 369 6524 0.25 0.40408525754884544
table-0300-80 2 2 0 88 815 26146 0.047619047619047616 0.048013245033112585
table-0300-646 22 5 22 365 415 13671 1.0 1.4976019184652278
table-0300-622 17 9 21 175 179 2943 0.3333333333333333 0.09239821882951654
table-0300-980 1 3 0 189 237 3102 1.0 0.05680317040951123
table-0300-114 126 3 0 94 810 23327 0.043478260869565216 14.72920353982301
table-0300-26 1 2 0 115 185 563 1.0 0.03225806451612903
table-0300-122 5 2 0 94 810 23327 0.043478260869565216 0.26194690265486725
table-0300-75 5 2 0 88 815 26146 0.047619047619047616 0.2781456953642384
table-0300-611 1 5 2 43 47 980 1.0 0.05475504322766571
