table_id rows cols nulls inlinks outlinks views table_imp table_fraction
table-0010-248 10 11 8 181 268 5508 1.0 0.1672107363075807
table-0010-569 7 9 6 48 137 14145 0.05555555555555555 0.2796610169491525
table-0010-256 4 5 4 181 268 5508 1.0 0.042437431991294884
table-0010-708 2 4 0 24 57 1219 1.0 0.04595244456318461
table-0010-378 6 2 0 402 306 133144 0.25 0.031149989332195434
table-0010-910 15 3 0 16 20 1416 0.5 2.826771653543307
table-0010-124 12 3 0 27 31 7457 0.5 0.27248394004282656
table-0010-586 7 7 5 58 211 22095 0.16666666666666666 1.5746478873239436
table-0010-226 7 8 4 35 94 4961 0.06666666666666667 0.0863593603010348
table-0010-751 7 5 0 127 136 50958 0.5 0.05011346444780635
table-0010-390 1 3 0 30 35 1615 1.0 0.0372079607730026
table-0010-538 5 5 0 42 33 1184 0.5 0.7624633431085044
table-0010-778 1 4 0 444 172 32229 0.125 0.05227817745803357
table-0010-404 5 8 0 222 119 45234 1.0 0.0547531512605042
table-0010-329 2 12 2 135 264 1489 1.0 0.010274579273693534
table-0010-561 3 6 1 13 40 694 0.2 1.4638694638694638
table-0010-791 3 9 2 623 231 55319 0.1111111111111111 0.025178504321683576
table-0010-799 2 3 0 1036 746 396910 1.0 0.013588866501101167
table-0010-572 6 8 5 48 137 14145 0.05555555555555555 0.24284957627118645
table-0010-506 49 6 39 9 140 296 1.0 8.414893617021276
table-0010-224 7 3 0 35 94 4961 0.06666666666666667 0.01528692380056444
table-0010-999 5 6 0 26 52 2303 0.2 0.0954290296712109
table-0010-693 1 1 1 297 155 15771 0.5 0.0
table-0010-52 4 3 0 36 30 15779 1.0 0.014556440538313651
table-0010-270 12 7 0 47 169 1059 0.3333333333333333 2.95873786407767
table-0010-735 25 6 20 55 55 2080 0.5 0.967357910906298
table-0010-21 8 7 0 1045 386 42715 0.5 0.22010329757647992
table-0010-838 3 2 0 70 81 45967 0.3333333333333333 0.05084745762711865
table-0010-692 4 9 4 297 155 15771 0.5 0.031061259706643658
table-0010-155 66 2 66 906 195 324439 1.0 0.04776212832550861
table-0010-734 2 5 0 206 89 56948 0.5 0.03088803088803089
table-0010-46 1 3 0 409 412 36163 1.0 0.0175
table-0010-926 7 4 5 398 651 1233 0.5 0.6108490566037735
table-0010-782 82 5 78 274 212 443599 0.16666666666666666 0.30667329027984763
table-0010-601 1 3 0 24 28 1032 1.0 0.15217391304347827
table-0010-925 13 3 0 265 286 13790 1.0 0.13473214285714286
table-0010-557 7 6 12 165 236 789 1.0 0.07468879668049792
table-0010-780 3 3 0 469 347 37196 1.0 0.0437204910292729
table-0010-312 1 2 0 4 11 779 0.5 0.06474820143884892
table-0010-208 41 4 0 36 363 8956 0.14285714285714285 0.38432341245933244
table-0010-367 10 5 0 90 102 2032 0.25 4.068181818181818
table-0010-840 7 4 0 70 81 45967 0.3333333333333333 0.15351089588377723
table-0010-453 16 3 0 17 39 3789 0.5 0.3619047619047619
table-0010-669 28 13 0 362 280 96972 0.3333333333333333 0.28668773454473634
table-0010-106 37 6 1 59 73 5790 0.08333333333333333 7.634844868735083
table-0010-175 14 9 0 107 196 4882 0.25 0.07353546439840856
table-0010-686 2 5 2 56 60 17954 1.0 0.1641337386018237
table-0010-134 14 3 0 121 102 6465 0.25 0.013000597728631201
table-0010-637 2 4 0 16 26 727 1.0 0.1284748309541698
table-0010-851 15 3 4 58 340 14854 1.0 0.9133333333333333
table-0010-837 6 6 5 59 45 3965 1.0 0.8532695374800638
table-0010-429 4 6 7 82 82 27468 0.25 0.01634112089876165
table-0010-812 52 5 0 50 187 121678 1.0 38.72434607645875
table-0010-813 52 5 0 50 187 121678 1.0 76.0764587525151
table-0010-298 4 3 0 56 41 4878 1.0 0.07661016949152542
table-0010-20 2 8 0 1045 386 42715 0.5 0.06515693285657528
table-0010-277 12 7 0 68 213 1200 0.3333333333333333 2.8262910798122065
table-0010-788 4 9 3 623 231 55319 0.1111111111111111 0.02893649004133784
table-0010-332 9 29 0 135 264 1489 1.0 0.18015943312666077
table-0010-156 28 12 105 906 195 324439 1.0 0.056525821596244134
table-0010-707 2 4 0 17 27 170 1.0 0.10086455331412104
table-0010-709 1 3 0 24 57 1219 1.0 0.04141063318193962
table-0010-610 1 3 0 17 30 950 1.0 0.0721605465414176
table-0010-552 13 4 4 566 717 5228 0.3333333333333333 0.16707798617966435
table-0010-579 34 4 0 146 362 5905 1.0 0.8262307127112417
table-0010-816 625 3 509 34 117 34618 1.0 4.267175572519084
table-0010-834 3 8 2 459 222 39847 0.14285714285714285 0.025413473174667203
table-0010-667 6 2 0 305 195 60689 0.3333333333333333 0.04964028776978417
table-0010-59 0 1 0 120 230 10278 1.0 0.0
table-0010-551 3 2 0 45 60 5683 0.5 0.07869974337040206
table-0010-936 5 5 0 2368 1441 580588 0.06666666666666667 0.007173493939892099
table-0010-119 1 6 1 127 102 3100 0.5 0.02969187675070028
table-0010-158 6 4 0 32 118 940 0.5 0.16030534351145037
table-0010-206 6 4 1 36 363 8956 0.14285714285714285 0.03717315339197494
table-0010-406 3 2 2 9 27 1964 1.0 0.10925644916540213
table-0010-811 52 5 0 50 187 121678 1.0 63.370221327967805
table-0010-568 13 8 14 48 137 14145 0.05555555555555555 0.4740466101694915
table-0010-55 66 4 0 73 207 4971 0.5 1.3046931407942237
table-0010-942 8 2 1 12 37 1531 0.5 0.28182807399347115
table-0010-170 4 1 0 542 298 72758 0.09090909090909091 0.003922318951497178
table-0010-783 32 5 31 274 212 443599 0.16666666666666666 0.0992990009383452
table-0010-154 0 1 0 93 152 106074 0.25 0.0
table-0010-673 5 3 1 2377 736 5155211 0.3333333333333333 0.023625939106366154
table-0010-564 2 2 0 82 96 3680 0.5 0.12737642585551331
table-0010-889 8 4 11 257 113 3057 0.3333333333333333 0.022329835889157924
table-0010-17 16 24 0 1045 386 42715 0.5 0.23321414382201033
table-0010-407 1 1 0 343 350 0 0.5 0.009564293304994687
table-0010-200 5 5 5 32 48 6437 0.2 0.02245206861755802
table-0010-663 5 3 0 53 65 24091 0.5 0.043316831683168314
table-0010-766 3 9 2 405 151 29921 0.16666666666666666 0.05857445306986592
table-0010-228 7 6 6 35 94 4961 0.06666666666666667 0.08654750705550329
table-0010-381 15 3 1 16 28 9004 0.5 0.35798816568047337
table-0010-877 5 6 10 257 106 3445 0.5 0.046224961479198766
table-0010-56 1 2 1 7 30 759 1.0 0.0022696323195642307
table-0010-826 26 7 0 251 707 3798 0.3333333333333333 1.603094638359122
table-0010-322 15 4 0 180 293 5931 0.25 5.906542056074766
table-0010-57 84 2 0 51 52 23070 1.0 0.19877762106252939
table-0010-987 8 4 8 167 356 84231 0.14285714285714285 0.3471264367816092
table-0010-912 1 3 0 12 35 893 1.0 0.040975103734439834
table-0010-824 6 5 10 218 256 3000 1.0 0.4790697674418605
table-0010-746 4 9 2 334 171 26699 0.3333333333333333 0.1048780487804878
table-0010-178 8 3 1 76 63 62037 0.3333333333333333 0.2376182526432944
table-0010-685 3 2 0 16 33 1802 0.5 0.41092636579572445
table-0010-768 16 4 9 630 666 11561 0.5 0.14711336382741996
table-0010-688 78 6 0 56 60 17954 1.0 407.1246200607903
table-0010-150 26 3 2 0 0 0 0.0 1126.0
table-0010-647 26 10 96 371 315 77813 0.25 0.3388662259108173
table-0010-874 8 4 11 254 139 3642 0.3333333333333333 0.04739032981107909
table-0010-546 1 3 1 51 64 10697 0.3333333333333333 0.05493827160493827
table-0010-603 14 12 0 14 42 902 0.5 0.41219635627530365
table-0010-960 15 2 0 158 169 1653 0.5 0.08266993263931414
table-0010-415 21 5 3 30 294 2766 1.0 0.3252747252747253
table-0010-241 8 9 8 181 268 5508 1.0 0.14145810663764963
table-0010-852 8 5 0 58 340 14854 1.0 0.47333333333333333
table-0010-45 7 3 0 17 27 1376 0.5 0.6666666666666666
table-0010-409 0 1 0 62 68 763 1.0 0.0
table-0010-358 4 5 8 20 16 857 1.0 0.9444444444444444
table-0010-477 63 3 22 182 182 2473 0.25 0.9151846785225718
table-0010-737 1 3 0 300 291 10116 0.5 0.03233679072605247
table-0010-919 6 3 0 388 421 19840 1.0 0.06805955210809458
table-0010-965 23 8 0 1437 581 75337 0.1111111111111111 0.09495911929440545
table-0010-537 0 0 0 78 386 2764 0.14285714285714285 0.0
table-0010-245 5 6 5 181 268 5508 1.0 0.058396808124773304
table-0010-475 13 4 0 274 214 5524 0.3333333333333333 1.8333333333333333
table-0010-450 0 1 0 170 211 10375 0.3333333333333333 0.0
table-0010-516 1 13 0 817 514 519652 1.0 0.014941199151725468
table-0010-853 22 3 15 58 340 14854 1.0 0.99
table-0010-930 3 5 0 2368 1441 580588 0.06666666666666667 0.0032280722729514442
table-0010-962 1 4 1 341 620 994 0.5 0.2888283378746594
table-0010-465 12 4 0 24 38 1521 0.25 1.5728643216080402
table-0010-488 26 9 0 134 253 1816 1.0 0.8819661351306921
table-0010-480 1 3 0 31 35 4540 1.0 0.6808510638297872
table-0010-587 1 2 0 58 211 22095 0.16666666666666666 0.27887323943661974
table-0010-592 4 3 0 90 89 1144 1.0 0.07367741935483871
table-0010-433 19 7 0 88 183 1070 0.3333333333333333 4.5295275590551185
table-0010-638 1 3 0 16 26 727 1.0 0.11570247933884298
table-0010-726 1 3 0 178 141 113476 0.25 0.02909411505400044
table-0010-44 12 6 12 164 144 3708 0.5 0.06678988490296564
table-0010-469 5 3 0 32 36 1459 1.0 0.45639771801140994
table-0010-917 14 4 0 200 115 849198 0.3333333333333333 0.2743431221020093
table-0010-139 7 3 0 883 404 538554 0.5 0.005942454492072813
table-0010-615 25 5 0 166 212 17741 0.3333333333333333 0.7574485942089803
table-0010-802 2 10 2 85 189 52427 0.25 0.04195665142175383
table-0010-297 22 7 19 538 532 20943 1.0 0.23166783954961295
table-0010-494 1 6 0 73 212 6461 0.25 0.0010869565217391304
table-0010-456 1 2 0 18 51 6024 1.0 0.011627906976744186
table-0010-940 5 5 0 2368 1441 580588 0.06666666666666667 0.006919432696187587
table-0010-633 7 7 0 41 69 876 0.3333333333333333 2.9913793103448274
table-0010-1 8 7 0 1045 386 42715 0.5 0.21672626142232818
table-0010-148 7 4 6 150 140 49459 0.5 0.020438957475994512
table-0010-648 15 3 0 371 315 77813 0.25 0.013785342523561683
table-0010-352 26 3 1 2306 734 513299 0.09090909090909091 0.019580150221480387
table-0010-66 6 2 0 789 371 64756 0.5 0.007778738115816767
table-0010-18 4 8 0 1045 386 42715 0.5 0.12415574096146206
table-0010-260 1 4 0 181 268 5508 1.0 0.02212549873050417
table-0010-908 0 1 0 69 83 2920 1.0 0.0
table-0010-405 6 6 0 222 119 45234 1.0 0.03440126050420168
table-0010-427 37 4 37 173 177 3269 1.0 0.49514563106796117
table-0010-984 10 3 12 185 108 7605 0.2 0.24739039665970772
table-0010-641 1 2 1 16 42 4510 1.0 0.007313317936874519
table-0010-721 8 6 0 576 550 18708 0.5 0.16223514748649773
table-0010-833 3 9 2 459 222 39847 0.14285714285714285 0.02944735780556676
table-0010-416 11 4 0 770 639 90131 0.3333333333333333 0.005484998646405914
table-0010-460 30 18 0 323 346 4790 0.3333333333333333 3.4859504132231405
table-0010-761 5 3 0 237 226 7061 1.0 0.20527859237536658
table-0010-660 1 3 0 1776 882 1820914 1.0 0.0027941830189877437
table-0010-440 19 3 0 11 26 731 0.5 4.046296296296297
table-0010-268 8 11 4 181 268 5508 1.0 0.12295973884657237
table-0010-772 3 3 3 444 172 32229 0.125 0.08968824940047962
table-0010-262 3 3 0 181 268 5508 1.0 0.05767138193688792
table-0010-274 8 2 0 154 199 132524 0.3333333333333333 0.031643757159221075
table-0010-711 2 3 0 24 27 693 1.0 0.17045454545454544
table-0010-750 13 4 0 229 279 33077 0.5 0.04995306423494703
table-0010-242 4 11 2 181 268 5508 1.0 0.06420021762785637
table-0010-916 22 4 20 200 115 849198 0.3333333333333333 0.2668727460072128
table-0010-736 4 5 1 300 291 10116 0.5 0.07230018303843808
table-0010-319 1 1 0 844 248 64117 0.3333333333333333 0.003326996197718631
table-0010-95 1 2 1 76 46 1290 1.0 0.07509881422924901
table-0010-898 8 8 1 272 178 5854 0.3333333333333333 0.15576442052603653
table-0010-642 1 3 0 80 114 9088 1.0 0.07107843137254902
table-0010-261 3 11 2 181 268 5508 1.0 0.042437431991294884
table-0010-202 12 3 0 32 48 6437 0.2 0.06470736629667002
table-0010-500 1 3 0 17 29 1056 1.0 0.14176974310180782
table-0010-560 1 6 1 13 40 694 0.2 0.351981351981352
table-0010-421 5 4 0 206 95 888606 0.3333333333333333 0.10004446420631392
table-0010-847 20 5 4 58 340 14854 1.0 0.7923809523809524
table-0010-229 7 4 2 35 94 4961 0.06666666666666667 0.062323612417685796
table-0010-392 19 7 0 86 175 1165 0.3333333333333333 5.205183585313175
table-0010-573 7 10 6 48 137 14145 0.05555555555555555 0.3416313559322034
table-0010-214 5 3 0 203 206 116826 0.3333333333333333 0.06996612166740315
table-0010-141 3 2 0 1361 1106 133964 1.0 0.004289074390075174
table-0010-237 2 1 1 181 268 5508 1.0 0.010155966630395358
table-0010-699 55 6 104 7 342 40534 1.0 0.8138871274571972
table-0010-665 2 7 1 182 209 8502 0.3333333333333333 0.0328579165914425
table-0010-492 13 29 0 134 253 1816 1.0 0.21716258425119184
table-0010-336 25 9 0 133 268 1478 1.0 0.8310842990950945
table-0010-680 14 5 0 124 308 3338 0.125 2.157967032967033
table-0010-825 10 4 19 388 552 762 0.5 2.0
table-0010-123 37 8 23 51 138 40291 0.5 0.52781905233614
table-0010-38 2 2 0 19 32 4900 0.3333333333333333 0.09394107837687604
table-0010-543 3 6 2 53 48 2653 0.5 0.2735562310030395
table-0010-728 2 10 2 113 46 22001 0.2 0.01580651304513426
table-0010-704 2 3 0 47 55 2102 1.0 0.056496062992125985
table-0010-769 1 3 0 143 160 2753 1.0 0.0507185122569738
table-0010-445 4 4 0 7 9 4927 1.0 0.2537313432835821
table-0010-323 25 6 0 135 264 1489 1.0 0.43029229406554476
table-0010-774 3 9 3 444 172 32229 0.125 0.012470023980815348
table-0010-282 13 6 0 64 192 1262 0.3333333333333333 0.8356481481481481
table-0010-306 1 3 0 22 45 3015 1.0 0.013602097672894133
table-0010-773 4 9 3 444 172 32229 0.125 0.03645083932853717
table-0010-145 23 11 80 158 257 611207 0.25 0.39254658385093166
table-0010-359 11 4 0 181 270 4191 0.25 4.087155963302752
table-0010-302 8 1 0 227 137 53175 0.5 0.008232780291603821
table-0010-628 2 3 0 28 30 1868 1.0 0.2230320699708455
table-0010-193 7 5 3 78 35 1542 1.0 0.6500541711809318
table-0010-90 23 3 4 150 107 145080 1.0 0.049542055289471476
table-0010-748 2 3 0 112 114 3296 1.0 0.08946772366930918
table-0010-41 1 4 0 593 228 158445 1.0 0.00287241391848162
table-0010-810 56 5 0 50 187 121678 1.0 67.09255533199195
table-0010-744 3 2 2 334 171 26699 0.3333333333333333 0.08048780487804878
table-0010-530 1 3 2 73 394 1671 0.14285714285714285 0.01841712294673967
table-0010-385 10 3 0 132 94 2194 0.25 4.095238095238095
table-0010-217 5 4 0 720 556 112178 0.5 0.06335866705641625
table-0010-724 6 3 0 1064 1077 373739 0.3333333333333333 0.030137363899480865
table-0010-886 0 1 0 246 117 7999 0.3333333333333333 0.0
table-0010-867 1 8 0 266 136 3904 0.3333333333333333 0.06117159149818559
table-0010-887 9 4 16 246 117 7999 0.3333333333333333 0.023291925465838508
table-0010-818 11 4 5 185 208 9717 1.0 0.07827557058326289
table-0010-675 1 3 0 196 391 16030 1.0 0.00853124279455845
table-0010-495 17 6 0 73 212 6461 0.25 0.3751207729468599
table-0010-684 1 2 1 16 33 1802 0.5 0.04513064133016627
table-0010-364 5 3 0 83 45 22217 1.0 0.41154903758020167
table-0010-888 17 2 1 257 113 3057 0.3333333333333333 0.08662900188323917
table-0010-980 9 6 9 649 512 146259 0.3333333333333333 0.0182929046805106
table-0010-581 13 2 0 146 362 5905 1.0 0.15760470242468774
table-0010-758 10 3 0 260 250 8100 0.1 0.6809756097560976
table-0010-314 36 6 0 38 103 6588 0.3333333333333333 0.23614800759013282
table-0010-253 3 11 2 181 268 5508 1.0 0.05005440696409141
table-0010-613 2 4 0 18 13 717 1.0 0.30179445350734097
table-0010-94 3 2 2 39 168 10918 1.0 0.0024566955363091274
table-0010-634 7 7 0 41 69 876 0.3333333333333333 3.0421455938697317
table-0010-28 8 7 0 1045 386 42715 0.5 0.2195073500198649
table-0010-533 58 6 115 396 386 107117 0.5 21.50574712643678
table-0010-671 1 3 0 362 280 96972 0.3333333333333333 0.008986766739087498
table-0010-414 1 5 2 22 30 2224 1.0 0.08663883089770355
table-0010-827 26 7 0 251 707 3798 0.3333333333333333 1.582583663188197
table-0010-53 20 7 5 36 30 15779 1.0 0.5380390002746498
table-0010-909 5 2 0 90 94 140449 0.5 0.01698754246885617
table-0010-72 3 4 3 12 42 591 0.14285714285714285 0.5088105726872246
table-0010-807 2 4 0 50 187 121678 1.0 0.42857142857142855
table-0010-703 8 4 8 47 55 2102 1.0 0.13661417322834646
table-0010-787 5 4 0 145 170 47865 0.3333333333333333 0.029807029634734666
table-0010-198 2 2 1 7 21 1095 1.0 0.12162162162162163
table-0010-424 7 6 0 47 73 927 0.3333333333333333 0.1555977229601518
table-0010-507 9 8 0 26 46 3550 0.5 0.6330498177399757
table-0010-186 8 5 7 78 86 7926 0.5 0.14841437632135307
table-0010-461 5 4 0 10 13 5370 0.5 0.031512605042016806
table-0010-294 1 3 0 25 46 10771 1.0 0.017437252311756937
table-0010-946 6 5 10 220 255 3450 1.0 0.6058823529411764
table-0010-522 1 3 0 20 41 932 1.0 0.09405654933641085
table-0010-318 7 2 0 844 248 64117 0.3333333333333333 0.011723700887198986
table-0010-676 5 5 1 1318 801 1869865 0.3333333333333333 0.019324654190398697
table-0010-324 24 29 48 135 264 1489 1.0 0.42356067316209034
table-0010-299 3 3 0 28 25 1713 1.0 0.3004885993485342
table-0010-842 9 5 0 58 340 14854 1.0 0.5009523809523809
table-0010-174 4 5 0 84 79 170875 0.3333333333333333 0.17652495378927913
table-0010-408 10 7 7 123 196 46051 0.5 0.07605443490010617
table-0010-803 6 2 0 164 224 1549 0.5 0.04358124111795358
table-0010-351 10 4 10 2306 734 513299 0.09090909090909091 0.010913526352956282
table-0010-913 2 3 0 18 28 1094 1.0 0.09830729166666667
table-0010-905 3 6 6 263 113 3156 0.25 0.019714858543105368
table-0010-489 2 13 2 134 253 1816 1.0 0.013973368403748151
table-0010-250 5 6 5 181 268 5508 1.0 0.07363075807036634
table-0010-267 7 8 7 181 268 5508 1.0 0.112803772216177
table-0010-34 23 3 1 1259 710 167077 0.09090909090909091 0.06165654520917679
table-0010-173 15 4 1 84 79 170875 0.3333333333333333 0.5018484288354899
table-0010-86 4 2 0 606 1162 681126 0.1 0.012065737466195133
table-0010-526 1 2 0 50 97 5525 0.25 0.02054794520547945
table-0010-519 1 3 0 817 514 519652 1.0 0.009928667823404666
table-0010-387 11 2 0 21 49 1027 0.5 0.1059220028887819
table-0010-967 26 6 32 1437 581 75337 0.1111111111111111 0.191656473314878
table-0010-309 19 7 0 81 211 1339 0.3333333333333333 5.082004555808656
table-0010-595 35 15 7 193 293 18528 0.25 0.551137085503748
table-0010-272 4 2 0 212 227 18098 0.5 0.014806559465053335
table-0010-105 2 6 0 59 73 5790 0.08333333333333333 0.477326968973747
table-0010-622 4 12 0 231 144 208855 0.3333333333333333 0.04404299790982383
table-0010-945 3 3 0 360 343 13433 1.0 0.04554079696394687
table-0010-83 192 4 273 606 1162 681126 0.1 0.9665071770334929
table-0010-281 14 7 0 64 192 1262 0.3333333333333333 3.386574074074074
table-0010-796 1 4 0 623 231 55319 0.1111111111111111 0.045847425779782035
table-0010-939 4 5 0 2368 1441 580588 0.06666666666666667 0.004214427689686608
table-0010-619 1 3 0 30 47 1982 1.0 0.05525846702317291
table-0010-804 26 4 0 138 140 1346 1.0 2.681904761904762
table-0010-62 4 1 0 689 311 4920 0.14285714285714285 0.021151586368977675
table-0010-982 4 3 4 185 108 7605 0.2 0.05845511482254697
table-0010-767 1 1 1 405 151 29921 0.16666666666666666 0.0
table-0010-68 19 4 0 494 271 66507 0.5 0.3011949582583074
table-0010-986 43 4 41 167 356 84231 0.14285714285714285 1.3234811165845648
table-0010-82 3 3 0 33 27 4236 1.0 0.2165206508135169
table-0010-479 9 2 8 182 182 2473 0.25 0.033515731874145006
table-0010-235 18 4 15 59 62 14192 0.2 0.2247128047072009
table-0010-793 3 9 3 623 231 55319 0.1111111111111111 0.010146561443066516
table-0010-845 15 5 3 58 340 14854 1.0 0.7057142857142857
table-0010-955 3 5 0 72 74 11222 0.5 0.06165099268547544
table-0010-340 26 28 48 133 268 1478 1.0 0.39672963962533736
table-0010-192 2 3 0 127 281 7407 0.5 0.017927681555758128
table-0010-636 1 3 0 7 28 2268 1.0 0.09009009009009009
table-0010-104 2 6 0 59 73 5790 0.08333333333333333 0.29832935560859186
table-0010-249 5 11 3 181 268 5508 1.0 0.08088501994922016
table-0010-273 3 2 2 154 199 132524 0.3333333333333333 0.01288659793814433
table-0010-320 11 4 0 180 293 5931 0.25 4.369158878504673
table-0010-631 6 3 0 146 126 142031 0.5 0.12022275606027517
table-0010-757 10 3 0 260 250 8100 0.1 0.7034146341463414
table-0010-691 30 6 0 175 83 13544 0.5 4.879210220673635
table-0010-725 8 2 0 178 141 113476 0.25 0.05951068988318272
table-0010-505 22 13 5 40 118 603 1.0 1.0273037542662116
table-0010-239 1 5 0 181 268 5508 1.0 0.0210373594486761
table-0010-950 2 2 0 33 134 8118 0.3333333333333333 0.014965986394557823
table-0010-75 21 6 90 12 42 591 0.14285714285714285 0.9581497797356828
table-0010-459 738 7 1582 0 0 0 0.0 77357.0
table-0010-880 18 2 1 250 119 8793 0.25 0.07052584066802076
table-0010-109 4 3 0 22 40 3778 0.5 0.06278613472858077
table-0010-567 3 8 2 48 137 14145 0.05555555555555555 0.16684322033898305
table-0010-73 1 6 1 12 42 591 0.14285714285714285 0.13876651982378854
table-0010-177 13 4 0 107 196 4882 0.25 0.05227054465633146
table-0010-521 7 6 5 17 31 579 0.5 1.6202830188679245
table-0010-640 1 3 0 14 15 672 1.0 0.13003452243958574
table-0010-418 4 13 1 172 178 20768 1.0 0.059989287627209426
table-0010-897 5 4 6 272 178 5854 0.3333333333333333 0.007655574926097173
table-0010-434 16 6 0 88 183 1070 0.3333333333333333 0.8622047244094488
table-0010-719 6 2 0 3 67 2471 1.0 0.014671557185728577
table-0010-131 7 7 7 212 203 10322 0.25 0.1826651609260305
table-0010-63 30 7 0 689 311 4920 0.14285714285714285 2.098119858989424
table-0010-176 7 4 0 107 196 4882 0.25 0.022499657017423513
table-0010-348 56 5 0 1107 653 2449701 0.3333333333333333 0.2710299464803693
table-0010-969 10 4 0 1437 581 75337 0.1111111111111111 0.031095087877422264
table-0010-527 1 4 0 50 97 5525 0.25 0.016634050880626222
table-0010-162 17 3 0 868 505 44432 0.08333333333333333 0.026093222588842113
table-0010-650 0 1 0 371 315 77813 0.25 0.0
table-0010-863 0 1 0 17 30 1253 1.0 0.0
table-0010-374 0 1 0 83 45 4533 1.0 0.0
table-0010-161 10 5 8 82 107 2274 1.0 0.07738369415016122
table-0010-166 1 4 0 868 505 44432 0.08333333333333333 0.0035271361929684834
table-0010-290 65 4 62 289 311 30566 0.5 0.2876908610576277
table-0010-130 24 11 0 212 203 10322 0.25 0.6504799548277809
table-0010-70 0 1 0 35 70 13009 1.0 0.0
table-0010-58 1 3 0 41 61 2668 1.0 0.045749704840613935
table-0010-933 6 5 0 2368 1441 580588 0.06666666666666667 0.0069941565913947965
table-0010-493 18 16 10 134 253 1816 1.0 0.2186421173762946
table-0010-828 23 6 1 251 707 3798 0.3333333333333333 0.23425692695214106
table-0010-866 11 2 4 266 136 3904 0.3333333333333333 0.04302747537584241
table-0010-13 8 7 0 1045 386 42715 0.5 0.22407628128724671
table-0010-862 6 3 0 147 285 5472 0.5 0.09586056644880174
table-0010-168 8 3 0 868 505 44432 0.08333333333333333 0.01096067053513862
table-0010-451 15 5 0 170 211 10375 0.3333333333333333 0.178019801980198
table-0010-580 11 2 0 146 362 5905 1.0 0.15576781778104334
table-0010-591 4 4 4 90 89 1144 1.0 0.04167741935483871
table-0010-254 3 4 3 181 268 5508 1.0 0.041349292709466814
table-0010-618 3 2 2 24 35 14268 0.5 0.020499108734402853
table-0010-211 4 7 4 181 176 28436 0.3333333333333333 0.27498588368153587
table-0010-223 3 5 0 35 94 4961 0.06666666666666667 0.008184383819379117
table-0010-961 4 2 2 14 31 3080 1.0 0.5190476190476191
table-0010-549 4 3 0 85 92 1444 1.0 0.21417910447761193
table-0010-990 1 4 1 167 356 84231 0.14285714285714285 0.028243021346469624
table-0010-179 4 2 0 35 51 2971 0.5 0.13692946058091288
table-0010-144 26 4 31 0 0 0 0.0 1475.0
table-0010-590 23 3 0 58 211 22095 0.16666666666666666 3.96056338028169
table-0010-698 0 1 0 171 176 35771 1.0 0.0
table-0010-781 26 3 11 274 212 443599 0.16666666666666666 0.09433129105260253
table-0010-89 18 8 18 606 1162 681126 0.1 0.11992926981485334
table-0010-652 3 3 0 15 24 2147 1.0 0.3009118541033435
table-0010-973 3 2 0 78 105 8317 0.3333333333333333 0.07510204081632653
table-0010-40 1 4 0 593 228 158445 1.0 0.004072283023670145
table-0010-763 3 3 3 405 151 29921 0.16666666666666666 0.13267466478475654
table-0010-907 3 4 0 937 327 1368605 0.5 0.007934270409601676
table-0010-566 9 10 8 48 137 14145 0.05555555555555555 0.5190677966101694
table-0010-730 5 3 5 201 384 627 1.0 0.032563025210084036
table-0010-722 5 4 0 1064 1077 373739 0.3333333333333333 0.01681444388294207
table-0010-304 16 7 0 79 190 1282 0.3333333333333333 3.553911205073996
table-0010-822 0 0 0 185 208 9717 1.0 0.0
table-0010-678 12 5 0 124 308 3338 0.125 1.8461538461538463
table-0010-362 42 3 42 21 59 1030 0.5 4.650537634408602
table-0010-291 1 9 1 81 183 5875 0.3333333333333333 0.004511738166246081
table-0010-384 2 3 0 132 94 2194 0.25 0.7285714285714285
table-0010-91 7 8 0 185 79 3106 0.25 1.054229934924078
table-0010-903 3 9 2 509 186 49745 0.16666666666666666 0.03279467680608365
table-0010-205 22 4 5 36 363 8956 0.14285714285714285 0.13025665742860584
table-0010-468 35 8 60 29 115 5989 0.5 0.7942395810604408
table-0010-792 3 8 2 623 231 55319 0.1111111111111111 0.03006388575723412
table-0010-983 13 12 76 185 108 7605 0.2 0.20981210855949894
table-0010-856 8 5 0 58 340 14854 1.0 0.3657142857142857
table-0010-584 1 2 0 20 22 1579 1.0 0.03038309114927345
table-0010-656 4 4 0 43 36 1293 1.0 0.36648394675019574
table-0010-443 1 3 0 94 202 2251 1.0 0.013782845810609817
table-0010-311 2 6 2 49 77 5766 0.25 0.1250701065619742
table-0010-116 3 6 1 521 114 1039550 1.0 0.04182373003051517
table-0010-849 14 4 8 58 340 14854 1.0 0.49714285714285716
table-0010-326 14 5 0 135 264 1489 1.0 0.22905225863596101
table-0010-609 2 4 0 17 30 950 1.0 0.08497011101622545
table-0010-287 9 5 0 4680 742 170569 0.2 0.026276679189200347
table-0010-562 2 6 3 13 40 694 0.2 0.5827505827505828
table-0010-370 7 3 0 26 41 1271 1.0 0.7677642980935875
table-0010-795 1 1 0 623 231 55319 0.1111111111111111 0.015783540022547914
table-0010-438 3 2 1 49 47 6001 1.0 0.04648074369189907
table-0010-462 1 3 0 245 155 25712 1.0 0.039909638554216864
table-0010-749 48 4 16 644 754 19716 0.5 0.36611102615078756
table-0010-305 11 6 0 79 190 1282 0.3333333333333333 0.642706131078224
table-0010-439 1 2 0 11 26 731 0.5 0.21296296296296297
table-0010-935 8 5 0 2368 1441 580588 0.06666666666666667 0.011118915606832752
table-0010-694 0 1 0 217 202 237480 1.0 0.0
table-0010-596 2 5 0 193 293 18528 0.25 0.016262228433490025
table-0010-187 1 3 0 188 213 3448 1.0 0.10822831727205337
table-0010-444 3 4 0 7 9 4927 1.0 0.22388059701492538
table-0010-509 1 1 0 55 161 1495 0.5 0.009728978457261988
table-0010-39 1 2 0 19 32 4900 0.3333333333333333 0.019455252918287938
table-0010-844 11 5 0 58 340 14854 1.0 0.5480952380952381
table-0010-974 4 2 1 14 39 5405 1.0 0.09225352112676057
table-0010-61 5 1 0 689 311 4920 0.14285714285714285 0.07050528789659224
table-0010-620 13 2 0 41 152 4197 0.3333333333333333 0.060350822965767714
table-0010-51 20 6 18 120 178 24453 1.0 0.8853092783505154
table-0010-794 3 8 1 623 231 55319 0.1111111111111111 0.04171364148816235
table-0010-401 13 2 0 44 33 4653 1.0 0.11800381216426963
table-0010-534 8 5 0 192 218 5646 0.3333333333333333 0.1559821734658896
table-0010-410 1 2 1 26 60 5472 1.0 0.0048481755549885175
table-0010-900 3 9 3 509 186 49745 0.16666666666666666 0.012357414448669201
table-0010-677 9 4 2 1318 801 1869865 0.3333333333333333 0.02436940602115541
table-0010-541 6 2 0 307 216 67371 0.3333333333333333 0.011209086833059333
table-0010-129 98 4 0 268 325 635 0.5 7.192429022082019
table-0010-432 24 7 2 88 183 1070 0.3333333333333333 5.653543307086614
table-0010-199 12 19 39 32 48 6437 0.2 0.10242179616548941
table-0010-446 5 4 0 7 9 4927 1.0 0.3246268656716418
table-0010-258 4 5 4 181 268 5508 1.0 0.05513239027928908
table-0010-756 10 3 0 260 250 8100 0.1 0.7034146341463414
table-0010-376 6 3 0 444 452 19280 0.5 0.03474962063732929
table-0010-316 13 2 0 15 28 1760 0.14285714285714285 1.8421052631578947
table-0010-172 6 2 0 104 115 59256 1.0 0.012225913621262458
table-0010-993 2 2 1 6 10 2531 1.0 0.11607142857142858
table-0010-47 3 8 0 1469 588 1789945 0.25 0.010201203459947348
table-0010-553 17 3 0 566 717 5228 0.3333333333333333 0.18756169792694966
table-0010-360 51 4 0 181 270 4191 0.25 19.128440366972477
table-0010-843 12 5 0 58 340 14854 1.0 0.490952380952381
table-0010-225 18 12 0 35 94 4961 0.06666666666666667 0.13447789275634994
table-0010-770 2 2 0 56 56 1308 0.5 0.01842870999030068
table-0010-485 28 3 0 183 324 16766 0.5 0.385640266469282
table-0010-331 15 2 0 135 264 1489 1.0 0.05651018600531444
table-0010-471 1 2 0 8 20 2378 1.0 0.014687100893997445
table-0010-85 39 2 0 606 1162 681126 0.1 0.13209902225920533
table-0010-333 2 3 0 136 111 12642 1.0 0.027015528610933842
table-0010-346 13 4 10 1107 653 2449701 0.3333333333333333 0.02598357641867876
table-0010-989 6 4 6 167 356 84231 0.14285714285714285 0.15336617405582922
table-0010-594 4 4 0 118 161 2588 0.3333333333333333 0.3312883435582822
table-0010-957 20 2 0 17 39 18726 0.5 1.4312714776632303
table-0010-535 1 3 2 78 386 2764 0.14285714285714285 0.017330210772833723
table-0010-928 2 5 0 2368 1441 580588 0.06666666666666667 0.0031085140406199095
table-0010-556 7 7 15 165 236 789 1.0 0.07291049199762893
table-0010-624 11 2 0 511 172 76706 0.2 0.03633409644782512
table-0010-951 27 4 27 33 134 8118 0.3333333333333333 0.6569160997732426
table-0010-29 9 3 0 160 149 3547 1.0 0.49323088181485547
table-0010-231 13 8 8 35 94 4961 0.06666666666666667 0.023659454374412043
table-0010-216 6 5 10 223 265 4154 1.0 0.39768339768339767
table-0010-357 3 6 0 50 51 1452 0.3333333333333333 0.3223744292237443
table-0010-513 12 2 0 101 253 3673 0.0625 0.3198122695273215
table-0010-821 1 2 0 185 208 9717 1.0 0.005917159763313609
table-0010-714 4 5 0 627 663 77039 1.0 0.0010377124206194346
table-0010-944 4 6 4 259 194 6093 0.3333333333333333 0.14026063100137173
table-0010-167 20 3 0 868 505 44432 0.08333333333333333 0.00804035347214321
table-0010-452 1 2 0 17 39 3789 0.5 0.02738095238095238
table-0010-808 56 4 0 50 187 121678 1.0 55.98189134808853
table-0010-152 13 2 0 93 152 106074 0.25 0.050831240282262886
table-0010-801 4 3 0 85 189 52427 0.25 0.011533107973752238
table-0010-133 0 1 0 107 117 427 1.0 0.0
table-0010-65 1 1 0 789 371 64756 0.5 0.008859118409680207
table-0010-545 2 2 0 51 64 10697 0.3333333333333333 0.03518518518518519
table-0010-528 8 6 0 42 48 833 0.5 4.015625
table-0010-335 2 2 0 133 268 1478 1.0 0.003968883949833307
table-0010-115 9 7 10 521 114 1039550 1.0 0.17250044875246814
table-0010-775 3 9 2 444 172 32229 0.125 0.04028776978417266
table-0010-422 7 7 0 47 73 927 0.3333333333333333 2.933586337760911
table-0010-831 3 9 3 459 222 39847 0.14285714285714285 0.010488100040338847
table-0010-878 19 3 4 247 106 4005 0.5 0.3643050716221448
table-0010-835 1 1 0 459 222 39847 0.14285714285714285 0.022589753933037516
table-0010-342 4 3 0 181 89 51427 0.3333333333333333 0.04555367094741943
table-0010-366 3 5 0 90 102 2032 0.25 0.875
table-0010-373 10 3 0 81 86 1699 0.25 3.560483870967742
table-0011-1000 6 5 10 220 254 3431 1.0 0.5072
table-0010-702 8 3 0 89 66 1507 1.0 0.4322512350035286
table-0010-389 4 23 17 45 121 6969 0.5 0.5186201489611917
table-0010-35 7 2 4 15 29 2541 1.0 0.23118279569892472
table-0010-474 22 12 26 274 214 5524 0.3333333333333333 4.48087431693989
table-0010-380 2 2 0 75 91 4494 0.5 0.06618962432915922
table-0010-857 1 5 0 58 340 14854 1.0 0.0680952380952381
table-0010-393 14 6 0 86 175 1165 0.3333333333333333 0.8336933045356372
table-0010-252 4 5 4 181 268 5508 1.0 0.05585781646717446
table-0010-288 11 5 0 4680 742 170569 0.2 0.031911819345250385
table-0010-668 6 2 0 305 195 60689 0.3333333333333333 0.042176258992805755
table-0010-271 10 6 0 47 169 1059 0.3333333333333333 0.587378640776699
table-0010-209 22 4 0 36 363 8956 0.14285714285714285 0.24641523075069285
table-0010-118 21 5 0 521 114 1039550 1.0 0.44570095135523247
table-0010-860 7 5 5 58 340 14854 1.0 0.2523809523809524
table-0010-966 13 8 0 1437 581 75337 0.1111111111111111 0.04152449623382476
table-0010-11 8 7 0 1045 386 42715 0.5 0.22328168454509337
table-0010-715 12 4 7 213 268 44861 0.5 0.07634084805078538
table-0010-159 1 1 0 32 118 940 0.5 0.04580152671755725
table-0010-310 14 6 0 81 211 1339 0.3333333333333333 0.9157175398633257
table-0010-674 147 6 71 196 391 16030 1.0 3.2017523633848284
table-0010-233 3 4 1 59 62 14192 0.2 0.05323620061641916
table-0010-481 17 4 14 570 201 608386 0.3333333333333333 0.09371257485029941
table-0010-240 8 11 6 181 268 5508 1.0 0.13166485310119697
table-0010-265 1 3 0 181 268 5508 1.0 0.02756619513964454
table-0010-194 4 2 0 7 28 1103 1.0 0.2463768115942029
table-0010-820 1 4 1 185 208 9717 1.0 0.008368554522400677
table-0010-602 59 5 60 426 336 374670 0.5 0.6244045437889337
table-0010-169 1 6 0 542 298 72758 0.09090909090909091 0.007127140533818042
table-0010-666 2 3 0 246 210 12734 1.0 0.023832450649975925
table-0010-207 6 3 0 36 363 8956 0.14285714285714285 0.030606097120134956
table-0010-343 10 4 0 181 89 51427 0.3333333333333333 0.061303610370729344
table-0010-296 6 3 0 36 48 1769 1.0 0.4916387959866221
table-0010-76 1 3 1 12 42 591 0.14285714285714285 0.14977973568281938
table-0010-455 5 5 0 205 318 19135 0.5 0.03883566152270899
table-0010-487 2 2 0 134 253 1816 1.0 0.004109814236396515
table-0010-437 4 2 0 666 116 41464 0.3333333333333333 0.1040520260130065
table-0010-712 7 4 4 36 37 371 1.0 0.25957290132547867
table-0010-337 2 11 2 133 268 1478 1.0 0.007143991109699952
table-0010-210 32 4 9 36 363 8956 0.14285714285714285 0.21858055187371972
table-0010-706 3 3 0 22 27 740 1.0 0.11966551326412918
table-0010-98 19 4 2 157 317 41408 0.25 0.11144263762494405
table-0010-654 75 6 0 542 462 9254 1.0 0.08326605504587156
table-0010-308 24 7 2 81 211 1339 0.3333333333333333 6.230068337129841
table-0010-941 12 3 0 101 132 3404 1.0 0.6285085305448541
table-0010-436 6 8 10 666 116 41464 0.3333333333333333 0.3566783391695848
table-0010-695 3 5 6 37 70 1286 1.0 0.06092368162463151
table-0010-531 0 1 0 73 394 1671 0.14285714285714285 0.0
table-0010-718 0 1 0 12 14 1362 1.0 0.0
table-0010-327 2 2 0 135 264 1489 1.0 0.0044286979627989375
table-0010-490 27 29 114 134 253 1816 1.0 0.5270425776754891
table-0010-330 32 29 130 135 264 1489 1.0 0.6175376439326838
table-0010-379 3 3 0 402 306 133144 0.25 0.1173458502240239
table-0010-523 8 5 0 68 98 1496 0.5 0.28043282236248873
table-0010-544 2 2 0 51 64 10697 0.3333333333333333 0.09567901234567901
table-0010-171 5 6 0 542 298 72758 0.09090909090909091 0.033865875825121974
table-0010-2 8 7 0 1045 386 42715 0.5 0.22288438617401668
table-0010-800 90 9 100 85 189 52427 0.25 2.9184728574269236
table-0010-496 21 6 0 73 212 6461 0.25 0.33152173913043476
table-0010-7 8 7 0 1045 386 42715 0.5 0.21911005164878825
table-0010-398 4 2 0 155 161 9520 0.3333333333333333 0.17456700091157704
table-0010-570 8 9 9 48 137 14145 0.05555555555555555 0.3326271186440678
table-0010-132 19 7 37 107 117 427 1.0 0.23602324744123848
table-0010-285 8 4 1 4680 742 170569 0.2 0.012095941873426082
table-0010-87 6 2 0 606 1162 681126 0.1 0.02132307052215519
table-0010-547 7 3 0 216 313 6420 0.5 0.3124031007751938
table-0010-502 9 7 0 40 118 603 1.0 1.6154721274175199
table-0010-713 5 3 0 36 37 371 1.0 0.22128129602356406
table-0010-423 7 7 0 47 73 927 0.3333333333333333 3.0578747628083494
table-0010-486 19 6 0 134 253 1816 1.0 0.3215518658556633
table-0010-784 20 3 4 274 212 443599 0.16666666666666666 0.10768891096759949
table-0010-700 15 7 39 5 316 15737 1.0 0.3898690950483779
table-0010-657 3 3 0 43 36 1293 1.0 0.2513703993735317
table-0010-814 28 5 81 393 555 950 0.5 4.170682730923695
table-0010-301 8 3 0 312 234 117248 0.3333333333333333 0.04220051966669653
table-0010-269 23 7 0 47 169 1059 0.3333333333333333 5.866504854368932
table-0010-102 1 7 0 131 52 3624 0.3333333333333333 0.09761904761904762
table-0010-42 2 4 0 593 228 158445 1.0 0.006835617932589172
table-0010-701 8 4 4 89 66 1507 1.0 0.2664079040225829
table-0010-353 8 10 1 2306 734 513299 0.09090909090909091 0.012325865057456507
table-0010-382 1 3 0 16 28 9004 0.5 0.16074950690335305
table-0010-555 8 6 14 165 236 789 1.0 0.09617664493183166
table-0010-683 10 5 4 124 308 3338 0.125 1.2032967032967032
table-0010-558 0 1 0 906 1091 24082 0.3333333333333333 0.0
table-0010-901 3 9 2 509 186 49745 0.16666666666666666 0.03184410646387833
table-0010-976 24 10 22 43 65 8172 1.0 2.9628318584070796
table-0010-142 0 1 0 1361 1106 133964 1.0 0.0
table-0010-339 10 28 0 133 268 1478 1.0 0.16812192411493887
table-0010-998 5 1 0 26 52 2303 0.2 0.2040898155573376
table-0010-470 3 3 0 169 116 21435 1.0 0.20871862615587847
table-0010-344 5 3 0 52 95 5838 1.0 0.2133054892601432
table-0010-608 4 4 0 29 89 12982 0.5 0.02085567870337266
table-0010-219 18 21 106 35 94 4961 0.06666666666666667 0.05696142991533396
table-0010-369 1 3 0 195 63 81195 1.0 0.013636363636363636
table-0010-670 12 4 0 362 280 96972 0.3333333333333333 0.055698202646652185
table-0010-515 5 4 0 101 253 3673 0.0625 0.09453570231310761
table-0010-426 16 4 14 15 29 0 0.5 1.1272727272727272
table-0010-289 1 3 0 4680 742 170569 0.2 0.0034677785575692524
table-0010-529 7 2 0 41 62 4376 0.3333333333333333 0.08138489208633093
table-0010-16 0 0 0 1045 386 42715 0.5 0.0
table-0010-765 3 9 2 405 151 29921 0.16666666666666666 0.048694424841213835
table-0010-473 2 3 0 135 106 18622 1.0 0.0771909460243761
table-0010-111 0 1 0 521 114 1039550 1.0 0.0
table-0010-868 5 7 10 266 136 3904 0.3333333333333333 0.09123898392949716
table-0010-747 1 1 1 334 171 26699 0.3333333333333333 0.0
table-0010-196 3 5 1 46 289 1893 0.5 0.1021759697256386
table-0010-904 18 2 1 263 113 3156 0.25 0.07406994876364446
table-0010-341 42 7 0 9 95 707 0.5 15.525993883792049
table-0010-160 1 2 1 7 10 1266 1.0 0.009620253164556962
table-0010-114 3 6 3 521 114 1039550 1.0 0.03231017770597738
table-0010-865 16 3 4 266 136 3904 0.3333333333333333 0.2301710730948678
table-0010-375 4 3 0 108 125 2654 1.0 0.24417910447761193
table-0010-687 52 6 0 56 60 17954 1.0 253.49544072948328
table-0010-96 13 11 52 157 317 41408 0.25 0.07966582127405639
table-0010-125 18 4 35 3 30 412 0.5 5.021929824561403
table-0010-753 12 3 0 260 250 8100 0.1 0.8604878048780488
table-0010-92 1 3 0 185 79 3106 0.25 0.1019522776572668
table-0010-435 7 5 0 12 14 17200 0.5 0.050766609880749575
table-0010-988 9 4 9 167 356 84231 0.14285714285714285 0.2548440065681445
table-0010-881 12 4 20 250 119 8793 0.25 0.009027307605506657
table-0010-644 6 3 0 96 171 46372 0.5 0.026954659050339166
table-0010-646 4 2 0 69 95 6763 0.5 0.044416770444167704
table-0010-400 3 2 3 17 34 10818 0.5 0.011077542799597181
table-0010-355 2 9 1 2306 734 513299 0.09090909090909091 0.0019580150221480386
table-0010-264 8 9 8 181 268 5508 1.0 0.13928182807399347
table-0010-885 19 2 1 246 117 7999 0.3333333333333333 0.2515527950310559
table-0010-512 29 4 0 101 253 3673 0.0625 1.2292993630573248
table-0010-882 0 1 0 250 119 8793 0.25 0.0
table-0010-971 10 2 4 18 45 8084 1.0 0.13070539419087138
table-0010-532 0 0 0 73 394 1671 0.14285714285714285 0.0
table-0010-970 47 8 165 1437 581 75337 0.1111111111111111 0.1270842721946823
table-0010-790 3 3 3 623 231 55319 0.1111111111111111 0.061255167230364525
table-0010-789 16 4 17 623 231 55319 0.1111111111111111 0.4066140548665915
table-0010-283 45 5 0 1310 270 87722 0.3333333333333333 7.725343320848939
table-0010-499 10 6 0 127 63 93279 0.3333333333333333 0.10001848770567573
table-0010-184 4 3 0 218 236 6079 0.5 0.39184397163120566
table-0010-705 5 4 4 22 27 740 1.0 0.14734717416378315
table-0010-420 32 4 25 206 95 888606 0.3333333333333333 0.3746109381947532
table-0010-399 4 2 0 155 161 9520 0.3333333333333333 0.13992707383773928
table-0010-848 6 4 5 58 340 14854 1.0 0.10857142857142857
table-0010-236 9 4 10 59 62 14192 0.2 0.0980666853460353
table-0010-588 28 9 27 58 211 22095 0.16666666666666666 7.329577464788732
table-0010-328 26 9 0 135 264 1489 1.0 0.9282550930026572
table-0010-6 8 7 0 1045 386 42715 0.5 0.22208978943186333
table-0010-859 15 5 1 58 340 14854 1.0 0.6633333333333333
table-0010-84 31 2 0 606 1162 681126 0.1 0.11150405658414812
table-0010-227 7 8 1 35 94 4961 0.06666666666666667 0.09421448730009407
table-0010-491 15 2 0 134 253 1816 1.0 0.05244122965641953
table-0010-723 25 6 2 1064 1077 373739 0.3333333333333333 0.16414756282445905
table-0010-49 2 6 6 27 147 27822 1.0 0.01713540696591544
table-0010-37 6 2 0 738 1056 223980 1.0 0.010547788447186427
table-0010-232 3 8 0 35 94 4961 0.06666666666666667 0.004938852304797742
table-0010-412 9 7 13 23 49 6992 0.3333333333333333 0.098069590085796
table-0010-458 0 1 0 0 0 0 0.0 0.0
table-0010-140 1 3 0 883 404 538554 0.5 0.0024427480916030535
table-0010-278 10 6 0 68 213 1200 0.3333333333333333 0.6643192488262911
table-0010-649 7 6 5 371 315 77813 0.25 0.08200872133914756
table-0010-325 2 2 0 135 264 1489 1.0 0.0044286979627989375
table-0010-815 1 1 0 100 98 3834 1.0 0.02869757174392936
table-0010-136 11 3 0 106 120 3129 0.25 0.021801859570375122
table-0010-212 2 2 1 203 206 116826 0.3333333333333333 0.007512152010605391
table-0010-992 6 5 10 223 257 2903 1.0 0.7792494481236203
table-0010-948 6 6 10 3181 1040 308493 0.2 0.0033651149747616375
table-0010-190 10 3 0 206 153 10654 0.5 0.03362971027641686
table-0010-127 3 5 0 93 49 16941 0.5 0.0754994124559342
table-0010-204 1 3 0 90 79 62246 1.0 0.0299625468164794
table-0010-839 7 4 4 70 81 45967 0.3333333333333333 0.04891041162227603
table-0010-100 3 4 0 17 27 676 1.0 0.4401840490797546
table-0010-554 0 1 0 165 236 789 1.0 0.0
table-0010-870 17 2 1 255 118 8495 0.3333333333333333 0.07909976309555146
table-0010-745 4 9 2 334 171 26699 0.3333333333333333 0.1073170731707317
table-0010-147 3 2 0 150 140 49459 0.5 0.0149519890260631
table-0010-371 1 3 0 32 45 1402 1.0 0.07259425998874508
table-0010-64 18 22 2 689 311 4920 0.14285714285714285 0.9976498237367802
table-0010-606 8 6 9 52 96 16918 0.3333333333333333 0.223468803663423
table-0010-689 2 4 0 56 60 17954 1.0 2.629179331306991
table-0010-276 23 7 0 68 213 1200 0.3333333333333333 5.957746478873239
table-0010-383 19 13 0 140 266 8016 0.5 0.17412288843512158
table-0010-164 27 4 0 868 505 44432 0.08333333333333333 0.1371790495695377
table-0010-959 12 3 10 41 45 14874 0.3333333333333333 0.2797233030696066
table-0010-771 13 3 8 444 172 32229 0.125 0.2738609112709832
table-0010-356 2 6 0 50 51 1452 0.3333333333333333 0.23835616438356164
table-0010-922 6 3 0 18 286 67056 1.0 0.0379607555474051
table-0010-876 18 2 1 257 106 3445 0.5 0.24884437596302003
table-0010-286 9 4 3 4680 742 170569 0.2 0.023985468356520663
table-0010-985 4 4 4 167 356 84231 0.14285714285714285 0.13136288998357964
table-0010-315 8 7 8 127 128 6001 0.25 0.13856893542757417
table-0010-662 16 8 33 57 83 6709 0.3333333333333333 0.6735694822888283
table-0010-994 12 3 0 45 114 1587 1.0 0.5315315315315315
table-0010-830 3 2 2 459 222 39847 0.14285714285714285 0.03791851553045583
table-0010-151 2 2 2 93 152 106074 0.25 0.0057409400789379264
table-0010-817 24 4 2 185 208 9717 1.0 0.07303465765004226
table-0010-612 1 3 0 18 35 670 1.0 0.07209062821833162
table-0010-189 0 1 0 90 91 2174 1.0 0.0
table-0010-280 23 7 0 64 192 1262 0.3333333333333333 6.145833333333333
table-0010-191 1 3 0 127 281 7407 0.5 0.03696951281272157
table-0010-108 1 7 0 112 122 4852 0.5 0.027062041168849863
table-0010-14 1 3 2 1045 386 42715 0.5 0.006555423122765197
table-0010-107 44 4 65 7 13 726 1.0 3.3497340425531914
table-0010-600 7 3 0 56 81 350 1.0 0.11052773290253097
table-0010-363 83 3 83 24 104 839 0.5 4.207133058984911
table-0010-33 10 5 8 1259 710 167077 0.09090909090909091 0.06477732793522267
table-0010-447 3 4 0 7 9 4927 1.0 0.15671641791044777
table-0010-334 29 6 0 133 268 1478 1.0 0.46674075250039687
table-0010-539 2 2 0 20 46 4278 1.0 0.03436426116838488
table-0010-617 1 3 0 69 66 6126 1.0 0.022713065221921232
table-0010-582 4 2 4 811 373 60680 1.0 0.008707124010554089
table-0010-165 11 4 0 868 505 44432 0.08333333333333333 0.04145333181628551
table-0010-15 0 1 0 1045 386 42715 0.5 0.0
table-0010-996 5 1 0 26 52 2303 0.2 0.25461106655974336
table-0010-958 10 3 5 41 45 14874 0.3333333333333333 0.5166450497189797
table-0010-563 14 6 16 13 40 694 0.2 3.445221445221445
table-0010-514 4 4 0 101 253 3673 0.0625 0.0569896077774053
table-0010-520 11 4 0 138 52 190714 0.25 0.20044160942100098
table-0010-508 1 3 0 55 46 3120 1.0 0.2670940170940171
table-0010-879 11 4 14 247 106 4005 0.5 0.07936507936507936
table-0010-931 3 5 0 2368 1441 580588 0.06666666666666667 0.0036614708651532585
table-0010-872 1 2 1 255 118 8495 0.3333333333333333 0.0067122927086075285
table-0010-875 3 8 0 254 139 3642 0.3333333333333333 0.22638488632724943
table-0010-67 1 2 1 22 32 6361 1.0 0.03486238532110092
table-0010-906 12 4 20 263 113 3156 0.25 0.008910670527957229
table-0010-163 70 5 32 868 505 44432 0.08333333333333333 0.1913755831152577
table-0010-361 15 4 0 181 270 4191 0.25 5.339449541284404
table-0010-565 4 8 6 48 137 14145 0.05555555555555555 0.19941737288135594
table-0010-975 5 3 0 43 65 8172 1.0 0.032300884955752215
table-0010-964 6 2 2 1437 581 75337 0.1111111111111111 0.013970256872465074
table-0010-185 8 3 0 78 86 7926 0.5 0.07357293868921776
table-0010-540 6 5 3 307 216 67371 0.3333333333333333 0.019204902107308325
table-0010-923 6 3 1 18 286 67056 1.0 0.029708417384925728
table-0010-743 10 3 4 334 171 26699 0.3333333333333333 0.45203252032520325
table-0010-954 20 2 0 547 474 83640 0.5 0.12395921835174172
table-0010-215 6 5 4 23 21 803 1.0 0.8918918918918919
table-0010-300 1 2 1 32 45 15161 1.0 0.008358996920369555
table-0010-24 8 7 0 1045 386 42715 0.5 0.22129519268970999
table-0010-402 6 12 0 222 119 45234 1.0 0.06525735294117647
table-0010-188 0 1 0 491 487 3057 1.0 0.0
table-0010-727 6 6 6 113 46 22001 0.2 0.022852789944772425
table-0010-413 1 3 0 115 232 4537 1.0 0.05473145780051151
table-0010-655 33 6 0 542 462 9254 1.0 0.04561467889908257
table-0010-338 35 28 119 133 268 1478 1.0 0.5912049531671694
table-0010-902 3 9 1 509 186 49745 0.16666666666666666 0.06131178707224334
table-0010-396 12 2 0 1982 1030 352441 0.5 0.01537044220325834
table-0010-97 2 4 0 157 317 41408 0.25 0.007160972698791586
table-0010-786 17 3 0 145 170 47865 0.3333333333333333 0.13163335630599587
table-0010-60 2 5 0 689 311 4920 0.14285714285714285 0.12220916568742655
table-0010-197 2 5 1 8 147 693 0.5 0.1554192229038855
table-0010-244 5 11 3 181 268 5508 1.0 0.05368153790351832
table-0010-777 1 2 0 444 172 32229 0.125 0.027817745803357313
table-0010-978 1 4 1 367 629 1214 0.5 0.19082125603864733
table-0010-347 20 4 2 1107 653 2449701 0.3333333333333333 0.06675654696245455
table-0010-5 8 7 0 1045 386 42715 0.5 0.21533571712355978
table-0010-113 6 6 7 521 114 1039550 1.0 0.09513552324537784
table-0010-428 3 11 0 91 133 912 1.0 0.12222968435191403
table-0010-861 0 1 0 25 55 2063 1.0 0.0
table-0010-681 10 5 0 124 308 3338 0.125 1.5315934065934067
table-0010-504 25 12 27 40 118 603 1.0 1.3219567690557452
table-0010-729 28 5 33 201 384 627 1.0 0.30969887955182074
table-0010-27 8 7 0 1045 386 42715 0.5 0.21851410409217323
table-0010-213 13 3 0 203 206 116826 0.3333333333333333 0.08454853439387244
table-0010-623 4 5 3 231 144 208855 0.3333333333333333 0.02717229023589131
table-0010-246 5 11 3 181 268 5508 1.0 0.07798331519767863
table-0010-616 25 10 124 166 212 17741 0.3333333333333333 0.31179185900125894
table-0010-829 13 4 4 84 52 6838 1.0 0.24972253052164262
table-0010-697 15 6 15 84 100 100010 0.3333333333333333 0.6373676944316613
table-0010-372 2 3 0 81 86 1699 0.25 0.5483870967741935
table-0010-947 1 3 0 52 103 5998 1.0 0.009409518614482476
table-0010-914 11 4 9 126 80 765457 0.3333333333333333 0.13690319176998153
table-0010-247 5 6 5 181 268 5508 1.0 0.06819006166122597
table-0010-968 10 4 0 1437 581 75337 0.1111111111111111 0.032189531964205244
table-0010-448 1 2 1 67 79 10837 1.0 0.12258064516129032
table-0010-679 13 5 0 124 308 3338 0.125 1.9313186813186813
table-0010-651 4 4 4 19 22 1842 0.5 0.43669724770642204
table-0010-93 4 6 11 53 67 1116 0.5 0.35435992578849723
table-0010-645 1 1 0 75 84 3205 1.0 0.06311881188118812
table-0010-929 14 5 0 2368 1441 580588 0.06666666666666667 0.01893503504550685
table-0010-873 17 3 4 254 139 3642 0.3333333333333333 0.27697726544988793
table-0010-658 13 4 8 1776 882 1820914 1.0 0.02898964882199784
table-0010-230 4 8 8 35 94 4961 0.06666666666666667 0.005738476011288805
table-0010-220 11 5 0 35 94 4961 0.06666666666666667 0.028927563499529633
table-0010-122 21 5 11 25 43 5775 0.3333333333333333 1.6007194244604317
table-0010-524 4 3 0 50 97 5525 0.25 0.054549902152641876
table-0010-927 11 4 0 2368 1441 580588 0.06666666666666667 0.013046792103178755
table-0010-350 10 4 10 2306 734 513299 0.09090909090909091 0.010849329139115363
table-0010-972 3 3 0 18 65 905 1.0 0.06435863293386596
table-0010-137 6 3 0 323 375 17494 1.0 0.036900640789570595
table-0010-22 1 8 0 1045 386 42715 0.5 0.030194676201827572
table-0010-464 1 2 0 24 38 1521 0.25 0.05778894472361809
table-0010-313 26 8 3 39 151 12690 1.0 2.405588484335309
table-0010-785 39 3 14 274 212 443599 0.16666666666666666 0.12463432135563283
table-0010-417 18 6 12 169 224 111305 1.0 0.37476249022018554
table-0010-30 5 3 1 285 251 196435 0.5 0.007002943266010352
table-0010-661 13 8 23 57 83 6709 0.3333333333333333 0.6310626702997275
table-0010-625 23 3 0 511 172 76706 0.2 0.12709548777785984
table-0010-956 2 2 2 14 29 2911 1.0 0.02587646076794658
table-0010-576 5 3 0 31 161 1042 1.0 0.03825995807127883
table-0010-103 8 5 0 59 73 5790 0.08333333333333333 0.9570405727923628
table-0010-498 5 3 0 127 63 93279 0.3333333333333333 0.07949713440562026
table-0010-578 2 4 2 13 14 2688 0.5 0.0926984126984127
table-0010-126 14 2 0 165 175 1838 0.5 0.09936908517350158
table-0010-321 51 4 0 180 293 5931 0.25 22.44859813084112
table-0010-135 1 6 1 106 120 3129 0.25 0.03783263866623918
table-0010-32 11 8 0 1259 710 167077 0.09090909090909091 0.07160931174089069
table-0010-181 2 1 1 218 236 6079 0.5 0.044326241134751775
table-0010-266 7 11 5 181 268 5508 1.0 0.11207834602829161
table-0010-809 64 5 0 50 187 121678 1.0 61.83702213279678
table-0010-854 2 5 0 58 340 14854 1.0 0.13
table-0010-391 24 7 0 86 175 1165 0.3333333333333333 6.285097192224622
table-0010-599 8 4 12 56 81 350 1.0 0.06785137318255251
table-0010-149 0 1 0 150 140 49459 0.5 0.0
table-0010-69 6 2 0 54 74 3608 0.5 0.42551699964949175
table-0010-19 2 8 0 1045 386 42715 0.5 0.058402860548271755
table-0010-733 4 2 0 9 28 522 1.0 0.1453900709219858
table-0010-760 3 3 0 260 250 8100 0.1 0.21365853658536585
table-0010-934 4 5 0 2368 1441 580588 0.06666666666666667 0.007293052172223633
table-0010-731 12 5 22 201 384 627 1.0 0.08560924369747899
table-0010-525 2 4 1 50 97 5525 0.25 0.04256360078277886
table-0010-892 9 2 1 276 143 5667 1.0 0.036275695284159616
table-0010-977 9 12 0 37 236 16007 0.16666666666666666 0.1175655067239706
table-0010-71 2 4 2 12 42 591 0.14285714285714285 0.28634361233480177
table-0010-222 4 5 4 35 94 4961 0.06666666666666667 0.006396989651928504
table-0010-180 0 1 0 35 51 2971 0.5 0.0
table-0010-25 8 7 0 1045 386 42715 0.5 0.2189114024632499
table-0010-182 16 11 11 218 236 6079 0.5 1.4060283687943262
table-0010-911 3 8 6 346 483 907 0.5 0.3982202447163515
table-0010-117 1 5 1 521 114 1039550 1.0 0.008436546401005206
table-0010-550 3 2 2 45 60 5683 0.5 0.05474764756201882
table-0010-920 1 3 0 64 143 3877 0.5 0.01181640625
table-0010-659 13 4 0 1776 882 1820914 1.0 0.03016447577316314
table-0010-764 3 9 3 405 151 29921 0.16666666666666666 0.019054340155257588
table-0010-762 12 3 7 405 151 29921 0.16666666666666666 0.3824982357092449
table-0010-890 3 6 6 257 113 3057 0.3333333333333333 0.01937046004842615
table-0010-805 43 6 47 91 117 9185 1.0 1.12991239048811
table-0010-742 4 9 3 372 178 28752 0.2 0.0638148667601683
table-0010-738 103 18 1026 40 792 12893 0.5 2.3406439570695285
table-0010-195 49 3 0 263 183 718 0.5 1.4626623376623376
table-0010-754 10 3 0 260 250 8100 0.1 0.7073170731707317
table-0010-598 6 2 0 55 175 2434 0.5 0.03751822882142384
table-0010-626 2 4 0 18 26 733 0.5 0.10295728368017525
table-0010-365 70 3 70 24 94 801 0.5 7.25250501002004
table-0010-577 1 3 0 654 391 182 1.0 0.009862468331523705
table-0010-682 11 5 6 124 308 3338 0.125 1.3269230769230769
table-0010-110 0 1 0 22 40 3778 0.5 0.0
table-0010-918 4 5 0 200 115 849198 0.3333333333333333 0.0973724884080371
table-0010-921 6 3 0 214 211 5079 1.0 0.18286339994525047
table-0010-503 0 1 0 40 118 603 1.0 0.0
table-0010-836 1 2 1 34 45 3826 1.0 0.03473491773308958
table-0010-26 8 7 0 1045 386 42715 0.5 0.2169249106078665
table-0010-74 1 6 1 12 42 591 0.14285714285714285 0.34801762114537443
table-0010-449 8 2 4 34 61 7143 1.0 0.11420118343195267
table-0010-257 4 11 3 181 268 5508 1.0 0.06057308668842945
table-0010-101 1 6 0 131 52 3624 0.3333333333333333 0.055952380952380955
table-0010-932 1 3 0 2368 1441 580588 0.06666666666666667 0.0016289809155171642
table-0010-99 1 2 0 30 73 2873 1.0 0.002203065134099617
table-0010-593 4 4 0 118 161 2588 0.3333333333333333 0.3006134969325153
table-0010-653 5 2 1 71 125 34870 0.5 0.047383090740167236
table-0010-855 4 5 0 58 340 14854 1.0 0.23952380952380953
table-0010-80 26 5 0 62 39 226 1.0 5.7685589519650655
table-0010-739 11 3 5 372 178 28752 0.2 0.5021037868162693
table-0010-883 1 2 0 14 27 2917 0.5 0.21495327102803738
table-0010-819 18 5 22 185 208 9717 1.0 0.03203719357565511
table-0010-806 7 8 7 50 187 121678 1.0 1.5191146881287727
table-0010-643 3 2 1 96 171 46372 0.5 0.010085683684398428
table-0010-924 7 3 2 18 286 67056 1.0 0.03612690262240968
table-0010-425 1 2 1 15 29 0 0.5 0.05757575757575758
table-0010-472 1 2 0 37 57 3863 1.0 0.020833333333333332
table-0010-81 1 3 0 898 921 6649 1.0 0.037307591964518654
table-0010-397 14 5 8 1982 1030 352441 0.5 0.06570015515903802
table-0010-542 7 3 0 307 216 67371 0.3333333333333333 0.015020176356299507
table-0010-611 2 4 0 18 35 670 1.0 0.09062821833161688
table-0010-441 4 4 1 52 82 7874 0.3333333333333333 0.045147420147420146
table-0010-710 5 4 4 24 27 693 1.0 0.24401913875598086
table-0010-664 13 12 0 182 209 8502 0.3333333333333333 0.225130890052356
table-0010-386 2 3 0 132 94 2194 0.25 0.7
table-0010-411 9 3 0 23 49 6992 0.3333333333333333 0.0617254528122021
table-0010-614 1 2 1 20 48 2274 1.0 0.009290953545232274
table-0010-466 3 3 0 24 38 1521 0.25 0.18592964824120603
table-0010-884 16 5 12 14 27 2917 0.5 4.5514018691588785
table-0010-293 5 5 4 65 43 2247 1.0 0.5701754385964912
table-0010-755 11 3 0 260 250 8100 0.1 0.7121951219512195
table-0010-243 4 5 4 181 268 5508 1.0 0.05331882480957562
table-0010-292 0 1 0 59 62 2527 0.3333333333333333 0.0
table-0010-511 3 4 0 101 253 3673 0.0625 0.09386523633925578
table-0010-559 54 7 130 906 1091 24082 0.3333333333333333 3.1687725631768955
table-0010-752 5 3 0 260 250 8100 0.1 0.33951219512195124
table-0010-501 26 6 0 40 118 603 1.0 2.7690557451649602
table-0010-850 14 4 13 58 340 14854 1.0 0.2761904761904762
table-0010-846 24 5 7 58 340 14854 1.0 0.9514285714285714
table-0010-419 1 5 2 10 25 809 1.0 0.09328968903436989
table-0010-153 8 3 2 93 152 106074 0.25 0.1038153330941275
table-0010-937 6 5 0 2368 1441 580588 0.06666666666666667 0.009310597342818286
table-0010-895 2 2 1 262 166 22907 1.0 0.020810107766629504
table-0010-463 4 2 1 9 18 1027 1.0 0.28354978354978355
table-0010-395 2 3 0 87 97 2839 0.3333333333333333 0.5253456221198156
table-0010-218 5 5 4 58 31 2585 1.0 0.38538812785388127
table-0010-943 6 5 10 219 254 3292 1.0 1.03
table-0010-255 4 11 3 181 268 5508 1.0 0.044976423648893725
table-0010-672 0 1 0 362 280 96972 0.3333333333333333 0.0
table-0010-776 1 1 1 444 172 32229 0.125 0.0
table-0010-635 7 6 0 41 69 876 0.3333333333333333 0.15708812260536398
table-0010-896 17 2 1 272 178 5854 0.3333333333333333 0.045327067384218905
table-0010-869 5 7 10 266 136 3904 0.3333333333333333 0.08605495075168482
table-0010-607 5 2 0 29 89 12982 0.5 0.03313073531164343
table-0010-891 13 3 0 38 115 4196 0.5 0.7812097812097812
table-0010-31 11 8 0 1259 710 167077 0.09090909090909091 0.06317476383265858
table-0010-3 8 7 0 1045 386 42715 0.5 0.22268573698847835
table-0010-740 3 2 2 372 178 28752 0.2 0.0785413744740533
table-0010-589 24 6 0 58 211 22095 0.16666666666666666 4.957746478873239
table-0010-630 1 3 0 18 14 1055 1.0 0.3173277661795407
table-0010-720 4 2 0 3 67 2471 1.0 0.00944759364232522
table-0010-605 16 5 0 30 73 2066 0.5 1.46984126984127
table-0010-518 2 13 1 817 514 519652 1.0 0.013302486986697512
table-0010-238 8 9 30 181 268 5508 1.0 0.11099020674646355
table-0010-484 23 2 0 183 324 16766 0.5 0.9115470022205774
table-0010-157 4 8 1 32 118 940 0.5 0.16221374045801526
table-0010-585 1 3 0 271 335 12924 1.0 0.00464873031553257
table-0010-583 4 3 0 80 93 15890 1.0 0.164985590778098
table-0010-517 3 13 1 817 514 519652 1.0 0.024869866975130134
table-0010-798 16 4 16 296 207 36153 0.3333333333333333 0.04287717892205971
table-0010-221 2 5 0 35 94 4961 0.06666666666666667 0.00451552210724365
table-0010-284 30 2 0 4680 742 170569 0.2 0.01727696817074681
table-0010-454 1 3 0 44 50 6742 1.0 0.01703296703296703
table-0010-981 12 7 46 185 108 7605 0.2 0.965553235908142
table-0010-368 2 5 0 90 102 2032 0.25 0.6136363636363636
table-0010-627 2 3 0 78 72 15939 1.0 0.09231234866828088
table-0010-143 1 2 0 29 44 5437 1.0 0.026470588235294117
table-0010-403 10 8 0 222 119 45234 1.0 0.04766281512605042
table-0010-138 2 1 0 197 62 16654 1.0 0.018303843807199512
table-0010-77 27 3 3 6 4 3276 0.5 33.6973886328725
table-0010-317 4 2 0 15 28 1760 0.14285714285714285 0.2565789473684211
table-0010-574 7 10 6 48 137 14145 0.05555555555555555 0.3773834745762712
table-0010-639 2 4 0 14 15 672 1.0 0.19907940161104717
table-0010-899 3 3 3 509 186 49745 0.16666666666666666 0.06939163498098859
table-0010-377 20 2 0 402 306 133144 0.25 0.1173458502240239
table-0010-36 5 3 0 64 44 115320 1.0 0.051999018886436106
table-0010-483 0 1 0 570 201 608386 0.3333333333333333 0.0
table-0010-548 5 5 0 16 26 648 0.5 1.76875
table-0010-354 3 10 1 2306 734 513299 0.09090909090909091 0.003787635616614239
table-0010-201 9 4 4 32 48 6437 0.2 0.026992936427850656
table-0010-78 1 5 0 27 39 2176 1.0 0.03076923076923077
table-0010-263 8 11 5 181 268 5508 1.0 0.1338411316648531
table-0010-275 2 2 0 154 199 132524 0.3333333333333333 0.012313860252004582
table-0010-717 1 3 0 32 124 39116 1.0 0.04334063793523253
table-0010-571 5 8 4 48 137 14145 0.05555555555555555 0.23146186440677965
table-0010-307 4 5 0 39 40 4737 1.0 0.5744047619047619
table-0010-632 2 4 0 21 40 1399 1.0 0.07391130643228126
table-0010-183 16 17 16 218 236 6079 0.5 2.8315602836879434
table-0010-482 14 4 0 570 201 608386 0.3333333333333333 0.13702594810379243
table-0010-12 8 7 0 1045 386 42715 0.5 0.22367898291617005
table-0010-497 10 6 0 73 212 6461 0.25 0.19408212560386473
table-0010-303 24 7 0 79 190 1282 0.3333333333333333 5.94291754756871
table-0010-953 1 3 0 70 44 15312 0.5 0.23452380952380952
table-0010-120 13 4 0 0 0 0 0.0 797.0
table-0010-50 124 6 17 85 98 10905 0.5 8.582666666666666
table-0010-510 0 1 0 20 10 16641 1.0 0.0
table-0010-629 2 4 0 18 14 1055 1.0 0.36116910229645094
table-0010-442 1 3 0 52 82 7874 0.3333333333333333 0.013667076167076167
table-0010-991 1 9 0 97 208 3594 0.5 0.02998965873836608
table-0010-864 3 4 0 136 126 280087 1.0 0.16930379746835442
table-0010-963 6 10 6 1437 581 75337 0.1111111111111111 0.003862743835704629
table-0010-604 1 7 1 66 74 6377 0.5 0.0118731448211217
table-0010-121 6 2 5 25 43 5775 0.3333333333333333 0.11870503597122302
table-0010-478 58 2 55 182 182 2473 0.25 0.2130642954856361
table-0010-621 3 2 0 41 152 4197 0.3333333333333333 0.012595626303995055
table-0010-79 12 4 0 27 39 2176 1.0 0.5917948717948718
table-0010-88 15 3 0 606 1162 681126 0.1 0.07177033492822966
table-0010-690 3 3 0 13 15 3376 0.5 0.0824295010845987
table-0010-430 1 4 0 82 82 27468 0.25 0.009191880505553428
table-0010-536 0 1 0 78 386 2764 0.14285714285714285 0.0
table-0010-894 3 9 1 276 143 5667 1.0 0.07324235619277941
table-0010-203 5 5 3 46 31 1350 1.0 0.6485355648535565
table-0010-48 18 4 6 1469 588 1789945 0.25 0.0330716434749906
table-0010-234 43 5 16 59 62 14192 0.2 0.9291117960212945
table-0010-995 1 7 0 535 569 3111 1.0 0.0440251572327044
table-0010-759 11 3 0 260 250 8100 0.1 0.7580487804878049
table-0010-858 17 5 3 58 340 14854 1.0 0.9247619047619048
table-0010-696 30 4 8 84 100 100010 0.3333333333333333 0.7059364933271974
table-0010-597 2 3 0 193 293 18528 0.25 0.0016516325752763308
table-0010-4 8 7 0 1045 386 42715 0.5 0.21553436630909814
table-0010-732 0 1 0 1846 773 193103 0.5 0.0
table-0010-938 13 5 0 2368 1441 580588 0.06666666666666667 0.018666029022760898
table-0010-345 18 11 0 34 38 3478 0.5 1.0714655618850337
table-0010-23 8 7 0 1045 386 42715 0.5 0.22169249106078665
table-0010-128 1 2 0 40 58 2371 0.5 0.007446808510638298
table-0010-112 61 7 83 521 114 1039550 1.0 1.0454137497756237
table-0010-259 10 11 10 181 268 5508 1.0 0.19876677548059485
table-0010-716 38 8 33 32 124 39116 1.0 0.7355734112490869
table-0010-349 12 3 0 2306 734 513299 0.09090909090909091 0.01566412017718431
table-0010-431 16 3 0 11 27 0 0.5 0.6195286195286195
table-0010-394 9 3 0 87 97 2839 0.3333333333333333 2.8755760368663594
table-0010-10 8 7 0 1045 386 42715 0.5 0.22149384187524832
table-0010-893 5 4 8 276 143 5667 1.0 0.008291587493522197
table-0010-467 1 2 0 24 38 1521 0.25 0.052763819095477386
table-0010-476 3 3 0 196 236 139419 1.0 0.04012841091492777
table-0010-295 17 3 17 377 430 12909 1.0 1.5833333333333333
table-0010-779 6 3 0 216 223 40450 1.0 0.10181136789506559
table-0010-9 8 7 0 1045 386 42715 0.5 0.21771950735001985
table-0010-823 5 3 0 17 22 2541 0.5 0.04716531681753216
table-0010-949 2 3 0 57 177 12605 0.3333333333333333 0.014991398377979848
table-0010-997 5 1 0 26 52 2303 0.2 0.030473135525260625
table-0010-279 3 3 0 159 437 6037 1.0 0.07046742209631728
table-0010-388 1 2 1 16 29 5899 1.0 0.010165864098448368
table-0010-841 7 5 0 58 340 14854 1.0 0.5104761904761905
table-0010-146 34 12 239 158 257 611207 0.25 0.484472049689441
table-0010-43 1 4 0 593 228 158445 1.0 0.002908773588335818
table-0010-832 3 8 1 459 222 39847 0.14285714285714285 0.05163372327551432
table-0010-457 1 3 0 12 29 1568 1.0 0.030880670987418986
table-0010-952 6 5 10 229 288 4640 1.0 0.31086519114688127
table-0010-54 42 3 0 14347 140 131850 0.5 0.06031181619256017
table-0010-979 9 8 0 649 512 146259 0.3333333333333333 0.019783976433792778
table-0010-797 5 3 0 43 235 8436 1.0 0.1290029525323643
table-0010-871 8 4 11 255 118 8495 0.3333333333333333 0.021847854698604896
table-0010-741 4 9 2 372 178 28752 0.2 0.08415147265077139
table-0010-575 16 2 0 31 161 1042 1.0 0.1069182389937107
table-0010-8 8 7 0 1045 386 42715 0.5 0.22268573698847835
table-0010-915 17 4 2 126 80 765457 0.3333333333333333 0.3107359535742548
table-0010-251 4 11 3 181 268 5508 1.0 0.06456293072179906
