table_id rows cols nulls inlinks outlinks views table_imp table_fraction
table-0003-26 6 6 0 72 128 890 0.2 0.1675531914893617
table-0003-718 29 4 0 680 227 18557 1.0 2.207894736842105
table-0003-479 3 7 6 429 410 5076 0.5 0.12035225048923678
table-0003-504 12 6 6 645 391 243580 0.3333333333333333 0.041159898302755446
table-0003-420 26 7 32 180 353 4210 0.5 1.2073578595317727
table-0003-582 3 3 0 141 118 68431 1.0 0.05513685045616819
table-0003-558 1 12 0 15 6 415 1.0 0.3978102189781022
table-0003-125 3 3 0 100 88 2825 1.0 0.3796664019062748
table-0003-757 22 3 0 4732 1488 556091 0.07692307692307693 0.008483542696650827
table-0003-938 6 5 6 1685 524 179718 0.07692307692307693 0.020135856380397867
table-0003-770 10 4 0 1892 879 1200083 0.5 0.003831525566981265
table-0003-756 2 3 0 37 62 1491 1.0 0.027303754266211604
table-0003-341 3 4 0 75 28 36889 0.5 0.060330497702160944
table-0003-785 5 3 0 22 36 1927 1.0 0.2271796970937372
table-0003-726 24 4 1 441 261 20044 1.0 2.017195767195767
table-0003-467 5 7 13 429 410 5076 0.5 0.15166340508806261
table-0003-765 29 4 30 391 387 481199 1.0 0.2350372930689467
table-0003-614 2 7 2 37 52 1647 0.5 0.17681159420289855
table-0003-888 3 4 3 82 92 1798 0.5 0.3782771535580524
table-0003-117 5 3 0 112 46 60593 0.5 0.07040287195851616
table-0003-675 4 7 3 303 269 14282 0.3333333333333333 0.053763440860215055
table-0003-245 17 7 0 941 473 27709 0.08333333333333333 0.4534104750304507
table-0003-33 6 7 5 71 126 1192 0.2 0.10061242344706911
table-0003-487 3 7 7 429 410 5076 0.5 0.09295499021526418
table-0003-154 5 2 0 10 22 4107 0.16666666666666666 0.1694915254237288
table-0003-684 2 2 0 20 39 5731 0.3333333333333333 0.11020408163265306
table-0003-227 2 8 0 1023 406 27370 0.125 0.0333505021890291
table-0003-41 8 2 0 201 123 97102 0.25 0.0768916155419223
table-0003-631 6 8 0 7 42 2109 0.3333333333333333 0.36208368915456873
table-0003-476 3 7 6 429 410 5076 0.5 0.11545988258317025
table-0003-808 7 2 0 416 503 8764 1.0 0.019940747493163172
table-0003-372 3 2 0 59 33 1609 0.2 0.09438775510204081
table-0003-833 4 3 0 61 41 8834 1.0 0.1029050736497545
table-0003-214 5 6 0 144 750 43341 1.0 0.18577866800200302
table-0003-16 3 10 10 75 84 39567 0.5 0.0031362420440918734
table-0003-885 1 4 0 77 92 1633 0.25 0.049723756906077346
table-0003-651 1 3 0 22 56 4732 1.0 0.019740998104864182
table-0003-813 4 9 4 294 162 19780 0.3333333333333333 0.016302016302016303
table-0003-742 1 3 0 25 32 3835 1.0 0.008981195621667135
table-0003-326 3 2 0 152 51 112280 0.3333333333333333 0.0026329647182727752
table-0003-962 3 2 0 35 49 7581 0.3333333333333333 0.11967779056386652
table-0003-689 12 3 0 55 120 3230 0.3333333333333333 0.016562928578964027
table-0003-491 7 7 17 429 410 5076 0.5 0.23679060665362034
table-0003-855 4 5 0 72 133 6237 0.3333333333333333 0.08412170800306827
table-0003-840 26 3 0 128 190 62752 0.3333333333333333 1.4420289855072463
table-0003-278 57 6 76 119 209 8797 0.16666666666666666 2.8756137479541737
table-0003-345 6 6 0 539 400 48370 0.05 0.10799645913248745
table-0003-184 10 5 0 855 397 20209 0.0625 0.07528170702469432
table-0003-649 26 2 0 605 175 225185 0.25 0.08522030836720211
table-0003-162 4 8 0 806 360 17394 0.07692307692307693 0.3106796116504854
table-0003-923 8 3 0 177 166 2515 0.5 0.11721887550200803
table-0003-96 10 2 5 47 62 24008 0.3333333333333333 0.4600760456273764
table-0003-712 5 2 0 534 360 5433 1.0 0.003415179885768121
table-0003-259 12 10 0 2942 1154 494645 0.07692307692307693 0.07378402404436354
table-0003-175 14 3 7 160 193 16627 0.3333333333333333 0.2436472346786248
table-0003-560 4 5 1 44 41 1998 1.0 0.2018425460636516
table-0003-565 3 6 4 43 54 12880 0.25 0.034150884818379384
table-0003-130 7 4 0 109 117 6102 0.5 0.10340510766149223
table-0003-89 8 5 0 68 100 5613 0.3333333333333333 0.08340080971659919
table-0003-495 15 5 12 46 86 2170 0.5 1.146095717884131
table-0003-622 0 1 0 193 147 53638 1.0 0.0
table-0003-69 19 3 1 175 167 6241 0.3333333333333333 0.35360576923076925
table-0003-435 0 1 0 43 44 2058 1.0 0.0
table-0003-674 4 8 4 303 269 14282 0.3333333333333333 0.02402896642527979
table-0003-603 21 10 8 252 167 705519 1.0 0.5086220288954482
table-0003-490 5 7 10 429 410 5076 0.5 0.18003913894324852
table-0003-44 11 2 0 439 580 28130 0.5 0.015112660276360015
table-0003-542 5 5 0 93 101 1296 0.5 0.5128205128205128
table-0003-200 14 7 0 1045 493 25908 0.0625 0.875
table-0003-507 6 4 0 31 53 9516 0.25 0.33294255568581477
table-0003-235 19 4 1 238 223 22695 1.0 1.5589970501474926
table-0003-901 6 5 0 604 333 180574 0.125 0.0012197955390334573
table-0003-461 4 7 9 429 410 5076 0.5 0.16046966731898238
table-0003-410 0 1 0 45 47 2084 1.0 0.0
table-0003-483 3 7 6 429 410 5076 0.5 0.11350293542074363
table-0003-749 3 8 0 21 31 3516 1.0 0.06542800265428003
table-0003-344 2 1 0 539 400 48370 0.05 0.006048982000590145
table-0003-307 1 3 0 91 546 28780 1.0 0.012111484021596381
table-0003-190 1 8 0 855 397 20209 0.0625 0.016422920163030447
table-0003-936 30 6 36 1685 524 179718 0.07692307692307693 0.1757399320718098
table-0003-921 1 3 0 150 177 2583 1.0 0.04784342152953969
table-0003-158 1 3 0 28 31 2997 1.0 0.13229571984435798
table-0003-4 9 6 17 123 200 5650 1.0 0.06017846026146503
table-0003-707 3 3 0 21 28 1871 0.5 0.35241502683363146
table-0003-764 16 6 20 104 88 34736 0.5 0.06192148100861794
table-0003-538 65 8 0 1512 395 984897 0.3333333333333333 0.16586900041022837
table-0003-584 4 1 1 0 0 0 0.0 63.0
table-0003-663 1 1 0 216 247 14335 1.0 0.09149184149184149
table-0003-459 5 7 11 429 410 5076 0.5 0.17661448140900196
table-0003-36 1 3 0 154 51 5056 1.0 0.04264243271583362
table-0003-553 2 2 0 11 29 1638 0.3333333333333333 0.009676527508985348
table-0003-951 0 1 0 15 21 3337 1.0 0.0
table-0003-226 22 5 0 1023 406 27370 0.125 0.19997424671645636
table-0003-815 3 3 0 59 57 900 1.0 0.07213114754098361
table-0003-527 0 1 0 25 13 4678 0.5 0.0
table-0003-321 44 3 0 29 85 28461 1.0 28.429166666666667
table-0003-744 6 7 5 260 297 45891 0.5 0.1426437640029873
table-0003-67 3 2 2 110 91 4671 1.0 0.06375
table-0003-381 7 4 6 132 100 527954 0.25 0.1325589340621797
table-0003-753 25 10 10 468 164 2416735 0.5 0.6498329887068555
table-0003-250 15 3 0 528 247 940048 0.25 0.03884393063583815
table-0003-929 9 10 6 1685 524 179718 0.07692307692307693 0.031974769529354685
table-0003-567 2 3 0 25 44 6794 1.0 0.1511047754811119
table-0003-481 3 7 7 429 410 5076 0.5 0.10812133072407044
table-0003-363 7 5 14 324 187 45171 0.5 0.01269189846481228
table-0003-337 278 3 265 9 2342 200793 1.0 9.733144073811214
table-0003-877 1 3 0 86 203 12919 1.0 0.019639934533551555
table-0003-261 31 5 0 2942 1154 494645 0.07692307692307693 0.06011090886000931
table-0003-735 2 9 2 2036 602 421560 0.25 0.08007979481333713
table-0003-60 10 1 0 45 94 3489 1.0 0.11146341463414634
table-0003-138 12 3 0 51 97 776 0.2 0.4838709677419355
table-0003-331 4 3 0 9 2342 200793 1.0 0.10432931156848829
table-0003-828 6 3 0 196 103 4388 1.0 0.20311981413873217
table-0003-277 25 6 0 119 209 8797 0.16666666666666666 5.0638297872340425
table-0003-38 6 3 0 89 86 1553 0.5 0.45879732739420936
table-0003-686 7 3 0 44 68 1613 1.0 0.5097230406599882
table-0003-823 25 4 0 3 47 474 0.25 7.992592592592593
table-0003-660 10 6 10 18 57 3231 0.5 0.23415877640203933
table-0003-700 1 15 0 56 89 2750 0.5 0.00198263851677205
table-0003-237 5 7 1 941 473 27709 0.08333333333333333 0.09805115712545676
table-0003-268 2 3 0 55 188 139425 0.1111111111111111 0.08873321657910099
table-0003-831 6 4 0 180 276 2293 0.2 0.18857142857142858
table-0003-209 4 7 0 1045 493 25908 0.0625 0.2821261682242991
table-0003-308 7 11 7 37 80 31183 0.3333333333333333 0.4927412467976089
table-0003-984 8 3 0 8 21 1065 0.5 0.4423076923076923
table-0003-585 0 1 0 42 43 4794 1.0 0.0
table-0003-15 9 4 0 180 206 10764 1.0 0.8985239852398524
table-0003-954 2 5 0 134 171 2240 1.0 0.06148648648648649
table-0003-463 3 7 6 429 410 5076 0.5 0.11692759295499021
table-0003-508 6 3 0 31 53 9516 0.25 0.0984759671746776
table-0003-549 15 6 7 178 144 7473 1.0 0.19375902555409052
table-0003-790 3 6 3 78 101 6159 0.3333333333333333 0.07515822784810126
table-0003-977 2 3 0 91 102 2133 1.0 0.100355871886121
table-0003-45 2 3 0 98 132 2376 1.0 0.14720812182741116
table-0003-932 4 9 4 1685 524 179718 0.07692307692307693 0.0016496846191169335
table-0003-104 25 7 45 102 175 5324 0.5 2.6876379690949226
table-0003-843 3 2 0 863 453 42479 0.5 0.062261753494282084
table-0003-197 2 7 0 1045 493 25908 0.0625 0.11273364485981309
table-0003-906 41 6 63 604 333 180574 0.125 0.06981877323420074
table-0003-590 6 3 0 545 602 5663 1.0 0.2022274325908558
table-0003-99 1 1 0 11853 1287 907938 0.25 0.0005966389340051046
table-0003-47 4 3 0 208 300 40889 1.0 0.09281437125748503
table-0003-551 1 3 0 57 76 9973 1.0 0.009855159026429744
table-0003-282 5 2 0 70 34 23555 1.0 0.12192569335426479
table-0003-786 1 2 0 31 45 2600 1.0 0.024261603375527425
table-0003-59 10 11 0 23 159 741 0.08333333333333333 0.24397972116603295
table-0003-423 0 1 0 39 47 1623 1.0 0.0
table-0003-522 4 3 0 329 412 2874 1.0 0.39509536784741145
table-0003-2 10 7 22 123 200 5650 1.0 0.06578128242373936
table-0003-336 186 3 125 9 2342 200793 1.0 7.598296664300922
table-0003-863 2 3 0 77 127 16816 1.0 0.016584545126787646
table-0003-318 50 3 0 29 85 28461 1.0 37.05625
table-0003-39 4 5 0 31 37 2035 0.5 0.13963764913831198
table-0003-163 9 8 0 806 360 17394 0.07692307692307693 0.6393897364771152
table-0003-280 1 3 0 81 467 71935 1.0 0.0230722525804493
table-0003-940 5 3 0 10 48 756 1.0 0.17092179521633968
table-0003-30 9 5 5 81 67 4021 1.0 0.210187265917603
table-0003-168 5 8 6 806 360 17394 0.07692307692307693 0.40221914008321774
table-0003-421 0 1 0 40 12 4190 1.0 0.0
table-0003-714 6 5 3 110 54 1365 1.0 0.6469893742621016
table-0003-172 14 7 0 806 360 17394 0.07692307692307693 1.001386962552011
table-0003-935 6 7 6 1685 524 179718 0.07692307692307693 0.07889374090247453
table-0003-862 1 2 1 23 44 3252 0.5 0.016088060965283656
table-0003-884 34 5 0 147 58 15882 0.25 0.9325688073394496
table-0003-160 1 2 1 50 74 5591 1.0 0.049738219895287955
table-0003-572 0 1 0 4 20 811 1.0 0.0
table-0003-536 3 4 3 360 625 904 0.5 0.6017699115044248
table-0003-727 2 9 2 354 284 121954 0.5 0.01396604938271605
table-0003-591 13 5 6 117 105 5781 1.0 0.2387252646111367
table-0003-871 4 2 0 5 8 1067 0.3333333333333333 0.32065217391304346
table-0003-468 3 7 6 429 410 5076 0.5 0.12279843444227005
table-0003-535 2 4 2 352 631 892 0.5 0.1844769403824522
table-0003-873 2 7 2 1626 274 64562 0.5 0.006025641025641026
table-0003-518 5 5 10 26 54 1089 1.0 0.28132205995388165
table-0003-436 0 1 0 43 46 1935 1.0 0.0
table-0003-220 3 3 0 144 750 43341 1.0 0.04707060590886329
table-0003-115 15 5 11 52 49 4160 1.0 0.9202346041055719
table-0003-466 4 7 9 429 410 5076 0.5 0.14677103718199608
table-0003-204 6 4 0 1045 493 25908 0.0625 0.2739485981308411
table-0003-705 30 12 0 729 684 98918 0.3333333333333333 0.2785566155122356
table-0003-291 1 2 0 7 20 1334 1.0 0.022931206380857428
table-0003-385 70 5 140 10 347 5499 0.3333333333333333 24.827272727272728
table-0003-745 2 3 0 408 344 92328 1.0 0.018628478286179997
table-0003-690 7 5 6 66 82 2454 1.0 0.08280031542977306
table-0003-594 1 4 0 99 121 7689 0.3333333333333333 0.010212765957446808
table-0003-562 3 6 3 43 54 12880 0.25 0.03508227258615337
table-0003-351 17 5 17 371 317 6707 1.0 0.8416090509113765
table-0003-981 3 3 3 31 25 8101 1.0 0.9595588235294118
table-0003-807 38 2 0 416 503 8764 1.0 0.04504709814646004
table-0003-271 1 3 0 252 299 8081 0.25 0.058977230309817094
table-0003-856 1 2 0 72 133 6237 0.3333333333333333 0.016108412170800307
table-0003-298 7 2 0 2076 566 116636 0.14285714285714285 0.007663131821348402
table-0003-973 6 7 0 40 86 6221 0.3333333333333333 0.2586070959264126
table-0003-641 12 5 10 118 165 2619 1.0 1.058252427184466
table-0003-62 89 4 1 345 548 2028 0.3333333333333333 16.750596658711217
table-0003-122 24 6 51 65 129 5797 1.0 0.5382949399488088
table-0003-68 18 5 3 110 91 4671 1.0 1.38625
table-0003-709 5 6 5 90 98 5754 0.3333333333333333 0.20850202429149797
table-0003-569 2 3 0 20 46 3909 1.0 0.16889880952380953
table-0003-267 10 3 0 55 188 139425 0.1111111111111111 0.37361354349095155
table-0003-524 2 3 0 463 538 21378 0.5 0.04727761595339458
table-0003-124 1 2 0 13 30 4362 1.0 0.03645007923930269
table-0003-398 0 1 0 43 46 1895 1.0 0.0
table-0003-455 8 7 19 429 410 5076 0.5 0.275440313111546
table-0003-82 4 9 3 2477 863 318641 0.07142857142857142 0.0071609862218999275
table-0003-390 1 14 0 290 384 37648 0.5 0.0043616177636796195
table-0003-697 52 3 0 18 14 5257 0.5 342.3933333333333
table-0003-480 3 7 6 429 410 5076 0.5 0.11350293542074363
table-0003-173 2 3 0 73 64 23300 1.0 0.013440860215053764
table-0003-384 7 9 41 34 39 1055 0.3333333333333333 0.5020188425302826
table-0003-382 9 4 1 132 100 527954 0.25 0.2753672702425692
table-0003-566 1 4 0 23 77 3074 0.3333333333333333 0.04478721427244007
table-0003-960 1 3 0 44 36 2648 1.0 0.0852059925093633
table-0003-5 67 4 1 544 234 46759 1.0 3.4036144578313254
table-0003-967 3 3 1 8 48 3063 0.5 0.17001338688085676
table-0003-537 2 3 0 33 32 10136 0.5 0.018815583162465323
table-0003-806 16 2 0 416 503 8764 1.0 0.030651777575205104
table-0003-329 1 2 1 49 54 870 1.0 0.017459361830222758
table-0003-7 3 2 2 125 153 6827 0.5 0.06963249516441006
table-0003-789 2 2 0 78 101 6159 0.3333333333333333 0.040348101265822785
table-0003-908 21 3 0 604 333 180574 0.125 0.10106877323420074
table-0003-198 2 7 0 1045 493 25908 0.0625 0.10747663551401869
table-0003-478 3 7 6 429 410 5076 0.5 0.11986301369863013
table-0003-42 18 8 0 201 123 97102 0.25 0.17893660531697342
table-0003-782 58 4 18 483 353 22072 1.0 4.201461377870563
table-0003-890 19 5 23 65 93 2274 1.0 0.4685626441199078
table-0003-944 23 8 8 54 121 944 0.25 4.403061224489796
table-0003-965 2 3 1 107 109 3239 0.3333333333333333 0.09296875
table-0003-484 4 7 10 429 410 5076 0.5 0.11350293542074363
table-0003-383 2 3 0 101 183 19133 1.0 0.03987583572110793
table-0003-258 23 10 0 2942 1154 494645 0.07692307692307693 0.149472971256826
table-0003-17 9 7 5 47 77 623 0.5 9.325396825396826
table-0003-928 15 6 0 1685 524 179718 0.07692307692307693 0.03352741387675885
table-0003-52 7 3 0 23 159 741 0.08333333333333333 0.31875792141951836
table-0003-979 4 2 0 29 61 6649 0.5 0.09052504526252263
table-0003-346 1 6 0 539 400 48370 0.05 0.01829448214812629
table-0003-541 10 2 0 335 344 2471 1.0 0.011299435028248588
table-0003-169 1 8 0 806 360 17394 0.07692307692307693 0.0839112343966713
table-0003-376 2 3 0 35 60 2096 1.0 0.1093269559275709
table-0003-515 14 6 14 55 39 1051 0.5 2.431404958677686
table-0003-218 10 5 0 144 750 43341 1.0 0.3700550826239359
table-0003-722 1 2 1 61 100 7981 0.3333333333333333 0.015702479338842976
table-0003-120 8 7 3 165 186 950 1.0 0.2786352558895207
table-0003-819 13 3 0 7 12 1010 0.5 0.620889748549323
table-0003-788 1 2 1 78 101 6159 0.3333333333333333 0.015031645569620253
table-0003-948 2 3 0 49 54 7380 1.0 0.1005586592178771
table-0003-596 30 12 247 187 190 5220 0.25 0.8784224250325945
table-0003-969 10 4 0 774 386 36399 0.5 0.06956905427268716
table-0003-615 33 3 0 112 69 20812 0.5 0.22514189615303762
table-0003-889 58 2 4 18 20 221 1.0 7.746031746031746
table-0003-774 20 3 23 738 172 4554 0.2 0.2544891640866873
table-0003-607 6 2 0 95 134 6994 0.5 0.1781895937277263
table-0003-870 1 3 0 31 38 5753 0.3333333333333333 0.08309990662931839
table-0003-910 0 1 0 14 59 2135 1.0 0.0
table-0003-880 28 3 0 12 25 1737 0.25 0.32308936514355036
table-0003-224 24 6 0 1023 406 27370 0.125 0.07661601854236415
table-0003-74 1 5 2 2477 863 318641 0.07142857142857142 0.0009064539521392314
table-0003-533 1 3 0 89 102 373 1.0 0.007239989926970536
table-0003-270 1 3 1 252 299 8081 0.25 0.011944755505785741
table-0003-314 0 1 0 184 252 198585 0.3333333333333333 0.0
table-0003-230 4 8 0 1023 406 27370 0.125 0.036054596961112545
table-0003-698 15 13 0 78 47 2895 0.5 0.6442516268980477
table-0003-612 1 3 0 33 49 2701 1.0 0.017877963466770307
table-0003-760 57 6 18 4732 1488 556091 0.07692307692307693 0.026691418348306177
table-0003-413 0 1 0 40 46 1694 1.0 0.0
table-0003-492 4 7 8 429 410 5076 0.5 0.14677103718199608
table-0003-485 3 7 7 429 410 5076 0.5 0.09050880626223091
table-0003-72 11 7 20 105 83 5154 0.5 0.18484392628807822
table-0003-982 0 1 0 15 17 3913 1.0 0.0
table-0003-791 8 3 0 171 197 7909 1.0 0.11543011661314856
table-0003-356 5 4 0 844 672 578750 0.3333333333333333 0.05716644309152822
table-0003-10 3 2 0 19 34 2274 0.2 0.032511798636601995
table-0003-574 23 3 2 11 104 2957 0.3333333333333333 0.9898305084745763
table-0003-532 4 2 0 338 440 25665 0.25 0.6590007930214116
table-0003-775 2 4 0 244 293 7141 0.3333333333333333 0.00850507033038927
table-0003-311 2 3 0 184 252 198585 0.3333333333333333 0.010943095901313172
table-0003-958 3 3 0 285 185 55429 0.2 0.10780669144981413
table-0003-182 2 8 0 855 397 20209 0.0625 0.02817070246943179
table-0003-926 3 5 3 1685 524 179718 0.07692307692307693 0.00975254730713246
table-0003-986 1 2 0 20 22 2757 0.3333333333333333 0.027739251040221916
table-0003-546 1 3 0 188 279 13440 0.5 0.007484370872589592
table-0003-462 4 7 9 429 410 5076 0.5 0.15802348336594912
table-0003-945 36 8 21 54 121 944 0.25 6.520408163265306
table-0003-573 32 6 13 193 122 7225 1.0 0.5498879889712218
table-0003-323 48 3 0 29 85 28461 1.0 25.008333333333333
table-0003-360 23 7 42 269 218 45297 0.5 0.36180529653114507
table-0003-29 7 3 0 286 505 124508 0.5 0.004779902178746109
table-0003-409 2 2 0 107 101 2661 0.5 0.08245083207261725
table-0003-28 12 3 0 72 128 890 0.2 0.4002659574468085
table-0003-642 0 1 0 163 180 2625 1.0 0.0
table-0003-207 6 7 6 1045 493 25908 0.0625 0.375
table-0003-520 98 3 1 165 281 3850 0.3333333333333333 0.31785714285714284
table-0003-338 247 3 229 9 2342 200793 1.0 10.288857345635202
table-0003-407 0 1 0 47 48 2235 1.0 0.0
table-0003-35 2 2 1 23 49 3649 1.0 0.04223335719398712
table-0003-503 14 5 12 93 52 2303 1.0 1.3882224645583425
table-0003-43 25 4 0 439 580 28130 0.5 0.05604381924561185
table-0003-825 1 3 0 32 42 2976 1.0 0.012259910093992644
table-0003-234 0 1 0 0 0 0 0.0 0.0
table-0003-976 2 2 0 84 103 1830 0.3333333333333333 0.08106473079249849
table-0003-894 1 10 1 37 103 4848 0.3333333333333333 0.15314834578441835
table-0003-290 18 6 0 398 210 148996 0.25 0.019699069491189863
table-0003-340 174 3 135 9 2342 200793 1.0 7.562100780695529
table-0003-333 7 2 0 9 2342 200793 1.0 0.14691270404542228
table-0003-793 0 1 0 77 197 4606 1.0 0.0
table-0003-588 1 5 0 8 48 5963 1.0 0.06327744726879395
table-0003-141 0 1 0 27 47 908 1.0 0.0
table-0003-776 1 2 1 79 104 9870 0.3333333333333333 0.017608897126969416
table-0003-71 3 7 2 105 83 5154 0.5 0.05152312899586311
table-0003-325 1 3 0 90 101 27852 0.5 0.0988095238095238
table-0003-199 15 7 0 1045 493 25908 0.0625 0.959696261682243
table-0003-754 3 10 0 468 164 2416735 0.5 0.08247176713853985
table-0003-681 24 4 0 1304 668 22084 1.0 0.0976885834764954
table-0003-279 9 3 0 119 209 8797 0.16666666666666666 0.3469721767594108
table-0003-222 10 4 0 144 750 43341 1.0 0.8082123184777166
table-0003-368 9 13 0 120 85 21938 0.5 0.14249363867684478
table-0003-365 23 7 19 324 187 45171 0.5 0.0677154582763338
table-0003-637 7 3 0 7182 743 678098 0.25 0.006916505924497106
table-0003-451 9 2 0 236 265 9442 0.5 0.06567656765676567
table-0003-544 1 2 1 201 40 17167 1.0 0.022905982905982905
table-0003-777 2 2 0 79 104 9870 0.3333333333333333 0.04819277108433735
table-0003-763 28 10 21 94 110 33390 1.0 1.1723187207058174
table-0003-634 8 7 15 110 83 5543 0.5 0.7040072859744991
table-0003-996 0 1 0 132 136 1837 1.0 0.0
table-0003-189 6 8 6 855 397 20209 0.0625 0.0833133541117238
table-0003-429 1 3 1 40 59 4191 1.0 0.05991735537190083
table-0003-876 2 3 0 324 359 3418 1.0 0.1411422335394689
table-0003-937 7 8 5 1685 524 179718 0.07692307692307693 0.01465308102862688
table-0003-543 3 2 0 9 4 1001 1.0 1.2637362637362637
table-0003-602 5 3 0 252 167 705519 1.0 0.005204287711666925
table-0003-561 1 3 0 5 16 410 1.0 0.128428927680798
table-0003-915 7 3 5 53 57 7395 0.2 0.14968999114260406
table-0003-263 0 1 0 23 49 1896 1.0 0.0
table-0003-427 0 1 0 42 45 1985 1.0 0.0
table-0003-11 2 3 0 85 65 4617 1.0 0.12138728323699421
table-0003-559 0 1 0 15 6 415 1.0 0.0
table-0003-24 0 1 0 221 247 3387 1.0 0.0
table-0003-362 14 4 22 324 187 45171 0.5 0.026409788721690225
table-0003-489 7 7 16 429 410 5076 0.5 0.23972602739726026
table-0003-653 14 5 12 2 104 2274 1.0 0.1018867924528302
table-0003-438 5 7 6 396 237 47001 0.3333333333333333 0.12270960577456969
table-0003-78 32 9 0 2477 863 318641 0.07142857142857142 0.27991298042059465
table-0003-802 10 11 0 20 161 616 0.08333333333333333 0.3617200674536256
table-0003-133 17 7 17 212 461 13685 0.16666666666666666 0.09028968934629313
table-0003-959 3 2 0 285 185 55429 0.2 0.04386617100371747
table-0003-846 13 3 0 29 30 8251 0.5 0.5728571428571428
table-0003-457 5 7 10 429 410 5076 0.5 0.18835616438356165
table-0003-289 4 10 8 398 210 148996 0.25 0.005444466442288656
table-0003-509 3 3 0 15 43 2379 1.0 0.16674698795180723
table-0003-434 6 4 5 7 9 239 1.0 0.6425438596491229
table-0003-248 0 1 0 528 247 940048 0.25 0.0
table-0003-891 2 4 6 65 93 2274 1.0 0.011837048424289008
table-0003-264 0 1 0 6 145 1151 1.0 0.0
table-0003-911 0 1 0 14 59 2135 1.0 0.0
table-0003-432 2 2 0 7 9 239 1.0 0.3442982456140351
table-0003-730 20 7 39 2036 602 421560 0.25 1.2231404958677685
table-0003-126 7 3 0 282 288 62178 0.5 0.021030096965117744
table-0003-304 5 6 3 109 124 63749 1.0 0.0382691183158989
table-0003-824 21 2 0 637 344 216804 0.5 0.1978021978021978
table-0003-839 8 5 0 333 262 155109 0.16666666666666666 0.09230016769144773
table-0003-317 12 3 0 29 85 28461 1.0 9.714583333333334
table-0003-506 16 5 0 31 53 9516 0.25 1.0
table-0003-768 29 5 0 391 387 481199 1.0 0.7444060396579952
table-0003-593 6 2 0 99 121 7689 0.3333333333333333 0.10085106382978723
table-0003-734 23 7 50 2036 602 421560 0.25 1.0587061840980336
table-0003-571 1 2 1 13 24 4061 1.0 0.017055655296229804
table-0003-494 9 2 0 46 86 2170 0.5 0.42149454240134343
table-0003-715 19 5 9 50 52 3313 0.5 0.13831098782555093
table-0003-281 2 3 0 296 266 29458 1.0 0.012012426648256818
table-0003-12 4 3 0 20 48 1397 1.0 0.2501132759401903
table-0003-810 4 2 0 99 187 6720 0.3333333333333333 0.009246141227350683
table-0003-366 15 9 26 324 187 45171 0.5 0.04514363885088919
table-0003-148 6 9 4 55 357 4022 0.25 0.22207267833109018
table-0003-471 3 7 6 429 410 5076 0.5 0.11937377690802348
table-0003-187 3 5 0 855 397 20209 0.0625 0.029009829777031888
table-0003-394 22 6 4 420 401 1321064 1.0 0.04004799139464648
table-0003-482 3 7 7 429 410 5076 0.5 0.11056751467710371
table-0003-904 61 6 58 604 333 180574 0.125 0.12378020446096655
table-0003-274 1 3 0 18 27 1499 1.0 0.09879253567508232
table-0003-196 2 7 0 1045 493 25908 0.0625 0.0905373831775701
table-0003-105 9 11 58 58 27 1263 0.3333333333333333 1.0670859538784068
table-0003-161 28 6 0 806 360 17394 0.07692307692307693 0.5110957004160888
table-0003-699 8 5 0 603 429 27681 0.5 0.13518518518518519
table-0003-165 5 5 0 806 360 17394 0.07692307692307693 0.3196948682385576
table-0003-816 1 3 0 14 75 446 1.0 0.008703481392557022
table-0003-673 1 3 0 11 38 1628 1.0 0.10394489668127739
table-0003-577 48 4 0 193 855 4701 0.5 0.1620144069976846
table-0003-662 18 5 18 39 48 1031 1.0 1.7213779128672746
table-0003-666 3 7 0 472 836 660 1.0 0.03356121814791796
table-0003-557 0 1 0 16 13 1662 1.0 0.0
table-0003-983 8 3 0 137 75 139093 0.5 0.08715336728919072
table-0003-701 7 3 0 156 112 21145 1.0 0.10502232142857143
table-0003-127 11 2 0 10 23 3969 0.5 0.12020033388981637
table-0003-905 2 4 2 604 333 180574 0.125 0.0017425650557620818
table-0003-210 5 7 4 1045 493 25908 0.0625 0.20619158878504673
table-0003-531 12 4 0 338 440 25665 0.25 1.3822363203806503
table-0003-680 15 4 2 1304 668 22084 1.0 0.03841949086365766
table-0003-747 3 8 0 21 31 3516 1.0 0.052554744525547446
table-0003-580 17 4 0 1468 352 136498 0.14285714285714285 0.046025488218575224
table-0003-58 10 11 0 23 159 741 0.08333333333333333 0.26425855513307983
table-0003-286 24 4 14 228 201 12441 0.5 2.6754491017964073
table-0003-310 3 2 1 184 252 198585 0.3333333333333333 0.013330680461599681
table-0003-374 5 3 3 59 33 1609 0.2 0.16156462585034015
table-0003-23 11 6 0 119 75 15267 1.0 0.3423258649596098
table-0003-76 2 6 0 2477 863 318641 0.07142857142857142 0.00843002175489485
table-0003-426 3 3 1 104 104 1580 0.5 0.19426048565121412
table-0003-861 14 13 0 129 140 4629 0.25 0.6610478359908883
table-0003-624 0 1 0 170 186 2226 1.0 0.0
table-0003-25 20 4 0 294 193 16097 1.0 2.0209059233449476
table-0003-252 4 3 0 318 244 17961 1.0 0.00968236582694414
table-0003-276 6 7 0 119 209 8797 0.16666666666666666 1.7250409165302782
table-0003-415 19 7 69 35 43 914 0.3333333333333333 2.0559105431309903
table-0003-820 1 3 0 532 521 629997 1.0 0.005083774881855936
table-0003-875 2 7 2 26 36 1589 0.5 0.12941847206385404
table-0003-512 5 5 0 20 22 621 0.5 1.4368686868686869
table-0003-195 3 3 3 1045 493 25908 0.0625 0.027453271028037383
table-0003-899 1 3 0 353 348 3333 1.0 0.07295988934993085
table-0003-667 5 4 0 472 836 660 1.0 0.053138595400870105
table-0003-643 12 5 9 80 130 51769 0.25 1.3408323959505062
table-0003-829 6 3 1 324 290 73884 1.0 0.06213043861971582
table-0003-985 1 2 1 20 46 1831 1.0 0.005427408412483039
table-0003-719 2 7 2 305 213 187 1.0 0.012001548586914441
table-0003-599 2 3 0 37 48 2143 0.3333333333333333 1.8533333333333333
table-0003-733 23 7 49 2036 602 421560 0.25 1.104018238814477
table-0003-137 6 6 0 51 97 776 0.2 0.1969439728353141
table-0003-143 7 4 4 49 66 2580 0.3333333333333333 1.8520710059171597
table-0003-830 44 6 29 180 276 2293 0.2 2.914285714285714
table-0003-107 1 2 1 92 150 42239 0.25 0.010957324106113034
table-0003-895 4 3 0 33 92 1116 0.5 0.051934826883910386
table-0003-822 26 4 0 3 47 474 0.25 8.162962962962963
table-0003-49 2 3 0 23 159 741 0.08333333333333333 0.11343472750316856
table-0003-232 10 5 0 1023 406 27370 0.125 0.08047901107391192
table-0003-129 6 5 4 73 120 4054 1.0 0.18218933401377901
table-0003-312 6 4 0 184 252 198585 0.3333333333333333 0.06068444090728213
table-0003-171 15 7 0 806 360 17394 0.07692307692307693 1.115117891816921
table-0003-132 14 6 0 212 461 13685 0.16666666666666666 0.08123689727463312
table-0003-131 18 5 4 212 461 13685 0.16666666666666666 0.09367257480465027
table-0003-339 170 3 154 9 2342 200793 1.0 6.995031937544358
table-0003-395 1 3 0 103 136 1871 1.0 0.0175609756097561
table-0003-194 2 14 0 4 28 664 1.0 0.2511144130757801
table-0003-266 9 3 0 55 188 139425 0.1111111111111111 0.4103911266783421
table-0003-670 1 2 0 23 48 6191 1.0 0.03727714748784441
table-0003-225 4 5 0 1023 406 27370 0.125 0.03592583054339428
table-0003-273 2 3 0 27 30 1144 1.0 0.22621809744779584
table-0003-548 7 3 0 674 671 37158 0.1111111111111111 0.031737329434697856
table-0003-848 18 4 10 400 171 1231129 1.0 0.18043790954131372
table-0003-75 3 5 0 2477 863 318641 0.07142857142857142 0.01069615663524293
table-0003-55 10 4 0 23 159 741 0.08333333333333333 0.7021546261089987
table-0003-145 1 3 0 68 85 8530 1.0 0.01729518855656697
table-0003-174 35 3 1 160 193 16627 0.3333333333333333 1.7249626307922272
table-0003-980 4 5 8 35 63 2177 1.0 0.15316718587746625
table-0003-283 11 3 0 42 112 949 1.0 0.11606436296491691
table-0003-464 9 7 14 429 410 5076 0.5 0.363013698630137
table-0003-412 0 1 0 44 55 2307 1.0 0.0
table-0003-212 308 4 2 144 750 43341 1.0 11.917876815222835
table-0003-229 8 8 0 1023 406 27370 0.125 0.11382951326294102
table-0003-272 2 3 0 355 403 9434 1.0 0.061211340206185565
table-0003-762 4 3 0 94 110 33390 1.0 0.008409153570443893
table-0003-563 1 4 1 43 54 12880 0.25 0.013039428748835765
table-0003-867 52 4 16 159 325 208621 0.25 6.631276901004304
table-0003-539 16 7 16 130 154 96203 1.0 0.38546473302570866
table-0003-879 1 3 0 10 13 1089 0.3333333333333333 0.07241379310344828
table-0003-851 0 1 0 10 19 1967 1.0 0.0
table-0003-972 1 3 0 29 32 2714 1.0 0.25263157894736843
table-0003-27 6 6 0 72 128 890 0.2 0.19946808510638298
table-0003-247 9 7 0 941 473 27709 0.08333333333333333 0.23781973203410475
table-0003-342 2 1 0 539 400 48370 0.05 0.006934198878725288
table-0003-677 1 3 0 54 729 491 1.0 0.031304856641310705
table-0003-620 4 9 0 178 119 17204 0.3333333333333333 0.046511627906976744
table-0003-20 14 3 1 174 302 5370 1.0 0.08813369907548511
table-0003-80 1 5 0 2477 863 318641 0.07142857142857142 0.0006345177664974619
table-0003-164 12 5 0 806 360 17394 0.07692307692307693 0.5603328710124826
table-0003-406 2 3 1 104 112 2996 0.5 0.12479608482871125
table-0003-150 13 4 0 10 22 4107 0.16666666666666666 4.211418376449599
table-0003-671 1 2 0 27 43 14328 1.0 0.010217681030653044
table-0003-942 3 6 8 20 13 2416 0.5 0.23672566371681417
table-0003-933 4 9 2 1685 524 179718 0.07692307692307693 0.0063561377971858325
table-0003-254 2 3 0 59 70 4035 0.25 0.017127799736495388
table-0003-211 2 2 0 8 12 269 1.0 0.1169811320754717
table-0003-347 2 6 0 539 400 48370 0.05 0.04278548244319858
table-0003-857 29 4 0 94 146 2043 1.0 1.5623376623376624
table-0003-592 1 1 0 3901 710 520628 0.25 0.0011464676059208684
table-0003-255 9 4 0 66 124 870 0.3333333333333333 2.553734061930783
table-0003-931 64 8 55 1685 524 179718 0.07692307692307693 0.04361960213488598
table-0003-57 10 11 0 23 159 741 0.08333333333333333 0.2693282636248416
table-0003-6 11 7 13 50 85 502 0.5 9.352459016393443
table-0003-439 13 4 13 396 237 47001 0.3333333333333333 0.2054414214325375
table-0003-144 2 3 0 49 66 2580 0.3333333333333333 1.6449704142011834
table-0003-397 0 1 0 40 53 1910 1.0 0.0
table-0003-900 3 4 4 59 18 3135 0.5 0.21536796536796537
table-0003-989 5 2 0 70 36 4661 0.5 0.08388375165125496
table-0003-554 25 5 25 10 117 4075 1.0 0.9390962671905697
table-0003-618 11 4 0 7079 424 366315 1.0 0.05802284000461414
table-0003-70 6 5 5 175 167 6241 0.3333333333333333 0.13990384615384616
table-0003-694 36 7 28 1014 570 322344 0.3333333333333333 0.13179637939037597
table-0003-501 0 1 0 22 44 545 1.0 0.0
table-0003-809 12 3 2 99 187 6720 0.3333333333333333 0.037767504287525164
table-0003-632 0 1 0 401 295 50543 1.0 0.0
table-0003-865 168 4 45 159 325 208621 0.25 48.18651362984218
table-0003-192 2 8 0 855 397 20209 0.0625 0.022536561975545433
table-0003-239 11 4 0 941 473 27709 0.08333333333333333 0.19366626065773446
table-0003-294 11 6 0 2076 566 116636 0.14285714285714285 0.02155739608328818
table-0003-431 0 1 0 39 49 1703 1.0 0.0
table-0003-309 1 2 1 25 45 4479 1.0 0.02395964691046658
table-0003-920 1 3 0 150 177 2583 1.0 0.05110547299746285
table-0003-882 4 2 0 12 25 1737 0.25 0.03315810756166599
table-0003-510 9 6 6 51 48 944 0.5 2.856697819314642
table-0003-924 1 2 1 69 128 2777 1.0 0.009095260890378171
table-0003-442 5 2 2 20 42 2944 0.5 0.0745466756212223
table-0003-88 23 13 0 209 234 16782 0.3333333333333333 0.3637637988435255
table-0003-256 6 4 0 66 124 870 0.3333333333333333 1.7431693989071038
table-0003-805 1 2 0 31 53 4386 0.5 0.019071310116086235
table-0003-623 2 3 0 3 44 1077 1.0 0.07257304429783223
table-0003-704 30 7 27 729 684 98918 0.3333333333333333 0.29523019493985897
table-0003-581 3 3 0 11 30 1354 1.0 0.3094367227505486
table-0003-918 17 6 22 78 132 2698 1.0 0.8968708682238872
table-0003-817 5 3 0 21 68 16327 1.0 0.1379382303839733
table-0003-502 2 5 0 10 17 674 0.5 0.5921375921375921
table-0003-988 24 6 9 11 62 5779 0.5 18.6
table-0003-759 8 7 0 4732 1488 556091 0.07692307692307693 0.006175095704364889
table-0003-106 2 1 0 2652 541 212591 1.0 0.0012313860252004582
table-0003-779 70 4 2 555 506 41239 1.0 3.953042328042328
table-0003-327 1 2 1 51 58 902 1.0 0.019476905954368393
table-0003-113 13 5 0 171 204 1673 0.2 1.2547619047619047
table-0003-284 27 5 17 42 112 949 1.0 0.25837509891849114
table-0003-83 4 5 3 2477 863 318641 0.07142857142857142 0.06725888324873096
table-0003-334 40 2 0 9 2342 200793 1.0 0.9865152590489709
table-0003-661 78 5 0 192 229 26990 0.5 3.4265333632891486
table-0003-155 2 4 0 376 274 105102 0.5 0.006083650190114068
table-0003-95 18 2 9 47 62 24008 0.3333333333333333 0.7490494296577946
table-0003-292 14 6 4 2076 566 116636 0.14285714285714285 0.06033748742162706
table-0003-627 48 5 29 146 182 14400 0.5 0.8058573452999528
table-0003-31 1 3 0 18 17 1437 1.0 0.2311046511627907
table-0003-411 3 2 1 68 103 27127 0.5 0.016856987493202826
table-0003-134 4 10 0 212 461 13685 0.16666666666666666 0.013293310463121783
table-0003-564 1 6 1 43 54 12880 0.25 0.010245265445513815
table-0003-493 5 7 11 429 410 5076 0.5 0.18395303326810175
table-0003-452 3 5 2 51 78 1320 1.0 0.3432377049180328
table-0003-897 0 1 0 30 32 11114 1.0 0.0
table-0003-595 6 3 0 187 190 5220 0.25 0.15417209908735333
table-0003-514 10 5 14 14 26 1647 0.5 0.9105058365758755
table-0003-110 12 3 0 171 204 1673 0.2 1.180952380952381
table-0003-555 0 1 0 164 181 2590 1.0 0.0
table-0003-887 1 2 0 77 92 1633 0.25 0.04498816101026046
table-0003-386 30 5 42 10 347 5499 0.3333333333333333 4.905454545454545
table-0003-598 11 4 8 37 48 2143 0.3333333333333333 2.953333333333333
table-0003-179 15 7 0 855 397 20209 0.0625 0.22224886118436826
table-0003-583 0 1 0 54 55 11145 1.0 0.0
table-0003-112 12 13 12 171 204 1673 0.2 1.6785714285714286
table-0003-659 1 5 1 18 57 3231 0.5 0.01711580480699199
table-0003-685 3 5 4 31 56 2541 1.0 0.11896207584830339
table-0003-361 2 6 2 269 218 45297 0.5 0.023685192092502798
table-0003-902 6 5 0 604 333 180574 0.125 0.0011617100371747212
table-0003-847 1 3 0 62 103 3190 1.0 0.025772395590746778
table-0003-601 32 6 0 196 241 31818 1.0 0.1100847198121874
table-0003-377 1 2 1 6 50 3699 1.0 0.015224358974358974
table-0003-370 2 13 12 391 755 41126 0.5 0.010662744737567792
table-0003-262 18 6 0 2942 1154 494645 0.07692307692307693 0.04025737628582314
table-0003-352 16 3 0 371 317 6707 1.0 0.4330609679446889
table-0003-460 5 7 11 429 410 5076 0.5 0.18444227005870842
table-0003-835 1 3 1 52 30 3128 0.5 0.03007518796992481
table-0003-375 1 3 0 78 88 11861 1.0 0.03183989083466
table-0003-13 37 4 2 113 233 29240 0.2 0.5962530850347768
table-0003-231 10 8 0 1023 406 27370 0.125 0.11267061550347669
table-0003-525 34 5 0 78 73 1372 0.5 5.331961591220851
table-0003-328 23 3 0 36 63 2535 0.5 0.08260809504075149
table-0003-723 4 2 0 61 100 7981 0.3333333333333333 0.09421487603305785
table-0003-818 1 3 0 20 18 1136 1.0 0.10531220876048462
table-0003-300 10 7 0 2076 566 116636 0.14285714285714285 0.016642154965554608
table-0003-578 11 3 0 1468 352 136498 0.14285714285714285 0.011093792976987257
table-0003-724 5 5 0 61 100 7981 0.3333333333333333 0.3611570247933884
table-0003-998 25 10 25 37 53 5843 1.0 2.0128579777907656
table-0003-79 25 9 0 2477 863 318641 0.07142857142857142 0.30982596084118924
table-0003-752 4 3 0 468 164 2416735 0.5 0.004851280419914108
table-0003-964 5 6 9 18 54 1217 0.5 0.3478566408995081
table-0003-710 12 5 1 74 54 36775 0.5 0.29774844720496896
table-0003-761 1 3 0 18 30 1179 1.0 0.19905956112852666
table-0003-587 15 5 0 8 48 5963 1.0 0.8615467820443483
table-0003-783 39 4 4 438 361 27179 1.0 3.241830065359477
table-0003-18 29 4 2 362 226 30660 1.0 2.500723589001447
table-0003-617 1 1 0 441 549 37750 1.0 0.0009147457006952067
table-0003-616 2 3 0 81 98 2672 1.0 0.17744705208929593
table-0003-90 14 3 12 68 100 5613 0.3333333333333333 0.03279352226720648
table-0003-797 7 3 0 20 161 616 0.08333333333333333 0.44350758853288363
table-0003-454 6 7 13 429 410 5076 0.5 0.23923679060665362
table-0003-626 6 4 4 15 42 3590 0.5 0.02889338341519792
table-0003-128 2 6 0 86 34 28296 0.5 0.06241815800960279
table-0003-441 3 4 3 352 276 779 0.5 0.2685624012638231
table-0003-917 15 4 28 195 52 212308 0.3333333333333333 0.30068337129840544
table-0003-922 2 6 0 51 135 1525 1.0 0.18980667838312829
table-0003-430 0 1 0 44 46 1616 1.0 0.0
table-0003-51 16 5 0 23 159 741 0.08333333333333333 0.5050697084917617
table-0003-149 6 7 4 55 357 4022 0.25 0.25841184387617766
table-0003-358 1 3 0 12 27 3187 1.0 0.03415511042629687
table-0003-139 10 4 0 69 94 1068 0.5 1.3127090301003344
table-0003-19 2 3 0 174 302 5370 1.0 0.0033272376308036166
table-0003-912 10 5 5 53 57 7395 0.2 0.9760850310008857
table-0003-974 6 3 0 40 86 6221 0.3333333333333333 0.08488830486202366
table-0003-738 6 4 0 2036 602 421560 0.25 0.21373610715303507
table-0003-579 11 3 0 1468 352 136498 0.14285714285714285 0.012973319886311544
table-0003-315 1 3 0 86 253 1859 1.0 0.052778888444622155
table-0003-108 9 4 0 92 150 42239 0.25 0.3881199538638985
table-0003-486 6 7 7 429 410 5076 0.5 0.2455968688845401
table-0003-692 22 2 0 56 79 2207 0.5 0.11415044713308785
table-0003-621 2 3 0 178 119 17204 0.3333333333333333 0.03535421427611238
table-0003-821 18 4 0 3 47 474 0.25 5.385185185185185
table-0003-869 3 3 0 31 38 5753 0.3333333333333333 0.16993464052287582
table-0003-354 12 4 0 371 317 6707 1.0 0.5392834695160277
table-0003-914 29 4 0 53 57 7395 0.2 1.3658104517271923
table-0003-664 9 7 0 472 836 660 1.0 0.11591050341827222
table-0003-609 1 3 0 90 71 2359 1.0 0.18765432098765433
table-0003-477 3 7 6 429 410 5076 0.5 0.11839530332681017
table-0003-850 7 4 2 400 171 1231129 1.0 0.06632571519897715
table-0003-388 8 4 0 381 235 61134 0.5 0.48308075565704794
table-0003-644 4 5 8 21 29 1248 1.0 0.38134715025906735
table-0003-367 7 7 12 120 85 21938 0.5 0.23155216284987276
table-0003-611 8 5 4 101 97 3533 1.0 0.17016013539903657
table-0003-708 5 6 5 90 98 5754 0.3333333333333333 0.1082995951417004
table-0003-688 1 6 0 44 107 1964 0.25 0.03353219502160049
table-0003-92 1 4 0 282 304 27820 0.3333333333333333 0.1234375
table-0003-679 3 5 3 48 37 2117 1.0 0.09343032507388042
table-0003-907 26 3 0 604 333 180574 0.125 0.05834688661710037
table-0003-523 4 2 0 463 538 21378 0.5 0.06004929419672866
table-0003-721 14 4 0 305 213 187 1.0 0.6579558652729385
table-0003-357 5 3 0 305 192 255183 1.0 0.11753936287074332
table-0003-371 2 3 0 59 33 1609 0.2 0.16581632653061223
table-0003-302 1 3 0 323 345 3397 1.0 0.14917915774446824
table-0003-758 8 3 0 4732 1488 556091 0.07692307692307693 0.0035877113671777313
table-0003-146 26 4 1 569 442 27838 1.0 1.7292490118577075
table-0003-46 5 2 2 37 63 3065 1.0 0.1036468330134357
table-0003-445 2 4 2 345 279 1024 0.5 0.7841726618705036
table-0003-14 12 6 3 113 233 29240 0.2 0.09400942337895446
table-0003-249 11 3 0 528 247 940048 0.25 0.02899421965317919
table-0003-499 6 11 0 29 60 1751 0.3333333333333333 0.12950819672131147
table-0003-916 17 3 0 34 45 22138 0.5 0.43304843304843305
table-0003-299 15 7 0 2076 566 116636 0.14285714285714285 0.015403669014629615
table-0003-966 4 4 6 107 109 3239 0.3333333333333333 0.1890625
table-0003-628 2 5 0 36 56 3355 0.5 0.09090909090909091
table-0003-306 2 3 0 109 124 63749 1.0 0.010980443116106816
table-0003-213 10 3 0 144 750 43341 1.0 0.27791687531296944
table-0003-994 1 5 0 230 113 1031532 0.25 0.04220499569336779
table-0003-610 4 3 0 306 376 414601 0.25 0.039899431569742023
table-0003-655 1 3 0 19 47 1314 1.0 0.05126118795768918
table-0003-151 13 4 0 10 22 4107 0.16666666666666666 5.061552185548617
table-0003-792 12 8 0 272 98 107955 1.0 0.0982262996941896
table-0003-293 20 5 0 2076 566 116636 0.14285714285714285 0.031852310550352196
table-0003-335 101 3 0 9 2342 200793 1.0 4.7948899929027675
table-0003-21 11 11 0 174 302 5370 1.0 0.027252870059941075
table-0003-872 16 3 0 5 8 1067 0.3333333333333333 1.0543478260869565
table-0003-348 5 8 0 539 400 48370 0.05 0.029064620832103864
table-0003-606 1 2 1 95 134 6994 0.5 0.0135424091233072
table-0003-505 5 3 0 645 391 243580 0.3333333333333333 0.016079158936301793
table-0003-369 1 6 1 120 85 21938 0.5 0.022264631043257
table-0003-188 22 5 0 855 397 20209 0.0625 0.19407815871493647
table-0003-121 1 3 0 81 79 2682 1.0 0.12476894639556377
table-0003-97 27 4 34 47 62 24008 0.3333333333333333 1.420785804816223
table-0003-205 3 4 0 1045 493 25908 0.0625 0.1191588785046729
table-0003-147 70 4 40 206 129 153758 0.5 0.7646919431279621
table-0003-903 89 7 142 604 333 180574 0.125 0.21482922862453532
table-0003-650 2 2 0 33 52 5224 1.0 0.02836004932182491
table-0003-238 11 7 0 941 473 27709 0.08333333333333333 0.26400730816077955
table-0003-378 6 3 4 19 76 242 1.0 0.08462354188759279
table-0003-767 7 4 0 391 387 481199 1.0 0.09023103511006003
table-0003-244 3 7 0 941 473 27709 0.08333333333333333 0.07825822168087698
table-0003-465 3 7 6 429 410 5076 0.5 0.11741682974559686
table-0003-166 3 5 0 806 360 17394 0.07692307692307693 0.13592233009708737
table-0003-750 4 4 0 21 31 3516 1.0 0.043928334439283345
table-0003-550 2 5 0 161 181 9243 0.1111111111111111 0.024695266740541396
table-0003-669 3 5 2 20 29 991 1.0 0.2391653290529695
table-0003-216 3 3 0 144 750 43341 1.0 0.04056084126189284
table-0003-739 18 4 29 234 271 79813 0.5 0.08834214002642007
table-0003-678 7 3 0 332 349 30548 0.5 0.09416666666666666
table-0003-157 83 4 147 177 220 14994 0.3333333333333333 0.6163635002619957
table-0003-955 4 2 0 174 133 136003 0.5 0.003105590062111801
table-0003-56 12 11 0 23 159 741 0.08333333333333333 0.3149556400506971
table-0003-784 2 3 0 67 152 21542 1.0 0.04150545198733732
table-0003-886 1 3 0 77 92 1633 0.25 0.0473559589581689
table-0003-604 1 3 0 252 167 705519 1.0 0.007845269535497903
table-0003-403 4 13 11 223 324 14087 0.1111111111111111 0.03456495828367104
table-0003-971 2 3 1 11 19 800 0.5 0.10166666666666667
table-0003-629 0 1 0 166 177 3355 1.0 0.0
table-0003-186 5 5 0 855 397 20209 0.0625 0.057540158235435145
table-0004-1000 33 2 5 26 87 2511 0.5 0.4058675305975522
table-0003-741 26 5 8 116 146 3998 0.3333333333333333 0.394718792866941
table-0003-957 7 2 0 285 185 55429 0.2 0.08698884758364313
table-0003-740 0 1 0 116 146 3998 0.3333333333333333 0.0
table-0003-66 1 3 0 179 179 6521 1.0 0.025299299751524736
table-0003-221 10 5 0 144 750 43341 1.0 0.3560340510766149
table-0003-437 0 1 0 41 46 1733 1.0 0.0
table-0003-652 6 2 0 235 139 185519 0.5 0.01446103337762839
table-0003-787 8 4 15 201 172 12003 1.0 0.1416490486257928
table-0003-488 3 6 5 429 410 5076 0.5 0.08561643835616438
table-0003-852 2 2 1 72 133 6237 0.3333333333333333 0.01713116849910509
table-0003-9 3 3 0 19 34 2274 0.2 0.08390141583639224
table-0003-475 7 7 10 429 410 5076 0.5 0.2847358121330724
table-0003-355 9 4 0 371 317 6707 1.0 0.4663733500942803
table-0003-795 10 11 0 20 161 616 0.08333333333333333 0.34317032040472173
table-0003-402 4 13 11 223 324 14087 0.1111111111111111 0.03814064362336114
table-0003-619 0 1 0 23 21 1980 1.0 0.0
table-0003-353 7 3 0 371 317 6707 1.0 0.20301697045883094
table-0003-305 6 5 3 109 124 63749 1.0 0.02462478071600286
table-0003-240 9 4 0 941 473 27709 0.08333333333333333 0.15986601705237516
table-0003-313 1 3 0 184 252 198585 0.3333333333333333 0.013728611221647433
table-0003-930 9 11 0 1685 524 179718 0.07692307692307693 0.030033964095099466
table-0003-500 5 3 0 29 60 1751 0.3333333333333333 0.14295081967213114
table-0003-625 3 2 0 15 42 3590 0.5 0.05605316382548396
table-0003-265 1 4 1 38 39 4506 0.5 0.05429864253393665
table-0003-53 10 4 0 23 159 741 0.08333333333333333 0.8422053231939164
table-0003-392 1 4 0 420 401 1321064 1.0 0.00022754540565140044
table-0003-975 2 3 1 84 103 1830 0.3333333333333333 0.07380520266182698
table-0003-656 3 5 2 22 31 1168 1.0 0.1333872271624899
table-0003-800 10 4 0 20 161 616 0.08333333333333333 0.9097807757166948
table-0003-778 4 6 0 79 104 9870 0.3333333333333333 0.13253012048192772
table-0003-389 0 1 0 77 110 9189 1.0 0.0
table-0003-350 21 4 21 371 317 6707 1.0 0.6756756756756757
table-0003-993 10 4 2 230 113 1031532 0.25 0.19867929945449325
table-0003-424 0 1 0 41 45 2114 1.0 0.0
table-0003-422 4 3 3 91 118 1539 0.5 0.06632247815726768
table-0003-801 12 11 0 20 161 616 0.08333333333333333 0.4148397976391231
table-0003-517 4 3 0 265 158 36033 1.0 0.03406380027739251
table-0003-511 17 3 12 83 41 7384 0.5 0.18549311926605505
table-0003-716 1 3 0 36 50 2382 1.0 0.025281754492841913
table-0003-470 3 7 6 429 410 5076 0.5 0.13062622309197652
table-0003-191 2 8 0 855 397 20209 0.0625 0.024454567250059938
table-0003-433 1 5 1 7 9 239 1.0 0.2565789473684211
table-0003-743 26 9 75 260 297 45891 0.5 0.6987801842170774
table-0003-208 1 7 0 1045 493 25908 0.0625 0.07593457943925233
table-0003-576 2 3 2 11 23 695 0.5 0.017162471395881007
table-0003-458 5 7 11 429 410 5076 0.5 0.18444227005870842
table-0003-303 1 2 1 128 160 14511 1.0 0.011033681765389082
table-0003-814 1 1 1 294 162 19780 0.3333333333333333 0.0
table-0003-991 0 1 0 14 16 5966 1.0 0.0
table-0003-380 1 3 0 64 74 1991 1.0 0.029964868774540195
table-0003-136 6 6 0 51 97 776 0.2 0.20543293718166383
table-0003-811 3 2 2 108 201 33287 1.0 0.03485424588086185
table-0003-330 5 5 1 18 30 1919 0.5 0.016929499072356215
table-0003-696 11 4 0 1014 570 322344 0.3333333333333333 0.019835989478570324
table-0003-570 1 3 0 31 31 5062 1.0 0.03798170224563349
table-0003-990 3 3 0 243 122 6606 0.5 0.05322896281800391
table-0003-953 2 3 2 18 26 5786 1.0 0.3273453093812375
table-0003-746 4 6 0 21 31 3516 1.0 0.05228931652289317
table-0003-103 4 2 0 63 159 4250 0.3333333333333333 0.008941176470588235
table-0003-295 19 6 35 2076 566 116636 0.14285714285714285 0.07593466986608871
table-0003-81 22 6 19 2477 863 318641 0.07142857142857142 0.2837200870195794
table-0003-640 1 1 0 5092 610 382992 0.25 0.0005598621877691645
table-0003-297 6 7 5 2076 566 116636 0.14285714285714285 0.0644012694480997
table-0003-316 7 7 7 29 85 28461 1.0 1.1333333333333333
table-0003-34 12 3 0 71 126 1192 0.2 0.3289588801399825
table-0003-946 1 2 1 34 53 1854 1.0 0.024869109947643978
table-0003-425 0 1 0 41 55 1941 1.0 0.0
table-0003-40 2 3 2 630 43 13445 0.5 0.008114060507708357
table-0003-275 2 2 0 8 25 1260 1.0 0.033288948069241014
table-0003-728 4 2 0 18 27 3113 0.5 0.11962174940898346
table-0003-417 1 2 0 21 54 13079 0.5 0.009248090068355449
table-0003-771 1 3 0 62 67 3961 1.0 0.0728538283062645
table-0003-176 2 3 0 28 74 3001 1.0 0.011404500154114866
table-0003-796 23 5 0 20 161 616 0.08333333333333333 0.8946037099494097
table-0003-854 0 1 0 72 133 6237 0.3333333333333333 0.0
table-0003-332 230 3 122 9 2342 200793 1.0 11.43860894251242
table-0003-449 28 2 28 381 348 11226 0.5 3.218867924528302
table-0003-246 9 7 1 941 473 27709 0.08333333333333333 0.2031059683313033
table-0003-896 4 3 0 33 92 1116 0.5 0.09572301425661914
table-0003-416 0 1 0 40 46 2001 1.0 0.0
table-0003-636 6 2 0 7182 743 678098 0.25 0.013640121245522182
table-0003-927 11 5 0 1685 524 179718 0.07692307692307693 0.02173702086365842
table-0003-496 2 13 0 93 345 1462 1.0 0.013656871113278868
table-0003-633 0 1 0 179 192 3106 1.0 0.0
table-0003-635 1 1 0 7182 743 678098 0.25 0.001074676219344172
table-0003-941 0 1 0 17 83 4431 1.0 0.0
table-0003-630 10 3 0 7 42 2109 0.3333333333333333 0.28351836037574724
table-0003-109 0 1 0 31 78 167 1.0 0.0
table-0003-529 23 3 0 23 48 12555 0.5 0.33604954367666234
table-0003-668 2 4 0 472 836 660 1.0 0.020820385332504663
table-0003-683 17 5 2 20 39 5731 0.3333333333333333 1.7306122448979593
table-0003-408 0 1 0 43 43 1540 1.0 0.0
table-0003-152 13 4 0 10 22 4107 0.16666666666666666 2.5887600356824265
table-0003-874 0 1 0 1626 274 64562 0.5 0.0
table-0003-215 5 6 0 144 750 43341 1.0 0.1587381071607411
table-0003-947 0 1 0 25 25 12039 1.0 0.0
table-0003-37 17 2 0 136 105 16012 1.0 0.07112389643884535
table-0003-693 5 3 0 30 56 17448 1.0 0.1680591259640103
table-0003-400 4 13 11 223 324 14087 0.1111111111111111 0.03742550655542312
table-0003-995 4 3 4 37 34 17910 1.0 1.1458333333333333
table-0003-183 9 8 0 855 397 20209 0.0625 0.10369216015344042
table-0003-180 2 8 0 855 397 20209 0.0625 0.02960920642531767
table-0003-717 7 5 3 29 61 1530 1.0 0.29961616617746667
table-0003-203 22 6 0 1045 493 25908 0.0625 0.34404205607476634
table-0003-135 1 3 0 218 164 3368 1.0 0.25888324873096447
table-0003-428 7 7 6 20 39 2570 0.5 0.4152186938286399
table-0003-202 10 4 0 1045 493 25908 0.0625 0.39135514018691586
table-0003-961 2 6 3 64 61 1360 0.5 0.03998849252013809
table-0003-648 3 5 0 10410 821 761397 0.25 0.009366539015049882
table-0003-519 23 5 23 165 281 3850 0.3333333333333333 0.05390756302521008
table-0003-22 12 4 0 244 181 15067 1.0 1.621705426356589
table-0003-832 3 3 0 7 13 271 1.0 0.35958005249343833
table-0003-140 10 6 0 69 94 1068 0.5 0.4774247491638796
table-0003-217 7 3 0 144 750 43341 1.0 0.10966449674511768
table-0003-834 2 2 0 77 116 7867 0.5 0.03890894504612916
table-0003-868 6 6 2 49 104 2011 1.0 0.4373508353221957
table-0003-949 8 7 8 459 94 17948 0.5 0.29871977240398295
table-0003-414 4 3 0 35 43 914 0.3333333333333333 0.4952076677316294
table-0003-881 29 3 0 12 25 1737 0.25 0.3044884755357865
table-0003-909 1 3 0 31 41 1775 1.0 0.10486111111111111
table-0003-769 10 6 0 1892 879 1200083 0.5 0.005155655726158614
table-0003-153 13 4 0 10 22 4107 0.16666666666666666 2.768956289027654
table-0003-116 40 4 0 214 302 18707 0.5 0.09249575107857236
table-0003-156 6 4 11 177 220 14994 0.3333333333333333 0.05254884347630811
table-0003-64 38 6 0 345 548 2028 0.3333333333333333 2.5405727923627683
table-0003-772 27 4 5 473 240 35562 1.0 2.1710097719869705
table-0003-260 5 2 0 2942 1154 494645 0.07692307692307693 0.010244253481776235
table-0003-513 1 2 0 51 65 10028 1.0 0.12365591397849462
table-0003-781 20 10 11 46 76 61170 0.3333333333333333 5.40072202166065
table-0003-913 2 3 1 53 57 7395 0.2 0.17094774136403898
table-0003-296 6 9 5 2076 566 116636 0.14285714285714285 0.004412106200170292
table-0003-950 1 3 0 44 51 15572 1.0 0.03510998307952622
table-0003-8 2 2 0 125 153 6827 0.5 0.05415860735009671
table-0003-999 2 3 0 683 220 542975 1.0 0.006379110890761858
table-0003-243 6 7 4 941 473 27709 0.08333333333333333 0.18453105968331304
table-0003-845 1 3 0 26 119 6679 1.0 0.01335113484646195
table-0003-32 6 7 5 71 126 1192 0.2 0.10586176727909011
table-0003-956 4 3 0 192 294 4191 1.0 0.10915492957746478
table-0003-379 8 3 5 19 76 242 1.0 0.10901378579003182
table-0003-181 14 8 0 855 397 20209 0.0625 0.1793334931671062
table-0003-440 2 3 1 14 118 651 1.0 0.05394066526820498
table-0003-349 3 3 0 8 12 15254 0.5 0.16243148978574987
table-0003-287 8 7 4 234 128 10658 1.0 0.07421425833652741
table-0003-672 5 3 0 56 83 3625 1.0 0.15982837221775276
table-0003-102 8 2 6 63 159 4250 0.3333333333333333 0.009176470588235295
table-0003-100 9 4 7 51 66 3519 1.0 0.49079143852663015
table-0003-864 1 3 0 46 27 1276 1.0 0.039071347678369193
table-0003-638 0 1 0 7182 743 678098 0.25 0.0
table-0003-898 3 3 0 104 150 141682 1.0 0.031848630861440824
table-0003-474 1 5 2 429 410 5076 0.5 0.048434442270058706
table-0003-521 0 1 0 15 12 1529 1.0 0.0
table-0003-968 4 4 4 354 279 718 0.5 0.2878338278931751
table-0003-780 33 23 0 46 76 61170 0.3333333333333333 8.521660649819495
table-0003-448 9 3 0 53 43 3413 1.0 0.3517647058823529
table-0003-853 2 2 0 72 133 6237 0.3333333333333333 0.013551521350038353
table-0003-883 14 4 0 147 58 15882 0.25 0.21972477064220183
table-0003-859 15 3 0 8 13 1037 0.3333333333333333 0.7843137254901961
table-0003-992 28 4 9 230 113 1031532 0.25 0.7045650301464255
table-0003-568 0 1 0 11 46 312 1.0 0.0
table-0003-118 9 8 1 816 403 224763 0.25 0.28951561504142764
table-0003-600 44 6 0 196 241 31818 1.0 0.16229457997346125
table-0003-418 3 2 3 89 129 19372 1.0 0.03263086335825969
table-0003-206 21 4 0 1045 493 25908 0.0625 0.8376168224299065
table-0003-713 1 2 1 41 49 6938 1.0 0.013678905687544997
table-0003-63 77 4 0 345 548 2028 0.3333333333333333 14.632458233890215
table-0003-836 1 1 0 214 115 19343 1.0 0.006753177966101695
table-0003-804 10 11 0 20 161 616 0.08333333333333333 0.33811129848229343
table-0003-111 12 11 10 171 204 1673 0.2 1.4142857142857144
table-0003-803 10 11 0 20 161 616 0.08333333333333333 0.3608768971332209
table-0003-963 4 2 0 35 49 7581 0.3333333333333333 0.14959723820483314
table-0003-608 1 1 0 135 123 4585 1.0 0.033165829145728645
table-0003-3 11 7 22 123 200 5650 1.0 0.14754098360655737
table-0003-319 50 3 0 29 85 28461 1.0 27.43125
table-0003-498 1 2 1 44 46 9193 1.0 0.02392947103274559
table-0003-748 3 8 0 21 31 3516 1.0 0.09502322495023224
table-0003-866 20 4 6 159 325 208621 0.25 1.7604017216642756
table-0003-729 2 2 0 21 33 1364 1.0 0.0738255033557047
table-0003-443 18 4 1 20 42 2944 0.5 0.4714573539288113
table-0003-456 5 7 10 429 410 5076 0.5 0.18395303326810175
table-0003-114 6 5 6 171 204 1673 0.2 0.7857142857142857
table-0003-534 3 5 2 49 66 1147 1.0 0.8308823529411765
table-0003-241 8 4 0 941 473 27709 0.08333333333333333 0.12880633373934228
table-0003-844 3 5 2 40 69 930 1.0 0.7539267015706806
table-0003-737 5 4 0 2036 602 421560 0.25 0.22342547734397264
table-0003-934 6 9 6 1685 524 179718 0.07692307692307693 0.0036875303250849104
table-0003-167 22 5 0 806 360 17394 0.07692307692307693 1.0714285714285714
table-0003-93 44 2 22 47 62 24008 0.3333333333333333 2.917617237008872
table-0003-939 8 8 6 1685 524 179718 0.07692307692307693 0.014847161572052401
table-0003-526 3 4 3 397 479 1371 0.5 0.4163346613545817
table-0003-826 3 7 4 252 234 25639 0.25 0.008229601753442785
table-0003-736 18 10 79 2036 602 421560 0.25 0.11969222000569962
table-0003-970 4 2 0 139 146 33968 0.5 0.10154997327632283
table-0003-61 10 1 0 207 399 2825 1.0 0.238517745302714
table-0003-48 2 3 0 134 91 5340 1.0 0.18611309949892627
table-0003-528 6 4 4 403 488 1028 0.5 0.9114173228346457
table-0003-997 4 3 0 37 53 5843 1.0 0.017533606078316773
table-0003-419 0 1 0 19 11 1919 1.0 0.0
table-0003-665 1 4 0 472 836 660 1.0 0.009633312616532008
table-0003-393 2 10 0 420 401 1321064 1.0 0.0010756691903520748
table-0003-359 2 2 1 21 22 3447 1.0 0.08194622279129321
table-0003-170 8 5 0 806 360 17394 0.07692307692307693 0.43619972260748957
table-0003-516 7 4 7 368 279 928 0.5 2.6944444444444446
table-0003-223 10 4 0 144 750 43341 1.0 0.6044066099148723
table-0003-320 47 3 0 29 85 28461 1.0 22.210416666666667
table-0003-798 10 4 0 20 161 616 0.08333333333333333 1.0978077571669478
table-0003-251 15 4 0 528 247 940048 0.25 0.0446242774566474
table-0003-193 0 1 0 1808 701 392848 1.0 0.0
table-0003-647 1 1 0 10410 821 761397 0.25 0.0009512891187160036
table-0003-301 82 3 1 206 621 6166 1.0 7.82051282051282
table-0003-177 3 3 3 855 397 20209 0.0625 0.007432270438743707
table-0003-586 3 3 0 74 46 11135 1.0 0.0732776617954071
table-0003-597 22 9 3 37 48 2143 0.3333333333333333 13.106666666666667
table-0003-645 4 2 0 22 62 2620 0.3333333333333333 0.04204993429697766
table-0003-639 0 1 0 163 182 2746 1.0 0.0
table-0003-646 2 3 0 22 62 2620 0.3333333333333333 0.03712220762155059
table-0003-812 3 1 1 294 162 19780 0.3333333333333333 0.027885027885027884
table-0003-925 4 9 3 1685 524 179718 0.07692307692307693 0.004415332362930616
table-0003-613 10 2 0 62 87 7754 0.5 0.0074232690935046395
table-0003-682 4 2 0 20 39 5731 0.3333333333333333 0.18775510204081633
table-0003-943 23 8 8 54 121 944 0.25 4.441326530612245
table-0003-84 1 2 0 2477 863 318641 0.07142857142857142 0.011240029006526469
table-0003-755 1 2 1 46 95 7422 1.0 0.01157830591102986
table-0003-50 10 11 0 23 159 741 0.08333333333333333 0.24841571609632446
table-0003-497 0 1 0 45 76 2116 1.0 0.0
table-0003-288 3 4 0 398 210 148996 0.25 0.007869728766580875
table-0003-838 14 5 0 333 262 155109 0.16666666666666666 0.14673001676914477
table-0003-123 1 2 1 16 33 4498 1.0 0.0183752417794971
table-0003-472 3 7 7 429 410 5076 0.5 0.11399217221135029
table-0003-540 1 3 0 91 99 6619 1.0 0.04396482813749001
table-0003-94 8 2 4 47 62 24008 0.3333333333333333 0.3700887198986058
table-0003-605 1 3 0 82 85 2679 1.0 0.1635150166852058
table-0003-324 41 4 32 90 101 27852 0.5 3.1333333333333333
table-0003-228 8 8 0 1023 406 27370 0.125 0.07738861704867371
table-0003-98 3 4 5 47 62 24008 0.3333333333333333 0.27122940430925224
table-0003-473 3 6 5 429 410 5076 0.5 0.10273972602739725
table-0003-732 2 9 2 2036 602 421560 0.25 0.08805927614705045
table-0003-242 12 4 0 941 473 27709 0.08333333333333333 0.25852618757612666
table-0003-233 9 4 0 218 208 17360 1.0 0.8034188034188035
table-0003-676 5 5 0 996 296 54898 0.5 0.045104802334836824
table-0003-691 0 1 0 267 207 22940 0.3333333333333333 0.0
table-0003-269 14 4 11 55 188 139425 0.1111111111111111 0.43899591360186807
table-0003-450 3 3 0 31 42 1632 1.0 0.23687752355316286
table-0003-405 0 1 0 43 46 2358 1.0 0.0
table-0003-703 0 1 0 828 443 37432 0.2 0.0
table-0003-178 2 8 0 855 397 20209 0.0625 0.019659554063773677
table-0003-827 7 10 28 252 234 25639 0.25 0.01732765394317853
table-0003-391 0 1 0 42 49 2585 1.0 0.0
table-0003-658 10 6 10 18 57 3231 0.5 0.25892206846321925
table-0003-396 0 1 0 42 51 2410 1.0 0.0
table-0003-773 4 2 0 33 59 7396 1.0 0.19889502762430938
table-0003-401 4 13 11 223 324 14087 0.1111111111111111 0.03575685339690107
table-0003-687 7 3 7 44 107 1964 0.25 0.03620654186381403
table-0003-469 3 7 6 429 410 5076 0.5 0.11643835616438356
table-0003-73 15 9 0 2477 863 318641 0.07142857142857142 0.12862581580855692
table-0003-399 8 9 6 223 324 14087 0.1111111111111111 0.09153754469606674
table-0003-878 1 2 0 10 13 1089 0.3333333333333333 0.06896551724137931
table-0003-236 16 6 0 941 473 27709 0.08333333333333333 0.13032886723507917
table-0003-545 7 2 4 13 21 2218 1.0 0.21399594320486814
table-0003-85 1 3 0 32 38 1711 1.0 0.5625
table-0003-794 2 3 0 20 161 616 0.08333333333333333 0.15767284991568298
table-0003-766 19 5 9 391 387 481199 1.0 0.2634164089503365
table-0003-978 1 2 1 29 61 6649 0.5 0.004828002414001207
table-0003-575 4 3 0 11 104 2957 0.3333333333333333 0.15677966101694915
table-0003-841 1 7 0 77 59 17437 0.125 0.025919732441471572
table-0003-860 6 3 0 8 13 1037 0.3333333333333333 0.3006535947712418
table-0003-185 22 6 0 855 397 20209 0.0625 0.07180532246463678
table-0003-86 8 5 7 238 83 12490 0.3333333333333333 0.15216649607642443
table-0003-987 1 2 0 20 22 2757 0.3333333333333333 0.02912621359223301
table-0003-257 9 6 0 66 124 870 0.3333333333333333 0.8961748633879781
table-0003-720 26 4 0 305 213 187 1.0 1.6285327138985675
table-0003-731 20 7 36 2036 602 421560 0.25 1.3009404388714734
table-0003-892 59 7 30 37 103 4848 0.3333333333333333 2.846318036286019
table-0003-849 12 4 1 400 171 1231129 1.0 0.12865590538596772
table-0003-952 40 4 0 115 115 7167 0.5 0.6271267673136832
table-0003-589 2 3 0 83 117 133413 1.0 0.01952238263869972
table-0003-343 18 6 0 539 400 48370 0.05 0.32059604603127767
table-0003-364 12 5 33 324 187 45171 0.5 0.029715762273901807
table-0003-119 3 3 0 10 16 4126 0.5 0.052073288331726135
table-0003-444 15 6 12 90 173 24459 1.0 0.7821080602302923
table-0003-842 3 3 0 89 136 11553 1.0 0.08170098777833584
table-0003-285 7 2 0 93 153 103255 1.0 0.0024385421472352202
table-0003-404 6 16 17 223 324 14087 0.1111111111111111 0.066507747318236
table-0003-858 0 1 0 81 84 218536 1.0 0.0
table-0003-253 4 13 0 59 70 4035 0.25 0.3675889328063241
table-0003-453 9 7 15 429 410 5076 0.5 0.3116438356164384
table-0003-530 15 4 0 338 440 25665 0.25 1.3917525773195876
table-0003-552 1 2 0 11 29 1638 0.3333333333333333 0.008294166436273155
table-0003-702 30 5 1 45 87 7097 0.5 0.32695498285587876
table-0003-373 10 3 5 59 33 1609 0.2 0.3707482993197279
table-0003-556 25 6 0 498 153 77212 0.3333333333333333 0.5901639344262295
table-0003-387 8 4 0 381 235 61134 0.5 0.43055843886236245
table-0003-159 22 2 0 442 276 81631 0.5 0.1050556586270872
table-0003-893 4 8 4 37 103 4848 0.3333333333333333 0.1632870864461046
table-0003-201 10 7 0 1045 493 25908 0.0625 0.4947429906542056
table-0003-547 2 2 2 126 154 3711 1.0 0.03814064362336114
table-0003-65 25 3 4 43 164 4605 1.0 0.20386686245717084
table-0003-837 5 5 0 333 262 155109 0.16666666666666666 0.04346003353828955
table-0003-706 0 1 0 729 684 98918 0.3333333333333333 0.0
table-0003-101 9 14 81 43 35 1390 0.3333333333333333 0.5665280665280665
table-0003-919 1 2 0 10 27 6451 1.0 0.011867905056759546
table-0003-711 5 2 0 533 360 5433 1.0 0.003238532650297356
table-0003-54 2 4 0 23 159 741 0.08333333333333333 0.17300380228136883
table-0003-219 10 5 0 144 750 43341 1.0 0.36955433149724587
table-0003-657 10 6 16 18 57 3231 0.5 0.18353969410050983
table-0003-446 4 3 0 62 17 5075 1.0 0.1372661870503597
table-0003-91 26 5 0 282 304 27820 0.3333333333333333 1.14375
table-0003-1 8 7 13 123 200 5650 1.0 0.05550944179290309
table-0003-695 16 12 0 1014 570 322344 0.3333333333333333 0.03499922636546495
table-0003-77 12 10 0 2477 863 318641 0.07142857142857142 0.1618020304568528
table-0003-725 1 2 0 61 100 7981 0.3333333333333333 0.05537190082644628
table-0003-142 23 9 5 49 66 2580 0.3333333333333333 11.0
table-0003-799 1 4 0 20 161 616 0.08333333333333333 0.1087689713322091
table-0003-87 1 7 2 114 57 4031 0.5 0.14144271570014144
table-0003-751 1 2 0 6 14 859 1.0 0.02332657200811359
table-0003-322 43 3 0 29 85 28461 1.0 16.029166666666665
table-0003-654 3 3 0 20 59 1796 1.0 0.1891348088531187
table-0003-447 1 4 1 343 462 919 0.5 0.11806797853309481
