table_id rows cols nulls inlinks outlinks views table_imp table_fraction
table-0008-516 0 1 0 169 166 15707 1.0 0.0
table-0008-906 41 2 0 17 466 21002 0.03333333333333333 0.7661050545094152
table-0008-68 1 15 0 1181 1316 77394 0.045454545454545456 0.016294508147254073
table-0008-14 2 3 0 27 22 1732 1.0 0.11063218390804598
table-0008-121 4 1 0 498 360 506 1.0 0.11601208459214502
table-0008-158 4 5 1 498 360 506 1.0 0.004229607250755287
table-0008-264 0 1 0 63 44 9167 1.0 0.0
table-0008-765 3 7 3 26 7 23117 1.0 1.003921568627451
table-0008-646 7 3 0 21 38 995 1.0 0.6741767764298093
table-0008-560 3 7 3 540 105 20023 0.3333333333333333 0.07745933384972889
table-0008-58 30 7 27 2772 371 187913 0.25 1.5099562894609033
table-0008-16 9 2 0 741 317 12886 0.09090909090909091 1.259656652360515
table-0008-165 0 0 0 498 360 506 1.0 0.0
table-0008-336 1 4 0 114 103 12064 0.25 0.09739714525608732
table-0008-532 16 10 0 659 343 280536 0.3333333333333333 0.04243307230012748
table-0008-169 4 1 0 498 360 506 1.0 0.04826283987915408
table-0008-388 8 5 1 172 128 17333 0.5 0.14430767090896446
table-0008-451 3 6 2 274 260 31333 0.3333333333333333 0.02018496180136711
table-0008-814 2 2 0 26 7 23117 1.0 14.941176470588236
table-0008-993 1 3 0 347 316 45632 0.3333333333333333 0.012592270950933565
table-0008-292 9 4 0 109 65 9803 1.0 0.11853928545755157
table-0008-611 4 2 0 34 62 6839 0.25 0.01764896373056995
table-0008-172 3 5 0 498 360 506 1.0 0.002945619335347432
table-0008-821 2 2 0 26 7 23117 1.0 3.176470588235294
table-0008-804 2 2 0 26 7 23117 1.0 3.4196078431372547
table-0008-622 2 2 0 75 124 11753 0.3333333333333333 0.02786474639949906
table-0008-637 5 5 3 23 27 1192 1.0 0.7065573770491803
table-0008-343 1 4 0 120 98 11940 0.25 0.1388888888888889
table-0008-959 13 4 3 407 542 2413 0.058823529411764705 0.6373994638069705
table-0008-754 53 3 3 17 48 7143 0.14285714285714285 11.39450441609421
table-0008-877 97 3 0 632 1000 53823 0.09090909090909091 27.888475836431226
table-0008-628 26 5 0 308 113 255415 0.3333333333333333 1.097268087661363
table-0008-227 4 9 0 206 239 147897 0.3333333333333333 0.01605576441102757
table-0008-517 1 5 2 3 37 922 1.0 0.1794425087108014
table-0008-738 4 4 3 124 343 5395 0.3333333333333333 0.10917461361394278
table-0008-709 9 10 2 490 561 22602 0.041666666666666664 0.4431968295904888
table-0008-294 30 2 0 21 146 15667 0.3333333333333333 0.13278441377710773
table-0008-257 2 3 0 18 25 705 1.0 0.16721097322011758
table-0008-427 71 4 0 300 232 6525 0.3333333333333333 4.609589041095891
table-0008-556 3 7 3 540 105 20023 0.3333333333333333 0.07745933384972889
table-0008-860 2 3 0 373 393 5945 0.5 0.05589254766031196
table-0008-428 5 5 0 456 246 26987 0.25 0.017655671346137283
table-0008-368 2 2 1 7 24 2550 1.0 0.07846277021617294
table-0008-206 17 7 2 304 178 105118 0.2 0.1807701175928061
table-0008-876 0 1 0 632 1000 53823 0.09090909090909091 0.0
table-0008-410 8 3 0 215 69 46104 0.3333333333333333 0.10825545171339564
table-0008-149 4 1 0 498 360 506 1.0 0.022016616314199395
table-0008-788 2 2 0 26 7 23117 1.0 2.5803921568627453
table-0008-786 2 2 0 26 7 23117 1.0 1.0666666666666667
table-0008-93 0 1 0 653 529 14179 0.5 0.0
table-0008-57 38 7 35 2772 371 187913 0.25 1.8751821272462361
table-0008-348 1 3 0 221 230 5739 1.0 0.024093049016892826
table-0008-108 9 13 0 61 5 2602 1.0 1.8154362416107384
table-0008-751 40 3 15 115 137 92269 0.5 0.641571795813441
table-0008-383 4 2 2 189 234 123392 0.2 0.042789757412398925
table-0008-476 4 4 2 14 14 2038 0.5 0.10732150977717145
table-0008-440 2 5 0 227 277 5444 0.3333333333333333 0.07269700332963375
table-0008-670 13 3 0 686 277 2466654 0.2 0.03854518185226847
table-0008-46 1 2 0 210 258 89152 0.2 0.0022164128210957037
table-0008-396 1 1 0 177 295 1346 0.3333333333333333 0.02527646129541864
table-0008-961 5 3 6 407 542 2413 0.058823529411764705 0.07439678284182305
table-0008-338 2 2 1 43 52 913 1.0 0.10831721470019343
table-0008-337 1 3 0 114 103 12064 0.25 0.09319899244332494
table-0008-907 28 2 0 17 466 21002 0.03333333333333333 0.3201189296333003
table-0008-681 2 3 0 624 103 109530 0.5 0.013682790518404316
table-0008-489 1 3 0 315 272 9594 0.2 0.03491335372069317
table-0008-455 3 6 2 274 260 31333 0.3333333333333333 0.01841576196220346
table-0008-848 4 4 0 640 286 95598 0.3333333333333333 0.006504244295006063
table-0008-1 10 2 0 147 83 5304 1.0 0.13738618103910016
table-0008-2 38 5 22 48 28 9845 1.0 6.501440922190202
table-0008-645 1 2 1 93 113 4893 1.0 0.005528076811172534
table-0008-41 12 3 0 67 37 12836 0.5 1.403751233958539
table-0008-513 1 3 0 26 41 1448 1.0 0.037444037444037445
table-0008-328 9 3 0 31 48 1663 1.0 0.45586632764257173
table-0008-639 147 6 1 12 306 8952 0.5 10.659657701711492
table-0008-803 2 2 0 26 7 23117 1.0 2.176470588235294
table-0008-426 1 2 0 20 53 1392 1.0 0.01309049516220831
table-0008-835 2 2 0 26 7 23117 1.0 2.7176470588235295
table-0008-658 16 3 0 36 50 9482 0.3333333333333333 1.257328990228013
table-0008-884 12 2 0 109 233 10374 0.5 0.012460174757894073
table-0008-211 9 3 1 97 171 74234 0.2 0.13024059933727128
table-0008-812 2 2 0 26 7 23117 1.0 4.996078431372549
table-0008-905 76 2 0 17 466 21002 0.03333333333333333 1.2150644202180376
table-0008-631 7 3 0 172 181 14929 1.0 0.08112987150897313
table-0008-312 5 6 0 41 133 534 0.5 0.2226537216828479
table-0008-316 2 2 0 209 179 18079 0.5 0.09128145114101814
table-0008-660 9 2 9 59 137 23021 0.25 0.01692585273648939
table-0008-504 2 2 0 63 83 4812 1.0 0.06055776892430279
table-0008-142 4 1 0 498 360 506 1.0 0.03561178247734139
table-0008-492 23 8 18 288 286 25535 0.2 0.16443850267379678
table-0008-89 1 3 0 99 133 4605 1.0 0.06670902160101652
table-0008-418 6 3 0 333 74 26910 0.125 0.08069414316702819
table-0008-182 2 3 1 120 121 6675 0.14285714285714285 0.018683651804670912
table-0008-743 22 3 0 288 370 6737 0.5 0.28930466350181516
table-0008-362 17 36 305 422 325 329253 1.0 0.07293317580612627
table-0008-832 2 2 0 26 7 23117 1.0 2.631372549019608
table-0008-164 4 5 0 498 360 506 1.0 0.004342900302114804
table-0008-783 2 2 0 26 7 23117 1.0 1.011764705882353
table-0008-374 2 4 0 117 104 12642 0.25 0.02087832973362131
table-0008-71 1 8 0 1181 1316 77394 0.045454545454545456 0.0004023335345001006
table-0008-975 14 6 0 193 249 5419 0.3333333333333333 0.785876993166287
table-0008-146 4 1 0 498 360 506 1.0 0.04879154078549849
table-0008-759 7 2 2 17 48 7143 0.14285714285714285 0.5726202158979392
table-0008-181 27 4 23 120 121 6675 0.14285714285714285 0.42760084925690023
table-0008-421 18 2 0 470 320 139639 0.25 0.04011721907841552
table-0008-952 1 3 0 30 29 1226 1.0 0.15505226480836237
table-0008-434 7 4 0 143 119 36056 0.25 0.9801324503311258
table-0008-890 10 2 0 83 130 39998 0.25 0.022420684486635024
table-0008-436 2 5 3 227 277 5444 0.3333333333333333 0.09100998890122086
table-0008-461 33 2 14 115 61 1428 1.0 0.512576478585996
table-0008-838 2 2 0 26 7 23117 1.0 1.6431372549019607
table-0008-140 0 0 0 498 360 506 1.0 0.0
table-0008-130 0 0 0 498 360 506 1.0 0.0
table-0008-919 28 2 0 17 466 21002 0.03333333333333333 0.31615460852329036
table-0008-372 3 2 1 117 104 12642 0.25 0.03419726421886249
table-0008-219 7 6 0 278 229 8384 0.3333333333333333 0.1210710128055879
table-0008-855 8 3 0 136 201 8151 1.0 0.01938301938301938
table-0008-506 2 5 4 20 44 3678 1.0 0.14120202751629254
table-0008-540 8 5 0 16 24 11930 0.5 0.03368665601858574
table-0008-406 6 8 0 177 295 1346 0.3333333333333333 0.2796208530805687
table-0008-349 1 2 0 13 24 3660 1.0 0.018668831168831168
table-0008-8 21 5 25 44 145 2335 0.2 2.0024489795918368
table-0008-577 275 8 207 15 700 211164 1.0 37.70259319286872
table-0008-377 6 4 0 516 684 3061 0.25 0.12648981161091888
table-0008-652 37 3 0 80 97 1359 0.3333333333333333 4.088888888888889
table-0008-480 2 2 0 49 89 40535 0.125 0.07732634338138926
table-0008-805 2 2 0 26 7 23117 1.0 4.6156862745098035
table-0008-270 2 2 2 235 104 91665 0.16666666666666666 0.0013236267372600927
table-0008-272 34 4 36 235 104 91665 0.16666666666666666 0.3639973527465255
table-0008-992 15 11 8 347 316 45632 0.3333333333333333 0.14358083658995513
table-0008-344 6 5 0 120 98 11940 0.25 0.1875
table-0008-500 0 1 0 173 184 3115 1.0 0.0
table-0008-450 4 6 7 274 260 31333 0.3333333333333333 0.01833534378769602
table-0008-583 10 5 11 1093 717 94974 0.125 0.11982698152910919
table-0008-405 6 8 0 177 295 1346 0.3333333333333333 0.2796208530805687
table-0008-25 21 4 19 193 261 846 1.0 0.0366271147007013
table-0008-582 2 5 2 1093 717 94974 0.125 0.019756838905775075
table-0008-744 0 1 0 400 183 25231 1.0 0.0
table-0008-261 4 3 0 25 45 1161 1.0 0.3159340659340659
table-0008-424 0 1 0 470 320 139639 0.25 0.0
table-0008-731 6 4 0 36 48 19613 0.5 0.24028461959496442
table-0008-45 17 2 0 210 258 89152 0.2 0.03796317344851102
table-0008-547 1 3 0 19 40 1584 1.0 0.05101617586063874
table-0008-664 39 4 51 37 73 4743 0.3333333333333333 0.2981864682631946
table-0008-791 2 2 0 26 7 23117 1.0 1.776470588235294
table-0008-808 2 2 0 26 7 23117 1.0 20.603921568627452
table-0008-214 1 2 0 97 171 74234 0.2 0.0028814291888776835
table-0008-665 8 5 0 25 58 48779 0.3333333333333333 0.3360291144359078
table-0008-481 2 2 0 49 89 40535 0.125 0.020314547837483616
table-0008-851 19 4 0 544 362 594265 1.0 0.2139544063949472
table-0008-572 4 8 6 540 105 20023 0.3333333333333333 0.10844306738962045
table-0008-603 5 4 5 21 433 28572 1.0 0.20834747200542925
table-0008-861 3 2 0 97 121 6503 0.5 0.2613333333333333
table-0008-327 4 9 1 122 99 2869 0.1111111111111111 0.3124031007751938
table-0008-695 3 2 0 750 593 140592 0.1 0.0006308352258390108
table-0008-950 46 6 41 178 201 16031 0.5 5.890243902439025
table-0008-922 6 2 0 17 466 21002 0.03333333333333333 0.09613478691774034
table-0008-524 2 3 2 55 64 3000 1.0 0.1454898157129001
table-0008-401 4 8 0 177 295 1346 0.3333333333333333 0.2480252764612954
table-0008-31 7 7 0 53 87 1031 0.3333333333333333 3.056567593480345
table-0008-241 1 3 0 70 60 8437 1.0 0.009832672071761256
table-0008-755 10 3 12 17 48 7143 0.14285714285714285 0.10549558390578999
table-0008-779 2 2 0 26 7 23117 1.0 2.9215686274509802
table-0008-817 2 2 0 26 7 23117 1.0 7.952941176470588
table-0008-543 2 3 2 51 70 4627 1.0 0.19298245614035087
table-0008-512 0 1 0 173 178 17023 1.0 0.0
table-0008-511 2 2 2 182 123 13530 0.5 0.0168997668997669
table-0008-960 5 2 0 407 542 2413 0.058823529411764705 0.08847184986595175
table-0008-923 33 2 0 17 466 21002 0.03333333333333333 0.5203171456888008
table-0008-287 1 2 1 56 56 806 1.0 0.009916492693110648
table-0008-929 8 2 0 144 103 102086 0.25 0.22127659574468084
table-0008-42 1 3 0 634 413 169487 1.0 0.00907653569128067
table-0008-299 1 3 0 311 343 2891 1.0 0.12671846981470414
table-0008-431 2 1 0 713 243 48315 0.5 0.008569151056197688
table-0008-168 4 5 0 498 360 506 1.0 0.004342900302114804
table-0008-285 21 3 0 97 75 67910 0.3333333333333333 0.02922166590805644
table-0008-666 23 4 8 686 277 2466654 0.2 0.09306336707911511
table-0008-574 3 3 0 156 184 4986 1.0 0.061907642669893126
table-0008-843 52 3 0 39 245 283 1.0 6.781529294935452
table-0008-363 8 2 0 106 93 1133 0.5 0.30982367758186397
table-0008-465 28 2 0 3 8 1382 0.5 0.2033620336203362
table-0008-736 3 5 1 60 89 10277 1.0 0.012484808308474201
table-0008-21 2 2 1 15 45 7770 0.5 0.07163742690058479
table-0008-472 26 4 0 30 66 19315 1.0 2.8386983904828553
table-0008-391 11 2 0 15 42 842 1.0 0.5440289505428226
table-0008-375 1 4 0 117 104 12642 0.25 0.04319654427645788
table-0008-869 20 8 12 273 274 12319 0.14285714285714285 1.1620111731843576
table-0008-202 24 2 0 154 163 49977 0.3333333333333333 0.144940989258719
table-0008-706 7 3 2 490 561 22602 0.041666666666666664 0.03302509907529723
table-0008-711 14 10 32 490 561 22602 0.041666666666666664 0.43031704095112283
table-0008-955 4 3 0 183 274 2419 1.0 0.28020756115641215
table-0008-355 14 2 0 137 106 1285 0.5 0.1350293542074364
table-0008-499 1 3 0 146 153 4870 1.0 0.0456989247311828
table-0008-891 12 2 0 83 130 39998 0.25 0.02254559080689483
table-0008-398 7 4 0 177 295 1346 0.3333333333333333 0.5766192733017378
table-0008-113 0 0 0 498 360 506 1.0 0.0
table-0008-446 4 5 0 227 277 5444 0.3333333333333333 0.1897891231964484
table-0008-617 578 4 554 228 414 3168 1.0 6.577498614446703
table-0008-236 3 3 0 149 186 2310 1.0 0.07887049659201557
table-0008-222 11 6 0 135 169 12985 0.5 0.8633879781420765
table-0008-941 1 3 0 20 14 1081 1.0 0.0982532751091703
table-0008-175 0 0 0 498 360 506 1.0 0.0
table-0008-699 4 3 0 6 34 3280 0.5 0.022623536415955547
table-0008-756 5 2 2 17 48 7143 0.14285714285714285 0.4774288518155054
table-0008-439 4 5 0 227 277 5444 0.3333333333333333 0.18146503884572698
table-0008-15 3 3 0 109 216 4109 1.0 0.1218174696435566
table-0008-763 2 4 0 22 37 2547 0.5 0.03619197482297404
table-0008-826 2 2 0 26 7 23117 1.0 1.7333333333333334
table-0008-189 6 9 6 341 419 2813 1.0 0.13426833041146746
table-0008-579 11 7 8 15 700 211164 1.0 0.6231766612641815
table-0008-364 1 3 0 217 213 318 1.0 0.08106508875739644
table-0008-278 18 3 0 140 216 10269 0.5 1.1523730224812656
table-0008-847 99 4 92 127 739 558 1.0 6.586568730325289
table-0008-422 4 2 0 470 320 139639 0.25 0.004395715440582053
table-0008-23 1 3 0 27 47 1925 1.0 0.039831019915509955
table-0008-662 14 3 0 59 137 23021 0.25 0.059541197697396686
table-0008-271 8 4 16 235 104 91665 0.16666666666666666 0.08650846175664177
table-0008-915 2 2 0 17 466 21002 0.03333333333333333 0.03270564915758176
table-0008-529 0 1 0 20 207 1767 1.0 0.0
table-0008-796 72 3 72 26 7 23117 1.0 83.44313725490196
table-0008-39 8 3 0 102 104 115770 1.0 0.02097902097902098
table-0008-935 1 3 0 25 33 889 1.0 0.041141586360266866
table-0008-705 2 3 0 490 561 22602 0.041666666666666664 0.023117569352708058
table-0008-360 3 2 0 104 93 1483 0.5 0.07868852459016394
table-0008-943 1 5 0 33 41 1574 0.3333333333333333 0.07732406602953953
table-0008-627 1 2 1 130 126 35223 1.0 0.008203799654576857
table-0008-904 27 2 0 17 466 21002 0.03333333333333333 0.3736372646184341
table-0008-367 1 3 0 25 31 1126 1.0 0.07087628865979381
table-0008-592 1 3 0 53 69 19522 1.0 0.05885588558855886
table-0008-297 7 3 0 233 251 10643 1.0 0.11573214506745884
table-0008-35 9 4 9 115 407 37225 0.25 0.24240735580941766
table-0008-237 4 3 0 140 180 2850 1.0 0.10823716673298846
table-0008-160 0 0 0 498 360 506 1.0 0.0
table-0008-40 1 4 0 67 37 12836 0.5 0.04475156301414939
table-0008-798 2 2 0 26 7 23117 1.0 1.2117647058823529
table-0008-250 11 2 0 7 10 201 1.0 1.3703703703703705
table-0008-442 3 5 3 227 277 5444 0.3333333333333333 0.1637069922308546
table-0008-619 1 3 0 13 35 1221 1.0 0.17185385656292287
table-0008-317 5 3 5 687 443 23510 0.2 0.02498762988619495
table-0008-433 20 4 3 143 119 36056 0.25 1.0485651214128036
table-0008-408 1 3 0 390 172 195574 1.0 0.007625111045306485
table-0008-930 8 2 0 144 103 102086 0.25 0.2675531914893617
table-0008-244 5 4 3 60 55 46635 0.3333333333333333 0.12873862158647595
table-0008-187 3 6 0 51 108 2294 1.0 0.03450891164201744
table-0008-545 15 2 7 9 5 14254 1.0 2.3789473684210525
table-0008-243 14 3 0 262 160 53139 0.3333333333333333 2.0284697508896796
table-0008-154 4 1 0 498 360 506 1.0 0.14611027190332326
table-0008-74 5 24 17 1181 1316 77394 0.045454545454545456 0.1695835847917924
table-0008-445 2 5 0 227 277 5444 0.3333333333333333 0.08712541620421754
table-0008-263 5 2 0 88 101 61340 0.3333333333333333 0.048790658882402
table-0008-703 13 7 0 490 561 22602 0.041666666666666664 0.5092470277410832
table-0008-359 1 2 1 17 47 7669 0.5 0.0581039755351682
table-0008-773 2 2 0 26 7 23117 1.0 2.850980392156863
table-0008-653 30 6 24 605 649 36159 1.0 0.296673049305888
table-0008-643 1 1 0 39 28 14775 1.0 0.013907110994489635
table-0008-133 4 1 0 498 360 506 1.0 0.043240181268882176
table-0008-116 3 5 0 498 360 506 1.0 0.0016238670694864049
table-0008-334 4 4 0 114 103 12064 0.25 0.10243492863140219
table-0008-886 2 6 0 12 61 8157 0.5 0.1699230313795145
table-0008-753 53 3 3 17 48 7143 0.14285714285714285 8.91216879293425
table-0008-380 0 1 0 779 884 60781 1.0 0.0
table-0008-973 23 7 0 193 249 5419 0.3333333333333333 5.790432801822323
table-0008-28 3 5 0 909 492 48783 0.5 0.003126315156616365
table-0008-570 3 7 3 540 105 20023 0.3333333333333333 0.07784663051897754
table-0008-24 1 3 0 33 42 1545 1.0 0.10128126906650396
table-0008-199 1 2 1 12 56 1010 1.0 0.00815450643776824
table-0008-286 0 1 0 81 110 11203 1.0 0.0
table-0008-134 0 0 0 498 360 506 1.0 0.0
table-0008-871 5 3 0 273 274 12319 0.14285714285714285 0.1300877893056664
table-0008-897 97 2 0 17 466 21002 0.03333333333333333 1.470763131813677
table-0008-554 3 7 3 540 105 20023 0.3333333333333333 0.07745933384972889
table-0008-305 1 3 0 2534 826 2107573 0.07692307692307693 0.0024912280701754387
table-0008-144 0 0 0 498 360 506 1.0 0.0
table-0008-33 5 6 0 53 87 1031 0.3333333333333333 0.12272291466922339
table-0008-321 4 4 0 234 256 1100 0.5 0.06315789473684211
table-0008-931 0 1 0 144 103 102086 0.25 0.0
table-0008-332 2 4 1 124 128 507 1.0 0.12139303482587065
table-0008-991 7 8 13 347 316 45632 0.3333333333333333 0.12722535822839776
table-0008-578 77 3 64 15 700 211164 1.0 0.839546191247974
table-0008-249 7 5 3 8 56 1094 1.0 0.10384615384615385
table-0008-467 2 3 0 119 170 5204 1.0 0.04177045410998276
table-0008-967 0 0 0 407 542 2413 0.058823529411764705 0.0
table-0008-775 2 2 0 26 7 23117 1.0 1.8352941176470587
table-0008-741 5 11 0 84 46 3413 1.0 0.2466725820763088
table-0008-306 6 2 0 2534 826 2107573 0.07692307692307693 0.0351578947368421
table-0008-460 1 2 0 45 70 9337 0.5 0.017209302325581394
table-0008-354 2 4 0 236 256 2790 0.5 0.05390070921985816
table-0008-448 16 3 0 274 260 31333 0.3333333333333333 0.1366304784881383
table-0008-584 4 5 4 1093 717 94974 0.125 0.043605330839373395
table-0008-784 2 2 0 26 7 23117 1.0 2.780392156862745
table-0008-63 19 8 13 393 298 80394 1.0 0.015660995455986475
table-0008-650 17 3 0 41 95 1647 1.0 2.783333333333333
table-0008-986 3 25 20 76 88 5052 0.2 1.969094922737307
table-0008-435 1 3 0 227 277 5444 0.3333333333333333 0.023307436182019976
table-0008-274 1 2 1 50 54 1017 1.0 0.01586489252814739
table-0008-420 1 2 0 20 40 1337 1.0 0.014136447449293177
table-0008-385 5 3 1 189 234 123392 0.2 0.17452830188679244
table-0008-846 1 4 0 13 35 3443 0.25 0.03022875816993464
table-0008-920 6 2 0 17 466 21002 0.03333333333333333 0.1863230921704658
table-0008-339 11 4 0 13 33 733 0.5 0.20518134715025907
table-0008-342 4 2 0 120 98 11940 0.25 0.1412037037037037
table-0008-378 8 4 6 516 684 3061 0.25 0.18646674356016918
table-0008-933 6 6 0 595 343 942929 0.5 0.07840642129992169
table-0008-10 6 3 0 46 111 1915 1.0 0.4157303370786517
table-0008-266 0 1 0 47 46 3574 1.0 0.0
table-0008-284 12 4 0 97 75 67910 0.3333333333333333 0.26927628584433316
table-0008-557 3 7 3 540 105 20023 0.3333333333333333 0.07745933384972889
table-0008-827 2 2 0 26 7 23117 1.0 2.227450980392157
table-0008-325 19 6 0 122 99 2869 0.1111111111111111 1.2348837209302326
table-0008-687 14 6 0 40 69 2264 0.25 2.371900826446281
table-0008-641 15 6 15 383 175 25424 0.3333333333333333 0.06536833192209991
table-0008-979 1 2 1 25 43 2278 1.0 0.022485207100591716
table-0008-128 4 5 0 498 360 506 1.0 0.004342900302114804
table-0008-459 70 4 0 12 21 3911 0.25 236.35311572700297
table-0008-656 2 3 0 40 51 2280 0.5 2.1746031746031744
table-0008-463 8 2 0 115 61 1428 1.0 0.09925220938137322
table-0008-958 8 7 0 407 542 2413 0.058823529411764705 0.43699731903485256
table-0008-429 3 3 0 456 246 26987 0.25 0.012315907329256739
table-0008-969 6 2 0 407 542 2413 0.058823529411764705 0.07171581769436998
table-0008-65 7 20 14 1181 1316 77394 0.045454545454545456 0.1989036411184872
table-0008-376 2 3 0 117 104 12642 0.25 0.09251259899208063
table-0008-269 0 1 0 235 104 91665 0.16666666666666666 0.0
table-0008-661 1 4 0 59 137 23021 0.25 0.011684852650571355
table-0008-640 8 5 8 112 87 16132 1.0 0.03653113087674714
table-0008-318 13 5 21 687 443 23510 0.2 0.15561603166749133
table-0008-837 22 2 11 26 7 23117 1.0 53.84705882352941
table-0008-675 21 8 0 492 217 451336 0.25 0.14142219387755103
table-0008-109 1 3 0 61 5 2602 1.0 0.3859060402684564
table-0008-908 5 2 0 17 466 21002 0.03333333333333333 0.10208126858275521
table-0008-911 29 2 0 17 466 21002 0.03333333333333333 0.4757185332011893
table-0008-136 4 1 0 498 360 506 1.0 0.03270392749244713
table-0008-83 25 5 34 603 401 98149 0.1 0.33983849259757737
table-0008-73 4 3 0 1181 1316 77394 0.045454545454545456 0.022782136391068197
table-0008-493 22 8 14 288 286 25535 0.2 0.1450089126559715
table-0008-82 5 3 0 40 43 57403 0.5 0.07082728592162554
table-0008-864 1 3 0 68 83 4115 1.0 0.04798657718120805
table-0008-874 8 6 9 29 41 1891 1.0 1.464430894308943
table-0008-750 4 2 0 93 108 41706 0.25 0.09789259007477906
table-0008-634 1 3 0 26 35 4441 1.0 0.04476861167002012
table-0008-490 0 1 0 172 181 2735 1.0 0.0
table-0008-942 1 2 0 33 41 1574 0.3333333333333333 0.029539530842745437
table-0008-520 1 4 0 122 158 14127 0.2 0.07801094890510948
table-0008-425 2 2 0 263 166 175 1.0 0.005498495694574126
table-0008-474 13 4 0 30 66 19315 1.0 2.378586424072778
table-0008-769 2 2 0 26 7 23117 1.0 1.576470588235294
table-0008-836 2 2 0 26 7 23117 1.0 7.568627450980392
table-0008-797 2 2 0 26 7 23117 1.0 2.231372549019608
table-0008-44 10 2 6 210 258 89152 0.2 0.016140031825414868
table-0008-807 2 2 0 26 7 23117 1.0 3.9568627450980394
table-0008-723 21 3 16 24 19 1141 0.3333333333333333 3.815165876777251
table-0008-569 3 7 3 540 105 20023 0.3333333333333333 0.07745933384972889
table-0008-534 1 3 0 10 18 916 1.0 0.14122533748701974
table-0008-215 0 1 0 97 171 74234 0.2 0.0
table-0008-256 1 2 1 93 104 32043 0.3333333333333333 0.005390070921985815
table-0008-795 2 2 0 26 7 23117 1.0 6.066666666666666
table-0008-248 3 2 0 8 56 1094 1.0 0.07923076923076923
table-0008-245 14 4 0 60 55 46635 0.3333333333333333 0.6254876462938882
table-0008-117 0 0 0 498 360 506 1.0 0.0
table-0008-279 14 3 0 140 216 10269 0.5 0.9358867610324729
table-0008-356 5 6 0 46 26 3203 0.5 0.22065727699530516
table-0008-432 43 5 1 74 83 3871 0.5 4.416116248348745
table-0008-620 47 8 4 21 30 35068 0.25 17.3875
table-0008-414 5 1 0 983 357 7454 0.125 0.025934278350515465
table-0008-853 1 3 0 14 26 897 1.0 0.06440198159943383
table-0008-995 15 5 0 1311 987 560022 0.2 0.014931430768573504
table-0008-100 0 1 0 128 150 18149 0.3333333333333333 0.0
table-0008-311 0 1 0 14 27 5357 1.0 0.0
table-0008-713 13 10 17 490 561 22602 0.041666666666666664 0.29557463672391016
table-0008-223 7 2 0 282 259 15502 0.5 0.0776520941608071
table-0008-552 8 5 10 540 105 20023 0.3333333333333333 0.4988381099922541
table-0008-522 6 4 0 122 158 14127 0.2 0.21852189781021897
table-0008-80 4 29 29 1181 1316 77394 0.045454545454545456 0.12381814524240596
table-0008-340 3 2 0 13 7 1281 1.0 0.509090909090909
table-0008-926 20 6 0 169 143 3030 1.0 0.6256028057869355
table-0008-585 4 5 4 1093 717 94974 0.125 0.034720598550385784
table-0008-90 13 6 12 229 282 12099 1.0 1.1921853702862335
table-0008-392 4 3 0 662 279 167629 1.0 0.015260934732252351
table-0008-669 16 5 1 686 277 2466654 0.2 0.11436070491188602
table-0008-968 13 4 3 407 542 2413 0.058823529411764705 0.5542895442359249
table-0008-282 12 4 0 97 75 67910 0.3333333333333333 0.4141101502048248
table-0008-228 2 2 1 118 200 9607 1.0 0.09302325581395349
table-0008-347 9 4 0 234 259 1546 0.5 0.18266978922716628
table-0008-538 0 1 0 25 28 3856 1.0 0.0
table-0008-302 5 3 0 2534 826 2107573 0.07692307692307693 0.023964912280701755
table-0008-882 1 3 0 632 1000 53823 0.09090909090909091 0.43866171003717475
table-0008-125 4 5 0 498 360 506 1.0 0.004342900302114804
table-0008-319 1 6 1 36 29 6902 0.5 0.055842812823164424
table-0008-533 7 9 1 659 343 280536 0.3333333333333333 0.014447884416924664
table-0008-81 10 8 0 1181 1316 77394 0.045454545454545456 0.07387849527258097
table-0008-361 1 3 0 322 347 3104 1.0 0.09255813953488372
table-0008-48 2 2 1 38 86 36228 0.5 0.02404809619238477
table-0008-283 2 4 2 97 75 67910 0.3333333333333333 0.012107419208010924
table-0008-595 27 4 29 21 433 28572 1.0 0.7997964031218188
table-0008-721 2 2 0 9 27 904 1.0 0.0421875
table-0008-801 2 2 0 26 7 23117 1.0 2.6862745098039214
table-0008-510 0 1 0 55 85 3851 1.0 0.0
table-0008-692 22 5 0 750 593 140592 0.1 0.11371856337791236
table-0008-235 4 3 0 144 192 6291 1.0 0.1103202846975089
table-0008-390 30 5 0 4 168 247 1.0 0.8065476190476191
table-0008-737 18 5 12 60 89 10277 1.0 0.10750193348801237
table-0008-799 2 2 0 26 7 23117 1.0 1.8901960784313725
table-0008-752 2 7 2 17 48 7143 0.14285714285714285 0.05544651619234544
table-0008-636 89 6 0 10 255 15575 0.5 5.399445214979195
table-0008-563 4 5 5 540 105 20023 0.3333333333333333 0.031758326878388844
table-0008-742 12 3 0 27 23 24678 0.5 0.24255628177196806
table-0008-129 4 1 0 498 360 506 1.0 0.10071752265861027
table-0008-683 9 3 0 123 76 61673 0.5 0.07471583032991405
table-0008-402 5 8 0 177 295 1346 0.3333333333333333 0.23854660347551343
table-0008-240 7 8 0 1533 682 921451 0.3333333333333333 0.004822582072382975
table-0008-928 18 16 72 412 313 1187 0.5 6.719806763285024
table-0008-276 0 1 0 140 216 10269 0.5 0.0
table-0008-984 27 6 19 76 72 5154 1.0 0.6888442787496415
table-0008-221 3 5 6 53 52 1818 0.5 0.10833333333333334
table-0008-138 4 5 0 498 360 506 1.0 0.004342900302114804
table-0008-52 21 4 9 49 54 777 0.5 2.267826086956522
table-0008-98 6 3 0 128 150 18149 0.3333333333333333 0.053550178500595
table-0008-482 23 14 28 49 89 40535 0.125 2.1179554390563564
table-0008-842 4 7 0 321 179 553345 0.16666666666666666 0.015136986301369863
table-0008-989 6 5 10 224 260 4581 1.0 0.4656160458452722
table-0008-320 2 2 1 7 19 2573 1.0 0.06336633663366337
table-0008-758 1 1 0 17 48 7143 0.14285714285714285 0.2463199214916585
table-0008-613 12 2 0 53 16 15106 0.5 0.31297709923664124
table-0008-749 1 1 0 53 74 852 0.3333333333333333 0.04248704663212435
table-0008-135 4 5 0 498 360 506 1.0 0.004342900302114804
table-0008-854 7 2 5 22 32 3064 1.0 0.06572379367720466
table-0008-131 4 5 0 498 360 506 1.0 0.004342900302114804
table-0008-218 7 5 0 278 229 8384 0.3333333333333333 0.16259216142801708
table-0008-101 3 3 0 58 46 809 0.5 0.04081632653061224
table-0008-466 1 3 0 171 217 6066 1.0 0.062129253824539495
table-0008-161 4 5 0 498 360 506 1.0 0.004342900302114804
table-0008-97 1 2 0 20 28 5595 1.0 0.05233219567690557
table-0008-275 1 3 1 140 216 10269 0.5 0.04746044962531224
table-0008-18 2 2 1 15 7 1294 1.0 0.16216216216216217
table-0008-772 2 2 0 26 7 23117 1.0 3.0980392156862746
table-0008-917 19 2 0 17 466 21002 0.03333333333333333 0.29633300297324083
table-0008-674 8 6 0 492 217 451336 0.25 0.07230548469387756
table-0008-329 3 2 0 92 97 1105 0.5 0.050642479213907785
table-0008-528 0 1 0 13 11 2676 1.0 0.0
table-0008-701 4 2 0 181 184 5241 0.5 0.039476553980370775
table-0008-487 5 3 0 315 272 9594 0.2 0.042303771661569824
table-0008-789 2 2 0 26 7 23117 1.0 0.8470588235294118
table-0008-985 1 25 0 76 88 5052 0.2 0.8079470198675497
table-0008-330 34 5 0 149 262 5707 1.0 0.23724115441056579
table-0008-393 2 10 0 420 285 130554 0.3333333333333333 0.0181301878549585
table-0008-231 11 2 0 1026 298 64162 1.0 0.011784511784511785
table-0008-571 3 7 3 540 105 20023 0.3333333333333333 0.07745933384972889
table-0008-143 4 5 0 498 360 506 1.0 0.004342900302114804
table-0008-909 44 2 0 17 466 21002 0.03333333333333333 0.4846382556987116
table-0008-642 45 4 11 332 265 264553 0.25 0.9460334592552617
table-0008-416 6 8 4 983 357 7454 0.125 0.038337628865979384
table-0008-954 7 5 0 27 128 2851 0.3333333333333333 0.06669355923087267
table-0008-208 2 3 0 385 49 10217 1.0 0.08217821782178218
table-0008-966 9 3 10 407 542 2413 0.058823529411764705 0.11327077747989277
table-0008-407 6 2 0 11 21 1263 1.0 0.16705336426914152
table-0008-471 26 4 0 30 66 19315 1.0 5.545836249125262
table-0008-470 26 4 0 30 66 19315 1.0 6.793561931420574
table-0008-310 16 7 23 278 242 11796 0.3333333333333333 0.47897774113767516
table-0008-829 2 2 0 26 7 23117 1.0 7.101960784313725
table-0008-762 1 2 1 22 37 2547 0.5 0.007474429583005508
table-0008-948 4 9 4 74 120 2391 1.0 0.10263929618768329
table-0008-626 3 3 0 25 27 968 1.0 0.12916045702930948
table-0008-322 1 2 0 24 40 2330 1.0 0.023092369477911646
table-0008-484 20 4 18 49 89 40535 0.125 0.6186107470511141
table-0008-999 1 1 0 717 403 49126 1.0 0.005066106511800322
table-0008-677 6 7 0 299 112 2374 0.5 0.603448275862069
table-0008-647 0 1 0 323 221 68754 0.5 0.0
table-0008-539 1 3 1 59 75 5277 0.5 0.059870550161812294
table-0008-246 40 4 0 23 22 8109 1.0 2.2012711864406778
table-0008-357 5 2 0 98 120 1739 0.5 0.06155950752393981
table-0008-497 4 3 0 207 178 29803 1.0 0.08483472833025961
table-0008-485 22 6 18 315 272 9594 0.2 0.4380733944954128
table-0008-27 5 2 0 43 61 2310 0.5 0.11694352159468438
table-0008-914 14 2 0 17 466 21002 0.03333333333333333 0.20416253716551042
table-0008-503 0 1 0 78 82 1407 1.0 0.0
table-0008-132 0 0 0 498 360 506 1.0 0.0
table-0008-589 1 3 0 186 232 4284 1.0 0.07773109243697479
table-0008-724 4 3 0 24 19 1141 0.3333333333333333 1.3981042654028435
table-0008-193 0 1 0 100 140 24903 0.3333333333333333 0.0
table-0008-267 6 3 0 148 151 27411 1.0 0.03961136023916293
table-0008-184 2 5 0 206 28 13590 0.5 0.05028053517479499
table-0008-735 7 5 5 60 89 10277 1.0 0.027013589658601258
table-0008-730 7 5 0 212 194 18085 0.125 0.16262462947992454
table-0008-707 7 3 6 490 561 22602 0.041666666666666664 0.02906208718626156
table-0008-865 20 6 19 46 68 7835 1.0 1.088268577895134
table-0008-839 2 2 0 26 7 23117 1.0 2.7294117647058824
table-0008-782 2 2 0 26 7 23117 1.0 1.2745098039215685
table-0008-944 1 2 1 4 24 1090 1.0 0.007931665649786455
table-0008-748 9 64 147 103 108 21812 1.0 1.89719291972108
table-0008-892 10 5 2 83 130 39998 0.25 0.05189857606794904
table-0008-399 1 1 0 177 295 1346 0.3333333333333333 0.03475513428120063
table-0008-870 5 3 0 273 274 12319 0.14285714285714285 0.14684756584197925
table-0008-303 4 3 0 2534 826 2107573 0.07692307692307693 0.011228070175438596
table-0008-102 12 3 0 510 196 174282 0.5 0.03113705865999444
table-0008-30 1 2 1 56 72 15199 1.0 0.003430222061743997
table-0008-9 23 5 24 44 145 2335 0.2 1.9983673469387755
table-0008-733 40 7 92 181 373 11936 1.0 0.08454667808638199
table-0008-956 5 4 4 33 74 14646 0.3333333333333333 0.061191626409017714
table-0008-152 4 1 0 498 360 506 1.0 0.020430513595166164
table-0008-863 10 6 8 34 84 1642 1.0 0.8404384896467723
table-0008-885 7 3 0 46 40 25899 0.5 0.42091152815013405
table-0008-498 0 1 0 183 177 14644 1.0 0.0
table-0008-996 7 4 0 1311 987 560022 0.2 0.0016661682402700046
table-0008-61 1 4 0 78 103 4278 0.5 0.002021952628538417
table-0008-515 1 3 0 0 0 0 0.0 23.0
table-0008-150 0 0 0 498 360 506 1.0 0.0
table-0008-768 2 2 0 26 7 23117 1.0 1.1137254901960785
table-0009-1000 1 5 2 35 37 1164 1.0 0.11403508771929824
table-0008-239 6 2 0 1533 682 921451 0.3333333333333333 0.002182697696369053
table-0008-194 2 4 2 354 665 1141 0.5 0.2350230414746544
table-0008-64 3 16 2 1181 1316 77394 0.045454545454545456 0.05647756990545162
table-0008-719 1 3 0 118 141 11057 0.3333333333333333 0.03862478777589134
table-0008-173 4 5 0 498 360 506 1.0 0.004342900302114804
table-0008-590 3 4 0 168 198 3070 0.5 0.16519546027742749
table-0008-447 3 6 5 274 260 31333 0.3333333333333333 0.01214314435062324
table-0008-478 1 3 0 109 110 3711 1.0 0.07132316773241515
table-0008-712 22 8 0 490 561 22602 0.041666666666666664 0.4372523117569353
table-0008-971 0 0 0 407 542 2413 0.058823529411764705 0.0
table-0008-830 2 2 0 26 7 23117 1.0 5.247058823529412
table-0008-196 1 2 1 149 145 41119 1.0 0.04387990762124711
table-0008-734 1 2 1 82 140 1027 1.0 0.01825168107588857
table-0008-630 1 3 0 80 93 3151 1.0 0.038020519010259504
table-0008-412 5 1 0 983 357 7454 0.125 0.025934278350515465
table-0008-186 1 2 0 61 70 21066 1.0 0.012630422844590884
table-0008-145 4 5 0 498 360 506 1.0 0.004342900302114804
table-0008-220 3 2 0 260 182 37612 1.0 0.0020547305501074065
table-0008-671 17 9 0 40 52 3354 0.5 12.122137404580153
table-0008-404 7 8 0 177 295 1346 0.3333333333333333 0.320695102685624
table-0008-50 1 3 0 38 86 36228 0.5 0.014696058784235137
table-0008-806 2 2 0 26 7 23117 1.0 2.0784313725490198
table-0008-56 3 3 0 503 621 2282 1.0 0.18983050847457628
table-0008-710 18 8 0 490 561 22602 0.041666666666666664 0.35237780713342143
table-0008-936 6 3 0 37 18 10193 1.0 0.027367059584349922
table-0008-301 1 3 0 2534 826 2107573 0.07692307692307693 0.005771929824561404
table-0008-895 72 2 0 17 466 21002 0.03333333333333333 1.466798810703667
table-0008-417 5 9 1 983 357 7454 0.125 0.03608247422680412
table-0008-188 10 6 0 136 252 3601 1.0 0.09810916874777025
table-0008-561 3 7 3 540 105 20023 0.3333333333333333 0.07745933384972889
table-0008-254 10 5 3 105 108 8157 0.2 0.31581676750216076
table-0008-91 2 3 2 68 70 5500 0.25 0.025185185185185185
table-0008-491 15 3 0 4607 632 404304 0.5 0.008721339147559432
table-0008-766 2 2 0 26 7 23117 1.0 1.8588235294117648
table-0008-965 9 2 0 407 542 2413 0.058823529411764705 0.11394101876675604
table-0008-79 3 24 19 1181 1316 77394 0.045454545454545456 0.07247032790183061
table-0008-112 4 1 0 498 360 506 1.0 0.001850453172205438
table-0008-559 3 7 3 540 105 20023 0.3333333333333333 0.07745933384972889
table-0008-747 21 13 0 36 44 2151 0.5 1.2090614886731392
table-0008-60 35 4 0 2772 371 187913 0.25 1.718795531811559
table-0008-916 185 10 0 17 466 21002 0.03333333333333333 10.440039643211101
table-0008-324 1 8 0 122 99 2869 0.1111111111111111 0.10310077519379846
table-0008-171 44 8 27 498 360 506 1.0 0.07666163141993958
table-0008-879 54 3 0 632 1000 53823 0.09090909090909091 13.762081784386616
table-0008-259 0 1 0 147 234 2488 1.0 0.0
table-0008-932 25 3 0 119 158 4569 0.5 0.1188793748441267
table-0008-153 0 0 0 498 360 506 1.0 0.0
table-0008-649 5 4 0 442 245 3516 0.5 1.1849529780564263
table-0008-608 21 4 27 21 433 28572 1.0 0.8523922633186292
table-0008-997 0 1 0 662 687 2010 1.0 0.0
table-0008-536 1 3 0 228 196 85456 1.0 0.011618342586880527
table-0008-567 3 7 3 540 105 20023 0.3333333333333333 0.07745933384972889
table-0008-29 1 1 0 909 492 48783 0.5 0.002765586484699092
table-0008-290 4 3 0 109 65 9803 1.0 0.03579900797929696
table-0008-729 8 4 0 212 194 18085 0.125 0.13527351118296954
table-0008-464 1 2 0 41 63 7378 0.5 0.016220955721174924
table-0008-456 5 6 9 274 260 31333 0.3333333333333333 0.021069561720948933
table-0008-423 1 2 0 470 320 139639 0.25 0.002627324171382377
table-0008-444 2 5 0 227 277 5444 0.3333333333333333 0.10266370699223086
table-0008-903 17 2 0 17 466 21002 0.03333333333333333 0.21605550049554015
table-0008-230 2 8 0 236 114 13786 0.5 0.011630019989096857
table-0008-212 15 2 0 97 171 74234 0.2 0.09292609134130529
table-0008-166 4 1 0 498 360 506 1.0 0.04414652567975831
table-0008-680 1 2 1 87 111 11555 1.0 0.0060374960279631395
table-0008-200 8 11 0 54 38 15219 0.3333333333333333 0.45956232159847765
table-0008-867 6 3 6 273 274 12319 0.14285714285714285 0.22745411013567438
table-0008-841 2 5 0 321 179 553345 0.16666666666666666 0.008767123287671232
table-0008-678 9 7 6 237 138 40533 0.5 0.27356150793650796
table-0008-918 23 2 0 17 466 21002 0.03333333333333333 0.3815659068384539
table-0008-190 1 2 1 15 4 939 1.0 0.18446601941747573
table-0008-623 5 4 0 75 124 11753 0.3333333333333333 0.058077645585472765
table-0008-469 26 4 0 30 66 19315 1.0 3.36703988803359
table-0008-115 4 1 0 498 360 506 1.0 0.0024546827794561933
table-0008-88 6 6 0 48 72 1121 0.3333333333333333 0.1379638439581351
table-0008-251 13 4 4 105 108 8157 0.2 0.30579083837510806
table-0008-833 2 2 0 26 7 23117 1.0 12.568627450980392
table-0008-901 25 2 0 17 466 21002 0.03333333333333333 0.2983151635282458
table-0008-823 2 2 0 26 7 23117 1.0 11.105882352941176
table-0008-36 4 3 0 115 407 37225 0.25 0.07522986904430204
table-0008-483 3 3 1 49 89 40535 0.125 0.145478374836173
table-0008-673 6 5 0 492 217 451336 0.25 0.04974489795918367
table-0008-714 18 8 0 490 561 22602 0.041666666666666664 0.3520475561426684
table-0008-591 4 3 0 72 46 2070 1.0 0.1601008509297195
table-0008-291 0 1 0 109 65 9803 1.0 0.0
table-0008-597 4 4 4 21 433 28572 1.0 0.14116050220563284
table-0008-555 3 7 3 540 105 20023 0.3333333333333333 0.07745933384972889
table-0008-335 3 2 0 114 103 12064 0.25 0.09571788413098237
table-0008-535 4 3 0 122 112 5723 1.0 0.14046461372231225
table-0008-770 2 2 0 26 7 23117 1.0 7.227450980392157
table-0008-20 3 6 12 517 106 7113 0.5 0.04060434372049103
table-0008-546 0 1 0 9 5 14254 1.0 0.0
table-0008-26 21 4 0 24 63 1124 0.5 2.3846153846153846
table-0008-976 4 3 1 79 91 10909 0.5 0.06696895709801186
table-0008-85 43 28 7 603 401 98149 0.1 0.517664872139973
table-0008-815 2 2 0 26 7 23117 1.0 6.933333333333334
table-0008-980 1 25 0 46 69 1308 0.25 0.35179786200194363
table-0008-281 2 4 0 97 75 67910 0.3333333333333333 0.04105598543468366
table-0008-159 4 1 0 498 360 506 1.0 0.029531722054380663
table-0008-232 1 1 0 1026 298 64162 1.0 0.004930254930254931
table-0008-66 2 13 0 1181 1316 77394 0.045454545454545456 0.03701468517400926
table-0008-893 1 2 0 13 22 7536 1.0 0.017543859649122806
table-0008-501 1 3 0 15 43 1312 1.0 0.0776283618581907
table-0008-767 2 2 0 26 7 23117 1.0 0.8784313725490196
table-0008-818 2 2 0 26 7 23117 1.0 14.811764705882354
table-0008-694 17 12 2 750 593 140592 0.1 0.033266044242577175
table-0008-682 1 1 0 320 200 67409 1.0 0.002445932028836251
table-0008-576 11 7 20 89 48 7022 0.5 0.7807308970099668
table-0008-648 0 1 0 335 282 102865 1.0 0.0
table-0008-49 15 5 2 38 86 36228 0.5 0.7094188376753507
table-0008-888 8 4 0 99 100 129562 0.25 0.21236465246245198
table-0008-147 0 0 0 498 360 506 1.0 0.0
table-0008-298 2 5 0 49 58 32841 0.5 0.05856450902686042
table-0008-800 2 2 0 26 7 23117 1.0 2.023529411764706
table-0008-746 10 3 0 19 21 5588 0.3333333333333333 0.1986596457635232
table-0008-226 3 3 0 206 239 147897 0.3333333333333333 0.005404135338345864
table-0008-792 2 2 0 26 7 23117 1.0 3.1333333333333333
table-0008-551 14 5 0 1656 482 131578 0.5 0.12786730972826726
table-0008-507 0 1 0 177 184 2151 1.0 0.0
table-0008-600 3 4 3 21 433 28572 1.0 0.1001017984390906
table-0008-825 2 2 0 26 7 23117 1.0 3.062745098039216
table-0008-771 2 2 0 26 7 23117 1.0 3.0470588235294116
table-0008-174 4 1 0 498 360 506 1.0 0.001661631419939577
table-0008-844 1 2 0 13 35 3443 0.25 0.04738562091503268
table-0008-790 2 2 0 26 7 23117 1.0 1.6313725490196078
table-0008-389 75 4 0 4 168 247 1.0 2.525462962962963
table-0008-715 14 3 4 490 561 22602 0.041666666666666664 0.36889035667107
table-0008-6 30 6 64 44 145 2335 0.2 2.7648979591836733
table-0008-468 13 4 0 30 66 19315 1.0 0.7533240027991602
table-0008-739 8 3 0 124 343 5395 0.3333333333333333 0.12956264386714897
table-0008-866 97 4 1 55 164 10877 1.0 0.35149755904472885
table-0008-3 28 6 26 31 30 5019 1.0 2.1593591905564926
table-0008-19 2 2 0 15 7 1294 1.0 0.24024024024024024
table-0008-350 29 3 3 38 42 6278 0.25 0.6853633269202308
table-0008-253 9 5 0 105 108 8157 0.2 0.3254969749351772
table-0008-205 1 3 0 811 419 90102 1.0 0.007227813357731015
table-0008-781 2 2 0 26 7 23117 1.0 1.396078431372549
table-0008-609 5 5 0 34 62 6839 0.25 0.07723445595854922
table-0008-326 4 12 1 122 99 2869 0.1111111111111111 0.7689922480620155
table-0008-351 2 3 0 38 42 6278 0.25 0.10478022791179517
table-0008-728 32 2 0 212 194 18085 0.125 0.512665049851792
table-0008-386 1 5 0 189 234 123392 0.2 0.03234501347708895
table-0008-509 1 2 1 55 85 3851 1.0 0.004984260230849948
table-0008-123 4 1 0 498 360 506 1.0 0.002001510574018127
table-0008-430 1 1 0 456 246 26987 0.25 0.0012918783911807768
table-0008-526 128 6 0 1180 352 17432 0.5 8.233148661126501
table-0008-596 96 4 95 21 433 28572 1.0 3.459450288428911
table-0008-537 108 6 0 8 334 8379 0.5 9.62311320754717
table-0008-449 5 6 11 274 260 31333 0.3333333333333333 0.017048652995577
table-0008-594 2 4 2 21 433 28572 1.0 0.05768578215134035
table-0008-4 9 3 5 283 99 21994 0.3333333333333333 0.04790419161676647
table-0008-780 2 2 0 26 7 23117 1.0 5.145098039215687
table-0008-868 20 6 0 273 274 12319 0.14285714285714285 1.1819632881085396
table-0008-531 1 3 0 76 77 3783 1.0 0.14447592067988668
table-0008-586 10 5 13 1093 717 94974 0.125 0.10848725742342763
table-0008-34 53 7 55 115 407 37225 0.25 2.2020061298411813
table-0008-13 2 3 0 593 377 147694 1.0 0.0018855240937187454
table-0008-409 5 3 0 37 75 8642 1.0 0.17117742308582004
table-0008-323 5 1 0 122 99 2869 0.1111111111111111 0.11627906976744186
table-0008-633 5 2 0 76 157 2682 1.0 0.12160158180919427
table-0008-925 18 6 17 100 108 11731 0.5 0.4573547589616811
table-0008-632 11 2 0 76 157 2682 1.0 0.20958971824023728
table-0008-415 11 8 0 983 357 7454 0.125 0.27287371134020616
table-0008-880 4 3 0 632 1000 53823 0.09090909090909091 1.550185873605948
table-0008-981 2 25 0 46 69 1308 0.25 0.8216715257531584
table-0008-858 14 12 0 324 417 35147 0.25 0.4238672286617492
table-0008-525 1 1 0 1119 303 82416 1.0 0.0032150894866573784
table-0008-612 104 4 8 224 328 9585 0.2 5.068015497201894
table-0008-191 13 6 11 630 1115 411 1.0 0.024589880451448533
table-0008-816 2 2 0 26 7 23117 1.0 1.8352941176470587
table-0008-667 10 4 0 686 277 2466654 0.2 0.06051743532058493
table-0008-124 0 0 0 498 360 506 1.0 0.0
table-0008-397 1 1 0 177 295 1346 0.3333333333333333 0.030015797788309637
table-0008-179 44 5 0 42 86 62805 0.5 7.620194174757281
table-0008-201 1 4 0 54 38 15219 0.3333333333333333 0.03425309229305423
table-0008-856 5 3 0 439 460 14416 0.5 0.07426541814659347
table-0008-111 4 5 0 498 360 506 1.0 0.004342900302114804
table-0008-566 4 4 0 540 105 20023 0.3333333333333333 0.17389620449264137
table-0008-983 4 6 11 16 27 1085 0.5 0.29668674698795183
table-0008-553 3 7 3 540 105 20023 0.3333333333333333 0.07745933384972889
table-0008-105 7 7 0 52 29 3064 0.5 1.2928921568627452
table-0008-394 27 3 0 420 285 130554 0.3333333333333333 0.22793796417649628
table-0008-126 4 1 0 498 360 506 1.0 0.06925981873111782
table-0008-550 85 6 0 12 254 14228 0.5 7.3586075345732
table-0008-822 2 2 0 26 7 23117 1.0 12.611764705882353
table-0008-233 3 3 0 131 175 5150 1.0 0.09667812142038947
table-0008-419 17 13 0 17 46 415 1.0 0.7215605749486653
table-0008-462 8 2 0 115 61 1428 1.0 0.1512576478585996
table-0008-103 0 1 0 356 138 4832 1.0 0.0
table-0008-366 34 3 0 8 608 7219 0.25 2.6157068062827227
table-0008-304 3 3 0 2534 826 2107573 0.07692307692307693 0.016105263157894737
table-0008-834 2 2 0 26 7 23117 1.0 4.6
table-0008-696 9 8 0 750 593 140592 0.1 0.05269576919841871
table-0008-910 6 2 0 17 466 21002 0.03333333333333333 0.09514370664023786
table-0008-598 9 4 9 21 433 28572 1.0 0.32813030200203597
table-0008-793 2 2 0 26 7 23117 1.0 2.007843137254902
table-0008-573 4 8 6 540 105 20023 0.3333333333333333 0.10844306738962045
table-0008-87 7 7 0 48 72 1121 0.3333333333333333 3.0799238820171264
table-0008-315 1 4 0 233 260 884 0.5 0.021321961620469083
table-0008-740 0 1 0 124 343 5395 0.3333333333333333 0.0
table-0008-580 152 7 71 15 700 211164 1.0 9.246353322528362
table-0008-162 4 1 0 498 360 506 1.0 0.021148036253776436
table-0008-982 1 3 0 46 69 1308 0.25 0.056365403304178816
table-0008-828 2 2 0 26 7 23117 1.0 5.76078431372549
table-0008-896 3 2 0 17 466 21002 0.03333333333333333 0.031714568880079286
table-0008-831 2 2 0 26 7 23117 1.0 1.5137254901960784
table-0008-62 1 3 0 126 33 36544 1.0 0.017876489707475622
table-0008-225 6 2 4 206 239 147897 0.3333333333333333 0.01394110275689223
table-0008-938 1 3 0 89 62 10829 1.0 0.016981132075471698
table-0008-544 3 2 0 73 96 5194 0.5 0.04335260115606936
table-0008-883 18 3 0 632 1000 53823 0.09090909090909091 5.877323420074349
table-0008-198 1 2 0 14 68 1071 1.0 0.01141352063213345
table-0008-978 7 4 1 237 197 151798 0.5 0.12152444870565676
table-0008-69 4 10 0 1181 1316 77394 0.045454545454545456 0.030325890162945082
table-0008-5 5 3 5 283 99 21994 0.3333333333333333 0.045000907276356375
table-0008-924 1 3 0 63 110 1304 0.5 0.0176278563656148
table-0008-615 1 2 1 39 69 7645 1.0 0.016020236087689713
table-0008-331 2 13 0 149 262 5707 1.0 0.022990379911951738
table-0008-51 0 1 0 38 86 36228 0.5 0.0
table-0008-178 4 4 0 42 86 62805 0.5 0.019611650485436893
table-0008-635 2 3 3 10 255 15575 0.5 0.08229311141932501
table-0008-381 0 1 0 35 70 2503 1.0 0.0
table-0008-602 5 4 6 21 433 28572 1.0 0.1496437054631829
table-0008-725 1 3 0 196 190 3412 1.0 0.08773500447627573
table-0008-277 0 0 0 140 216 10269 0.5 0.0
table-0008-802 2 2 0 26 7 23117 1.0 1.2901960784313726
table-0008-413 2 7 0 983 357 7454 0.125 0.03946520618556701
table-0008-252 12 2 3 105 108 8157 0.2 0.07640449438202247
table-0008-601 34 4 44 21 433 28572 1.0 1.3142178486596539
table-0008-453 4 6 7 274 260 31333 0.3333333333333333 0.016003216726980296
table-0008-820 2 2 0 26 7 23117 1.0 1.2705882352941176
table-0008-625 4 2 0 42 70 4160 1.0 0.08032675289312458
table-0008-998 4 7 4 85 65 1400 0.5 0.3124522536287242
table-0008-92 0 1 0 653 529 14179 0.5 0.0
table-0008-912 9 2 0 17 466 21002 0.03333333333333333 0.11496531219028741
table-0008-86 7 7 0 48 72 1121 0.3333333333333333 3.0580399619410086
table-0008-872 1 3 0 273 274 12319 0.14285714285714285 0.08459696727853153
table-0008-262 11 2 0 88 101 61340 0.3333333333333333 0.1438698915763136
table-0008-974 15 7 0 193 249 5419 0.3333333333333333 3.5854214123006836
table-0008-972 4 3 0 85 105 2735 1.0 0.16884422110552763
table-0008-777 2 2 0 26 7 23117 1.0 3.3058823529411763
table-0008-953 19 3 0 27 128 2851 0.3333333333333333 0.1319080274304155
table-0008-518 1 3 0 121 113 9243 1.0 0.02582042312177245
table-0008-457 58 4 0 12 21 3911 0.25 228.6587537091988
table-0008-644 1 1 0 633 176 32875 1.0 0.014500759563596189
table-0008-234 66 4 187 738 166 390442 1.0 0.10731184152419405
table-0008-776 2 2 0 26 7 23117 1.0 3.0549019607843135
table-0008-210 5 4 3 97 171 74234 0.2 0.0710272295058349
table-0008-726 9 6 0 212 194 18085 0.125 0.06804095931015898
table-0008-76 5 25 26 1181 1316 77394 0.045454545454545456 0.12115268557634279
table-0008-488 5 3 0 315 272 9594 0.2 0.04408766564729868
table-0008-716 7 3 1 490 561 22602 0.041666666666666664 0.14464993394980186
table-0008-700 1 2 0 6 24 906 0.5 0.052556818181818184
table-0008-309 3 2 2 278 242 11796 0.3333333333333333 0.02539159109645507
table-0008-663 33 4 9 37 73 4743 0.3333333333333333 0.42176238084166473
table-0008-849 9 5 0 640 286 95598 0.3333333333333333 0.0216073200308676
table-0008-963 11 6 0 407 542 2413 0.058823529411764705 0.1742627345844504
table-0008-717 1 7 0 118 141 11057 0.3333333333333333 0.05263157894736842
table-0008-72 3 36 6 1181 1316 77394 0.045454545454545456 0.15645745322872662
table-0008-564 4 4 0 540 105 20023 0.3333333333333333 0.16692486444616575
table-0008-616 1 3 0 10 24 797 1.0 0.23376623376623376
table-0008-720 24 4 34 233 517 18963 0.5 0.04864578604932668
table-0008-437 1 5 0 227 277 5444 0.3333333333333333 0.03995560488346282
table-0008-296 80 11 603 58 127 5967 1.0 7.366704161979753
table-0008-353 3 5 0 13 61 4777 0.3333333333333333 0.19324675324675325
table-0008-238 53 5 59 27 24 2531 0.5 6.0754716981132075
table-0008-934 0 1 0 595 343 942929 0.5 0.0
table-0008-38 10 2 6 53 80 3704 1.0 0.21584158415841584
table-0008-575 6 2 0 65 82 3646 0.5 0.2741738066095471
table-0008-778 2 2 0 26 7 23117 1.0 2.1215686274509804
table-0008-655 15 9 1 40 51 2280 0.5 11.563492063492063
table-0008-229 11 7 15 1564 366 99170 0.3333333333333333 0.05338634104784893
table-0008-473 13 4 0 30 66 19315 1.0 1.2736179146256124
table-0008-395 15 3 18 420 285 130554 0.3333333333333333 0.10211882918304936
table-0008-346 0 1 0 178 179 3126 1.0 0.0
table-0008-873 0 1 0 22 34 3990 1.0 0.0
table-0008-894 25 4 36 9 28 1783 0.5 11.609550561797754
table-0008-962 0 0 0 407 542 2413 0.058823529411764705 0.0
table-0008-819 2 2 0 26 7 23117 1.0 6.4941176470588236
table-0008-621 3 2 0 21 30 35068 0.25 1.40625
table-0008-672 2 3 0 40 52 3354 0.5 2.0610687022900764
table-0008-505 0 1 0 174 186 2494 1.0 0.0
table-0008-110 4 5 0 498 360 506 1.0 0.004342900302114804
table-0008-192 40 3 0 118 108 46254 0.5 1.8989620843041728
table-0008-365 276 5 0 8 608 7219 0.25 32.567539267015704
table-0008-921 2 2 0 17 466 21002 0.03333333333333333 0.030723488602576808
table-0008-369 14 4 0 27 36 2912 0.5 0.13775245986535473
table-0008-875 4 3 0 632 1000 53823 0.09090909090909091 1.6431226765799256
table-0008-964 13 4 3 407 542 2413 0.058823529411764705 0.6300268096514745
table-0008-502 2 3 0 28 42 2393 1.0 0.05429474288997414
table-0008-519 0 1 0 1035 240 65190 1.0 0.0
table-0008-787 2 2 0 26 7 23117 1.0 7.270588235294118
table-0008-732 13 5 0 181 373 11936 1.0 0.04429218157347363
table-0008-84 21 3 17 603 401 98149 0.1 0.14232839838492597
table-0008-170 0 0 0 498 360 506 1.0 0.0
table-0008-508 131 6 1 17 304 8658 0.5 10.654360867558838
table-0008-946 2 3 0 88 283 22446 1.0 0.007343614393484211
table-0008-902 17 2 0 17 466 21002 0.03333333333333333 0.28344895936570863
table-0008-400 1 1 0 177 295 1346 0.3333333333333333 0.030015797788309637
table-0008-947 22 4 3 245 157 701255 0.5 0.2039775945622758
table-0008-224 1 1 0 1653 388 156303 1.0 0.001891667435637169
table-0008-209 6 2 6 97 171 74234 0.2 0.023051433511021468
table-0008-185 2 2 2 6 21 2603 1.0 0.06068601583113457
table-0008-118 4 5 0 498 360 506 1.0 0.004342900302114804
table-0008-548 6 3 6 88 238 12264 0.3333333333333333 0.02150244964616222
table-0008-937 2 4 0 96 160 2588 0.5 0.024830699774266364
table-0008-523 3 3 0 38 73 6190 1.0 0.057715780296425455
table-0008-945 1 3 0 41 53 3656 1.0 0.021229666390956713
table-0008-370 6 2 0 109 94 2442 0.5 0.19195612431444242
table-0008-607 10 4 13 21 433 28572 1.0 0.40685442823210044
table-0008-373 3 2 0 117 104 12642 0.25 0.04103671706263499
table-0008-606 7 4 7 21 433 28572 1.0 0.22768917543264336
table-0008-151 4 5 0 498 360 506 1.0 0.004342900302114804
table-0008-878 7 3 0 632 1000 53823 0.09090909090909091 2.483271375464684
table-0008-651 57 3 0 80 97 1359 0.3333333333333333 7.866666666666666
table-0008-857 1 2 1 80 117 4161 1.0 0.017117117117117116
table-0008-757 7 2 2 17 48 7143 0.14285714285714285 0.7502453385672228
table-0008-43 114 12 101 1318 682 111662 1.0 0.2832818757069055
table-0008-568 3 7 3 540 105 20023 0.3333333333333333 0.07745933384972889
table-0008-78 3 6 0 1181 1316 77394 0.045454545454545456 0.014986924160128747
table-0008-760 1 3 0 28 40 1133 1.0 0.024924471299093656
table-0008-624 0 1 0 20 22 1744 1.0 0.0
table-0008-104 3 2 2 71 86 28665 0.5 0.08539944903581267
table-0008-542 1 3 1 51 70 4627 1.0 0.10526315789473684
table-0008-255 17 2 0 24 43 4383 0.5 0.3381795195954488
table-0008-530 112 6 0 320 265 22674 0.5 8.212976022566997
table-0008-156 4 1 0 498 360 506 1.0 0.021450151057401813
table-0008-148 4 5 0 498 360 506 1.0 0.004342900302114804
table-0008-195 1 2 0 7 38 1191 1.0 0.015080603224128965
table-0008-177 17 6 0 42 86 62805 0.5 0.2007766990291262
table-0008-951 118 5 248 5 108 890 0.5 24.392792792792793
table-0008-384 11 3 0 189 234 123392 0.2 0.08355795148247978
table-0008-785 2 2 0 26 7 23117 1.0 0.8745098039215686
table-0008-810 2 2 0 26 7 23117 1.0 2.0823529411764707
table-0008-127 0 0 0 498 360 506 1.0 0.0
table-0008-197 1 2 0 13 62 988 1.0 0.008527386028205968
table-0008-242 0 1 0 219 122 16691 0.5 0.0
table-0008-176 4 2 1 145 255 60252 0.5 0.009169782041334555
table-0008-94 22 4 0 436 244 301335 0.5 0.19939639207078674
table-0008-411 1 7 0 983 357 7454 0.125 0.025128865979381444
table-0008-521 1 5 1 122 158 14127 0.2 0.06934306569343066
table-0008-889 4 4 0 99 100 129562 0.25 0.14041215508208174
table-0008-139 4 1 0 498 360 506 1.0 0.035838368580060426
table-0008-698 1 2 1 24 34 7284 1.0 0.006797853309481216
table-0008-75 1 7 0 1181 1316 77394 0.045454545454545456 0.0005532086099376383
table-0008-314 5 3 0 26 31 1893 1.0 0.6095238095238096
table-0008-774 2 2 0 26 7 23117 1.0 3.066666666666667
table-0008-333 13 2 6 114 103 12064 0.25 0.3501259445843829
table-0008-477 3 2 0 51 57 16780 0.5 0.04558680892337536
table-0008-265 1 1 0 2368 347 100065 1.0 0.0017080229634198415
table-0008-988 0 1 0 120 143 72039 1.0 0.0
table-0008-599 10 4 11 21 433 28572 1.0 0.4343400067865626
table-0008-203 7 3 0 154 163 49977 0.3333333333333333 0.08712372364407904
table-0008-939 1 3 0 84 76 4959 1.0 0.0222663139329806
table-0008-593 3 4 3 21 433 28572 1.0 0.14828639294197488
table-0008-95 1 2 1 110 131 2195 1.0 0.13970588235294118
table-0008-684 2 5 0 57 17 53497 0.5 0.004066142586066685
table-0008-994 8 2 0 1311 987 560022 0.2 0.002456530097833981
table-0008-70 5 21 4 1181 1316 77394 0.045454545454545456 0.13513377590022127
table-0008-558 3 7 3 540 105 20023 0.3333333333333333 0.07745933384972889
table-0008-180 4 15 0 2652 2469 190113 0.5 0.05223950966525224
table-0008-382 1 3 0 266 276 45099 1.0 0.015853244253198957
table-0008-486 22 8 14 315 272 9594 0.2 0.4123343527013252
table-0008-122 4 5 0 498 360 506 1.0 0.004342900302114804
table-0008-693 10 5 0 750 593 140592 0.1 0.06207418622255867
table-0008-12 24 8 22 39 128 8855 1.0 0.5022727272727273
table-0008-581 24 3 15 15 700 211164 1.0 0.5680713128038898
table-0008-840 15 4 14 321 179 553345 0.16666666666666666 0.03910958904109589
table-0008-977 3 5 6 164 65 2581 1.0 0.48083067092651754
table-0008-824 48 2 24 26 7 23117 1.0 150.57647058823528
table-0008-55 0 1 0 167 708 19187 1.0 0.0
table-0008-216 1 2 1 16 43 1580 1.0 0.025165562913907286
table-0008-604 2 4 3 21 433 28572 1.0 0.08008143875127248
table-0008-691 72 6 0 750 593 140592 0.1 0.3864917150307006
table-0008-141 4 5 0 498 360 506 1.0 0.004342900302114804
table-0008-764 72 6 0 180 447 26006 0.5 9.425925925925926
table-0008-859 0 1 0 22 39 1177 1.0 0.0
table-0008-761 1 3 0 28 40 1133 1.0 0.030211480362537766
table-0008-690 2 1 0 750 593 140592 0.1 0.0018504499957944318
table-0008-745 146 3 29 19 21 5588 0.3333333333333333 2.8056486357108663
table-0008-371 2 3 0 60 86 6203 1.0 0.03984879508584029
table-0008-957 16 4 0 33 74 14646 0.3333333333333333 0.2753623188405797
table-0008-987 1 17 0 76 88 5052 0.2 0.23730684326710816
table-0008-308 1 2 1 112 150 1961 1.0 0.006480218281036835
table-0008-702 0 1 0 181 184 5241 0.5 0.0
table-0008-452 3 6 6 274 260 31333 0.3333333333333333 0.011338962605548853
table-0008-852 64 4 59 544 362 594265 1.0 0.29823349452284614
table-0008-358 13 4 0 234 246 1431 0.5 0.19296740994854203
table-0008-887 17 4 13 99 100 129562 0.25 0.26545581557806497
table-0008-454 5 6 11 274 260 31333 0.3333333333333333 0.02018496180136711
table-0008-120 0 0 0 498 360 506 1.0 0.0
table-0008-970 6 3 7 407 542 2413 0.058823529411764705 0.07506702412868632
table-0008-708 5 3 3 490 561 22602 0.041666666666666664 0.023117569352708058
table-0008-809 2 2 0 26 7 23117 1.0 1.003921568627451
table-0008-657 2 3 0 344 351 3048 1.0 0.2235494880546075
table-0008-260 6 2 0 24 59 6392 0.5 0.2697986577181208
table-0008-438 1 1 0 227 277 5444 0.3333333333333333 0.010543840177580466
table-0008-213 9 2 0 97 171 74234 0.2 0.02939057772655237
table-0008-37 20 3 0 80 208 59032 0.25 0.26836086404066073
table-0008-686 17 9 3 40 69 2264 0.25 3.15702479338843
table-0008-137 0 0 0 498 360 506 1.0 0.0
table-0008-163 0 0 0 498 360 506 1.0 0.0
table-0008-659 2 2 0 36 50 9482 0.3333333333333333 0.20521172638436483
table-0008-704 7 3 3 490 561 22602 0.041666666666666664 0.1261558784676354
table-0008-295 4 2 0 6 17 663 1.0 0.10775862068965517
table-0008-899 49 2 0 17 466 21002 0.03333333333333333 0.6590683845391476
table-0008-794 2 2 0 26 7 23117 1.0 1.231372549019608
table-0008-204 12 2 0 154 163 49977 0.3333333333333333 0.039649913804535204
table-0008-845 1 2 0 13 35 3443 0.25 0.04084967320261438
table-0008-588 6 5 10 1093 717 94974 0.125 0.05810147299509002
table-0008-7 14 5 14 44 145 2335 0.2 1.2089795918367348
table-0008-443 3 8 0 227 277 5444 0.3333333333333333 0.0932297447280799
table-0008-167 0 0 0 498 360 506 1.0 0.0
table-0008-722 25 5 25 39 48 10163 1.0 0.1688340807174888
table-0008-106 2 7 0 61 5 2602 1.0 0.5335570469798657
table-0008-441 3 5 1 227 277 5444 0.3333333333333333 0.12708102108768035
table-0008-850 1 3 0 247 252 5137 0.5 0.040686586141131596
table-0008-541 1 2 1 9 16 1203 1.0 0.022093023255813953
table-0008-352 6 4 0 38 42 6278 0.25 0.03759064673671748
table-0008-268 13 4 0 10 27 1022 0.5 0.30209617755856966
table-0008-475 10 3 0 126 113 10090 1.0 0.18206521739130435
table-0008-565 4 4 0 540 105 20023 0.3333333333333333 0.17041053446940357
table-0008-96 29 4 24 562 225 577914 0.5 0.1302845379016249
table-0008-114 4 5 0 498 360 506 1.0 0.004342900302114804
table-0008-610 11 6 0 34 62 6839 0.25 0.11625647668393782
table-0008-77 1 6 0 1181 1316 77394 0.045454545454545456 0.000352041842687588
table-0008-22 3 2 0 74 88 1194 0.5 0.02053388090349076
table-0008-496 1 3 0 288 286 25535 0.2 0.013279857397504456
table-0008-727 24 6 6 212 194 18085 0.125 0.2095122608461331
table-0008-17 3 2 0 19 29 13058 0.5 0.13240418118466898
table-0008-289 7 3 0 85 122 18288 0.5 0.04958418327318374
table-0008-562 4 4 0 540 105 20023 0.3333333333333333 0.16305189775367931
table-0008-11 5 2 2 19 27 2661 1.0 0.19940915805022155
table-0008-881 159 3 1 632 1000 53823 0.09090909090909091 51.204460966542754
table-0008-949 5 9 2 74 120 2391 1.0 0.5278592375366569
table-0008-387 22 3 1 63 204 11991 0.5 0.30308448815377736
table-0008-67 2 13 4 1181 1316 77394 0.045454545454545456 0.03656205994769664
table-0008-288 13 2 1 85 122 18288 0.5 0.04974109524556724
table-0008-587 6 5 8 1093 717 94974 0.125 0.09784895955108722
table-0008-862 3 2 0 8 8 1145 1.0 0.32167832167832167
table-0008-900 33 2 0 17 466 21002 0.03333333333333333 0.5460852329038652
table-0008-718 20 12 0 118 141 11057 0.3333333333333333 0.4932088285229202
table-0008-157 0 0 0 498 360 506 1.0 0.0
table-0008-32 7 7 0 53 87 1031 0.3333333333333333 3.106423777564717
table-0008-679 8 18 0 38 43 4230 0.5 0.1692362854069559
table-0008-654 49 9 13 25 72 1803 0.3333333333333333 2.221223021582734
table-0008-668 17 3 0 686 277 2466654 0.2 0.14803149606299212
table-0008-313 1 2 0 24 48 8511 1.0 0.014944769330734242
table-0008-207 16 3 0 220 174 21309 0.2 0.20177232447171098
table-0008-688 10 8 8 40 69 2264 0.25 1.4586776859504131
table-0008-685 0 1 0 783 341 581644 1.0 0.0
table-0008-300 5 3 0 2534 826 2107573 0.07692307692307693 0.015842105263157893
table-0008-811 2 2 0 26 7 23117 1.0 7.0549019607843135
table-0008-183 14 3 1 120 121 6675 0.14285714285714285 0.18471337579617833
table-0008-458 72 4 0 12 21 3911 0.25 302.6617210682493
table-0008-59 44 4 0 2772 371 187913 0.25 1.6585721223895096
table-0008-403 7 8 0 177 295 1346 0.3333333333333333 0.36018957345971564
table-0008-479 5 13 0 49 89 40535 0.125 0.30930537352555704
table-0008-379 6 3 0 516 684 3061 0.25 0.11457131872356786
table-0008-549 5 3 3 88 238 12264 0.3333333333333333 0.02041371801850844
table-0008-53 1 3 0 377 324 27377 1.0 0.020782219656516093
table-0008-813 2 2 0 26 7 23117 1.0 12.466666666666667
table-0008-676 1 2 1 76 101 4242 1.0 0.008384819064430714
table-0008-898 40 2 0 17 466 21002 0.03333333333333333 0.5946481665014867
table-0008-107 6 9 0 61 5 2602 1.0 1.4228187919463087
table-0008-307 79 4 40 219 156 6569 0.5 0.07722220310402973
table-0008-99 13 2 0 128 150 18149 0.3333333333333333 0.11344704482348275
table-0008-54 1 2 0 21 35 1689 1.0 0.02711864406779661
table-0008-638 7 2 0 375 183 35675 0.5 0.029069767441860465
table-0008-258 8 3 0 412 178 13155 0.3333333333333333 0.08602540834845734
table-0008-618 50 6 0 10 167 5233 0.5 5.378491620111732
table-0008-927 13 6 0 169 143 3030 1.0 0.42788250767207364
table-0008-614 1 1 0 283 212 19154 1.0 0.007983692882622727
table-0008-514 0 1 0 253 262 61363 1.0 0.0
table-0008-527 1 3 0 73 99 1391 1.0 0.05794066317626527
table-0008-990 32 2 0 341 462 11080 0.14285714285714285 0.34832864729771945
table-0008-273 5 2 0 63 62 7834 0.5 0.11918604651162791
table-0008-280 12 4 0 97 75 67910 0.3333333333333333 0.3747837960855712
table-0008-689 2 3 0 40 69 2264 0.25 0.5495867768595041
table-0008-940 1 2 1 5 16 6996 1.0 0.02606310013717421
table-0008-494 5 3 0 288 286 25535 0.2 0.015062388591800356
table-0008-605 6 4 8 21 433 28572 1.0 0.28435697319307773
table-0008-155 4 5 0 498 360 506 1.0 0.004342900302114804
table-0008-697 5 3 0 750 593 140592 0.1 0.0232567919925982
table-0008-345 1 3 0 120 98 11940 0.25 0.13541666666666666
table-0008-119 4 1 0 498 360 506 1.0 0.002001510574018127
table-0008-495 5 3 0 288 286 25535 0.2 0.015508021390374332
table-0008-293 51 2 0 21 146 15667 0.3333333333333333 0.2071204917082222
table-0008-217 1 2 0 22 72 435 1.0 0.006240487062404871
table-0008-913 22 2 0 17 466 21002 0.03333333333333333 0.2348860257680872
table-0008-247 5 1 0 115 225 1102 1.0 0.008103821754603125
table-0008-341 5 2 4 120 98 11940 0.25 0.2013888888888889
table-0008-629 4 2 2 126 191 50426 0.5 0.014535224475442504
table-0008-47 3 3 0 210 258 89152 0.2 0.003864514662423278
