table_id rows cols nulls inlinks outlinks views table_imp table_fraction
table-0006-703 2 1 1 675 714 9734 1.0 4.2795395215474814e-05
table-0006-422 19 5 0 23 260 2072 0.3333333333333333 3.3566433566433567
table-0006-228 2 6 4 2203 666 137046 0.08333333333333333 0.01585014409221902
table-0006-737 4 1 4 675 714 9734 1.0 0.0
table-0006-110 1 3 0 14 117 1356 1.0 0.07884856070087609
table-0006-396 3 3 0 22 30 1175 1.0 0.31116207951070335
table-0006-843 1 3 0 20 42 2506 1.0 0.024163894239187533
table-0006-681 0 0 0 675 714 9734 1.0 0.0
table-0006-868 3 4 3 352 648 512 1.0 0.5818965517241379
table-0006-591 0 1 0 164 420 14077 0.14285714285714285 0.0
table-0006-706 0 0 0 675 714 9734 1.0 0.0
table-0006-79 19 3 0 181 136 354455 0.2 0.1828071672354949
table-0006-57 1 2 1 685 271 26246 0.08333333333333333 0.015237020316027089
table-0006-672 4 10 0 198 355 16704 0.2 0.015938274386123
table-0006-575 4 6 0 133 193 4131 1.0 0.13844393592677345
table-0006-512 17 5 0 222 392 20278 0.2 0.05670693605498854
table-0006-902 2 4 2 353 623 1101 0.5 0.40119760479041916
table-0006-588 1 3 0 43 94 5401 1.0 0.016962524654832348
table-0006-898 2 2 2 19 29 6595 1.0 0.03776978417266187
table-0006-62 1 1 1 685 271 26246 0.08333333333333333 0.0
table-0006-977 46 4 73 402 164 37852 0.3333333333333333 0.716015219647181
table-0006-231 10 5 0 2203 666 137046 0.08333333333333333 0.04732875193970295
table-0006-204 5 12 3 409 186 533307 0.5 0.09909443725743855
table-0006-650 2 3 0 28 141 2906 0.5 0.10810810810810811
table-0006-453 1 1 0 8 29 1170 0.2 0.1132596685082873
table-0006-363 9 9 0 142 100 1600 0.25 0.11291444470206354
table-0006-526 3 3 0 40 80 3684 0.5 0.02529886016124548
table-0006-710 3 1 3 675 714 9734 1.0 0.0
table-0006-163 54 3 0 52 29 10838 0.3333333333333333 366.55357142857144
table-0006-273 11 2 0 160 221 13658 0.25 0.15010472422620433
table-0006-826 17 12 17 40 106 928 1.0 1.6862745098039216
table-0006-4 72 5 63 137 141 7081 0.5 0.45957303748529166
table-0006-917 4 2 0 959 384 205779 0.14285714285714285 0.008984944147644487
table-0006-913 1 3 0 156 256 5620 0.3333333333333333 0.10576923076923077
table-0006-156 1 2 0 16 32 1306 1.0 0.02869198312236287
table-0006-744 2 1 2 675 714 9734 1.0 0.0
table-0006-805 11 7 11 668 557 3014 0.09090909090909091 1.0609137055837563
table-0006-570 4 10 0 284 526 28676 0.25 0.010020320930558475
table-0006-200 1 3 0 169 136 1819 1.0 0.04315576534052596
table-0006-880 4 2 0 57 233 631 1.0 0.02750851454021483
table-0006-461 5 5 0 296 339 12098 0.5 0.026766450916936354
table-0006-58 4 9 3 685 271 26246 0.08333333333333333 0.04683972911963882
table-0006-833 1 3 0 0 0 0 0.0 77.0
table-0006-76 11 4 0 382 410 117199 1.0 0.11304623179227359
table-0006-87 3 3 0 47 56 1736 1.0 0.32941176470588235
table-0006-216 1 3 0 288 278 19275 0.2 0.016702163434592535
table-0006-238 4 10 0 2203 666 137046 0.08333333333333333 0.030702726668144536
table-0006-730 1 3 2 675 714 9734 1.0 4.2795395215474814e-05
table-0006-409 1 3 0 10 29 1752 1.0 0.1495956873315364
table-0006-915 12 5 0 959 384 205779 0.14285714285714285 0.029140359397765905
table-0006-52 5 9 4 432 240 19572 0.1111111111111111 0.08363636363636363
table-0006-827 16 13 8 40 106 928 1.0 1.2788671023965141
table-0006-531 0 1 0 1778 784 142039 0.1 0.0
table-0006-240 11 10 0 2203 666 137046 0.08333333333333333 0.14298381733540236
table-0006-256 12 4 10 417 285 1438 0.5 2.983050847457627
table-0006-662 4 6 8 37 110 0 1.0 0.05167958656330749
table-0006-491 5 9 21 1882 706 136447 0.14285714285714285 0.01681109185441941
table-0006-885 12 2 0 57 233 631 1.0 0.06104270369400053
table-0006-864 30 2 0 133 106 6534 0.3333333333333333 0.15470548408937035
table-0006-209 11 6 0 50 164 1481 0.3333333333333333 0.7759036144578313
table-0006-563 1 4 0 823 634 40116 0.14285714285714285 0.01315391593589356
table-0006-351 1 2 1 23 55 13827 1.0 0.008421985815602837
table-0006-803 8 4 4 5 29 846 0.3333333333333333 0.1292798110979929
table-0006-41 4 9 1 293 140 16800 0.3333333333333333 0.21342134213421343
table-0006-715 2 1 2 675 714 9734 1.0 0.0
table-0006-938 1 2 1 10 18 1299 1.0 0.01917255297679112
table-0006-395 5 9 0 2709 963 195358 0.047619047619047616 0.009169967280867919
table-0006-465 4 2 4 24 48 4709 1.0 0.03305249513933895
table-0006-611 4 3 3 32 37 1874 0.2 0.035982008995502246
table-0006-702 2 1 1 675 714 9734 1.0 4.2795395215474814e-05
table-0006-322 3 3 0 8 20 2311 1.0 0.4026548672566372
table-0006-596 1 1 1 164 420 14077 0.14285714285714285 0.0
table-0006-311 5 2 0 7 51 1017 0.16666666666666666 0.02716555612506407
table-0006-415 1 3 0 175 84 13863 1.0 0.025768535262206148
table-0006-14 3 4 0 259 252 89685 0.25 0.03871576959395656
table-0006-867 4 5 0 34 34 22700 0.5 0.1711340206185567
table-0006-456 1 5 0 8 29 1170 0.2 0.21823204419889503
table-0006-139 12 3 0 98 116 6522 1.0 0.2887453874538745
table-0006-85 37 4 89 391 566 138 1.0 5.0682414698162725
table-0006-595 1 1 1 164 420 14077 0.14285714285714285 0.0
table-0006-199 13 6 0 59 160 1283 0.3333333333333333 0.8682926829268293
table-0006-742 4 1 4 675 714 9734 1.0 0.0
table-0006-652 4 6 8 37 110 0 1.0 0.05167958656330749
table-0006-436 22 13 0 49 74 1602 0.5 0.826192400970089
table-0006-631 1 1 1 154 312 25095 0.3333333333333333 0.0
table-0006-726 1 3 2 675 714 9734 1.0 4.2795395215474814e-05
table-0006-146 1 1 0 183 182 74385 0.16666666666666666 0.001672153420076292
table-0006-324 10 11 0 70 44 2496 0.5 0.4468485418626529
table-0006-281 2 3 0 574 400 221803 1.0 0.012753036437246963
table-0006-912 1 1 1 156 256 5620 0.3333333333333333 0.0
table-0006-236 13 10 0 2203 666 137046 0.08333333333333333 0.07902904012414098
table-0006-206 54 4 36 791 550 2147781 0.2 0.21812822402358142
table-0006-394 21 8 0 2709 963 195358 0.047619047619047616 0.05209230239366282
table-0006-319 1 4 0 131 107 17294 0.25 0.08955223880597014
table-0006-962 100 2 0 120 1363 31073 0.5 1.9406150583244963
table-0006-733 0 0 0 675 714 9734 1.0 0.0
table-0006-609 4 3 0 32 37 1874 0.2 0.11319340329835083
table-0006-995 2 4 0 60 65 1839 0.25 0.02559867877786953
table-0006-150 1 3 0 139 160 2728 1.0 0.08782287822878229
table-0006-387 2 3 0 2709 963 195358 0.047619047619047616 0.008782503874634062
table-0006-188 6 7 0 36 146 776 0.3333333333333333 1.2773722627737227
table-0006-56 3 3 3 685 271 26246 0.08333333333333333 0.05474040632054176
table-0006-982 2 3 0 338 363 34677 0.25 0.007613826709304096
table-0006-906 2 2 0 2 16 615 1.0 0.19112627986348124
table-0006-561 28 4 0 823 634 40116 0.14285714285714285 0.4535833081342607
table-0006-133 4 5 1 83 47 3658 1.0 0.17263843648208468
table-0006-307 5 7 0 79 118 23586 1.0 0.11504571903574397
table-0006-295 10 5 0 140 291 2978 0.1111111111111111 2.292841648590022
table-0006-401 1 3 0 16 25 665 1.0 0.04312354312354312
table-0006-502 2 6 0 222 392 20278 0.2 0.0011455946677775464
table-0006-522 2 2 0 14 29 5663 1.0 0.08952959028831563
table-0006-775 0 1 0 5 18 567 0.5 0.0
table-0006-279 26 15 126 574 400 221803 1.0 0.1910931174089069
table-0006-839 15 1 0 19 31 1107 0.3333333333333333 0.4106628242074928
table-0006-678 2 1 2 675 714 9734 1.0 0.0
table-0006-264 20 2 0 206 279 46738 0.25 0.05711408430441663
table-0006-242 2 2 1 19 49 19931 0.5 0.03674911660777385
table-0006-483 14 11 12 426 441 123385 0.5 0.253343671254119
table-0006-634 10 8 18 21 127 1406 0.5 1.9610552763819096
table-0006-856 20 5 0 182 104 403512 1.0 0.11392931392931394
table-0006-736 4 1 4 675 714 9734 1.0 0.0
table-0006-503 2 6 0 222 392 20278 0.2 0.0013538846073734639
table-0006-298 10 5 4 140 291 2978 0.1111111111111111 2.24295010845987
table-0006-179 23 30 0 160 417 11043 0.3333333333333333 0.09599846094651789
table-0006-824 9 7 0 40 106 928 1.0 3.0326797385620914
table-0006-25 3 19 2 160 110 6608 0.25 0.24064768285873814
table-0006-544 0 1 0 161 85 10146 1.0 0.0
table-0006-738 6 1 5 675 714 9734 1.0 0.000470749347370223
table-0006-29 5 2 0 506 331 26148 0.2 0.004075928729474787
table-0006-647 2 7 0 146 356 17390 0.16666666666666666 0.01940357852882704
table-0006-889 10 7 6 102 90 5901 0.3333333333333333 0.12119279221814702
table-0006-874 5 2 0 218 201 48310 0.5 0.10569583088667057
table-0006-224 4 9 4 2203 666 137046 0.08333333333333333 0.003768565728219907
table-0006-959 54 3 13 120 1363 31073 0.5 3.0816542948038177
table-0006-943 23 8 18 275 278 18639 0.2 0.2732799525504152
table-0006-621 1 3 0 127 136 2911 1.0 0.1356382978723404
table-0006-659 4 6 7 37 110 0 1.0 0.09302325581395349
table-0006-956 13 5 0 243 208 22979 0.14285714285714285 1.0305882352941176
table-0006-931 2 4 2 357 285 923 0.5 0.3755795981452859
table-0006-825 0 1 0 40 106 928 1.0 0.0
table-0006-808 24 7 24 668 557 3014 0.09090909090909091 2.298223350253807
table-0006-54 1 1 1 432 240 19572 0.1111111111111111 0.0
table-0006-310 5 2 0 7 51 1017 0.16666666666666666 0.017939518195797026
table-0006-923 6 9 6 66 384 436 1.0 0.5475
table-0006-454 4 2 0 8 29 1170 0.2 0.3370165745856354
table-0006-998 31 3 0 62 102 37528 0.5 0.07166539148176486
table-0006-644 4 7 0 146 356 17390 0.16666666666666666 0.033320079522862825
table-0006-413 5 7 0 210 241 2066 0.3333333333333333 2.7450980392156863
table-0006-731 1 1 1 675 714 9734 1.0 0.0
table-0006-586 14 5 4 410 172 1458681 0.2 0.17311608961303462
table-0006-773 5 6 0 8 12 475 0.5 0.8522727272727273
table-0006-534 3 4 3 1778 784 142039 0.1 0.019714285714285715
table-0006-973 2 3 0 126 92 3182 0.25 0.10624493106244931
table-0006-460 57 4 70 6 123 1871 0.25 1.6295369211514392
table-0006-218 8 6 0 1333 645 100449 0.25 0.011941510966693745
table-0006-144 12 6 7 115 105 6660 1.0 0.25407950936370605
table-0006-819 13 1 0 169 133 1455 0.3333333333333333 1.1612483745123536
table-0006-653 4 6 14 37 110 0 1.0 0.028423772609819122
table-0006-520 9 3 0 12 16 972 0.5 0.19421487603305784
table-0006-574 1 3 0 140 476 19792 1.0 0.008798686062881277
table-0006-949 3 4 3 360 684 1074 0.5 0.21765096217650962
table-0006-530 8 9 1 1778 784 142039 0.1 0.107
table-0006-83 1 2 0 109 110 95586 0.3333333333333333 0.009203980099502488
table-0006-823 17 6 0 40 106 928 1.0 3.9281045751633985
table-0006-810 19 7 12 668 557 3014 0.09090909090909091 1.5126903553299493
table-0006-761 0 0 0 675 714 9734 1.0 0.0
table-0006-399 1 3 0 20 96 1252 0.5 0.13501144164759726
table-0006-628 1 1 1 154 312 25095 0.3333333333333333 0.0
table-0006-345 5 3 4 743 312 49895 0.14285714285714285 0.013042548642292068
table-0006-376 1 2 0 6 11 856 1.0 0.04181818181818182
table-0006-850 16 6 4 359 279 31472 0.3333333333333333 0.25372115253311484
table-0006-389 6 9 4 2709 963 195358 0.047619047619047616 0.007103495780954021
table-0006-695 2 1 2 675 714 9734 1.0 0.0
table-0006-157 1 3 0 172 122 20646 1.0 0.05240174672489083
table-0006-114 1 3 0 11 19 935 1.0 0.06727480045610035
table-0006-481 7 4 0 262 261 407678 0.16666666666666666 0.03401005287551407
table-0006-971 0 1 0 13 52 1236 1.0 0.0
table-0006-822 2 3 0 27 168 1254 1.0 0.0787037037037037
table-0006-834 2 3 0 0 0 0 0.0 70.0
table-0006-820 3 3 0 169 133 1455 0.3333333333333333 0.3459037711313394
table-0006-688 2 1 1 675 714 9734 1.0 4.2795395215474814e-05
table-0006-545 30 3 0 20 37 2216 0.5 1.2507552870090635
table-0006-854 4 3 0 87 102 6631 1.0 0.16796008869179602
table-0006-196 4 4 0 9 20 1712 0.5 0.6897746967071057
table-0006-812 15 7 8 668 557 3014 0.09090909090909091 1.2601522842639594
table-0006-74 14 11 10 764 249 30755 0.125 0.5643802647412756
table-0006-721 1 3 2 675 714 9734 1.0 4.2795395215474814e-05
table-0006-668 2 2 1 24 45 5615 1.0 0.05894736842105263
table-0006-789 35 7 32 241 387 2004 0.16666666666666666 2.52199850857569
table-0006-861 42 4 14 1051 690 991628 0.16666666666666666 0.7360467681447165
table-0006-65 0 1 0 104 189 3663 1.0 0.0
table-0006-421 16 3 0 2056 691 226894 0.125 0.04280579457575427
table-0006-899 16 4 0 107 98 236295 0.25 0.22861216730038023
table-0006-158 24 10 14 78 117 20826 0.5 0.17300589956352821
table-0006-821 3 3 0 686 747 13458 1.0 0.07754327721128765
table-0006-693 0 0 0 675 714 9734 1.0 0.0
table-0006-332 24 4 9 123 188 5576 1.0 0.18604651162790697
table-0006-924 6 9 6 66 384 436 1.0 0.1525
table-0006-562 1 4 0 823 634 40116 0.14285714285714285 0.012700332627759298
table-0006-886 10 2 0 57 233 631 1.0 0.0521351847000262
table-0006-194 3 3 0 413 308 177941 1.0 0.008705255635678555
table-0006-638 1 3 0 14 19 820 1.0 0.09207459207459208
table-0006-499 1 9 1 31 52 14100 0.5 0.2680140597539543
table-0006-700 3 1 3 675 714 9734 1.0 0.0
table-0006-45 4 9 2 313 146 28732 0.3333333333333333 0.11500449236298294
table-0006-768 10 3 0 675 714 9734 1.0 0.043052167586767665
table-0006-600 0 1 0 97 29 1208 1.0 0.0
table-0006-5 6 4 0 132 75 82189 0.5 0.051989448230380306
table-0006-34 1 22 0 59 58 4170 0.3333333333333333 0.4362017804154303
table-0006-553 8 3 0 17 38 1984 0.5 0.3944954128440367
table-0006-410 13 3 0 104 59 44834 0.5 0.07195955991674101
table-0006-435 1 3 0 19 52 3371 1.0 0.03607161664033702
table-0006-431 4 3 0 53 101 9766 0.125 0.2561784207353828
table-0006-781 29 7 29 371 216 2961 0.1111111111111111 2.2992194275802254
table-0006-828 12 2 0 12 42 5789 0.5 0.11938141349906056
table-0006-895 47 5 127 1077 859 9498 0.1111111111111111 2.2573753814852493
table-0006-90 14 5 0 1948 875 537954 0.3333333333333333 0.02180883409807065
table-0006-655 3 5 6 37 110 0 1.0 0.027131782945736434
table-0006-135 4 2 4 18 27 1842 1.0 0.10669456066945607
table-0006-484 8 6 13 426 441 123385 0.5 0.1504167474316728
table-0006-529 1 2 0 12 30 4613 1.0 0.030666666666666665
table-0006-197 22 7 0 59 160 1283 0.3333333333333333 6.265853658536585
table-0006-620 13 3 4 95 126 3533 0.5 0.09898866074164879
table-0006-689 2 1 2 675 714 9734 1.0 0.0
table-0006-21 5 3 5 16 28 751 1.0 0.047508391427833724
table-0006-464 1 3 0 49 53 8913 1.0 0.05192719486081371
table-0006-384 11 5 0 2709 963 195358 0.047619047619047616 0.018253831582572756
table-0006-411 2 2 1 5 12 1017 1.0 0.1286031042128603
table-0006-152 1 3 0 24 26 1527 1.0 0.11757990867579908
table-0006-643 3 4 0 146 356 17390 0.16666666666666666 0.03403578528827038
table-0006-909 4 9 3 156 256 5620 0.3333333333333333 0.11538461538461539
table-0006-257 60 8 195 1610 721 1817837 0.3333333333333333 0.22971460548405148
table-0006-428 11 10 1 53 101 9766 0.125 1.0132610006027727
table-0006-89 353 8 1043 148 1014 24042 0.5 29.176616915422887
table-0006-996 5 5 0 60 65 1839 0.25 0.06908890723919625
table-0006-900 13 4 11 107 98 236295 0.25 0.11169201520912547
table-0006-36 5 3 0 3 20 1183 0.5 0.181073703366697
table-0006-69 4 9 2 764 249 30755 0.125 0.0740072202166065
table-0006-559 8 3 0 182 242 5282 0.3333333333333333 0.010707171314741035
table-0006-686 0 0 0 675 714 9734 1.0 0.0
table-0006-438 1 3 0 165 122 1669 1.0 0.07159353348729793
table-0006-27 1 18 0 160 110 6608 0.25 0.09696631304671506
table-0006-304 4 6 4 57 76 4382 0.5 0.009896091044037604
table-0006-593 17 8 1 164 420 14077 0.14285714285714285 0.06496692980584595
table-0006-978 25 4 33 402 164 37852 0.3333333333333333 0.44967139398132133
table-0006-813 4 7 3 668 557 3014 0.09090909090909091 0.4631979695431472
table-0006-53 5 9 4 432 240 19572 0.1111111111111111 0.07636363636363637
table-0006-201 1 1 0 1005 533 405591 0.25 0.0012862796833773087
table-0006-466 0 1 0 27 35 1406 1.0 0.0
table-0006-714 0 0 0 675 714 9734 1.0 0.0
table-0006-102 1 2 1 34 42 27171 0.3333333333333333 0.010439560439560439
table-0006-212 22 7 18 288 278 19275 0.2 0.1966147292904383
table-0006-961 100 2 0 120 1363 31073 0.5 2.04559915164369
table-0006-728 1 3 2 675 714 9734 1.0 4.2795395215474814e-05
table-0006-124 10 2 7 77 101 22786 0.5 0.061407652338214457
table-0006-142 6 4 0 222 182 738 1.0 0.050900431611847
table-0006-373 24 5 1 37 38 1362 0.5 1.4919614147909968
table-0006-82 1 3 0 18 30 1195 1.0 0.09346504559270517
table-0006-455 12 7 0 8 29 1170 0.2 3.0662983425414363
table-0006-412 8 6 2 210 241 2066 0.3333333333333333 0.45098039215686275
table-0006-419 6 5 0 2056 691 226894 0.125 0.014867661474784882
table-0006-40 3 1 1 293 140 16800 0.3333333333333333 0.056105610561056105
table-0006-866 7 2 0 352 414 4583 0.3333333333333333 0.01028131701778731
table-0006-673 5 5 0 198 355 16704 0.2 0.011489074115791845
table-0006-68 4 9 4 764 249 30755 0.125 0.021660649819494584
table-0006-359 10 12 7 387 93 657320 0.2 0.19351331763000543
table-0006-174 5 4 0 102 82 5574 0.2 0.2702702702702703
table-0006-445 6 7 6 311 300 12752 1.0 0.014588366474632969
table-0006-169 2 3 0 15 24 853 1.0 0.10721793973370708
table-0006-946 5 3 0 275 278 18639 0.2 0.025652431791221827
table-0006-619 11 2 0 86 80 63088 0.3333333333333333 0.1173202614379085
table-0006-418 7 5 0 2056 691 226894 0.125 0.016828232218712557
table-0006-836 1 2 0 7 16 3049 1.0 0.04722792607802875
table-0006-172 4 5 9 102 82 5574 0.2 0.2686804451510334
table-0006-344 5 3 4 743 312 49895 0.14285714285714285 0.013042548642292068
table-0006-953 3 4 0 509 209 170952 0.3333333333333333 0.01555023923444976
table-0006-141 0 1 0 161 142 1718 1.0 0.0
table-0006-13 4 2 0 259 252 89685 0.25 0.06610009442870633
table-0006-314 7 2 7 956 292 44299 0.3333333333333333 0.021751025991792065
table-0006-217 4 3 0 10 32 1532 0.5 0.025169621361348215
table-0006-262 1 3 0 165 189 19446 0.3333333333333333 0.014073371283997469
table-0006-582 26 4 18 603 129 4504 0.25 1.3063439065108515
table-0006-778 4 6 0 371 216 2961 0.1111111111111111 0.23243712055507373
table-0006-313 4 2 0 7 51 1017 0.16666666666666666 0.02665299846232701
table-0006-258 14 3 0 1610 721 1817837 0.3333333333333333 0.04376049244543928
table-0006-985 1 1 0 490 388 13545 0.2 0.013909888116117326
table-0006-538 9 9 9 1778 784 142039 0.1 0.017285714285714286
table-0006-765 32 3 0 675 714 9734 1.0 0.1768733684255574
table-0006-205 2 4 0 409 186 533307 0.5 0.013367830961621389
table-0006-506 2 6 0 222 392 20278 0.2 0.0014059570922724432
table-0006-31 5 2 0 506 331 26148 0.2 0.0046582042622569
table-0006-176 1 2 1 55 63 1357 1.0 0.013989169675090252
table-0006-337 33 4 2 100 110 6063 0.5 0.8118811881188119
table-0006-727 3 1 2 675 714 9734 1.0 0.000470749347370223
table-0006-75 32 4 0 382 410 117199 1.0 0.21200126662444585
table-0006-797 16 6 0 349 288 108898 0.5 0.038020857690688865
table-0006-235 6 10 0 2203 666 137046 0.08333333333333333 0.05952117047217912
table-0006-393 23 9 22 2709 963 195358 0.047619047619047616 0.10831754778715344
table-0006-669 1 3 0 34 92 6205 1.0 0.014679827891672994
table-0006-99 5 3 0 86 105 2440 0.5 0.07584392810170977
table-0006-130 14 3 0 55 54 3853 1.0 1.9761467889908257
table-0006-271 0 1 0 176 182 3517 1.0 0.0
table-0006-220 10 7 8 1333 645 100449 0.25 0.01677497969130788
table-0006-400 6 3 0 271 235 9159 1.0 0.4278822961890979
table-0006-168 5 4 0 58 76 4489 0.2 0.34153005464480873
table-0006-767 141 3 0 675 714 9734 1.0 0.6777506740274747
table-0006-17 11 5 0 368 212 130772 0.3333333333333333 0.015003948407475652
table-0006-283 7 3 0 416 186 199961 0.3333333333333333 0.004273504273504274
table-0006-469 1 6 1 43 49 19051 0.25 0.002579632122027815
table-0006-987 0 1 0 3 243 4772 1.0 0.0
table-0006-980 9 2 0 129 131 6464 0.5 0.04644808743169399
table-0006-865 13 3 0 352 414 4583 0.3333333333333333 0.02314873218115302
table-0006-473 43 6 28 425 330 107931 0.25 0.24783646672635035
table-0006-43 1 2 1 5 23 2160 1.0 0.030944625407166124
table-0006-290 5 3 0 20 35 915 1.0 0.32
table-0006-287 2 3 0 16 124 792 1.0 0.09104258443465492
table-0006-872 30 3 0 184 279 352 1.0 0.11274140958113871
table-0006-270 11 5 20 252 293 12640 1.0 0.11219165085388995
table-0006-758 4 1 2 675 714 9734 1.0 0.0005135447425856978
table-0006-745 4 1 4 675 714 9734 1.0 0.0
table-0006-260 7 7 6 165 189 19446 0.3333333333333333 0.11195445920303605
table-0006-940 7 7 0 191 285 52939 0.5 0.013053076110951146
table-0006-666 1 3 0 12 121 833 1.0 0.09431345353675451
table-0006-910 4 9 2 156 256 5620 0.3333333333333333 0.18406593406593408
table-0006-140 3 3 0 72 77 12879 1.0 0.14488828706838186
table-0006-568 8 5 0 284 526 28676 0.25 0.030341251489033706
table-0007-1000 4 3 0 460 577 19084 0.029411764705882353 0.005568612188075386
table-0006-969 3 3 0 248 279 16006 1.0 0.07603686635944701
table-0006-301 1 3 0 145 383 2547 1.0 0.07195571955719557
table-0006-783 10 7 12 371 216 2961 0.1111111111111111 0.9106678230702515
table-0006-911 4 9 3 156 256 5620 0.3333333333333333 0.10714285714285714
table-0006-799 1 2 0 75 79 29970 0.25 0.006369426751592357
table-0006-187 22 7 0 36 146 776 0.3333333333333333 5.64720194647202
table-0006-15 2 3 0 259 252 89685 0.25 0.09301227573182247
table-0006-891 2 4 0 207 237 5944 0.25 0.10683012259194395
table-0006-336 9 4 0 53 93 1575 1.0 0.11775321452740807
table-0006-385 65 2 0 2709 963 195358 0.047619047619047616 0.09014981918374376
table-0006-211 8 4 6 383 701 936 0.5 0.46756583172768146
table-0006-383 11 5 0 2709 963 195358 0.047619047619047616 0.020061994144997417
table-0006-908 4 9 4 156 256 5620 0.3333333333333333 0.05357142857142857
table-0006-557 1 2 0 16 28 3359 1.0 0.020087336244541485
table-0006-661 4 6 7 37 110 0 1.0 0.09302325581395349
table-0006-490 10 5 0 1882 706 136447 0.14285714285714285 0.0354419410745234
table-0006-807 26 7 25 668 557 3014 0.09090909090909091 2.5774111675126905
table-0006-357 1 2 0 387 93 657320 0.2 0.015038956332668961
table-0006-772 1 3 0 80 114 6208 1.0 0.04186161044077814
table-0006-370 5 8 19 37 46 1959 0.2 0.0855222968845449
table-0006-132 67 3 30 265 457 6286 1.0 0.18750856047116835
table-0006-339 4 14 0 69 56 2169 0.5 0.036778115501519756
table-0006-941 1 8 2 337 613 745 0.5 0.37988826815642457
table-0006-576 1 2 0 22 49 4494 1.0 0.03112313937753721
table-0006-802 18 8 1 432 401 2729 0.5 0.059422750424448216
table-0006-564 24 4 9 823 634 40116 0.14285714285714285 0.3870577562745691
table-0006-167 1 4 0 58 76 4489 0.2 0.06830601092896176
table-0006-115 1 1 0 941 596 163402 1.0 0.0004924375659514597
table-0006-552 2 3 0 17 27 1374 1.0 0.07779171894604768
table-0006-658 4 6 8 37 110 0 1.0 0.05167958656330749
table-0006-375 1 3 0 12 16 1066 1.0 0.056080655324511654
table-0006-555 17 10 33 64 87 24052 1.0 1.013869625520111
table-0006-39 1 1 0 346 138 16456 0.3333333333333333 0.06451612903225806
table-0006-145 2 4 2 346 480 1038 0.5 0.11320754716981132
table-0006-149 5 5 0 183 182 74385 0.16666666666666666 0.02037936980717981
table-0006-269 3 3 0 142 110 2082 1.0 0.015161570269028537
table-0006-601 10 9 11 37 43 1857 0.5 7.033613445378151
table-0006-19 20 3 0 435 369 689 1.0 0.019712140175219023
table-0006-774 11 3 0 2627 1702 1129730 0.5 0.015751559645676077
table-0006-210 1 3 0 17 4 1537 1.0 0.5705128205128205
table-0006-487 1 5 0 1882 706 136447 0.14285714285714285 0.0006065857885615251
table-0006-202 13 3 0 1005 533 405591 0.25 0.02025065963060686
table-0006-342 5 3 4 743 312 49895 0.14285714285714285 0.013042548642292068
table-0006-622 2 2 1 61 73 29188 1.0 0.01520572450805009
table-0006-907 1 3 1 156 256 5620 0.3333333333333333 0.13186813186813187
table-0006-265 14 3 0 206 279 46738 0.25 0.08782908933966335
table-0006-474 85 8 1 425 330 107931 0.25 0.5461056401074306
table-0006-37 3 1 1 346 138 16456 0.3333333333333333 0.07258064516129033
table-0006-991 25 6 78 3 243 4772 1.0 0.7932405566600398
table-0006-60 4 9 3 685 271 26246 0.08333333333333333 0.0417607223476298
table-0006-67 1 2 1 764 249 30755 0.125 0.016245487364620937
table-0006-284 12 7 12 416 186 199961 0.3333333333333333 0.101329534662868
table-0006-976 9 4 0 269 228 216508 0.2 0.19870651204281892
table-0006-901 11 10 0 629 502 1603 1.0 0.018884990680846397
table-0006-965 100 4 152 120 1363 31073 0.5 2.6595970307529164
table-0006-442 1 3 0 166 121 1574 1.0 0.057926829268292686
table-0006-189 9 6 0 36 146 776 0.3333333333333333 0.5888077858880778
table-0006-9 1 3 0 13 51 879 1.0 0.08286358511837655
table-0006-986 14 7 7 490 388 13545 0.2 0.44481403084366494
table-0006-916 7 2 0 959 384 205779 0.14285714285714285 0.011364740165128704
table-0006-964 100 4 169 120 1363 31073 0.5 2.227995758218452
table-0006-93 14 4 0 1948 875 537954 0.3333333333333333 0.011111725357952346
table-0006-675 12 4 0 2181 302 333867 0.5 0.039093665230572845
table-0006-651 16 3 0 603 473 332215 0.1111111111111111 0.005494314427791494
table-0006-749 0 0 0 675 714 9734 1.0 0.0
table-0006-849 3 3 0 23 131 1817 0.3333333333333333 0.265695067264574
table-0006-729 4 1 3 675 714 9734 1.0 0.000470749347370223
table-0006-497 9 7 18 60 68 3752 1.0 0.2112076028182861
table-0006-171 3 2 0 102 82 5574 0.2 0.16057233704292528
table-0006-984 1 3 0 490 388 13545 0.2 0.04807983066223163
table-0006-306 1 2 0 24 49 3222 0.5 0.00995285489785228
table-0006-452 3 1 0 8 29 1170 0.2 0.22375690607734808
table-0006-567 0 1 0 1768 354 4011 1.0 0.0
table-0006-623 4 4 0 60 27 12802 0.5 0.12323588709677419
table-0006-51 3 2 2 432 240 19572 0.1111111111111111 0.10727272727272727
table-0006-858 40 4 35 1051 690 991628 0.16666666666666666 0.16446062210456652
table-0006-308 29 7 0 79 118 23586 1.0 0.6156275976724854
table-0006-426 5 3 4 46 44 14993 0.14285714285714285 0.05156723963599596
table-0006-957 100 2 0 120 1363 31073 0.5 1.474019088016967
table-0006-683 2 1 2 675 714 9734 1.0 0.0
table-0006-513 4 10 0 222 392 20278 0.2 0.013799208498229536
table-0006-148 0 1 0 183 182 74385 0.16666666666666666 0.0
table-0006-698 1 1 1 675 714 9734 1.0 0.0
table-0006-112 4 3 4 26 38 1110 0.5 0.0653061224489796
table-0006-84 4 2 0 109 110 95586 0.3333333333333333 0.045024875621890545
table-0006-509 2 6 0 222 392 20278 0.2 0.0014580295771714226
table-0006-59 4 9 4 685 271 26246 0.08333333333333333 0.02144469525959368
table-0006-498 34 8 6 31 52 14100 0.5 3.2469244288224957
table-0006-329 3 5 4 201 146 6688 0.3333333333333333 0.012580253340274163
table-0006-267 5 2 0 206 279 46738 0.25 0.007049345417925478
table-0006-278 3 4 0 152 125 25799 1.0 0.07325933400605449
table-0006-107 1 3 0 15 125 944 1.0 0.06797235023041474
table-0006-627 4 10 0 154 312 25095 0.3333333333333333 0.01399080324821446
table-0006-42 1 1 0 293 140 16800 0.3333333333333333 0.052805280528052806
table-0006-667 0 1 0 117 62 13818 0.5 0.0
table-0006-127 1 3 0 181 224 20014 0.5 0.023592324630386914
table-0006-734 0 0 0 675 714 9734 1.0 0.0
table-0006-754 1 3 1 675 714 9734 1.0 8.559079043094963e-05
table-0006-523 1 2 0 59 46 180 1.0 0.05010893246187364
table-0006-182 4 6 2 164 47 192228 0.5 0.08004827031375704
table-0006-255 8 2 2 120 182 58709 0.5 0.024525151325401794
table-0006-815 5 3 0 43 58 3017 1.0 0.12221924417046369
table-0006-837 2 3 0 274 279 2817 1.0 0.16020408163265307
table-0006-121 13 6 4 106 99 4751 1.0 0.2678626345463865
table-0006-780 20 7 16 371 216 2961 0.1111111111111111 1.3607979184735473
table-0006-70 4 9 4 764 249 30755 0.125 0.023465703971119134
table-0006-605 13 3 0 31 54 2740 0.5 0.17397769516728626
table-0006-663 4 6 8 37 110 0 1.0 0.05167958656330749
table-0006-229 13 6 9 2203 666 137046 0.08333333333333333 0.20106406561737974
table-0006-414 5 7 0 210 241 2066 0.3333333333333333 2.5686274509803924
table-0006-598 2 2 1 10 18 2269 1.0 0.10135135135135136
table-0006-848 8 1 0 23 131 1817 0.3333333333333333 0.5695067264573991
table-0006-613 7 2 0 172 220 10106 0.16666666666666666 0.11772486772486772
table-0006-626 17 8 1 154 312 25095 0.3333333333333333 0.09475589472654339
table-0006-847 9 8 16 23 131 1817 0.3333333333333333 1.5448430493273542
table-0006-180 3 6 0 160 417 11043 0.3333333333333333 0.007823521867384891
table-0006-479 1 3 0 73 104 3146 1.0 0.02352607709750567
table-0006-248 2 3 0 61 52 2792 1.0 0.10031225604996097
table-0006-841 7 1 0 19 31 1107 0.3333333333333333 0.21853986551392893
table-0006-951 1 2 0 24 41 12391 1.0 0.012143611404435059
table-0006-508 2 6 0 222 392 20278 0.2 0.0014580295771714226
table-0006-73 1 4 0 764 249 30755 0.125 0.06618531889290012
table-0006-22 9 3 4 16 28 751 1.0 0.056287115930802996
table-0006-806 5 7 5 668 557 3014 0.09090909090909091 0.37055837563451777
table-0006-967 100 4 76 120 1363 31073 0.5 4.271474019088017
table-0006-475 1 3 0 9 20 952 1.0 0.1510204081632653
table-0006-972 26 5 6 126 92 3182 0.25 2.549067315490673
table-0006-378 19 4 0 55 88 186183 0.25 0.3975077881619938
table-0006-388 4 9 4 2709 963 195358 0.047619047619047616 0.0015498536249354228
table-0006-88 1 3 0 13 128 801 1.0 0.05555555555555555
table-0006-335 17 13 0 37 93 1785 0.5 0.3725721012360212
table-0006-699 0 0 0 675 714 9734 1.0 0.0
table-0006-222 3 2 0 352 328 177323 0.5 0.004772837119381344
table-0006-72 1 1 1 764 249 30755 0.125 0.0
table-0006-945 5 3 0 275 278 18639 0.2 0.025059311981020165
table-0006-423 5 3 6 46 44 14993 0.14285714285714285 0.03842264914054601
table-0006-937 0 1 0 223 262 3144 1.0 0.0
table-0006-119 1 3 1 28 39 1016 0.5 0.016666666666666666
table-0006-573 3 7 3 81 127 292 1.0 0.06579183893582599
table-0006-587 1 3 0 662 197 117469 1.0 0.007371684464347227
table-0006-6 18 12 0 119 57 18946 0.5 0.7163892445582587
table-0006-752 3 1 1 675 714 9734 1.0 0.0005135447425856978
table-0006-569 17 8 0 284 526 28676 0.25 0.06702403475579848
table-0006-159 1 2 1 52 55 740 1.0 0.020763187429854096
table-0006-24 8 2 0 2010 399 1314160 0.3333333333333333 0.022529784138717413
table-0006-881 6 2 0 57 233 631 1.0 0.03851192035630076
table-0006-779 5 2 0 371 216 2961 0.1111111111111111 0.49696444058976585
table-0006-921 6 12 9 959 384 205779 0.14285714285714285 0.0263234579893152
table-0006-251 3 2 0 46 40 1626 0.5 0.05660377358490566
table-0006-876 1 2 0 15 23 2659 1.0 0.0812720848056537
table-0006-897 12 2 0 201 96 45428 0.5 0.06372017353579176
table-0006-449 8 7 17 311 300 12752 1.0 0.020411323793594748
table-0006-250 1 2 1 2 8 556 1.0 0.1
table-0006-922 12 8 0 959 384 205779 0.14285714285714285 0.02705196697425935
table-0006-23 7 6 0 103 131 11148 0.5 0.1830049845715642
table-0006-882 9 2 0 57 233 631 1.0 0.04558553838092743
table-0006-632 1 1 1 154 312 25095 0.3333333333333333 0.0
table-0006-360 7 8 5 90 153 12498 0.3333333333333333 0.1338544211040547
table-0006-639 50 4 2 231 182 3082 0.3333333333333333 10.789617486338798
table-0006-361 6 3 0 354 78 209680 0.5 0.016086055462350736
table-0006-790 36 7 32 241 387 2004 0.16666666666666666 2.5719612229679343
table-0006-312 5 2 0 7 51 1017 0.16666666666666666 0.03331624807790876
table-0006-390 1 5 2 2709 963 195358 0.047619047619047616 0.006242465989323231
table-0006-890 2 4 0 207 237 5944 0.25 0.12551079976649154
table-0006-747 0 0 0 675 714 9734 1.0 0.0
table-0006-327 3 2 0 32 52 2083 1.0 0.13312202852614896
table-0006-835 3 3 0 0 0 0 0.0 114.0
table-0006-983 5 7 12 338 363 34677 0.25 0.020861885183493224
table-0006-724 3 1 2 675 714 9734 1.0 0.000470749347370223
table-0006-660 4 6 8 37 110 0 1.0 0.05167958656330749
table-0006-330 3 2 0 31 59 1191 0.5 0.225
table-0006-64 14 11 10 685 271 26246 0.08333333333333333 0.5287810383747178
table-0006-2 9 5 0 384 355 140508 0.2 0.049473004947300496
table-0006-71 3 9 2 764 249 30755 0.125 0.044524669073405534
table-0006-684 3 1 3 675 714 9734 1.0 0.0
table-0006-830 2 3 0 14 19 731 1.0 0.12016460905349795
table-0006-577 2 3 0 250 284 12885 1.0 0.196524064171123
table-0006-129 1 3 0 264 315 24141 1.0 0.00807681952795477
table-0006-988 76 6 204 3 243 4772 1.0 2.452286282306163
table-0006-999 10 3 0 12 34 814 0.3333333333333333 0.6355013550135501
table-0006-974 3 3 0 126 92 3182 0.25 0.2546634225466342
table-0006-288 239 6 48 128 403 6627 0.5 15.764882742032471
table-0006-746 4 1 4 675 714 9734 1.0 0.0
table-0006-950 1 2 1 24 46 0 1.0 0.01595298068849706
table-0006-160 1 3 0 13 48 1103 1.0 0.025777777777777778
table-0006-554 5 3 0 64 87 24052 1.0 0.015487748497457236
table-0006-48 5 9 2 313 154 16004 0.3333333333333333 0.16262975778546712
table-0006-403 2 2 1 6 20 896 1.0 0.11392405063291139
table-0006-47 3 1 1 313 154 16004 0.3333333333333333 0.050173010380622836
table-0006-992 20 5 48 3 243 4772 1.0 0.4095427435387674
table-0006-198 7 7 0 59 160 1283 0.3333333333333333 1.5560975609756098
table-0006-349 7 4 0 743 312 49895 0.14285714285714285 0.14154372460979261
table-0006-294 10 5 0 140 291 2978 0.1111111111111111 2.414316702819957
table-0006-480 11 4 0 262 261 407678 0.16666666666666666 0.05326718454207194
table-0006-709 2 1 2 675 714 9734 1.0 0.0
table-0006-816 10 8 18 169 133 1455 0.3333333333333333 2.0273081924577374
table-0006-116 8 3 0 137 115 7703 1.0 0.20655951346655083
table-0006-245 16 4 0 154 130 41209 0.5 0.026706717640633534
table-0006-878 10 2 0 57 233 631 1.0 0.051349227141734344
table-0006-793 25 8 0 196 351 1769 0.5 4.107644305772231
table-0006-560 28 4 6 823 634 40116 0.14285714285714285 0.4989416389476867
table-0006-630 1 1 1 154 312 25095 0.3333333333333333 0.0
table-0006-430 6 6 3 53 101 9766 0.125 0.5316455696202531
table-0006-585 20 4 7 410 172 1458681 0.2 0.158316361167685
table-0006-873 2 13 0 184 279 352 1.0 0.017180837722598444
table-0006-597 1 1 1 164 420 14077 0.14285714285714285 0.0
table-0006-766 3 1 3 675 714 9734 1.0 0.0
table-0006-607 18 9 5 44 62 2432 0.5 16.504347826086956
table-0006-155 3 3 0 88 97 29817 1.0 0.05991418939626111
table-0006-759 1 3 1 675 714 9734 1.0 8.559079043094963e-05
table-0006-450 7 7 16 311 300 12752 1.0 0.01842904045096946
table-0006-233 57 9 48 2203 666 137046 0.08333333333333333 0.11649301706938595
table-0006-888 10 7 6 102 90 5901 0.3333333333333333 0.12230904162015628
table-0006-679 1 1 1 675 714 9734 1.0 0.0
table-0006-614 3 3 0 39 71 1625 1.0 0.0546843586650583
table-0006-528 268 9 1200 64 444 427 1.0 14.947030497592296
table-0006-537 10 4 0 1778 784 142039 0.1 0.06842857142857142
table-0006-493 2 3 0 60 68 3752 1.0 0.049320006554153695
table-0006-459 1 2 1 5 13 1465 1.0 0.03909465020576132
table-0006-846 6 1 0 23 131 1817 0.3333333333333333 0.3834080717488789
table-0006-3 3 3 0 216 138 21185 1.0 0.031181041926508682
table-0006-918 2 2 0 959 384 205779 0.14285714285714285 0.0022826614861583294
table-0006-272 2 7 1 101 34 3708 0.3333333333333333 0.20939597315436242
table-0006-323 11 4 0 170 171 48045 0.5 0.04636301835486064
table-0006-571 1 8 0 284 526 28676 0.25 0.0033634643682993485
table-0006-346 1 4 0 743 312 49895 0.14285714285714285 0.026512721830233055
table-0006-186 7 3 0 92 122 2667 0.5 0.107294000497884
table-0006-788 5 7 3 241 387 2004 0.16666666666666666 0.366144668158091
table-0006-166 2 4 0 58 76 4489 0.2 0.21584699453551912
table-0006-416 2 3 0 30 122 232592 1.0 0.0335181126724249
table-0006-762 0 0 0 675 714 9734 1.0 0.0
table-0006-10 25 2 0 289 258 4838 0.3333333333333333 0.9112940100594421
table-0006-743 7 1 6 675 714 9734 1.0 0.000470749347370223
table-0006-377 8 4 6 55 88 186183 0.25 0.08940809968847352
table-0006-162 26 3 0 52 29 10838 0.3333333333333333 49.410714285714285
table-0006-12 1 2 0 259 252 89685 0.25 0.018413597733711047
table-0006-138 0 1 0 78 88 6307 1.0 0.0
table-0006-470 5 5 5 43 49 19051 0.25 0.01648721399730821
table-0006-579 7 2 0 89 120 34575 0.5 0.009644087256027554
table-0006-253 0 1 0 169 189 3182 1.0 0.0
table-0006-884 7 2 0 57 233 631 1.0 0.04270369400052397
table-0006-510 2 6 0 222 392 20278 0.2 0.0013018121224744844
table-0006-282 13 10 0 416 186 199961 0.3333333333333333 0.07435897435897436
table-0006-113 21 10 50 192 108 153708 0.5 0.06643109540636043
table-0006-516 2 5 0 222 392 20278 0.2 0.0012497396375755051
table-0006-525 3 4 0 20 46 11380 0.5 0.22179363548698167
table-0006-131 1 1 0 74 182 15528 1.0 0.007326695472477926
table-0006-120 0 1 0 157 161 4418 1.0 0.0
table-0006-920 6 8 0 959 384 205779 0.14285714285714285 0.06576007770762506
table-0006-603 1 2 0 34 54 5867 0.5 0.01576182136602452
table-0006-161 4 3 0 49 58 11175 1.0 0.10345591493132476
table-0006-584 11 3 8 603 129 4504 0.25 0.3722871452420701
table-0006-618 5 5 0 140 352 10381 0.25 0.00876249039200615
table-0006-50 9 3 0 314 249 60376 1.0 0.15565641284249454
table-0006-739 4 1 4 675 714 9734 1.0 0.0
table-0006-566 3 2 0 823 634 40116 0.14285714285714285 0.031146053825219233
table-0006-511 2 6 0 222 392 20278 0.2 0.0013538846073734639
table-0006-259 49 5 0 1610 721 1817837 0.3333333333333333 0.4552322327923895
table-0006-117 4 3 2 170 236 8386 0.5 0.03639625784954505
table-0006-549 1 3 0 495 126 90994 0.2 0.009579477187855172
table-0006-296 10 5 0 140 291 2978 0.1111111111111111 2.3817787418655096
table-0006-690 2 1 1 675 714 9734 1.0 4.2795395215474814e-05
table-0006-425 6 3 6 46 44 14993 0.14285714285714285 0.05679137175598247
table-0006-794 2 3 0 165 126 1722 1.0 0.07547169811320754
table-0006-944 22 8 14 275 278 18639 0.2 0.24347568208778173
table-0006-252 4 6 3 100 35 8573 0.3333333333333333 0.2503448275862069
table-0006-328 7 5 8 96 56 3886 1.0 0.21629279811097993
table-0006-927 6 9 3 66 384 436 1.0 0.475
table-0006-751 1 3 1 675 714 9734 1.0 8.559079043094963e-05
table-0006-697 3 1 3 675 714 9734 1.0 0.0
table-0006-641 11 5 0 146 356 17390 0.16666666666666666 0.0827037773359841
table-0006-948 4 3 0 178 152 34382 0.5 0.0024749412201460217
table-0006-476 25 2 0 221 204 31501 0.3333333333333333 0.16628791621381286
table-0006-109 1 3 1 19 46 1440 1.0 0.015718562874251496
table-0006-316 8 2 6 131 107 17294 0.25 0.1746268656716418
table-0006-358 1 2 0 387 93 657320 0.2 0.007428882043848523
table-0006-795 1 5 0 116 309 285 1.0 0.31851851851851853
table-0006-707 0 0 0 675 714 9734 1.0 0.0
table-0006-334 0 1 0 123 188 5576 1.0 0.0
table-0006-126 78 8 209 181 224 20014 0.5 3.6228373702422147
table-0006-763 0 0 0 675 714 9734 1.0 0.0
table-0006-896 33 5 52 1077 859 9498 0.1111111111111111 2.863682604272635
table-0006-173 2 4 0 102 82 5574 0.2 0.2066772655007949
table-0006-852 2 3 0 431 496 29914 0.5 0.01636469900642899
table-0006-594 4 10 0 164 420 14077 0.14285714285714285 0.01016997368608207
table-0006-16 3 10 0 3 21 1047 1.0 0.22296173044925124
table-0006-347 1 6 0 743 312 49895 0.14285714285714285 0.026940346375881975
table-0006-237 13 10 0 2203 666 137046 0.08333333333333333 0.061516293504766124
table-0006-960 100 2 0 120 1363 31073 0.5 1.7507953340402969
table-0006-191 8 4 8 465 644 3167 0.25 0.16983240223463686
table-0006-670 4 6 0 198 355 16704 0.2 0.019373732822707816
table-0006-104 1 2 0 34 42 27171 0.3333333333333333 0.017582417582417582
table-0006-713 0 0 0 675 714 9734 1.0 0.0
table-0006-398 48 8 0 20 96 1252 0.5 10.176201372997712
table-0006-556 32 3 0 15 38 2240 0.5 1.0574162679425838
table-0006-28 10 3 5 105 65 162143 0.5 0.1051603451082533
table-0006-38 4 9 1 346 138 16456 0.3333333333333333 0.24193548387096775
table-0006-239 8 10 0 2203 666 137046 0.08333333333333333 0.08944801596098426
table-0006-947 1 3 0 275 278 18639 0.2 0.02031435349940688
table-0006-303 16 2 0 164 177 2866 0.5 0.06639427987742594
table-0006-757 1 3 1 675 714 9734 1.0 8.559079043094963e-05
table-0006-326 97 3 0 50 50 2646 0.5 0.42556549184639664
table-0006-178 3 4 0 45 76 4542 0.3333333333333333 0.049376873323868115
table-0006-604 11 6 5 23 73 12213 1.0 0.1911589008363202
table-0006-276 26 2 0 133 120 19741 0.5 0.05400572246065808
table-0006-712 1 1 1 675 714 9734 1.0 0.0
table-0006-612 6 2 0 172 220 10106 0.16666666666666666 0.09876543209876543
table-0006-325 1 7 1 55 47 2497 0.5 0.04566929133858268
table-0006-457 9 2 0 12 129 1148 1.0 0.038814814814814816
table-0006-832 6 13 1 100 118 14038 1.0 0.08680947012401354
table-0006-434 60 6 15 418 370 26875 0.3333333333333333 6.045967741935484
table-0006-770 10 3 0 675 714 9734 1.0 0.03894380964608208
table-0006-170 1 2 0 102 82 5574 0.2 0.02384737678855326
table-0006-340 2 2 1 8 17 1626 1.0 0.025011579434923575
table-0006-625 2 6 0 120 163 1742 1.0 0.03345388788426763
table-0006-215 5 3 0 288 278 19275 0.2 0.01939244479318462
table-0006-723 1 3 2 675 714 9734 1.0 4.2795395215474814e-05
table-0006-151 28 2 0 212 87 47256 0.5 0.2581420181526962
table-0006-277 82 2 0 172 178 325 1.0 1.7907444668008048
table-0006-286 4 3 0 65 59 12417 1.0 0.13500956545504236
table-0006-629 1 1 1 154 312 25095 0.3333333333333333 0.0
table-0006-432 41 8 1 53 101 9766 0.125 1.8107293550331525
table-0006-477 3 2 0 221 204 31501 0.3333333333333333 0.006916312617330303
table-0006-994 2 4 0 60 65 1839 0.25 0.04101293696669419
table-0006-482 1 2 0 5 12 2127 1.0 0.03691275167785235
table-0006-756 3 1 1 675 714 9734 1.0 0.0005135447425856978
table-0006-275 1 3 0 20 123 1340 1.0 0.03546099290780142
table-0006-750 1 3 1 675 714 9734 1.0 8.559079043094963e-05
table-0006-190 149 7 0 494 503 560614 0.5 23.293144208037827
table-0006-665 1 3 0 48 32 1820 1.0 0.07692307692307693
table-0006-405 1 2 0 1143 327 292318 0.16666666666666666 0.01166407465007776
table-0006-777 6 6 0 17 20 920 0.5 0.7404580152671756
table-0006-919 8 2 0 959 384 205779 0.14285714285714285 0.012238950947061681
table-0006-541 14 3 0 108 142 5332 0.25 0.44997629208155526
table-0006-321 10 1 0 49 83 2854 1.0 0.1413547788431797
table-0006-11 22 2 0 259 252 89685 0.25 0.5939565627950897
table-0006-871 1 3 0 173 425 6460 1.0 0.008316291751874575
table-0006-118 9 2 0 62 87 2844 0.5 0.1255122950819672
table-0006-96 5 4 3 409 280 1597 0.5 0.39323220536756126
table-0006-106 4 3 3 24 38 1153 0.5 0.067390062821245
table-0006-122 39 3 1 152 90 4447 1.0 0.9555817610062893
table-0006-292 0 1 0 232 237 16126 0.3333333333333333 0.0
table-0006-241 9 10 0 2203 666 137046 0.08333333333333333 0.05464420305918865
table-0006-177 8 3 0 45 76 4542 0.3333333333333333 0.034863543145606565
table-0006-928 6 9 4 66 384 436 1.0 0.6125
table-0006-440 6 2 0 43 57 6137 0.5 0.08774509803921568
table-0006-44 3 4 4 313 146 28732 0.3333333333333333 0.215633423180593
table-0006-80 5 4 5 0 0 0 0.0 250.0
table-0006-845 7 8 12 23 131 1817 0.3333333333333333 1.133408071748879
table-0006-932 11 6 6 41 63 2440 1.0 1.215119852489244
table-0006-341 6 8 0 743 312 49895 0.14285714285714285 0.16549069916613213
table-0006-657 4 6 7 37 110 0 1.0 0.09043927648578812
table-0006-501 8 5 0 222 392 20278 0.2 0.017079775046865236
table-0006-722 0 0 0 675 714 9734 1.0 0.0
table-0006-153 25 8 7 143 116 48803 0.14285714285714285 0.24346816334430038
table-0006-185 1 3 0 329 388 5528 1.0 0.034764100744945015
table-0006-417 12 9 0 2056 691 226894 0.125 0.07651671931162182
table-0006-811 18 7 19 668 557 3014 0.09090909090909091 1.1053299492385786
table-0006-226 6 9 4 2203 666 137046 0.08333333333333333 0.018510308135668365
table-0006-369 3 4 5 37 46 1959 0.2 0.023213194868662187
table-0006-443 8 5 8 40 57 2780 0.3333333333333333 0.22727272727272727
table-0006-755 2 1 2 675 714 9734 1.0 0.0
table-0006-654 4 6 8 37 110 0 1.0 0.05167958656330749
table-0006-853 58 4 70 346 598 7114 1.0 0.035766686044902136
table-0006-589 15 5 16 164 420 14077 0.14285714285714285 0.04156887845814665
table-0006-223 20 4 0 352 328 177323 0.5 0.18263653939101016
table-0006-55 11 11 8 432 240 19572 0.1111111111111111 0.5081818181818182
table-0006-244 1 3 0 41 87 4608 1.0 0.035238310368195164
table-0006-61 3 9 2 685 271 26246 0.08333333333333333 0.0417607223476298
table-0006-546 31 8 29 14 22 7032 0.5 0.8321678321678322
table-0006-134 2 3 0 262 342 23789 1.0 0.012795058460180895
table-0006-297 10 5 0 140 291 2978 0.1111111111111111 2.3058568329718003
table-0006-800 1 4 0 75 79 29970 0.25 0.01364877161055505
table-0006-234 4 9 4 2203 666 137046 0.08333333333333333 0.003879405896696963
table-0006-97 1 3 0 169 140 11604 1.0 0.02957807742496738
table-0006-581 27 6 7 412 284 10513 0.3333333333333333 5.396551724137931
table-0006-147 1 1 0 183 182 74385 0.16666666666666666 0.0006793123269059937
table-0006-914 1 2 1 6 47 1390 1.0 0.005447247706422019
table-0006-646 4 10 0 146 356 17390 0.16666666666666666 0.022504970178926442
table-0006-246 6 1 0 154 130 41209 0.5 0.00212998361551065
table-0006-507 2 6 0 222 392 20278 0.2 0.0013018121224744844
table-0006-364 9 9 0 142 100 1600 0.25 0.11430558775794111
table-0006-578 1 2 0 61 180 6762 1.0 0.017895299145299144
table-0006-439 19 4 0 94 112 1497 1.0 0.6
table-0006-505 2 6 0 222 392 20278 0.2 0.0011976671526765256
table-0006-551 3 5 6 155 188 8875 1.0 0.05592147746351543
table-0006-302 14 3 2 13 8 3974 0.5 1.175283732660782
table-0006-402 1 3 0 16 45 2688 1.0 0.030871003307607496
table-0006-648 14 8 26 28 141 2906 0.5 1.5881934566145093
table-0006-193 8 4 6 465 644 3167 0.25 0.16424581005586592
table-0006-331 17 8 0 123 188 5576 1.0 0.07637938896488829
table-0006-674 1 7 2 198 355 16704 0.2 0.00653300292858752
table-0006-524 18 3 0 23 46 3239 0.5 0.9060022650056625
table-0006-468 7 7 12 43 49 19051 0.25 0.06942575145805294
table-0006-760 1 1 1 675 714 9734 1.0 0.0
table-0006-437 1 3 0 18 19 1852 1.0 0.1949685534591195
table-0006-966 100 4 186 120 1363 31073 0.5 2.47932131495228
table-0006-343 5 3 4 743 312 49895 0.14285714285714285 0.013042548642292068
table-0006-893 47 5 100 1077 859 9498 0.1111111111111111 3.0661241098677516
table-0006-354 2 3 0 13 122 1297 1.0 0.11851851851851852
table-0006-243 4 2 0 19 49 19931 0.5 0.11448763250883393
table-0006-640 42 4 2 231 182 3082 0.3333333333333333 9.259562841530055
table-0006-870 1 3 0 123 185 16009 1.0 0.02574257425742574
table-0006-954 1 4 0 509 209 170952 0.3333333333333333 0.008904837852206273
table-0006-77 90 5 195 181 136 354455 0.2 0.6030290102389079
table-0006-857 1 5 0 182 104 403512 1.0 0.009009009009009009
table-0006-471 4 3 0 39 55 23301 1.0 0.0837381448068471
table-0006-785 2 3 0 18 25 1502 1.0 0.09710642471799902
table-0006-103 2 2 0 34 42 27171 0.3333333333333333 0.04285714285714286
table-0006-154 1 3 1 143 116 48803 0.14285714285714285 0.0030965744145539
table-0006-192 3 12 9 465 644 3167 0.25 0.18156424581005587
table-0006-883 9 2 0 57 233 631 1.0 0.04296567985328792
table-0006-608 2 3 0 44 62 2432 0.5 2.417391304347826
table-0006-970 1 4 1 349 623 963 0.5 0.1452513966480447
table-0006-1 4 5 0 384 355 140508 0.2 0.02086470208647021
table-0006-903 1 4 1 347 618 912 0.5 0.20359281437125748
table-0006-863 18 3 3 133 106 6534 0.3333333333333333 0.5487474610697359
table-0006-547 0 1 0 88 105 7816 1.0 0.0
table-0006-136 1 2 1 25 50 1812 1.0 0.00859983875302338
table-0006-404 22 2 0 1143 327 292318 0.16666666666666666 0.15422498703991705
table-0006-787 4 6 0 241 387 2004 0.16666666666666666 0.14988814317673377
table-0006-829 48 4 21 593 533 35119 0.5 0.20656472449248617
table-0006-203 14 4 0 1005 533 405591 0.25 0.03080474934036939
table-0006-208 9 7 0 50 164 1481 0.3333333333333333 2.0698795180722893
table-0006-397 1 3 0 249 272 8671 1.0 0.031283479751446325
table-0006-448 9 7 11 311 300 12752 1.0 0.0414421111317599
table-0006-213 22 8 14 288 278 19275 0.2 0.18159399170496582
table-0006-164 1 3 0 14 118 640 1.0 0.09559939301972686
table-0006-801 2 3 0 75 79 29970 0.25 0.14422202001819837
table-0006-892 27 4 3 207 237 5944 0.25 1.2790426152948045
table-0006-195 3 3 0 36 108 6433 1.0 0.06856138294755347
table-0006-183 11 2 0 504 116 100268 1.0 0.4563714191636483
table-0006-904 36 4 55 18 73 1349 0.5 10.248908296943231
table-0006-485 4 9 2 1882 706 136447 0.14285714285714285 0.009792027729636048
table-0006-817 9 1 0 169 133 1455 0.3333333333333333 0.7308192457737321
table-0006-926 6 9 6 66 384 436 1.0 0.5675
table-0006-838 16 8 30 19 31 1107 0.3333333333333333 1.1479346781940443
table-0006-66 3 3 3 764 249 30755 0.125 0.1341756919374248
table-0006-930 1 3 0 61 145 3932 0.5 0.024471635150166853
table-0006-33 1 2 1 74 91 20383 1.0 0.01021505376344086
table-0006-831 13 13 1 100 118 14038 1.0 0.19549041713641488
table-0006-993 76 6 82 66 234 4705 0.25 2.8055661456347694
table-0006-735 0 0 0 675 714 9734 1.0 0.0
table-0006-320 1 3 0 131 107 17294 0.25 0.08880597014925373
table-0006-929 6 9 3 66 384 436 1.0 0.655
table-0006-408 1 3 0 1143 327 292318 0.16666666666666666 0.017107309486780714
table-0006-94 6 3 0 83 73 3902 1.0 0.22008608321377332
table-0006-645 17 7 6 146 356 17390 0.16666666666666666 0.12572564612326043
table-0006-814 16 7 13 668 557 3014 0.09090909090909091 1.3388324873096447
table-0006-732 0 0 0 675 714 9734 1.0 0.0
table-0006-366 0 1 0 142 100 1600 0.25 0.0
table-0006-636 2 3 0 21 127 1406 0.5 0.17839195979899497
table-0006-637 0 1 0 468 252 72831 1.0 0.0
table-0006-818 14 8 26 169 133 1455 0.3333333333333333 2.9700910273081926
table-0006-291 1 1 0 232 237 16126 0.3333333333333333 0.006454026751473202
table-0006-427 64 4 70 46 44 14993 0.14285714285714285 0.8778227165487024
table-0006-687 0 0 0 675 714 9734 1.0 0.0
table-0006-433 7 6 0 53 101 9766 0.125 0.5003013863773358
table-0006-495 10 7 18 60 68 3752 1.0 0.42716696706537766
table-0006-769 10 3 0 675 714 9734 1.0 0.04151153335901057
table-0006-784 39 7 0 371 216 2961 0.1111111111111111 1.2194275802254988
table-0006-492 38 4 0 1882 706 136447 0.14285714285714285 0.6916811091854419
table-0006-664 1 3 0 49 62 5887 1.0 0.025743099787685776
table-0006-333 1 3 0 123 188 5576 1.0 0.01265389876880985
table-0006-540 4 3 0 741 741 256145 1.0 0.018542235091040703
table-0006-447 10 7 11 311 300 12752 1.0 0.08087096574366598
table-0006-786 2 5 0 13 100 659 0.5 0.32989690721649484
table-0006-207 23 7 0 50 164 1481 0.3333333333333333 6.296385542168674
table-0006-550 5 4 0 495 126 90994 0.2 0.09709368403961682
table-0006-247 11 2 0 130 150 16628 0.3333333333333333 0.17185724028188223
table-0006-30 5 2 0 506 331 26148 0.2 0.0046582042622569
table-0006-649 13 1 0 28 141 2906 0.5 0.6351351351351351
table-0006-486 3 3 4 1882 706 136447 0.14285714285714285 0.015337954939341421
table-0006-691 3 1 2 675 714 9734 1.0 4.2795395215474814e-05
table-0006-488 12 6 19 1882 706 136447 0.14285714285714285 0.09956672443674176
table-0006-472 3 2 3 25 49 3885 1.0 0.015805211448099103
table-0006-367 14 18 0 66 93 2689 1.0 0.16705122288878635
table-0006-677 3 2 2 19 45 0 1.0 0.02656313853698406
table-0006-580 7 11 0 89 120 34575 0.5 0.02401836969001148
table-0006-633 1 3 0 166 186 2781 1.0 0.06236559139784946
table-0006-708 2 1 2 675 714 9734 1.0 0.0
table-0006-887 2 5 0 456 492 42803 0.3333333333333333 0.007112835434852894
table-0006-701 0 0 0 675 714 9734 1.0 0.0
table-0006-939 2 1 0 350 519 149020 0.5 0.01480927449513837
table-0006-599 4 3 0 32 50 5791 1.0 0.1738009283135637
table-0006-592 4 8 0 164 420 14077 0.14285714285714285 0.015930588151625062
table-0006-935 1 2 1 26 32 719 1.0 0.01710376282782212
table-0006-362 2 3 0 19 137 1431 1.0 0.08160919540229886
table-0006-682 2 1 2 675 714 9734 1.0 0.0
table-0006-81 0 1 0 43 86 4435 1.0 0.0
table-0006-952 3 4 1 509 209 170952 0.3333333333333333 0.012426900584795321
table-0006-791 6 7 6 241 387 2004 0.16666666666666666 0.4377330350484713
table-0006-685 1 1 1 675 714 9734 1.0 0.0
table-0006-933 5 2 4 141 162 15758 1.0 0.027207107162687396
table-0006-494 11 7 22 60 68 3752 1.0 0.23136162543011635
table-0006-214 5 3 0 288 278 19275 0.2 0.018607779396928596
table-0006-694 0 0 0 675 714 9734 1.0 0.0
table-0006-444 5 7 5 311 300 12752 1.0 0.010809638852753515
table-0006-95 1 3 0 171 124 1337 1.0 0.09210526315789473
table-0006-274 1 3 0 160 221 13658 0.25 0.010705143123109146
table-0006-764 5 5 0 675 714 9734 1.0 0.02015663114648864
table-0006-18 14 4 4 368 212 130772 0.3333333333333333 0.02550378754643035
table-0006-318 4 4 0 131 107 17294 0.25 0.10298507462686567
table-0006-692 1 1 0 675 714 9734 1.0 4.2795395215474814e-05
table-0006-635 9 1 0 21 127 1406 0.5 0.7650753768844221
table-0006-979 5 4 0 110 142 44104 1.0 0.01195093825348569
table-0006-441 5 3 0 665 298 492354 1.0 0.020375118067737147
table-0006-100 1 3 1 19 40 1335 0.5 0.009746588693957114
table-0006-981 0 1 0 129 131 6464 0.5 0.0
table-0006-379 1 5 0 55 88 186183 0.25 0.019314641744548288
table-0006-462 3 5 0 296 339 12098 0.5 0.018743257820927724
table-0006-804 17 5 0 5 29 846 0.3333333333333333 0.26092089728453366
table-0006-467 4 3 0 150 193 4572 1.0 0.1044891640866873
table-0006-371 7 5 0 37 46 1959 0.2 0.11270616982284667
table-0006-862 14 4 11 1051 690 991628 0.16666666666666666 0.11934701080961835
table-0006-382 13 9 0 2709 963 195358 0.047619047619047616 0.02608920268641295
table-0006-590 8 7 8 164 420 14077 0.14285714285714285 0.026669511414550887
table-0006-429 5 7 2 53 101 9766 0.125 0.4936708860759494
table-0006-782 27 7 24 371 216 2961 0.1111111111111111 2.4449262792714657
table-0006-32 5 2 0 506 331 26148 0.2 0.0046582042622569
table-0006-936 24 3 0 12 106 1276 0.5 12.54945054945055
table-0006-536 10 5 0 1778 784 142039 0.1 0.07114285714285715
table-0006-716 2 1 2 675 714 9734 1.0 0.0
table-0006-925 6 9 6 66 384 436 1.0 0.295
table-0006-704 3 1 2 675 714 9734 1.0 4.2795395215474814e-05
table-0006-515 2 7 0 222 392 20278 0.2 0.0014580295771714226
table-0006-285 1 3 0 416 186 199961 0.3333333333333333 0.008357075023741691
table-0006-504 2 5 0 222 392 20278 0.2 0.0013018121224744844
table-0006-458 1 3 0 11 7 146 1.0 0.2912621359223301
table-0006-740 4 1 4 675 714 9734 1.0 0.0
table-0006-718 1 1 1 675 714 9734 1.0 0.0
table-0006-305 3 2 1 24 49 3222 0.5 0.05238344683080147
table-0006-137 6 3 0 116 255 10443 0.5 0.02702702702702703
table-0006-656 4 6 7 37 110 0 1.0 0.09043927648578812
table-0006-583 4 3 0 603 129 4504 0.25 0.17362270450751252
table-0006-671 17 6 0 198 355 16704 0.2 0.08369002027483667
table-0006-851 9 5 1 359 279 31472 0.3333333333333333 0.08889799262597296
table-0006-602 2 3 0 37 43 1857 0.5 2.2857142857142856
table-0006-225 2 21 13 2203 666 137046 0.08333333333333333 0.0032143648858346265
table-0006-63 1 4 0 685 271 26246 0.08333333333333333 0.0835214446952596
table-0006-615 4 6 0 140 352 10381 0.25 0.02234178836792211
table-0006-548 1 3 0 495 126 90994 0.2 0.011040753369053418
table-0006-500 5 2 3 37 75 9580 0.3333333333333333 0.05429200293470286
table-0006-380 1 3 0 19 34 1547 1.0 0.05679592636114375
table-0006-386 63 9 57 2709 963 195358 0.047619047619047616 0.04886344067504736
table-0006-105 17 7 10 121 116 9330 1.0 0.36842646907481735
table-0006-725 1 3 2 675 714 9734 1.0 4.2795395215474814e-05
table-0006-300 1 6 0 69 78 14543 1.0 0.007897334649555774
table-0006-990 67 6 193 3 243 4772 1.0 2.2405566600397613
table-0006-338 1 3 0 122 98 3571 1.0 0.25862068965517243
table-0006-181 2 3 0 180 174 35495 1.0 0.037215464290015654
table-0006-705 1 1 0 675 714 9734 1.0 4.2795395215474814e-05
table-0006-975 33 4 30 269 228 216508 0.2 0.43733273862622657
table-0006-792 96 4 83 15 4 3893 1.0 57.91011235955056
table-0006-266 2 2 0 206 279 46738 0.25 0.002949215940152496
table-0006-496 9 7 18 60 68 3752 1.0 0.21727019498607242
table-0006-227 6 7 4 2203 666 137046 0.08333333333333333 0.22079361560629573
table-0006-221 3 4 3 356 277 1554 0.5 0.9190283400809717
table-0006-317 3 2 0 131 107 17294 0.25 0.06716417910447761
table-0006-859 32 4 26 1051 690 991628 0.16666666666666666 0.14780498566071035
table-0006-451 7 6 12 311 300 12752 1.0 0.015827293563773773
table-0006-606 22 3 0 52 62 4459 0.5 0.20320466132556445
table-0006-720 0 0 0 675 714 9734 1.0 0.0
table-0006-617 4 10 0 140 352 10381 0.25 0.014604150653343582
table-0006-381 5 9 4 2709 963 195358 0.047619047619047616 0.00447735491648011
table-0006-519 2 6 0 222 392 20278 0.2 0.0014580295771714226
table-0006-261 23 13 117 165 189 19446 0.3333333333333333 0.4131878557874763
table-0006-955 1 4 0 509 209 170952 0.3333333333333333 0.002259436469962786
table-0006-958 101 4 17 120 1363 31073 0.5 5.9321314952279955
table-0006-535 15 7 19 1778 784 142039 0.1 0.27614285714285713
table-0006-989 0 1 0 3 243 4772 1.0 0.0
table-0006-717 3 1 3 675 714 9734 1.0 0.0
table-0006-963 100 2 0 120 1363 31073 0.5 1.9151643690349947
table-0006-741 6 1 5 675 714 9734 1.0 0.000470749347370223
table-0006-353 4 2 0 751 470 292125 0.5 0.002747986718064196
table-0006-514 2 6 0 222 392 20278 0.2 0.0014059570922724432
table-0006-543 12 2 0 154 88 74565 1.0 0.10790806388780678
table-0006-372 2 3 0 38 54 244 1.0 0.03724696356275304
table-0006-391 6 9 4 2709 963 195358 0.047619047619047616 0.0071895987601171
table-0006-942 9 6 8 216 114 102901 0.5 0.1396663449607059
table-0006-558 27 3 0 182 242 5282 0.3333333333333333 0.049240537848605576
table-0006-905 12 3 0 95 119 3975 0.5 0.051737785133482046
table-0006-263 11 2 5 206 279 46738 0.25 0.022802474464105885
table-0006-280 3 7 2 574 400 221803 1.0 0.02010796221322537
table-0006-855 8 5 6 182 104 403512 1.0 0.07706167706167706
table-0006-219 6 5 0 1333 645 100449 0.25 0.007595450852965069
table-0006-610 9 7 0 32 37 1874 0.2 0.07758620689655173
table-0006-230 10 5 0 2203 666 137046 0.08333333333333333 0.04832631345599645
table-0006-78 19 4 10 181 136 354455 0.2 0.23101535836177475
table-0006-696 2 1 2 675 714 9734 1.0 0.0
table-0006-616 18 7 0 140 352 10381 0.25 0.11965155008967461
table-0006-642 0 1 0 146 356 17390 0.16666666666666666 0.0
table-0006-798 11 2 0 75 79 29970 0.25 0.22383985441310283
table-0006-101 2 3 2 13 26 746 0.5 0.07775119617224881
table-0006-91 57 3 0 1948 875 537954 0.3333333333333333 0.1143789043064846
table-0006-771 3 2 2 41 53 8077 1.0 0.07306711979609176
table-0006-517 2 6 0 222 392 20278 0.2 0.0012497396375755051
table-0006-420 10 3 12 2056 691 226894 0.125 0.01584794684674872
table-0006-533 12 10 0 1778 784 142039 0.1 0.2602857142857143
table-0006-309 13 2 0 13 99 672 1.0 0.19194139194139195
table-0006-539 9 10 9 1778 784 142039 0.1 0.5155714285714286
table-0006-776 3 4 0 89 109 721 1.0 0.08867247565351102
table-0006-680 0 0 0 675 714 9734 1.0 0.0
table-0006-348 1 6 0 743 312 49895 0.14285714285714285 0.026512721830233055
table-0006-108 4 5 0 90 70 2055 1.0 0.11203181968843222
table-0006-809 14 7 14 668 557 3014 0.09090909090909091 0.9555837563451777
table-0006-869 60 6 60 57 196 307 1.0 3.767394270122783
table-0006-527 2 3 0 75 101 1877 1.0 0.12296296296296297
table-0006-368 3 4 5 37 46 1959 0.2 0.021686010995723884
table-0006-532 6 4 5 1778 784 142039 0.1 0.03857142857142857
table-0006-796 1 3 0 37 44 1069 1.0 0.039579468150896725
table-0006-879 5 2 0 57 233 631 1.0 0.037463976945244955
table-0006-934 7 4 7 268 288 69586 0.3333333333333333 0.041279233586925895
table-0006-20 9 3 0 108 133 3421 0.5 0.11638185032410135
table-0006-7 40 4 8 83 96 63704 0.3333333333333333 0.9101289134438306
table-0006-521 5 2 0 40 58 8469 0.5 0.22146739130434784
table-0006-407 8 3 2 1143 327 292318 0.16666666666666666 0.1104199066874028
table-0006-86 14 6 3 110 100 3213 1.0 0.43392830358482076
table-0006-840 8 8 14 19 31 1107 0.3333333333333333 0.5926993275696446
table-0006-184 1 3 0 34 320 2306 1.0 0.022871664548919948
table-0006-424 23 3 18 46 44 14993 0.14285714285714285 0.2079541624536569
table-0006-355 4 6 0 31 33 20352 0.5 0.022922636103151862
table-0006-128 16 7 11 264 315 24141 1.0 0.2515480570761913
table-0006-232 17 2 0 2203 666 137046 0.08333333333333333 0.07115938816227001
table-0006-374 9 2 9 73 162 16579 0.5 0.01877649909145972
table-0006-875 1 3 0 218 201 48310 0.5 0.06870229007633588
table-0006-365 10 7 0 142 100 1600 0.25 0.13586830512404358
table-0006-352 16 3 5 15 23 4315 0.5 0.07950207468879668
table-0006-624 29 2 5 139 122 3284 1.0 2.0276422764227644
table-0006-894 47 5 96 1077 859 9498 0.1111111111111111 3.264496439471007
table-0006-125 30 6 16 181 167 7736 1.0 0.34952758660912164
table-0006-315 6 2 6 956 292 44299 0.3333333333333333 0.024350205198358413
table-0006-49 1 1 1 313 154 16004 0.3333333333333333 0.0
table-0006-8 2 3 0 54 103 17158 1.0 0.028792222360712952
table-0006-299 3 3 0 140 144 12642 1.0 0.061107938320959454
table-0006-753 1 3 1 675 714 9734 1.0 8.559079043094963e-05
table-0006-572 1 2 0 39 57 9688 1.0 0.0164756446991404
table-0006-356 4 9 0 387 93 657320 0.2 0.09548831310019931
table-0006-842 3 3 0 19 31 1107 0.3333333333333333 0.1143131604226705
table-0006-268 1 3 0 206 279 46738 0.25 0.006977413321824198
table-0006-860 44 4 20 1051 690 991628 0.16666666666666666 0.45775424663578207
table-0006-748 0 0 0 675 714 9734 1.0 0.0
table-0006-711 1 1 1 675 714 9734 1.0 0.0
table-0006-478 3 3 0 221 204 31501 0.3333333333333333 0.054540065210947536
table-0006-719 0 0 0 675 714 9734 1.0 0.0
table-0006-565 4 2 0 823 634 40116 0.14285714285714285 0.030843664953129724
table-0006-289 1 1 0 225 775 25923 0.3333333333333333 0.0016246073865482508
table-0006-249 22 3 0 4534 643 710595 0.3333333333333333 0.08371501272264631
table-0006-542 1 2 1 30 55 17287 1.0 0.008362676056338027
table-0006-877 5 2 0 57 233 631 1.0 0.037201991092481006
table-0006-518 2 6 0 222 392 20278 0.2 0.0013538846073734639
table-0006-676 7 6 3 168 161 17620 0.5 0.03361991530861029
table-0006-463 19 4 0 21 71 2743 0.5 0.9659340659340659
table-0006-98 1 4 1 350 669 952 0.5 0.0825515947467167
table-0006-968 2 4 2 352 625 831 0.5 0.5136612021857924
table-0006-46 1 1 1 313 146 28732 0.3333333333333333 0.0
table-0006-123 3 5 5 69 73 1303 0.5 0.13097514340344169
table-0006-35 1 3 0 59 58 4170 0.3333333333333333 0.08382789317507418
table-0006-143 1 2 0 17 24 4063 0.5 0.017350157728706624
table-0006-293 10 5 0 140 291 2978 0.1111111111111111 2.490238611713666
table-0006-165 4 5 6 58 76 4489 0.2 0.49453551912568305
table-0006-111 2 3 0 139 92 37135 1.0 0.034448227518525935
table-0006-406 1 2 0 1143 327 292318 0.16666666666666666 0.004924831518921721
table-0006-844 13 3 1 6 14 665 0.5 0.031541360841102956
table-0006-350 1 3 0 78 99 7722 1.0 0.006171992867919353
table-0006-254 2 2 1 14 52 6373 1.0 0.008274231678486997
table-0006-997 4 3 0 36 52 2209 1.0 0.10341487042867523
table-0006-392 6 7 4 2709 963 195358 0.047619047619047616 0.08575856724642672
table-0006-175 2 3 0 116 137 2244 1.0 0.1058911260253542
table-0006-26 2 22 1 160 110 6608 0.25 0.21421924436999815
table-0006-92 50 4 0 1948 875 537954 0.3333333333333333 0.03623749239869534
table-0006-446 9 7 11 311 300 12752 1.0 0.037694356687108965
table-0006-489 10 5 0 1882 706 136447 0.14285714285714285 0.0365684575389948
