table_id rows cols nulls inlinks outlinks views table_imp table_fraction
table-0011-612 8 14 12 729 520 65019 0.16666666666666666 0.032070635146681854
table-0011-802 0 1 0 164 228 7730 1.0 0.0
table-0011-132 12 7 0 821 621 7284 0.2 0.9161392405063291
table-0011-680 5 8 8 2766 1205 292132 0.06666666666666667 0.006661873951593578
table-0011-945 4 3 0 180 159 8707 1.0 0.0439524838012959
table-0011-339 3 3 0 344 606 2735 0.045454545454545456 0.081104033970276
table-0011-665 25 10 24 275 413 2118 0.16666666666666666 0.5183324027545133
table-0011-308 5 5 4 60 646 6968 0.015625 0.016361826552196094
table-0011-711 28 4 1 1200 490 1934486 0.2 0.11022023749111945
table-0011-411 8 7 7 77 351 1064 0.043478260869565216 0.21241258741258742
table-0011-122 2 6 0 421 431 8296 0.1 0.059845044082286934
table-0011-304 4 4 0 60 646 6968 0.015625 0.012286922981211895
table-0011-717 1 4 0 55 184 13611 0.3333333333333333 0.021313463871079536
table-0011-403 13 6 10 64 71 900 0.5 4.177842565597667
table-0011-214 8 6 7 329 251 124701 1.0 0.37902813299232735
table-0011-757 9 7 0 612 305 10311 0.125 0.15487435394760293
table-0011-647 2 11 0 331 413 273467 0.5 0.016824654273872544
table-0011-649 8 8 10 608 181 15192 0.5 0.5133976420150054
table-0011-126 8 6 0 421 431 8296 0.1 0.19342773176596312
table-0011-73 21 8 6 57 131 988 0.25 1.1500369549150038
table-0011-191 16 5 25 61 81 53312 0.3333333333333333 0.11655239960822723
table-0011-666 43 10 37 275 413 2118 0.16666666666666666 1.1001302810348037
table-0011-446 2 5 0 132 316 16914 0.06666666666666667 0.5898989898989899
table-0011-591 18 3 0 342 326 32275 0.125 0.037658208117713074
table-0011-479 4 7 0 112 155 10269 0.16666666666666666 0.88
table-0011-50 7 4 0 104 131 10717 1.0 0.04193664506839453
table-0011-485 5 3 0 2348 982 1860012 0.25 0.008012994044396319
table-0011-80 2 6 0 75 218 1532 0.25 0.22435174746335965
table-0011-516 12 4 12 122 138 1787 0.3333333333333333 0.22144249512670566
table-0011-639 8 8 0 2701 1154 367897 0.06666666666666667 0.035842429278241494
table-0011-436 26 5 28 157 1223 62474 0.2 0.07466080497233381
table-0011-325 8 3 0 344 606 2735 0.045454545454545456 0.15498938428874734
table-0011-60 31 8 22 31 77 959 0.2 0.5171586715867159
table-0011-399 8 5 0 138 320 2371 0.5 0.12657304395403976
table-0011-88 0 1 0 279 179 74027 0.25 0.0
table-0011-490 12 8 0 259 503 14621 0.1 0.20294970376906593
table-0011-224 5 3 0 152 193 4993 1.0 0.03499608252807521
table-0011-112 8 1 0 926 288 19524 0.058823529411764705 0.0493226814866273
table-0011-537 12 4 0 21 21 18538 0.14285714285714285 5.62
table-0011-814 14 4 20 164 228 7730 1.0 1.5520059435364042
table-0011-142 5 4 0 46 25 6999 1.0 0.13162878787878787
table-0011-123 4 7 0 421 431 8296 0.1 0.11140796152818595
table-0011-488 1 3 0 2348 982 1860012 0.25 0.0012994044396318354
table-0011-43 2 11 0 239 258 22779 0.125 0.007097627165820054
table-0011-734 3 16 13 69 108 2537 0.2 0.2711964549483013
table-0011-861 1 3 1 0 0 0 0.0 99.0
table-0011-985 12 3 0 388 342 57150 0.25 0.009140108238123872
table-0011-378 68 6 131 136 380 239443 0.2 2.0730663405686336
table-0011-973 18 3 0 222 339 8936 0.3333333333333333 0.17461129296235678
table-0011-324 5 3 0 344 606 2735 0.045454545454545456 0.11762208067940552
table-0011-127 5 13 0 421 431 8296 0.1 0.0724018167245525
table-0011-380 2 10 0 18 18 1122 0.5 0.685823754789272
table-0011-210 2 3 0 125 122 21256 1.0 0.047787610619469026
table-0011-562 4 2 0 22 12 8584 0.16666666666666666 0.33824733824733827
table-0011-860 0 0 0 0 0 0 0.0 0.0
table-0011-805 5 5 5 164 228 7730 1.0 0.8863298662704309
table-0011-960 2 2 0 118 113 8062 0.3333333333333333 0.09409799554565701
table-0011-545 10 6 0 8 91 363 1.0 0.1662749706227967
table-0011-561 3 2 0 22 12 8584 0.16666666666666666 0.17117117117117117
table-0011-353 3 2 2 49 93 32693 0.5 0.027929373996789728
table-0011-187 3 2 0 13 19 1758 1.0 0.3023952095808383
table-0011-468 4 3 0 135 161 1297 1.0 0.0764913739347329
table-0011-536 7 5 19 21 21 18538 0.14285714285714285 0.20588235294117646
table-0011-653 31 3 0 77 93 77095 0.3333333333333333 0.31293881644934807
table-0011-926 78 3 78 27 100 623 0.5 5.876155268022181
table-0011-953 43 5 31 68 123 940 0.5 15.81203007518797
table-0011-824 14 8 26 25 28 1976 0.3333333333333333 2.6922169811320753
table-0011-500 3 5 0 248 240 15845 1.0 0.03544219940377608
table-0011-648 4 2 0 77 84 4574 0.5 0.2550091074681239
table-0011-790 2 4 0 42 98 17416 0.25 0.0347877358490566
table-0011-551 6 4 3 28 40 1137 1.0 0.4200492004920049
table-0011-875 1 3 1 0 0 0 0.0 85.0
table-0011-349 1 5 0 19 46 29047 0.25 0.044744318181818184
table-0011-692 5 2 0 33 88 10144 0.5 0.035146443514644354
table-0011-370 18 6 1 30 131 1051 1.0 0.634952766531714
table-0011-818 6 5 0 341 407 4318 0.5 0.31559854897218864
table-0011-559 2 3 0 0 0 0 0.0 153.0
table-0011-438 29 7 29 157 1223 62474 0.2 0.13426311933095833
table-0011-298 4 4 0 60 646 6968 0.015625 0.02348513126788603
table-0011-915 130 6 130 300 347 126445 0.3333333333333333 19.670900692840647
table-0011-146 13 3 0 14 35 3697 0.5 0.14275766016713093
table-0011-10 2 4 2 87 64 43470 0.25 0.015183246073298429
table-0011-183 6 8 6 303 609 23046 0.1 0.1389975115535016
table-0011-423 8 7 8 77 351 1064 0.043478260869565216 0.20236013986013987
table-0011-303 4 4 0 60 646 6968 0.015625 0.010700510140599726
table-0011-412 8 7 8 77 351 1064 0.043478260869565216 0.2111013986013986
table-0011-35 7 2 0 71 859 26109 0.16666666666666666 0.13325867861142218
table-0011-761 6 7 27 121 137 3528 0.3333333333333333 0.05477899508877975
table-0011-759 6 4 5 612 305 10311 0.125 0.03831759044733559
table-0011-832 2 3 0 16 129 1120 1.0 0.11585365853658537
table-0011-422 7 7 7 77 351 1064 0.043478260869565216 0.15078671328671328
table-0011-571 1 11 0 545 389 3179525 0.06666666666666667 0.010179640718562874
table-0011-766 10 9 20 2220 1168 190853 0.05263157894736842 0.035728815181755094
table-0011-779 1 2 0 57 65 7221 0.25 0.002955847034915943
table-0011-190 32 7 58 61 81 53312 0.3333333333333333 0.3925073457394711
table-0011-451 3 6 3 132 316 16914 0.06666666666666667 0.6787878787878788
table-0011-459 4 3 4 13 33 537 0.2 0.23058823529411765
table-0011-968 1 9 1 3 21 4347 1.0 0.0861878453038674
table-0011-45 4 11 0 239 258 22779 0.125 0.014473592651868346
table-0011-542 9 3 0 127 125 8138 0.5 0.13182715507786796
table-0011-404 1 2 1 37 53 1269 1.0 0.01288135593220339
table-0011-340 3 3 0 344 606 2735 0.045454545454545456 0.0683651804670913
table-0011-286 4 4 0 60 646 6968 0.015625 0.008896354361080005
table-0011-209 10 2 0 200 57 1169 0.5 0.3247172859450727
table-0011-899 1 7 0 39 59 6593 0.5 0.04975728155339806
table-0011-829 2 3 0 10 4 1974 1.0 0.7127659574468085
table-0011-883 1 3 0 273 182 617179 0.3333333333333333 0.016471449487554905
table-0011-290 4 4 0 60 646 6968 0.015625 0.009736219982580565
table-0011-638 11 9 0 2701 1154 367897 0.06666666666666667 0.04230086490161272
table-0011-206 1 3 0 38 37 3246 1.0 0.04957767168564084
table-0011-56 11 4 0 367 309 73230 0.5 0.08514370530292809
table-0011-48 15 9 0 239 258 22779 0.125 0.06457449029295108
table-0011-660 2 6 0 410 391 1886 0.3333333333333333 0.458955223880597
table-0011-233 7 5 5 2201 772 1575179 0.5 0.01383992888452932
table-0011-795 0 1 0 168 37 15482 0.5 0.0
table-0011-982 2 2 0 95 117 8525 0.5 0.09564233163554046
table-0011-781 11 1 0 170 130 2748 0.5 0.9011689691817216
table-0011-494 1 24 0 259 503 14621 0.1 0.1476112441699231
table-0011-514 4 3 0 249 223 7761 1.0 0.4095238095238095
table-0011-874 0 0 0 0 0 0 0.0 0.0
table-0011-539 2 4 0 21 21 18538 0.14285714285714285 1.723529411764706
table-0011-923 9 9 19 1192 765 184991 0.16666666666666666 0.1735668789808917
table-0011-856 21 6 6 920 649 380459 0.3333333333333333 0.08251085669166995
table-0011-236 8 4 3 1224 260 736618 0.3333333333333333 0.03795994410805775
table-0011-865 0 1 0 0 0 0 0.0 0.0
table-0011-924 55 3 55 24 18 1475 1.0 3.7859375
table-0011-51 1 1 0 104 131 10717 1.0 0.0026997840172786176
table-0011-552 1 3 0 58 83 3425 1.0 0.027771454586842704
table-0011-685 134 4 134 158 310 311 1.0 4.661557710353456
table-0011-959 1 2 1 16 33 6947 1.0 0.009674134419551934
table-0011-889 4 3 0 36 59 1275 1.0 0.2628943415122684
table-0011-197 1 3 0 164 200 173165 0.1 0.04345323741007194
table-0011-527 20 7 0 723 524 16373 0.07692307692307693 0.2493866535819431
table-0011-595 9 7 0 538 401 2476 0.5 0.25295508274231676
table-0011-29 9 4 0 303 224 324346 0.16666666666666666 0.2310275352585628
table-0011-282 4 4 0 60 646 6968 0.015625 0.01094935921363693
table-0011-859 0 1 0 0 0 0 0.0 0.0
table-0011-182 51 8 53 303 609 23046 0.1 1.3629576964095271
table-0011-943 8 3 0 76 88 4618 1.0 0.22766405203749762
table-0011-744 7 6 5 46 31 965 0.5 0.7581493165089379
table-0011-609 5 4 0 729 520 65019 0.16666666666666666 0.034975790373113075
table-0011-986 8 7 3 388 342 57150 0.25 0.09765484064942874
table-0011-997 8 6 0 801 456 79896 0.5 0.044047875781755445
table-0011-686 2 3 0 17 35 910 1.0 0.07253886010362694
table-0011-332 14 3 0 344 606 2735 0.045454545454545456 0.3464968152866242
table-0011-619 11 3 0 130 168 27894 0.14285714285714285 0.20545339251743816
table-0011-284 5 5 4 60 646 6968 0.015625 0.012971257932064204
table-0011-2 3 3 0 15 62 1917 1.0 0.12834048168921147
table-0011-67 20 2 2 743 344 20676 0.3333333333333333 0.30334781497572194
table-0011-576 11 6 3 545 389 3179525 0.06666666666666667 0.033532934131736525
table-0011-196 1 3 0 164 200 173165 0.1 0.036546762589928054
table-0011-854 5 3 0 31 58 1762 1.0 0.20314033366045142
table-0011-872 1 3 1 0 0 0 0.0 74.0
table-0011-955 17 5 0 37 47 10297 0.5 0.1605830164765526
table-0011-128 21 7 0 597 437 5095 0.3333333333333333 2.3785714285714286
table-0011-359 1 3 0 326 240 250268 0.3333333333333333 0.004651162790697674
table-0011-400 27 4 26 152 111 253214 0.25 0.28537511870845206
table-0011-461 1 2 1 13 33 537 0.2 0.13176470588235295
table-0011-616 20 5 20 4486 418 136894 0.3333333333333333 0.10708257376274391
table-0011-572 4 3 0 545 389 3179525 0.06666666666666667 0.015793413173652696
table-0011-140 5 8 10 33 123 8879 0.1111111111111111 0.07350565428109855
table-0011-689 22 4 1 72 70 123987 0.25 0.4037907869481766
table-0011-815 2 6 3 164 228 7730 1.0 0.4078751857355126
table-0011-264 5 5 4 60 646 6968 0.015625 0.013157894736842105
table-0011-32 1 5 1 77 77 4127 0.5 0.02034618888551473
table-0011-389 12 6 8 34 43 777 0.5 4.131964809384164
table-0011-726 4 3 0 21 24 7899 1.0 0.025584472871636524
table-0011-696 1 3 1 14 14 1680 1.0 0.0611764705882353
table-0011-901 141 3 0 6810 67 109388 0.5 1.0445460704607046
table-0011-240 24 3 0 41 63 1672 1.0 0.23702863623476042
table-0011-220 5 1 0 183 202 2912 0.1111111111111111 0.0958627648839556
table-0011-458 8 5 6 132 316 16914 0.06666666666666667 2.3383838383838382
table-0011-291 4 4 0 60 646 6968 0.015625 0.010793828542988677
table-0011-544 6 7 0 8 91 363 1.0 0.2482373678025852
table-0011-714 1 3 0 1200 490 1934486 0.2 0.003958185324266721
table-0011-416 8 7 7 77 351 1064 0.043478260869565216 0.20804195804195805
table-0011-383 3 2 0 7 16 1039 0.5 0.1713810316139767
table-0011-741 8 5 0 24 23 669 0.5 2.4642857142857144
table-0011-441 3 3 0 37 20 1379 0.5 0.01623931623931624
table-0011-163 3 3 0 172 153 27448 0.25 0.0035721000188005266
table-0011-342 6 7 1 143 210 2381 0.5 0.3938931297709924
table-0011-534 9 3 0 103 153 12517 0.16666666666666666 0.10531544957774466
table-0011-18 6 2 0 75 36 1714 0.14285714285714285 0.018511376783648285
table-0011-858 1 3 1 0 0 0 0.0 78.0
table-0011-162 10 12 0 172 153 27448 0.25 0.12502350065801843
table-0011-614 1 2 0 36 52 1931 0.5 0.07356948228882834
table-0011-476 13 4 12 156 248 15226 0.3333333333333333 0.10755770101071051
table-0011-65 7 8 0 1518 601 121935 0.14285714285714285 0.06837219832465474
table-0011-958 1 3 0 24 121 1296 1.0 0.09852216748768473
table-0011-495 2 23 2 259 503 14621 0.1 0.1701752174461112
table-0011-184 21 7 21 303 609 23046 0.1 0.5293281194454319
table-0011-798 1 3 0 58 169 12353 1.0 0.04932228915662651
table-0011-469 1 9 0 165 186 32177 0.2 0.019549137020077493
table-0011-541 22 2 0 18 11 4051 0.5 1.5162578436965202
table-0011-11 10 5 10 1601 873 296963 0.3333333333333333 0.028040898676606366
table-0011-952 2 3 0 15 24 949 1.0 0.19473684210526315
table-0011-350 1 3 0 219 223 4470 1.0 0.07122641509433962
table-0011-608 4 7 4 170 138 16623 0.5 0.10450729120636323
table-0011-963 2 2 0 102 107 6277 0.5 0.26782884310618066
table-0011-266 5 5 4 60 646 6968 0.015625 0.016237402015677492
table-0011-145 1 2 1 14 35 3697 0.5 0.013231197771587743
table-0011-557 3 3 0 42 47 1190 1.0 0.2626984126984127
table-0011-703 9 10 0 697 449 55860 0.07142857142857142 0.19703987112364077
table-0011-148 5 3 0 16 23 1297 0.2 0.2175732217573222
table-0011-159 8 3 3 31 129 6373 0.16666666666666666 0.024700845317817542
table-0011-897 10 8 10 143 193 8080 0.1 0.3219246031746032
table-0011-728 4 4 0 101 109 2973 0.25 0.1018018018018018
table-0011-843 2 2 0 24 51 6066 1.0 0.01827371695178849
table-0011-577 11 6 3 545 389 3179525 0.06666666666666667 0.032410179640718566
table-0011-969 1 4 0 3 21 4347 1.0 0.04861878453038674
table-0011-630 4 5 4 2701 1154 367897 0.06666666666666667 0.02643804056350795
table-0011-558 140 3 202 0 0 0 0.0 7579.0
table-0011-307 5 5 4 60 646 6968 0.015625 0.012753514993156651
table-0011-869 0 1 0 0 0 0 0.0 0.0
table-0011-152 89 8 1 668 520 75341 0.3333333333333333 12.004060913705583
table-0011-230 8 4 0 82 91 10345 1.0 0.08287680854052536
table-0011-601 2 2 0 50 67 2938 0.5 0.12926136363636365
table-0011-397 17 5 0 38 53 634 0.5 3.4485165794066317
table-0011-38 446 2 446 71 859 26109 0.16666666666666666 6.512877939529675
table-0011-496 2 29 6 259 503 14621 0.1 0.1782427833102231
table-0011-143 4 2 0 225 188 76624 0.5 0.026490897677338355
table-0011-835 3 3 0 33 30 1616 0.5 0.052473118279569894
table-0011-33 6 12 34 79 55 1949 0.5 0.6696269982238011
table-0011-223 37 8 0 183 202 2912 0.1111111111111111 4.304742684157417
table-0011-311 7 7 0 5 261 3503 1.0 0.7941616766467066
table-0011-44 4 5 0 239 258 22779 0.125 0.00431424396353768
table-0011-548 2 1 0 1564 381 790108 0.16666666666666666 0.002623083131557708
table-0011-173 1 2 0 365 367 42832 0.3333333333333333 0.01834862385321101
table-0011-138 5 8 6 33 123 8879 0.1111111111111111 0.06323563351027002
table-0011-876 0 1 0 0 0 0 0.0 0.0
table-0011-331 9 3 0 344 606 2735 0.045454545454545456 0.18768577494692146
table-0011-292 4 4 0 60 646 6968 0.015625 0.01014059972626602
table-0011-328 7 3 0 344 606 2735 0.045454545454545456 0.1740976645435244
table-0011-117 13 9 65 843 544 8278 0.2 0.35057685150725715
table-0011-437 27 5 33 157 1223 62474 0.2 0.06387225548902195
table-0011-520 3 3 0 130 139 3392 1.0 0.10201695410698626
table-0011-373 0 1 0 10 17 5487 1.0 0.0
table-0011-515 13 15 68 122 138 1787 0.3333333333333333 0.16374269005847952
table-0011-965 17 5 0 264 309 23735 0.3333333333333333 5.488421052631579
table-0011-912 7 10 12 13 30 2302 0.3333333333333333 0.7452054794520548
table-0011-262 6 5 4 60 646 6968 0.015625 0.014962050516361826
table-0011-836 1 3 0 26 41 1635 1.0 0.01243691420331651
table-0011-330 20 3 0 344 606 2735 0.045454545454545456 0.5184713375796178
table-0011-464 5 2 0 85 193 36946 0.3333333333333333 0.05119355766465344
table-0011-110 4 1 0 926 288 19524 0.058823529411764705 0.014935741576936437
table-0011-361 4 3 0 326 240 250268 0.3333333333333333 0.015663474692202462
table-0011-153 100 7 0 668 520 75341 0.3333333333333333 10.460913705583756
table-0011-92 4 1 0 1020 705 44073 0.058823529411764705 0.0071567989590110605
table-0011-753 5 6 5 1334 144 3512 0.2 0.15436662072422003
table-0011-682 29 8 33 2766 1205 292132 0.06666666666666667 0.015288761083153607
table-0011-658 10 8 9 311 306 3460 0.2 1.4968152866242037
table-0011-62 3 3 0 279 98 6243 1.0 0.08022922636103152
table-0011-164 3 2 0 73 76 47798 1.0 0.023963381798599893
table-0011-42 6 8 0 239 258 22779 0.125 0.02713798622225315
table-0011-807 13 6 19 164 228 7730 1.0 2.3179791976225856
table-0011-462 14 2 14 13 33 537 0.2 0.7341176470588235
table-0011-866 0 0 0 0 0 0 0.0 0.0
table-0011-613 44 4 4 729 520 65019 0.16666666666666666 0.20142409569923098
table-0011-258 141 2 0 373 462 24328 0.5 1.4053508329126703
table-0011-377 15 5 15 136 380 239443 0.2 0.40904922042188935
table-0011-226 1 2 0 12 22 1378 1.0 0.03758169934640523
table-0011-456 6 5 10 132 316 16914 0.06666666666666667 0.7585858585858586
table-0011-907 1 3 0 14 20 1137 1.0 0.09577754891864057
table-0011-54 2 17 16 593 1062 115603 0.5 0.007347627077812576
table-0011-808 6 5 13 164 228 7730 1.0 0.5386329866270431
table-0011-964 54 5 42 74 134 962 0.5 21.992537313432837
table-0011-628 14 9 0 2701 1154 367897 0.06666666666666667 0.05597310873588397
table-0011-363 12 3 0 326 240 250268 0.3333333333333333 0.05054719562243502
table-0011-471 4 3 0 181 438 7620 1.0 0.32605729877216916
table-0011-598 14 12 0 242 172 38697 0.3333333333333333 0.18893595173918623
table-0011-784 7 8 12 165 128 1952 0.5 1.064015518913676
table-0011-428 1 3 1 52 28 2336 0.5 0.06471981057616416
table-0011-850 12 3 0 359 401 16024 0.25 0.02522109400589584
table-0011-891 7 5 0 143 193 8080 0.1 0.1453373015873016
table-0011-381 0 1 0 18 18 1122 0.5 0.0
table-0011-739 13 4 13 389 282 959 0.5 3.9565217391304346
table-0011-433 0 1 0 29 26 2763 1.0 0.0
table-0011-596 14 4 12 83 112 1438 1.0 1.1007371007371007
table-0011-626 4 9 4 2701 1154 367897 0.06666666666666667 0.0014352079163047174
table-0011-477 3 3 0 156 248 15226 0.3333333333333333 0.048725297933323274
table-0011-950 0 1 0 799 618 216008 1.0 0.0
table-0011-188 3 2 2 18 39 3785 1.0 0.0628099173553719
table-0011-103 9 1 0 1020 705 44073 0.058823529411764705 0.026024723487312947
table-0011-771 6 3 0 2220 1168 190853 0.05263157894736842 0.004810108406920813
table-0011-119 14 7 0 843 544 8278 0.2 1.1317454410122814
table-0011-724 2 3 0 37 20 5530 1.0 0.05033425088478175
table-0011-232 1 2 0 11 20 1448 1.0 0.027315914489311165
table-0011-28 22 4 17 303 224 324346 0.16666666666666666 0.27848668009850014
table-0011-160 9 37 152 31 129 6373 0.16666666666666666 0.06389285322208804
table-0011-848 14 2 0 155 172 1554 0.5 0.13784764207980654
table-0011-442 22 4 2 215 165 78390 0.16666666666666666 0.41363756964712123
table-0011-804 5 6 8 164 228 7730 1.0 0.8722139673105498
table-0011-529 26 8 0 723 524 16373 0.07692307692307693 0.44982826300294404
table-0011-269 5 5 4 60 646 6968 0.015625 0.008087594873709095
table-0011-395 18 6 2 51 34 5725 0.5 1.3445065176908753
table-0011-917 6 4 0 9 8 2877 1.0 0.7220956719817767
table-0011-371 1 2 1 12 20 3805 1.0 0.01860920666013712
table-0011-36 6 2 0 71 859 26109 0.16666666666666666 0.11608809257185516
table-0011-788 13 5 38 1058 355 90004 0.5 0.00985895221646517
table-0011-957 5 3 0 34 27 2951 1.0 0.5697091273821464
table-0011-156 1 3 0 23 23 1371 1.0 0.14482126489459213
table-0011-868 0 1 0 0 0 0 0.0 0.0
table-0011-618 28 3 0 130 168 27894 0.14285714285714285 0.6861128725428028
table-0011-465 3 2 0 85 193 36946 0.3333333333333333 0.03221167673281564
table-0011-26 19 2 0 10 32 5242 1.0 0.5319767441860465
table-0011-150 21 3 0 16 23 1297 0.2 1.383542538354254
table-0011-78 7 4 0 199 237 365477 0.2 0.05549803271898944
table-0011-519 4 7 4 106 115 11874 0.25 0.31199278629395855
table-0011-375 29 6 5 142 225 3011 0.5 0.5796140816025924
table-0011-644 4 6 0 104 194 8831 0.3333333333333333 0.27097661623108665
table-0011-976 1 3 0 91 101 1853 0.5 0.013950073421439061
table-0011-993 272 3 238 141 495 78067 0.5 8.626262626262626
table-0011-768 5 5 3 2220 1168 190853 0.05263157894736842 0.0179242348098691
table-0011-434 1 3 0 78 107 4647 1.0 0.02352179542511869
table-0011-978 2 3 0 170 129 1701 1.0 0.1468609865470852
table-0011-362 6 3 0 326 240 250268 0.3333333333333333 0.031395348837209305
table-0011-722 2 6 0 415 534 15340 0.2 0.0010670460608216254
table-0011-827 3 3 0 105 89 11949 1.0 0.24034552845528456
table-0011-129 21 7 2 597 437 5095 0.3333333333333333 2.27987012987013
table-0011-838 1 5 2 44 85 1994 1.0 0.1323360184119678
table-0011-1 1 3 0 14 24 813 1.0 0.34615384615384615
table-0011-278 3 5 2 60 646 6968 0.015625 0.008523080751524201
table-0011-852 13 3 0 211 185 11060 1.0 0.19583333333333333
table-0011-767 2 8 0 2220 1168 190853 0.05263157894736842 0.0021298489960992653
table-0011-314 61 4 0 260 464 65020 0.16666666666666666 2.7462758289284
table-0011-811 3 6 3 164 228 7730 1.0 0.6753343239227341
table-0011-384 3 2 3 3 5 2756 1.0 0.2626728110599078
table-0011-181 3 7 3 303 609 23046 0.1 0.033771773906861
table-0011-725 1 2 1 26 30 933 1.0 0.0254816656308266
table-0011-642 5 9 0 2701 1154 367897 0.06666666666666667 0.0219435736677116
table-0011-12 4 3 0 85 79 5621 1.0 0.18493975903614457
table-0011-550 100 6 100 1564 381 790108 0.16666666666666666 0.678773204196933
table-0011-231 1 3 0 11 25 3090 1.0 0.05268389662027833
table-0011-77 3 4 0 199 237 365477 0.2 0.02340028991509629
table-0011-844 1 3 0 230 141 144339 1.0 0.011477151965993623
table-0011-46 19 14 1 239 258 22779 0.125 0.14751930972096583
table-0011-336 9 3 0 344 606 2735 0.045454545454545456 0.17070063694267515
table-0011-376 3 6 3 136 380 239443 0.2 0.1406297768266585
table-0011-108 2 7 0 926 288 19524 0.058823529411764705 0.08475164987843001
table-0011-333 14 3 0 344 606 2735 0.045454545454545456 0.3974522292993631
table-0011-338 9 3 0 344 606 2735 0.045454545454545456 0.1791932059447983
table-0011-556 6 4 0 42 47 1190 1.0 0.49523809523809526
table-0011-584 1 2 0 23 36 8284 1.0 0.02349336057201226
table-0011-99 1 7 0 1020 705 44073 0.058823529411764705 0.026187378009108652
table-0011-713 1 4 0 1200 490 1934486 0.2 0.004973104638181265
table-0011-507 8 7 10 73 208 894 0.25 0.4158805031446541
table-0011-202 6 4 0 164 200 173165 0.1 0.17151079136690647
table-0011-898 10 8 10 143 193 8080 0.1 0.3869047619047619
table-0011-873 0 1 0 0 0 0 0.0 0.0
table-0011-52 0 1 0 489 234 227369 0.5 0.0
table-0011-368 1 3 0 30 346 5487 1.0 0.037471264367816094
table-0011-998 25 6 27 138 112 20394 1.0 0.640052643123492
table-0011-933 33 3 33 29 52 910 0.5 2.4340723453908986
table-0011-902 5 2 0 6810 67 109388 0.5 0.026592140921409213
table-0011-194 24 3 0 164 200 173165 0.1 0.28575539568345326
table-0011-272 5 5 4 60 646 6968 0.015625 0.009518477043673012
table-0011-177 0 1 0 31 41 2528 1.0 0.0
table-0011-16 6 2 0 75 36 1714 0.14285714285714285 0.018511376783648285
table-0011-149 3 4 0 16 23 1297 0.2 0.2217573221757322
table-0011-289 3 4 0 60 646 6968 0.015625 0.01094935921363693
table-0011-167 3 10 1 40 48 6318 0.3333333333333333 0.4291072768192048
table-0011-742 2 5 0 51 66 950 0.5 0.30386178861788615
table-0011-95 7 19 22 1020 705 44073 0.058823529411764705 0.06831489915419649
table-0011-825 13 1 0 25 28 1976 0.3333333333333333 1.1556603773584906
table-0011-171 1 2 1 101 204 17246 1.0 0.016006739679865205
table-0011-870 0 0 0 0 0 0 0.0 0.0
table-0011-503 5 4 0 397 158 928520 0.09090909090909091 0.030904280904280903
table-0011-625 1 3 0 36 84 1926 1.0 0.02302568981921979
table-0011-752 6 6 6 1334 144 3512 0.2 0.18218268387420122
table-0011-366 6 6 6 326 240 250268 0.3333333333333333 0.03112175102599179
table-0011-81 8 13 10 75 218 1532 0.25 0.9605411499436303
table-0011-294 4 4 0 60 646 6968 0.015625 0.010513873335821823
table-0011-475 1 2 0 118 174 16118 0.5 0.01177336276674025
table-0011-393 2 6 2 39 70 5282 1.0 0.04259733919199316
table-0011-49 1 2 1 15 37 2583 1.0 0.024967148488830485
table-0011-413 8 7 8 77 351 1064 0.043478260869565216 0.19536713286713286
table-0011-670 11 7 17 2766 1205 292132 0.06666666666666667 0.06542056074766354
table-0011-323 6 3 0 344 606 2735 0.045454545454545456 0.13036093418259023
table-0011-776 10 3 3 298 201 15967 1.0 0.024306768177690858
table-0011-432 1 1 0 1254 729 183251 0.25 0.008661604176554342
table-0011-178 4 2 0 140 46 7381 1.0 0.033308099924299776
table-0011-535 1 3 0 25 22 7212 1.0 0.07493540051679587
table-0011-833 5 3 0 29 41 3294 1.0 0.4889206576125804
table-0011-668 0 1 0 68 13 1163 1.0 0.0
table-0011-208 13 3 17 8 23 625 0.3333333333333333 0.37771345875542695
table-0011-409 8 7 8 77 351 1064 0.043478260869565216 0.15996503496503497
table-0011-296 4 4 0 60 646 6968 0.015625 0.01353116834639791
table-0011-287 4 4 0 60 646 6968 0.015625 0.010482767201692174
table-0011-863 0 0 0 0 0 0 0.0 0.0
table-0011-306 5 5 4 60 646 6968 0.015625 0.01113599601841483
table-0011-979 1 7 2 53 46 1993 0.5 0.08973322554567502
table-0011-504 19 4 0 397 158 928520 0.09090909090909091 0.24555074555074555
table-0011-667 10 10 9 275 413 2118 0.16666666666666666 0.3134189465847757
table-0011-789 16 4 0 42 98 17416 0.25 0.3838836477987421
table-0011-524 4 1 0 723 524 16373 0.07692307692307693 0.005274779195289499
table-0011-3 3 2 0 10 23 2128 1.0 0.12344497607655502
table-0011-312 8 6 2 49 85 1485 0.25 0.6358296622613803
table-0011-826 2 3 0 25 28 1976 0.3333333333333333 0.19811320754716982
table-0011-212 4 3 0 1278 447 347632 1.0 0.008275205507039416
table-0011-241 3 3 0 41 63 1672 1.0 0.021548057839523675
table-0011-55 16 4 2 29 35 36951 0.5 1.1257014590347925
table-0011-341 6 5 4 23 22 884 1.0 0.7829457364341085
table-0011-22 2 4 0 176 193 9329 0.25 0.01920391061452514
table-0011-991 10 2 0 30 16 9481 0.5 0.12681159420289856
table-0011-974 1 3 0 111 73 1637 1.0 0.08378088077336197
table-0011-652 31 3 0 77 93 77095 0.3333333333333333 0.6283851554663992
table-0011-970 1 3 0 15 145 1422 1.0 0.05177993527508091
table-0011-586 1 2 1 195 266 32388 0.16666666666666666 0.0020430107526881723
table-0011-566 1 3 0 60 65 1788 1.0 0.09060846560846561
table-0011-89 0 1 0 279 179 74027 0.25 0.0
table-0011-900 17 4 9 6810 67 109388 0.5 0.07401761517615175
table-0011-260 3 3 0 62 143 1534 1.0 0.391304347826087
table-0011-70 2 3 0 271 207 7538 1.0 0.04772599663110612
table-0011-707 1 19 0 242 202 22627 0.25 0.07925170068027211
table-0011-415 8 7 7 77 351 1064 0.043478260869565216 0.21372377622377622
table-0011-225 0 1 0 14 21 1642 1.0 0.0
table-0011-773 4 3 0 152 62 30339 1.0 0.04960267670430782
table-0011-980 1 3 0 15 120 1130 1.0 0.1008130081300813
table-0011-13 2 1 0 4078 945 528726 1.0 0.0009940216696723988
table-0011-185 6 7 6 303 609 23046 0.1 0.11660149306789903
table-0011-347 10 2 6 28 63 3450 1.0 0.04476572025779481
table-0011-911 23 5 0 59 544 22749 0.2 0.1092978073827366
table-0011-104 1 6 0 926 288 19524 0.058823529411764705 0.050364709968739145
table-0011-398 0 1 0 35 67 1581 0.5 0.0
table-0011-66 1 5 0 743 344 20676 0.3333333333333333 0.01763352926143624
table-0011-940 47 3 47 32 64 790 0.5 5.6982248520710055
table-0011-297 4 4 0 60 646 6968 0.015625 0.0076832151300236405
table-0011-851 4 9 4 359 401 16024 0.25 0.5145758270553554
table-0011-84 6 5 10 218 253 187 1.0 1.0181268882175227
table-0011-931 92 3 87 21 106 932 0.5 7.04684317718941
table-0011-879 1 3 0 179 332 11837 0.3333333333333333 0.003705075954057058
table-0011-880 15 7 0 301 286 22646 0.5 0.8400493421052632
table-0011-813 3 5 5 164 228 7730 1.0 0.2303120356612184
table-0011-712 4 4 0 1200 490 1934486 0.2 0.0214655434892926
table-0011-588 1 3 0 82 125 10103 1.0 0.010626152630192325
table-0011-34 6 2 0 71 859 26109 0.16666666666666666 0.10488988428518103
table-0011-271 5 5 4 60 646 6968 0.015625 0.028524324996889387
table-0011-487 3 3 0 2348 982 1860012 0.25 0.0027792817181014257
table-0011-718 2 4 2 346 480 786 0.5 0.2007168458781362
table-0011-886 5 3 0 9 13 1741 0.5 0.03332041844246416
table-0011-457 7 4 7 132 316 16914 0.06666666666666667 0.33131313131313134
table-0011-21 1 1 0 166 64 4546 1.0 0.003574077820486884
table-0011-750 10 8 0 1334 144 3512 0.2 0.09572735246209749
table-0011-470 1 3 0 165 186 32177 0.2 0.03046847481507573
table-0011-131 18 7 0 821 621 7284 0.2 1.745886075949367
table-0011-125 4 1 0 421 431 8296 0.1 0.009350788137857334
table-0011-161 9 37 122 31 129 6373 0.16666666666666666 0.067735206938193
table-0011-669 5 2 0 2766 1205 292132 0.06666666666666667 0.005895039539899353
table-0011-676 37 2 38 2766 1205 292132 0.06666666666666667 0.029187634795111432
table-0011-780 12 8 22 170 130 2748 0.5 2.0329436769394262
table-0011-59 31 8 20 31 77 959 0.2 0.5175276752767528
table-0011-655 1 7 0 311 306 3460 0.2 0.07734303912647862
table-0011-887 1 2 0 9 13 1741 0.5 0.02092212320805889
table-0011-946 2 3 0 171 122 1671 1.0 0.06670087224217547
table-0011-309 1 2 0 60 646 6968 0.015625 0.001026502426278462
table-0011-737 1 1 0 100 177 3702 1.0 0.11221590909090909
table-0011-318 11 4 0 260 464 65020 0.16666666666666666 0.39548294089380104
table-0011-449 2 5 2 132 316 16914 0.06666666666666667 0.44646464646464645
table-0011-599 2 9 2 242 172 38697 0.3333333333333333 0.06789885765627006
table-0011-842 2 3 0 14 20 677 1.0 0.15766738660907129
table-0011-180 16 7 16 303 609 23046 0.1 0.527195165303946
table-0011-800 2 5 4 164 228 7730 1.0 0.19093610698365526
table-0011-961 2 2 0 118 113 8062 0.3333333333333333 0.0378619153674833
table-0011-135 45 6 1 821 621 7284 0.2 0.3651898734177215
table-0011-418 8 7 4 77 351 1064 0.043478260869565216 0.2062937062937063
table-0011-235 7 3 0 118 101 3793 1.0 0.4663167104111986
table-0011-276 5 5 4 60 646 6968 0.015625 0.015739703869603085
table-0011-285 4 4 0 60 646 6968 0.015625 0.010700510140599726
table-0011-207 3 4 0 8 23 625 0.3333333333333333 0.28075253256150506
table-0011-796 2 3 0 55 39 1465 1.0 0.08394698085419734
table-0011-174 3 3 1 365 367 42832 0.3333333333333333 0.05688073394495413
table-0011-966 18 2 0 264 309 23735 0.3333333333333333 1.3894736842105264
table-0011-778 14 2 0 57 65 7221 0.25 0.08387215961573989
table-0011-934 38 3 35 21 47 502 0.5 3.689855072463768
table-0011-656 21 8 20 311 306 3460 0.2 1.9717925386715196
table-0011-445 9 6 9 132 316 16914 0.06666666666666667 1.3818181818181818
table-0011-816 2 3 0 235 381 5498 1.0 0.10897875257025359
table-0011-79 1 3 0 250 200 28470 1.0 0.017121455323702513
table-0011-972 9 4 4 128 115 156330 0.25 0.05521901211556384
table-0011-855 20 10 3 920 649 380459 0.3333333333333333 0.09535667648577242
table-0011-597 1 7 0 242 172 38697 0.3333333333333333 0.01809780515979977
table-0011-893 10 5 0 143 193 8080 0.1 0.26240079365079366
table-0011-497 1 36 0 259 503 14621 0.1 0.13021555527543174
table-0011-914 22 3 0 300 347 126445 0.3333333333333333 0.6120092378752887
table-0011-447 16 5 9 132 316 16914 0.06666666666666667 4.284848484848485
table-0011-735 2 19 2 69 108 2537 0.2 0.25435745937961596
table-0011-730 6 5 0 101 109 2973 0.25 0.1445945945945946
table-0011-589 45 4 45 342 326 32275 0.125 0.06484194775235363
table-0011-840 2 3 0 16 126 1012 1.0 0.12297181895815543
table-0011-252 1 2 1 41 63 1672 1.0 0.006804649844060108
table-0011-154 2 2 2 35 63 10990 0.5 0.11461318051575932
table-0011-391 2 2 2 9 34 3889 0.5 0.05046728971962617
table-0011-846 4 4 0 582 723 54345 0.3333333333333333 0.03259738758525026
table-0011-906 1 3 0 13 19 1026 1.0 0.06934931506849315
table-0011-390 1 3 0 48 76 8516 1.0 0.009821574725814372
table-0011-238 27 3 0 41 63 1672 1.0 0.2472356110008506
table-0011-448 6 5 4 132 316 16914 0.06666666666666667 1.7161616161616162
table-0011-484 18 4 7 2348 982 1860012 0.25 0.046092763039162606
table-0011-975 2 2 2 35 52 21831 1.0 0.039444850255661065
table-0011-921 60 3 60 27 82 984 0.5 5.211881188118812
table-0011-118 14 7 0 843 544 8278 0.2 1.1187197618161517
table-0011-555 6 4 0 10 29 3940 0.3333333333333333 0.13605130554283096
table-0011-136 7 6 5 220 240 99484 0.5 0.26906519065190654
table-0011-756 4 1 0 612 305 10311 0.125 0.013544822669755837
table-0011-96 2 7 0 1020 705 44073 0.058823529411764705 0.04163955757970072
table-0011-575 2 3 0 545 389 3179525 0.06666666666666667 0.019835329341317365
table-0011-606 1 3 0 349 222 398239 0.3333333333333333 0.010845986984815618
table-0011-695 0 1 0 51 62 9212 1.0 0.0
table-0011-549 8 2 0 1564 381 790108 0.16666666666666666 0.027306967984934087
table-0011-919 2 3 0 20 119 1297 1.0 0.24887556221889057
table-0011-654 4 6 0 311 306 3460 0.2 0.2502274795268426
table-0011-721 2 6 0 415 534 15340 0.2 0.0011559665658900944
table-0011-406 8 6 8 77 351 1064 0.043478260869565216 0.19493006993006992
table-0011-402 8 7 0 36 65 1744 0.25 0.017948717948717947
table-0011-343 1 2 1 25 32 3016 1.0 0.014448669201520912
table-0011-988 24 5 0 55 48 15608 0.5 0.9359861591695502
table-0011-25 2 4 0 63 98 2857 0.5 0.12209737827715356
table-0011-867 1 3 1 0 0 0 0.0 53.0
table-0011-480 12 6 0 112 155 10269 0.16666666666666666 1.9845161290322582
table-0011-758 18 8 0 612 305 10311 0.125 0.41489930493673144
table-0011-651 9 2 0 77 93 77095 0.3333333333333333 0.10381143430290872
table-0011-169 2 2 1 6 15 668 1.0 0.13793103448275862
table-0011-219 0 1 0 432 327 133803 0.25 0.0
table-0011-938 20 3 0 98 196 5898 0.2 1.6426735218508997
table-0011-71 10 2 5 43 58 5896 1.0 0.1381720430107527
table-0011-719 26 4 19 415 534 15340 0.2 0.030944335763827137
table-0011-580 9 6 3 545 389 3179525 0.06666666666666667 0.020284431137724553
table-0011-822 4 8 6 25 28 1976 0.3333333333333333 0.7099056603773585
table-0011-847 3 3 0 582 723 54345 0.3333333333333333 0.03629638192116518
table-0011-430 6 4 7 50 41 1555 1.0 0.31655725747629465
table-0011-895 10 8 10 143 193 8080 0.1 0.36904761904761907
table-0011-270 5 4 4 60 646 6968 0.015625 0.021929824561403508
table-0011-329 20 3 0 344 606 2735 0.045454545454545456 0.4713375796178344
table-0011-15 2 3 0 22 24 660 1.0 0.2650142993326978
table-0011-671 3 2 3 2766 1205 292132 0.06666666666666667 0.007141145458902468
table-0011-315 61 4 0 260 464 65020 0.16666666666666666 2.3897164824603556
table-0011-334 9 3 0 344 606 2735 0.045454545454545456 0.19363057324840766
table-0011-687 15 4 0 47 114 6080 0.5 1.062111801242236
table-0011-69 5 6 3 743 344 20676 0.3333333333333333 0.36774853053922824
table-0011-772 21 3 0 34 45 40999 0.3333333333333333 0.08342883337153335
table-0011-736 4 3 0 51 35 2005 1.0 0.3404255319148936
table-0011-677 24 4 4 2766 1205 292132 0.06666666666666667 0.08717948717948718
table-0011-299 4 4 0 60 646 6968 0.015625 0.012069180042304343
table-0011-683 12 9 9 2766 1205 292132 0.06666666666666667 0.07337646776899114
table-0011-326 7 3 0 344 606 2735 0.045454545454545456 0.16475583864118895
table-0011-213 1 3 0 47 68 4131 1.0 0.007233757535164099
table-0011-364 12 3 1 326 240 250268 0.3333333333333333 0.047058823529411764
table-0011-139 5 8 4 33 123 8879 0.1111111111111111 0.0630048465266559
table-0011-463 7 2 4 85 193 36946 0.3333333333333333 0.0546448087431694
table-0011-951 5 4 1 201 397 17994 0.5 0.21755162241887904
table-0011-760 6 5 13 121 137 3528 0.3333333333333333 0.05402342274272762
table-0011-192 11 2 0 52 93 2566 0.5 0.5150976909413855
table-0011-604 34 4 0 349 222 398239 0.3333333333333333 0.3443919867296159
table-0011-133 20 7 0 821 621 7284 0.2 2.2639240506329115
table-0011-288 1 4 0 60 646 6968 0.015625 0.0023951723279830783
table-0011-57 31 7 63 31 77 959 0.2 0.48690036900369005
table-0011-300 4 4 0 60 646 6968 0.015625 0.008056488739579445
table-0011-466 13 6 14 88 136 4245 1.0 0.7224105461393597
table-0011-478 1 3 0 156 248 15226 0.3333333333333333 0.007844320410318299
table-0011-382 3 5 2 19 34 898 1.0 0.17060491493383742
table-0011-511 1 8 1 133 237 3360 0.16666666666666666 0.014158135482465693
table-0011-878 2 3 0 179 332 11837 0.3333333333333333 0.031163805524679924
table-0011-14 2 2 0 35 39 7739 1.0 0.07947805456702253
table-0011-106 7 22 22 926 288 19524 0.058823529411764705 0.1503994442514762
table-0011-257 39 3 0 41 63 1672 1.0 0.4057272469520839
table-0011-645 12 6 0 104 194 8831 0.3333333333333333 0.8885832187070152
table-0011-967 3 3 0 21 36 3011 1.0 0.3026634382566586
table-0011-909 7 2 0 59 544 22749 0.2 0.028698306966416873
table-0011-640 32 9 0 2701 1154 367897 0.06666666666666667 0.1256184613060392
table-0011-602 13 3 2 326 307 3397 1.0 0.25170311939763357
table-0011-620 6 2 0 130 168 27894 0.14285714285714285 0.05833861762840837
table-0011-68 5 9 3 743 344 20676 0.3333333333333333 0.03603373370815231
table-0011-704 3 8 0 697 449 55860 0.07142857142857142 0.0387635924285139
table-0011-17 6 2 0 75 36 1714 0.14285714285714285 0.018511376783648285
table-0011-317 34 9 0 260 464 65020 0.16666666666666666 0.45266698702546854
table-0011-834 0 1 0 20 13 1004 1.0 0.0
table-0011-63 6 7 0 97 109 6847 0.5 0.2574649603900061
table-0011-782 2 3 0 170 130 2748 0.5 0.16046758767268862
table-0011-87 3 9 6 279 179 74027 0.25 0.1517683637776914
table-0011-828 0 1 0 17 18 1252 1.0 0.0
table-0011-115 0 1 0 844 544 8278 0.2 0.0
table-0011-806 5 6 8 164 228 7730 1.0 1.0022288261515602
table-0011-20 6 2 1 75 36 1714 0.14285714285714285 0.016968762051677595
table-0011-246 1 2 1 41 63 1672 1.0 0.006804649844060108
table-0011-643 20 9 0 2701 1154 367897 0.06666666666666667 0.056237489141519055
table-0011-111 22 7 0 926 288 19524 0.058823529411764705 0.7961097603334492
table-0011-510 3 7 3 133 237 3360 0.16666666666666666 0.03746460466129384
table-0011-522 14 3 0 2262 1310 4306476 0.5 0.04151049678271985
table-0011-199 19 14 5 164 200 173165 0.1 0.8958273381294964
table-0011-394 8 8 0 117 118 3342 0.5 0.3907942238267148
table-0011-743 0 1 0 55 99 1201 0.5 0.0
table-0011-58 31 8 19 31 77 959 0.2 0.5226937269372693
table-0011-697 15 4 9 135 75 38763 0.5 0.31443173521538087
table-0011-453 8 6 8 132 316 16914 0.06666666666666667 1.5777777777777777
table-0011-367 5 10 20 30 346 5487 1.0 0.11563218390804597
table-0011-701 8 8 10 697 449 55860 0.07142857142857142 0.08205799436165928
table-0011-592 0 1 0 17 109 2888 1.0 0.0
table-0011-427 8 7 8 77 351 1064 0.043478260869565216 0.1770104895104895
table-0011-884 5 3 0 49 142 1342 1.0 0.05694834666090339
table-0011-114 58 8 0 926 288 19524 0.058823529411764705 2.764501563042723
table-0011-344 1 3 0 109 154 6365 1.0 0.030251141552511414
table-0011-568 1 2 1 31 48 3635 1.0 0.012345679012345678
table-0011-101 4 1 0 1020 705 44073 0.058823529411764705 0.006994144437215355
table-0011-674 24 13 0 2766 1205 292132 0.06666666666666667 0.1072130361849988
table-0011-593 4 5 2 61 79 1262 1.0 0.4722222222222222
table-0011-871 0 0 0 0 0 0 0.0 0.0
table-0011-948 1 3 0 12 19 706 1.0 0.13882863340563992
table-0011-506 0 1 0 397 158 928520 0.09090909090909091 0.0
table-0011-168 2 2 2 19 24 1579 1.0 0.08708272859216255
table-0011-221 18 7 0 183 202 2912 0.1111111111111111 1.627648839556004
table-0011-939 4 3 0 98 196 5898 0.2 0.2879177377892031
table-0011-385 3 3 0 81 120 2439 1.0 0.13573407202216067
table-0011-672 9 13 21 2766 1205 292132 0.06666666666666667 0.05492451473759885
table-0011-962 0 1 0 97 125 27305 1.0 0.0
table-0011-6 7 6 0 170 237 2210 0.5 1.1348773841961852
table-0011-211 1 3 0 69 68 3662 1.0 0.04335950836462957
table-0011-635 1 3 0 2701 1154 367897 0.06666666666666667 0.004418929637043472
table-0011-316 5 5 0 260 464 65020 0.16666666666666666 0.37097549255165785
table-0011-157 2 3 0 19 26 2537 1.0 0.2422907488986784
table-0011-659 1 3 0 97 94 9126 1.0 0.007896625987078248
table-0012-1000 89 3 22 17 168 16323 0.5 1.6967281879194631
table-0011-877 0 0 0 0 0 0 0.0 0.0
table-0011-745 1 3 0 95 145 283 1.0 0.15043478260869564
table-0011-509 84 8 103 73 208 894 0.25 3.556603773584906
table-0011-581 1 4 0 545 389 3179525 0.06666666666666667 0.0068862275449101795
table-0011-888 92 5 14 15 264 18441 0.5 5.958011996572408
table-0011-755 1 8 0 612 305 10311 0.125 0.027802530743183035
table-0011-583 1 3 0 545 389 3179525 0.06666666666666667 0.00561377245508982
table-0011-937 33 6 0 98 196 5898 0.2 10.709511568123393
table-0011-715 0 1 0 1201 490 1934486 0.2 0.0
table-0011-801 1 5 1 164 228 7730 1.0 0.1827637444279346
table-0011-24 40 5 0 176 193 9329 0.25 0.6630586592178771
table-0011-489 27 8 6 20 82 2957 1.0 1.6205733558178752
table-0011-97 6 7 0 1020 705 44073 0.058823529411764705 0.09921925829538061
table-0011-61 0 1 0 444 876 27050 1.0 0.0
table-0011-351 14 2 0 66 112 11043 0.5 0.05635341866999688
table-0011-935 13 3 0 164 165 5692 1.0 0.6006252442360297
table-0011-538 12 4 0 21 21 18538 0.14285714285714285 7.52
table-0011-684 10 6 10 66 129 13265 1.0 0.9965177016831108
table-0011-763 1 3 0 2132 895 3060085 0.08333333333333333 0.004351046102573597
table-0011-892 8 5 0 143 193 8080 0.1 0.1765873015873016
table-0011-830 1 3 0 11 10 1124 1.0 0.14025500910746813
table-0011-657 49 8 44 311 306 3460 0.2 5.644222020018199
table-0011-579 11 6 3 545 389 3179525 0.06666666666666667 0.03053892215568862
table-0011-310 5 5 4 60 646 6968 0.015625 0.013686699017046161
table-0011-882 4 3 0 21 36 1280 1.0 0.465564738292011
table-0011-839 2 3 0 16 127 704 1.0 0.16515837104072398
table-0011-650 31 4 0 77 93 77095 0.3333333333333333 0.8525576730190572
table-0011-929 102 3 102 24 115 756 0.5 13.985074626865671
table-0011-189 6 4 10 158 40 8652 0.5 0.40011580775911987
table-0011-605 1 3 0 349 222 398239 0.3333333333333333 0.01122878652545617
table-0011-147 1 3 0 15 44 4586 1.0 0.059319482083709726
table-0011-587 13 3 1 195 266 32388 0.16666666666666666 0.1343010752688172
table-0011-274 5 5 4 60 646 6968 0.015625 0.012100286176433992
table-0011-732 2 26 0 69 108 2537 0.2 0.3828655834564254
table-0011-578 5 6 3 545 389 3179525 0.06666666666666667 0.01032934131736527
table-0011-823 3 1 0 25 28 1976 0.3333333333333333 0.2830188679245283
table-0011-204 10 4 1 262 371 26520 0.2 0.02500361672373053
table-0011-357 77 3 22 331 331 2418 0.2 4.922912205567452
table-0011-754 6 1 0 612 305 10311 0.125 0.025485653181251115
table-0011-279 0 0 0 60 646 6968 0.015625 0.0
table-0011-691 18 4 18 109 280 16321 0.5 0.8090114324142569
table-0011-443 22 4 2 215 165 78390 0.16666666666666666 0.4247811090474927
table-0011-76 2 4 0 199 237 365477 0.2 0.013391316352591979
table-0011-706 2 8 0 697 449 55860 0.07142857142857142 0.024466371325010068
table-0011-379 10 6 15 136 380 239443 0.2 0.4432895139101192
table-0011-530 3 7 0 723 524 16373 0.07692307692307693 0.0602306182531894
table-0011-565 4 3 0 22 12 8584 0.16666666666666666 0.3394758394758395
table-0011-251 38 3 0 41 63 1672 1.0 0.4428692940175787
table-0011-812 4 5 6 164 228 7730 1.0 0.38930163447251115
table-0011-631 12 5 13 2701 1154 367897 0.06666666666666667 0.04071458246780224
table-0011-775 14 3 0 298 201 15967 1.0 0.027764196409862402
table-0011-987 2 3 0 34 109 20488 1.0 0.030908279401919213
table-0011-981 37 5 31 192 136 30901 1.0 0.9439728353140917
table-0011-641 11 9 0 2701 1154 367897 0.06666666666666667 0.028288703402953506
table-0011-794 0 1 0 168 37 15482 0.5 0.0
table-0011-681 7 11 16 2766 1205 292132 0.06666666666666667 0.007860052719865803
table-0011-492 2 14 0 259 503 14621 0.1 0.08117988150762637
table-0011-175 19 6 45 146 202 1312 0.5 8.702786377708978
table-0011-354 2 3 0 49 93 32693 0.5 0.06581059390048154
table-0011-582 1 5 0 545 389 3179525 0.06666666666666667 0.01347305389221557
table-0011-454 6 6 7 132 316 16914 0.06666666666666667 1.2101010101010101
table-0011-424 8 7 8 77 351 1064 0.043478260869565216 0.20804195804195805
table-0011-720 5 7 0 415 534 15340 0.2 0.004119983401505721
table-0011-932 1 7 0 128 114 6645 0.25 0.031796116504854366
table-0011-723 6 3 0 260 348 13357 1.0 0.07859042553191489
table-0011-322 7 3 0 344 606 2735 0.045454545454545456 0.16475583864118895
table-0011-120 30 6 0 844 544 8278 0.2 0.2757722366951991
table-0011-107 1 7 0 926 288 19524 0.058823529411764705 0.04063911080236193
table-0011-751 10 8 0 1334 144 3512 0.2 0.10036336298709435
table-0011-242 1 2 1 41 63 1672 1.0 0.006804649844060108
table-0011-86 10 10 19 279 179 74027 0.25 0.31267003497862417
table-0011-435 2 3 2 180 215 158795 0.25 0.046788990825688076
table-0011-821 1 7 1 15 19 885 0.5 0.14119922630560927
table-0011-250 40 4 0 41 63 1672 1.0 0.6438899914941877
table-0011-623 6 1 0 130 168 27894 0.14285714285714285 0.015218769816106531
table-0011-337 9 3 0 344 606 2735 0.045454545454545456 0.2169851380042463
table-0011-345 8 4 0 19 29 1983 0.5 0.2014294996751137
table-0011-82 80 9 85 75 218 1532 0.25 7.232243517474633
table-0011-170 3 2 0 13 21 1504 1.0 0.1672185430463576
table-0011-358 77 3 22 331 331 2418 0.2 4.922912205567452
table-0011-227 4 2 0 91 96 22308 0.5 0.03722504230118443
table-0011-990 19 11 39 328 357 2506 1.0 0.33487450462351387
table-0011-93 46 8 0 1020 705 44073 0.058823529411764705 0.8656473649967469
table-0011-91 1 6 0 1020 705 44073 0.058823529411764705 0.017404033832140533
table-0011-661 18 5 18 410 391 1886 0.3333333333333333 2.6921641791044775
table-0011-295 5 5 4 60 646 6968 0.015625 0.020778897598606447
table-0011-268 5 5 4 60 646 6968 0.015625 0.01617518974741819
table-0011-716 1 2 0 15 19 3760 1.0 0.045364891518737675
table-0011-369 1 2 1 10 27 3421 1.0 0.015728476821192054
table-0011-590 29 5 48 342 326 32275 0.125 0.11896003491489494
table-0011-675 3 3 0 2766 1205 292132 0.06666666666666667 0.015144979630960939
table-0011-425 8 7 8 77 351 1064 0.043478260869565216 0.18094405594405594
table-0011-501 5 5 5 71 74 2836 1.0 0.16204134848202645
table-0011-617 5 9 1 57 86 16141 0.5 0.04109965635738832
table-0011-482 9 3 0 112 155 10269 0.16666666666666666 0.2735483870967742
table-0011-47 5 7 0 239 258 22779 0.125 0.03353976758750261
table-0011-491 6 20 13 259 503 14621 0.1 0.4206479263834615
table-0011-918 2 2 1 9 8 2877 1.0 0.08200455580865604
table-0011-19 6 2 0 75 36 1714 0.14285714285714285 0.018511376783648285
table-0011-281 5 1 0 60 646 6968 0.015625 0.001524200572352868
table-0011-729 1 4 0 101 109 2973 0.25 0.046396396396396394
table-0011-521 49 3 59 2262 1310 4306476 0.5 0.07862296076434777
table-0011-928 9 3 0 70 71 3813 1.0 0.48689852310624104
table-0011-799 9 6 15 164 228 7730 1.0 1.7117384843982169
table-0011-731 2 3 0 101 109 2973 0.25 0.10270270270270271
table-0011-702 8 10 3 697 449 55860 0.07142857142857142 0.08205799436165928
table-0011-622 9 1 0 130 168 27894 0.14285714285714285 0.15028535193405199
table-0011-621 2 2 0 130 168 27894 0.14285714285714285 0.046290424857324035
table-0011-992 1 1 0 52 66 2972 1.0 0.011117445838084378
table-0011-903 1 2 0 6810 67 109388 0.5 0.006436314363143632
table-0011-374 48 6 82 54 424 15065 0.5 0.5624303232998885
table-0011-8 4 4 5 87 64 43470 0.25 0.0356020942408377
table-0011-693 2 4 0 33 88 10144 0.5 0.012074118350268977
table-0011-420 8 7 2 77 351 1064 0.043478260869565216 0.22596153846153846
table-0011-396 24 5 13 770 526 389107 0.25 0.09462887393845815
table-0011-633 10 6 0 2701 1154 367897 0.06666666666666667 0.017940098953808967
table-0011-611 12 5 4 729 520 65019 0.16666666666666666 0.020450014240956993
table-0011-553 1 2 0 27 29 15957 1.0 0.018930041152263374
table-0011-984 25 12 102 388 342 57150 0.25 0.28394467829224296
table-0011-417 16 6 7 77 351 1064 0.043478260869565216 0.43006993006993005
table-0011-216 1 2 1 13 20 1649 1.0 0.024967148488830485
table-0011-996 1 10 0 306 298 44304 1.0 0.015196705013492401
table-0011-629 4 9 4 2701 1154 367897 0.06666666666666667 0.0014352079163047174
table-0011-151 77 3 15 16 23 1297 0.2 6.825662482566249
table-0011-75 9 2 1 25 22 15164 1.0 0.19050445103857566
table-0011-109 7 1 0 926 288 19524 0.058823529411764705 0.04168113928447378
table-0011-444 0 1 0 12 19 1076 1.0 0.0
table-0011-23 0 1 0 176 193 9329 0.25 0.0
table-0011-837 0 1 0 15 18 885 1.0 0.0
table-0011-944 13 5 13 346 257 175428 0.5 0.15352260778128285
table-0011-218 11 3 0 432 327 133803 0.25 0.009016906700062617
table-0011-261 0 1 0 66 104 1362 1.0 0.0
table-0011-819 2 3 0 180 131 7949 1.0 0.1092690278824416
table-0011-498 2 3 0 259 503 14621 0.1 0.031513929156687256
table-0011-201 9 7 0 164 200 173165 0.1 0.32057553956834534
table-0011-817 2 3 0 23 126 2517 1.0 0.1311612364243943
table-0011-40 214 5 825 71 859 26109 0.16666666666666666 4.533407988055244
table-0011-460 3 4 3 13 33 537 0.2 0.6023529411764705
table-0011-141 3 8 10 33 123 8879 0.1111111111111111 0.03254096468959151
table-0011-493 4 25 23 259 503 14621 0.1 0.26597756208244044
table-0011-313 2 7 2 49 85 1485 0.25 0.30837004405286345
table-0011-472 17 5 31 41 65 1275 1.0 1.787903893951947
table-0011-499 7 4 10 20 16 4867 0.5 0.30844724851034
table-0011-31 1 3 0 1007 324 175113 1.0 0.003754280292091258
table-0011-392 10 5 2 315 389 16339 0.16666666666666666 0.06849696885234478
table-0011-600 5 4 4 81 84 2115 1.0 0.29375
table-0011-137 5 8 2 33 123 8879 0.1111111111111111 0.0587352873297946
table-0011-408 8 7 8 77 351 1064 0.043478260869565216 0.180506993006993
table-0011-247 33 4 0 41 63 1672 1.0 0.46668556847178905
table-0011-256 38 3 0 41 63 1672 1.0 0.391550893110292
table-0011-98 1 6 0 1020 705 44073 0.058823529411764705 0.016916070266753416
table-0011-234 2 3 0 2201 772 1575179 0.5 0.0023296447291788003
table-0011-956 1 3 0 19 135 1505 1.0 0.07627118644067797
table-0011-508 17 7 15 73 208 894 0.25 0.8042452830188679
table-0011-215 21 3 0 228 205 115817 0.125 4.776717557251908
table-0011-305 0 0 0 60 646 6968 0.015625 0.0
table-0011-301 4 4 0 60 646 6968 0.015625 0.008149807141968396
table-0011-896 10 8 10 143 193 8080 0.1 0.3759920634920635
table-0011-762 56 4 29 2132 895 3060085 0.08333333333333333 0.22634697278281798
table-0011-414 8 7 8 77 351 1064 0.043478260869565216 0.20804195804195805
table-0011-949 17 3 0 799 618 216008 1.0 0.18817499542375984
table-0011-100 8 1 0 1020 705 44073 0.058823529411764705 0.02277163305139883
table-0011-922 10 8 0 1192 765 184991 0.16666666666666666 0.1321656050955414
table-0011-302 4 4 0 60 646 6968 0.015625 0.01101157148189623
table-0011-335 9 3 0 344 606 2735 0.045454545454545456 0.22547770700636943
table-0011-248 35 3 0 41 63 1672 1.0 0.36489934788772327
table-0011-85 1 2 0 3 18 907 1.0 0.025959367945823927
table-0011-244 1 2 1 41 63 1672 1.0 0.006804649844060108
table-0011-121 1 3 0 133 129 2000 1.0 0.08179551122194513
table-0011-455 18 5 32 132 316 16914 0.06666666666666667 1.481818181818182
table-0011-546 10 5 0 1564 381 790108 0.16666666666666666 0.40745224643529726
table-0011-426 8 7 8 77 351 1064 0.043478260869565216 0.17307692307692307
table-0011-116 13 9 61 844 544 8278 0.2 0.3423892817268329
table-0011-910 25 5 5 59 544 22749 0.2 0.1096308631695809
table-0011-144 1 1 0 156 173 5878 1.0 0.0016340678385739044
table-0011-705 3 10 0 697 449 55860 0.07142857142857142 0.039065646395489324
table-0011-810 0 1 0 164 228 7730 1.0 0.0
table-0011-947 1 3 0 67 144 4115 1.0 0.020611702127659573
table-0011-203 1 5 0 15 41 166 1.0 0.00757002271006813
table-0011-920 70 3 70 33 164 1128 0.5 6.851581508515815
table-0011-636 4 5 4 2701 1154 367897 0.06666666666666667 0.02689126411602523
table-0011-831 1 3 0 30 61 1018 1.0 0.01213730324293571
table-0011-4 3 3 0 26 36 7271 1.0 0.14940421631530706
table-0011-890 10 5 0 143 193 8080 0.1 0.27728174603174605
table-0011-166 6 2 0 40 48 6318 0.3333333333333333 0.047261815453863466
table-0011-634 89 9 77 2701 1154 367897 0.06666666666666667 0.05888129319786985
table-0011-785 6 1 0 165 128 1952 0.5 0.42870999030067897
table-0011-533 33 7 66 103 153 12517 0.16666666666666666 0.6020864381520119
table-0011-792 14 2 0 84 81 40417 0.5 0.18711385701676964
table-0011-355 4 2 0 49 93 32693 0.5 0.029213483146067417
table-0011-857 1 3 1 0 0 0 0.0 79.0
table-0011-275 5 5 4 60 646 6968 0.015625 0.01592634067438099
table-0011-267 5 5 4 60 646 6968 0.015625 0.013873335821824064
table-0011-90 1 2 1 238 272 3545 1.0 0.024804177545691905
table-0011-193 4 13 0 164 200 173165 0.1 0.16920863309352518
table-0011-352 4 7 2 210 266 3120 1.0 0.29198266522210187
table-0011-632 11 5 0 2701 1154 367897 0.06666666666666667 0.018317785247573364
table-0011-72 23 8 8 57 131 988 0.25 1.2431633407243163
table-0011-904 9 4 7 385 476 1399 0.5 0.7539015606242497
table-0011-864 1 3 1 0 0 0 0.0 68.0
table-0011-594 1 7 1 45 59 15571 0.5 0.0034253475720330447
table-0011-113 4 1 0 926 288 19524 0.058823529411764705 0.01597777005904828
table-0011-467 3 2 2 5 14 880 1.0 0.2013274336283186
table-0011-523 5 1 0 723 524 16373 0.07692307692307693 0.019749754661432778
table-0011-265 5 5 4 60 646 6968 0.015625 0.014059972626601965
table-0011-222 5 1 0 183 202 2912 0.1111111111111111 0.0958627648839556
table-0011-531 4 7 0 103 153 12517 0.16666666666666666 0.33581718827620466
table-0011-699 28 10 0 697 449 55860 0.07142857142857142 0.3040676600886025
table-0011-999 1 3 0 138 112 20394 1.0 0.01469620530818162
table-0011-502 12 3 0 95 118 6071 1.0 0.16520776738102425
table-0011-769 10 5 0 2220 1168 190853 0.05263157894736842 0.01026635077895039
table-0011-913 2 3 0 13 30 2302 0.3333333333333333 0.01780821917808219
table-0011-662 2 3 0 67 68 1495 0.5 0.018115942028985508
table-0011-410 8 7 8 77 351 1064 0.043478260869565216 0.19055944055944055
table-0011-474 1 2 0 118 174 16118 0.5 0.008462104488594555
table-0011-927 28 3 26 32 45 970 0.5 2.0481171548117154
table-0011-9 2 4 1 87 64 43470 0.25 0.016230366492146597
table-0011-237 1 2 1 41 63 1672 1.0 0.006804649844060108
table-0011-229 10 1 0 74 118 7703 1.0 0.0477533960292581
table-0011-5 6 2 0 17 17 377 1.0 0.1958955223880597
table-0011-543 4 6 5 8 91 363 1.0 0.13043478260869565
table-0011-570 5 6 0 545 389 3179525 0.06666666666666667 0.03181137724550898
table-0011-941 57 3 57 31 25 856 0.5 5.8664772727272725
table-0011-881 5 4 3 355 623 992 0.5 0.9280205655526992
table-0011-567 1 2 1 26 28 10172 1.0 0.013112491373360938
table-0011-820 5 3 0 43 38 5497 1.0 0.14335808580858087
table-0011-452 6 6 6 132 316 16914 0.06666666666666667 1.2727272727272727
table-0011-405 0 1 0 28 85 3204 0.3333333333333333 0.0
table-0011-431 9 8 16 1254 729 183251 0.25 0.06917418130042714
table-0011-450 68 4 78 132 316 16914 0.06666666666666667 6.278787878787878
table-0011-39 195 2 195 71 859 26109 0.16666666666666666 3.097051138484509
table-0011-673 6 1 0 2766 1205 292132 0.06666666666666667 0.0034986820033549005
table-0011-908 17 4 0 59 544 22749 0.2 0.06677768526228144
table-0011-627 10 9 0 2701 1154 367897 0.06666666666666667 0.03890168825773313
table-0011-277 1 4 0 60 646 6968 0.015625 0.002457384596242379
table-0011-186 21 7 21 303 609 23046 0.1 0.578386064699609
table-0011-547 11 5 0 1564 381 790108 0.16666666666666666 0.09550712940543449
table-0011-505 3 4 0 397 158 928520 0.09090909090909091 0.032467532467532464
table-0011-971 1 4 0 50 66 1105 0.5 0.05555555555555555
table-0011-797 2 3 0 16 127 1685 1.0 0.09770540340488527
table-0011-27 8 8 11 297 290 10813 0.5 0.09703315881326352
table-0011-198 3 2 0 164 200 173165 0.1 0.0860431654676259
table-0011-574 8 5 0 545 389 3179525 0.06666666666666667 0.06721556886227545
table-0011-526 7 1 0 723 524 16373 0.07692307692307693 0.015701668302257114
table-0011-255 1 2 1 41 63 1672 1.0 0.006804649844060108
table-0011-664 25 9 0 275 413 2118 0.16666666666666666 0.21217197096594081
table-0011-217 36 13 0 432 327 133803 0.25 0.39987476518472137
table-0011-783 1 3 0 115 49 2160 1.0 0.021849126034958602
table-0011-688 2 2 0 72 70 123987 0.25 0.023272552783109406
table-0011-102 36 7 0 1020 705 44073 0.058823529411764705 0.5510735198438517
table-0011-615 9 3 0 4486 418 136894 0.3333333333333333 0.005536425629599622
table-0011-747 6 6 2 74 105 1330 0.5 0.6644295302013423
table-0011-708 2 22 1 242 202 22627 0.25 0.19659863945578232
table-0011-155 1 3 0 106 218 3081 1.0 0.04768946395563771
table-0011-786 2 3 0 165 128 1952 0.5 0.13579049466537343
table-0011-388 4 6 7 23 41 800 1.0 0.2610773240660295
table-0011-564 4 2 0 22 12 8584 0.16666666666666666 0.147010647010647
table-0011-249 31 4 0 41 63 1672 1.0 0.4468386730932804
table-0011-245 15 3 0 41 63 1672 1.0 0.10830734335129005
table-0011-372 4 3 4 102 84 19247 1.0 0.39043381535038935
table-0011-942 2 3 0 176 132 1837 1.0 0.10209992758870384
table-0011-429 9 5 0 33 46 862 0.5 0.8020231213872833
table-0011-690 3 4 0 72 70 123987 0.25 0.095489443378119
table-0011-439 34 4 2 157 1223 62474 0.2 0.07882968240733722
table-0011-700 11 9 0 697 449 55860 0.07142857142857142 0.11095449053564237
table-0011-243 25 4 0 41 63 1672 1.0 0.24184859654096966
table-0011-228 1 3 0 21 29 896 1.0 0.12945736434108526
table-0011-694 4 3 0 34 27 16375 0.5 0.043140114230161626
table-0011-37 196 2 196 71 859 26109 0.16666666666666666 2.8447181784247855
table-0011-554 9 4 7 10 29 3940 0.3333333333333333 0.12322491983508933
table-0011-698 17 10 0 697 449 55860 0.07142857142857142 0.15797422472815142
table-0011-293 4 4 0 60 646 6968 0.015625 0.010638297872340425
table-0011-124 2 7 0 421 431 8296 0.1 0.05797488645471547
table-0011-573 9 4 2 545 389 3179525 0.06666666666666667 0.051721556886227545
table-0011-30 24 3 0 288 169 28540 0.3333333333333333 0.34847826086956524
table-0011-319 26 7 0 260 464 65020 0.16666666666666666 0.6833253243632869
table-0011-777 5 2 0 57 65 7221 0.25 0.01625715869203769
table-0011-419 8 7 3 77 351 1064 0.043478260869565216 0.2076048951048951
table-0011-764 14 10 30 2220 1168 190853 0.05263157894736842 0.031038361212817382
table-0011-74 33 6 18 57 131 988 0.25 1.6459719142645972
table-0011-518 12 3 0 106 115 11874 0.25 0.06762849413886383
table-0011-845 25 6 0 582 723 54345 0.3333333333333333 0.4287365622471391
table-0011-41 11 6 12 71 859 26109 0.16666666666666666 1.349010824934677
table-0011-853 1 4 1 350 642 1249 0.5 0.1811926605504587
table-0011-936 5 6 0 98 196 5898 0.2 2.177377892030848
table-0011-365 1 2 0 326 240 250268 0.3333333333333333 0.0032147742818057455
table-0011-94 7 18 18 1020 705 44073 0.058823529411764705 0.06750162654521796
table-0011-421 8 7 7 77 351 1064 0.043478260869565216 0.15996503496503497
table-0011-348 3 5 0 19 46 29047 0.25 0.10582386363636363
table-0011-603 13 4 11 349 222 398239 0.3333333333333333 0.09774148271022075
table-0011-200 4 3 0 164 200 173165 0.1 0.0716546762589928
table-0011-862 0 1 0 0 0 0 0.0 0.0
table-0011-239 1 2 1 41 63 1672 1.0 0.006804649844060108
table-0011-894 10 8 10 143 193 8080 0.1 0.3541666666666667
table-0011-540 12 4 0 21 21 18538 0.14285714285714285 4.912941176470588
table-0011-930 53 4 0 595 362 462094 0.5 0.8868226710561438
table-0011-740 1 6 0 18 23 760 0.5 0.312280701754386
table-0011-916 4 3 0 237 371 227042 1.0 0.03864786306383895
table-0011-637 4 9 2 2701 1154 367897 0.06666666666666667 0.00494769044831363
table-0011-532 11 6 0 103 153 12517 0.16666666666666666 0.6949826130153999
table-0011-254 26 3 0 41 63 1672 1.0 0.23504394669690956
table-0011-749 12 6 12 37 33 1013 0.5 3.02375296912114
table-0011-283 4 4 0 60 646 6968 0.015625 0.011913649371656091
table-0011-977 0 1 0 450 455 52701 1.0 0.0
table-0011-7 10 4 10 389 281 999 0.5 1.4170731707317072
table-0011-610 2 5 0 729 520 65019 0.16666666666666666 0.020393050412987754
table-0011-803 13 5 15 164 228 7730 1.0 2.0475482912332836
table-0011-483 54 4 33 2348 982 1860012 0.25 0.14813210611802924
table-0011-259 1 1 0 83 83 10488 1.0 0.01532567049808429
table-0011-787 25 5 44 1058 355 90004 0.5 0.10114421416234888
table-0011-679 5 8 8 2766 1205 292132 0.06666666666666667 0.005703330936975797
table-0011-253 25 3 0 41 63 1672 1.0 0.22512049900765524
table-0011-273 6 1 0 60 646 6968 0.015625 0.0015864128406121688
table-0011-841 1 3 0 290 270 15190 0.5 0.030676171959386475
table-0011-710 51 4 39 1201 490 1934486 0.2 0.15056328021922258
table-0011-134 11 7 0 821 621 7284 0.2 0.9427215189873418
table-0011-994 16 3 0 429 514 58011 1.0 0.020405271361768458
table-0011-849 26 11 95 359 401 16024 0.25 0.8087127415656731
table-0011-563 4 3 0 22 12 8584 0.16666666666666666 0.09991809991809991
table-0011-320 9 6 0 344 606 2735 0.045454545454545456 0.30233545647558385
table-0011-263 5 5 4 60 646 6968 0.015625 0.013686699017046161
table-0011-989 11 7 10 328 357 2506 1.0 0.12395420519594892
table-0011-64 22 5 15 1518 601 121935 0.14285714285714285 0.6273488793298619
table-0011-678 1 3 0 2766 1205 292132 0.06666666666666667 0.004744787922358016
table-0011-401 23 4 0 152 111 253214 0.25 0.350664767331434
table-0011-585 6 3 0 1181 896 131762 1.0 0.0275235070676879
table-0011-791 16 4 0 42 98 17416 0.25 0.35235849056603774
table-0011-176 6 2 0 688 416 484951 0.2 0.018583152532779926
table-0011-346 2 2 0 13 23 2124 1.0 0.05752961082910321
table-0011-770 10 5 0 2220 1168 190853 0.05263157894736842 0.010529590542513222
table-0011-607 1 3 0 349 222 398239 0.3333333333333333 0.011994385606737271
table-0011-885 2 3 0 141 118 15188 1.0 0.11381804339550819
table-0011-387 1 3 0 35 54 1737 1.0 0.029174870234472884
table-0011-774 1 2 1 42 60 2494 1.0 0.011098130841121495
table-0011-925 2 2 0 289 88 316 1.0 0.01124859392575928
table-0011-360 5 2 0 326 240 250268 0.3333333333333333 0.013406292749658003
table-0011-205 3 3 0 202 121 10991 0.5 0.05420560747663551
table-0011-746 2 5 0 2 21 279 1.0 0.5504273504273505
table-0011-905 11 3 0 77 103 2391 1.0 0.44288164665523155
table-0011-560 11 3 16 26 27 1380 0.5 0.14465857720675707
table-0011-512 5 22 3 133 237 3360 0.16666666666666666 0.8176867784796341
table-0011-486 10 5 5 2348 982 1860012 0.25 0.028370330265295073
table-0011-983 20 4 0 433 91 7713 0.5 0.6491493383742911
table-0011-158 8 12 3 31 129 6373 0.16666666666666666 0.045449555384784276
table-0011-513 8 32 40 133 237 3360 0.16666666666666666 2.035504247440645
table-0011-386 1 2 1 46 25 2816 1.0 0.028208744710860368
table-0011-748 4 3 0 46 87 3272 1.0 0.09294012511170688
table-0011-407 8 7 8 77 351 1064 0.043478260869565216 0.19755244755244755
table-0011-663 6 8 0 275 413 2118 0.16666666666666666 0.05657919225758422
table-0011-995 4 13 0 852 449 350944 0.5 0.0052191847128396154
table-0011-179 20 7 61 303 609 23046 0.1 0.45254177035193743
table-0011-727 2 10 1 21 24 7899 1.0 0.2562858403176004
table-0011-53 4 17 19 593 1062 115603 0.5 0.09359190556492411
table-0011-165 1 3 0 56 107 1468 1.0 0.0291005291005291
table-0011-195 4 10 2 164 200 173165 0.1 0.3510791366906475
table-0011-105 7 21 22 926 288 19524 0.058823529411764705 0.1507467870788468
table-0011-733 2 26 2 69 108 2537 0.2 0.7199409158050222
table-0011-525 2 8 0 723 524 16373 0.07692307692307693 0.036923454367026494
table-0011-172 6 2 0 365 367 42832 0.3333333333333333 0.04159021406727829
table-0011-646 6 3 0 125 156 4579 1.0 0.699623352165725
table-0011-321 8 3 0 344 606 2735 0.045454545454545456 0.16942675159235668
table-0011-709 4 3 0 242 202 22627 0.25 0.061394557823129255
table-0011-954 14 2 0 11 18 819 0.5 0.40526729559748426
table-0011-569 5 3 0 545 389 3179525 0.06666666666666667 0.01220059880239521
table-0011-83 1 2 1 238 18 5448 1.0 0.025675675675675677
table-0011-481 37 7 79 112 155 10269 0.16666666666666666 1.8761290322580646
table-0011-517 36 13 0 106 115 11874 0.25 3.285843101893598
table-0011-809 3 6 4 164 228 7730 1.0 0.5029717682020802
table-0011-528 7 1 0 723 524 16373 0.07692307692307693 0.015701668302257114
table-0011-765 12 10 0 2220 1168 190853 0.05263157894736842 0.043602077201043386
table-0011-356 77 3 22 331 331 2418 0.2 4.9036402569593145
table-0011-327 8 3 0 344 606 2735 0.045454545454545456 0.1681528662420382
table-0011-473 2 3 0 170 204 4450 0.5 0.026290251433612705
table-0011-624 1 2 0 67 56 796 1.0 0.01521164021164021
table-0011-440 2 6 5 21 39 790 1.0 0.14908256880733944
table-0011-738 6 5 0 64 68 1444 0.5 0.7487684729064039
table-0011-130 46 6 0 597 437 5095 0.3333333333333333 0.724025974025974
table-0011-793 13 3 0 168 37 15482 0.5 0.4326508620689655
table-0011-280 5 4 0 60 646 6968 0.015625 0.0127846211272863
