table_id rows cols nulls inlinks outlinks views table_imp table_fraction
table-0205-521 9 2 0 138 145 2112 0.14285714285714285 0.1816958277254374
table-0205-887 2 9 0 99 109 770 0.2 0.0343027591349739
table-0205-453 14 7 21 7 47 15246 0.16666666666666666 0.11462085526923432
table-0205-109 22 3 0 427 251 286678 0.3333333333333333 0.010861694424330196
table-0205-932 2 10 0 99 109 770 0.2 0.036539895600298286
table-0205-854 3 2 0 1705 399 342627 0.3333333333333333 0.003057169061449098
table-0205-807 2 5 0 367 598 3642 0.041666666666666664 0.15981308411214953
table-0205-630 1 4 0 22 42 1398 0.3333333333333333 0.017267843438219493
table-0205-44 4 11 20 206 223 8309 0.07692307692307693 0.049626467449306294
table-0205-438 1 3 0 78 215 69773 0.04 0.015522976469138845
table-0205-523 14 7 0 138 145 2112 0.14285714285714285 0.8411843876177658
table-0205-973 8 2 0 62 61 1030 0.3333333333333333 0.6343612334801763
table-0205-861 2 10 0 99 109 770 0.2 0.035794183445190156
table-0205-484 6 12 0 162 316 2992 0.1111111111111111 0.19001919385796545
table-0205-787 6 9 5 367 598 3642 0.041666666666666664 0.05560747663551402
table-0205-626 2 3 2 21 77 1743 0.3333333333333333 0.08528341133645345
table-0205-390 8 3 0 292 370 134024 0.14285714285714285 0.028807256977076777
table-0205-418 4 4 3 50 71 590 0.125 0.17938420348058903
table-0205-620 1 3 0 165 279 425 1.0 0.14351320321469574
table-0205-768 20 8 0 218 310 10882 0.07692307692307693 0.03823789659967134
table-0205-191 1 2 1 27 44 13539 1.0 0.016060862214708368
table-0205-713 28 8 113 29 11 4733 1.0 4.290944123314065
table-0205-280 1 2 1 29 100 5254 1.0 0.0015662352650234936
table-0205-498 4 12 0 151 271 1747 0.14285714285714285 0.13983050847457626
table-0205-873 2 10 0 99 109 770 0.2 0.0343027591349739
table-0205-779 12 6 25 96 114 1147 1.0 1.5991649269311066
table-0205-561 14 7 0 27 29 3725 0.3333333333333333 0.44080604534005036
table-0205-303 2 6 0 233 429 8362 0.3333333333333333 0.034552845528455285
table-0205-59 8 6 14 266 319 4265 1.0 0.06335710367526055
table-0205-724 2 3 0 170 146 76095 1.0 0.0382156556329024
table-0205-22 2 1 0 206 223 8309 0.07692307692307693 0.013340448239060833
table-0205-89 9 3 0 23 88 851 0.3333333333333333 0.6034782608695652
table-0205-95 35 4 0 219 138 13232 0.14285714285714285 0.1465765193679728
table-0205-81 6 6 1 82 154 206319 0.25 1.5377643504531722
table-0205-735 8 4 6 76 104 1494 1.0 0.793859649122807
table-0205-202 41 7 53 110 233 5642 0.3333333333333333 0.8321295688334428
table-0205-571 3 3 1 10 44 3088 0.25 0.08554817275747509
table-0205-714 3 4 2 47 57 1240 1.0 0.25539568345323743
table-0205-406 9 5 12 4 270 433 1.0 1.185897435897436
table-0205-685 71 5 192 1844 613 3243 0.3333333333333333 11.70556552962298
table-0205-979 1 2 0 10 23 1257 0.3333333333333333 0.02802241793434748
table-0205-560 2 3 0 27 29 3725 0.3333333333333333 0.034634760705289674
table-0205-712 3 3 0 17 27 2115 1.0 0.14585908529048208
table-0205-963 1 3 0 120 142 5049 1.0 0.02503209242618742
table-0205-69 8 3 0 5944 423 127065 1.0 0.02037541334370745
table-0205-772 4 4 0 218 310 10882 0.07692307692307693 0.004550625711035267
table-0205-631 10 17 2 429 893 7555 0.5 1.2443946188340806
table-0205-408 2 4 0 38 52 20905 0.25 0.2288135593220339
table-0205-555 1 5 0 107 104 25790 0.5 0.007572080380545578
table-0205-860 2 12 0 99 109 770 0.2 0.041759880686055184
table-0205-126 4 9 0 13 338 881 1.0 0.4525939177101968
table-0205-226 7 3 0 16 30 652 1.0 0.4012158054711246
table-0205-79 0 1 0 164 226 2221 1.0 0.0
table-0205-80 31 8 67 84 315 7225 1.0 1.2693456421395601
table-0205-746 23 3 0 9 21 1526 0.3333333333333333 0.6587490102929533
table-0205-927 2 9 0 99 109 770 0.2 0.04697986577181208
table-0205-910 2 13 0 99 109 770 0.2 0.041759880686055184
table-0205-665 70 7 70 47 767 9437 1.0 1.0488121752041575
table-0205-613 9 2 0 27 48 5164 0.3333333333333333 0.12698412698412698
table-0205-575 7 8 8 301 447 1241 1.0 0.4708124851084108
table-0205-858 10 4 0 99 109 770 0.2 0.3169276659209545
table-0205-994 1 2 0 361 318 51656 0.2 0.0028214867064568637
table-0205-562 4 5 2 20 45 10732 0.5 0.04903250046965996
table-0205-481 2 5 0 162 316 2992 0.1111111111111111 0.15547024952015356
table-0205-74 9 4 0 62 72 41838 0.2 4.515923566878981
table-0205-914 2 12 0 99 109 770 0.2 0.04548844146159582
table-0205-268 1 3 0 76 77 8307 1.0 0.04741223307998552
table-0205-195 3 4 2 46 64 872 1.0 0.08983324367939753
table-0205-350 6 3 6 134 229 6975 0.05263157894736842 0.049890540384836965
table-0205-852 8 6 0 209 139 4152 1.0 0.7865168539325843
table-0205-987 3 6 0 18 79 4163 0.09090909090909091 0.024234282643739925
table-0205-957 2 11 0 99 109 770 0.2 0.040268456375838924
table-0205-464 18 3 0 612 237 345933 1.0 0.0379258692672977
table-0205-275 3 4 1 80 125 61444 0.2 0.023869473260147045
table-0205-778 2 6 0 218 310 10882 0.07692307692307693 0.0020225003160156746
table-0205-318 6 3 0 166 129 1182 1.0 0.34545454545454546
table-0205-127 4 9 3 13 338 881 1.0 0.15026833631484796
table-0205-730 7 4 5 73 89 317 1.0 0.22044159544159544
table-0205-939 2 10 0 99 109 770 0.2 0.03803131991051454
table-0205-637 1 6 0 48 79 892 0.14285714285714285 0.07763401109057301
table-0205-766 13 8 14 218 310 10882 0.07692307692307693 0.12065478447731008
table-0205-117 3 2 0 10 102 595 0.14285714285714285 0.14634146341463414
table-0205-86 20 19 131 156 206 1857 0.16666666666666666 1.4880273660205245
table-0205-796 6 5 0 367 598 3642 0.041666666666666664 0.4
table-0205-54 6 2 6 433 324 271496 0.5 0.02151788310555394
table-0205-865 3 2 0 99 109 770 0.2 0.0529455630126771
table-0205-985 3 6 0 18 79 4163 0.09090909090909091 0.01934443847393874
table-0205-134 5 10 0 67 89 1989 0.16666666666666666 0.23305588585017836
table-0205-90 12 13 0 23 88 851 0.3333333333333333 1.2991304347826087
table-0205-25 2 1 0 206 223 8309 0.07692307692307693 0.0144076840981857
table-0205-917 2 12 0 99 109 770 0.2 0.042505592841163314
table-0205-941 2 11 0 99 109 770 0.2 0.03877703206562267
table-0205-33 2 1 0 206 223 8309 0.07692307692307693 0.014941302027748132
table-0205-121 5 4 0 163 67 16274 0.5 0.040792079207920794
table-0205-658 3 3 0 20 27 3693 1.0 0.12175873731679819
table-0205-875 2 10 0 99 109 770 0.2 0.041759880686055184
table-0205-986 5 6 0 18 79 4163 0.09090909090909091 0.039763567974207416
table-0205-231 10 2 5 153 184 74721 0.3333333333333333 0.08107448107448108
table-0205-203 39 7 60 110 233 5642 0.3333333333333333 0.7660319544758153
table-0205-452 1 3 0 38 16 779 1.0 0.11298838437170011
table-0205-205 5 2 1 2 15 4896 0.3333333333333333 0.013181279620853081
table-0205-962 2 9 0 99 109 770 0.2 0.035794183445190156
table-0205-328 5 6 0 107 196 1973 0.5 0.12927191679049035
table-0205-849 6 3 0 78 153 4586 1.0 0.00799279522683778
table-0205-102 16 18 113 9 15 1816 0.25 3.0651769087523277
table-0205-956 2 13 0 99 109 770 0.2 0.047725577926920205
table-0205-176 1 5 1 7 135 6260 1.0 0.08412698412698413
table-0205-564 6 4 0 112 93 8291 0.3333333333333333 0.93717277486911
table-0205-727 6 6 11 58 87 1160 1.0 2.768996960486322
table-0205-574 14 8 24 301 447 1241 1.0 0.9055277579223254
table-0205-459 8 2 0 612 237 345933 1.0 0.009178697772253561
table-0205-664 290 8 291 47 767 9437 1.0 4.741369710467706
table-0205-218 0 1 0 22 49 4737 1.0 0.0
table-0205-105 0 1 0 67 77 6278 1.0 0.0
table-0205-58 2 6 4 266 319 4265 1.0 0.016730663741086123
table-0205-983 3 6 0 18 79 4163 0.09090909090909091 0.021762493283181087
table-0205-501 5 8 0 155 277 2285 0.1111111111111111 0.08718672785033534
table-0205-813 9 4 0 121 59 113871 0.5 0.19295605057194462
table-0205-389 9 3 0 292 370 134024 0.14285714285714285 0.028643811547419604
table-0205-553 1 6 0 131 158 10525 0.2 0.0011103180268062496
table-0205-771 10 11 0 218 310 10882 0.07692307692307693 0.01763367463026166
table-0205-396 8 2 0 19 26 3183 1.0 0.15490318550905685
table-0205-324 2 5 0 107 196 1973 0.5 0.11688954928182269
table-0205-137 5 3 0 67 89 1989 0.16666666666666666 0.5422116527942925
table-0205-763 8 3 0 218 310 10882 0.07692307692307693 0.0142839084818607
table-0205-251 29 10 0 86 194 10157 0.1111111111111111 0.3040256853544085
table-0205-322 20 6 0 107 196 1973 0.5 1.5993065874195147
table-0205-782 11 5 15 108 122 1215 1.0 1.721453287197232
table-0205-725 5 3 0 42 102 3595 1.0 0.10812751292360712
table-0205-581 10 14 1 118 202 118354 0.08333333333333333 1.814569536423841
table-0205-336 22 2 0 81 84 15792 0.25 0.26090750436300175
table-0205-107 5 3 3 48 47 27882 0.5 0.018024691358024692
table-0205-997 3 3 0 63 96 961 0.2 0.12316910785619174
table-0205-850 9 4 0 209 139 4152 1.0 3.4213483146067416
table-0205-19 2 6 0 206 223 8309 0.07692307692307693 0.015474919957310566
table-0205-35 12 3 0 206 223 8309 0.07692307692307693 0.11579509071504802
table-0205-663 0 1 0 482 260 90910 0.2 0.0
table-0205-28 2 5 0 206 223 8309 0.07692307692307693 0.07630736392742796
table-0205-912 10 4 0 99 109 770 0.2 0.34451901565995524
table-0205-61 7 4 0 266 319 4265 1.0 0.02591881513987932
table-0205-729 2 8 0 68 87 1166 0.5 0.07287933094384708
table-0205-801 13 7 0 367 598 3642 0.041666666666666664 0.7037383177570093
table-0205-805 4 6 1 367 598 3642 0.041666666666666664 0.2504672897196262
table-0205-909 2 9 0 99 109 770 0.2 0.037285607755406416
table-0205-78 0 1 0 164 226 2221 1.0 0.0
table-0205-606 3 3 0 206 383 39498 1.0 0.11496467565831728
table-0205-678 6 4 12 36 68 832 0.16666666666666666 0.12512315270935961
table-0205-442 1 3 0 78 215 69773 0.04 0.008993470494024887
table-0205-625 3 4 0 18 47 1243 0.5 0.10122006326253954
table-0205-439 3 3 1 78 215 69773 0.04 0.013059011950227916
table-0205-579 20 7 17 74 171 974 1.0 0.14546278463804238
table-0205-101 27 5 2 9 15 1816 0.25 2.8547486033519553
table-0205-445 9 3 0 78 215 69773 0.04 0.0648022668473574
table-0205-26 2 6 0 206 223 8309 0.07692307692307693 0.016008537886873
table-0205-465 4 9 0 1251 228 224674 0.2 0.1441630325394163
table-0205-543 13 5 13 104 153 1705 0.125 0.6504065040650406
table-0205-992 24 2 0 361 318 51656 0.2 0.1883884970157352
table-0205-335 28 4 23 5 34 131 1.0 2.8995695839311333
table-0205-252 5 9 0 86 194 10157 0.1111111111111111 0.051617683378612
table-0205-410 0 1 0 10 18 2464 1.0 0.0
table-0205-125 4 9 4 13 338 881 1.0 0.06440071556350627
table-0205-140 3 4 2 47 51 665 1.0 0.4930747922437673
table-0205-518 3 4 0 26 21 1034 1.0 0.2077922077922078
table-0205-828 30 7 13 811 264 24933 1.0 2.3632447954055995
table-0205-823 5 3 0 0 0 0 0.0 83.0
table-0205-225 9 4 15 127 144 19668 0.5 0.027048033576869267
table-0205-918 2 12 0 99 109 770 0.2 0.0395227442207308
table-0205-178 14 5 14 7 135 6260 1.0 1.1984126984126984
table-0205-856 2 3 0 1705 399 342627 0.3333333333333333 0.001484910686989562
table-0205-8 3 2 0 53 66 2054 0.5 0.1283987915407855
table-0205-742 4 4 3 71 99 1367 1.0 0.38622754491017963
table-0205-354 5 2 0 134 229 6975 0.05263157894736842 0.03387487037677152
table-0205-475 48 6 0 155 302 2493 0.2 0.7030154277699859
table-0205-103 0 1 0 9 15 1816 0.25 0.0
table-0205-21 2 3 0 206 223 8309 0.07692307692307693 0.040021344717182494
table-0205-428 1 4 0 78 215 69773 0.04 0.011457435012935814
table-0205-473 34 6 0 133 208 3732 1.0 6.456834532374101
table-0205-951 2 11 0 99 109 770 0.2 0.05070842654735272
table-0205-287 9 2 0 8 10 1184 0.5 0.03545759463344514
table-0205-483 37 11 0 162 316 2992 0.1111111111111111 1.0415866922584773
table-0205-60 10 6 19 266 319 4265 1.0 0.08913878222709819
table-0205-402 12 5 7 38 47 2301 0.3333333333333333 0.501669449081803
table-0205-819 3 8 2 182 327 8781 0.25 0.08064516129032258
table-0205-605 0 1 0 308 530 197 1.0 0.0
table-0205-30 2 1 0 206 223 8309 0.07692307692307693 0.012273212379935965
table-0205-493 26 10 0 152 271 2009 0.14285714285714285 0.5650596163815449
table-0205-212 0 1 0 76 178 2768 1.0 0.0
table-0205-112 1 2 0 33 50 1500 0.5 0.06896551724137931
table-0205-636 4 7 0 48 79 892 0.14285714285714285 0.38170055452865065
table-0205-952 2 10 0 99 109 770 0.2 0.03281133482475764
table-0205-114 4 5 0 10 102 595 0.14285714285714285 0.1718931475029036
table-0205-96 5 3 0 219 138 13232 0.14285714285714285 0.01243883306563072
table-0205-834 30 7 4 811 264 24933 1.0 2.2849964106245513
table-0205-228 8 6 5 589 373 36967 0.3333333333333333 0.060536672629695885
table-0205-342 6 2 0 134 229 6975 0.05263157894736842 0.05046664362253716
table-0205-611 2 3 0 8 27 1170 1.0 0.34513274336283184
table-0205-6 3 3 0 18 90 3319 0.3333333333333333 0.06401534972963545
table-0205-577 11 8 17 301 447 1241 1.0 0.7230164403145104
table-0205-295 56 4 37 334 291 167881 0.2 0.21223656625841333
table-0205-485 26 10 0 162 316 2992 0.1111111111111111 0.6589891234804862
table-0205-135 5 10 0 67 89 1989 0.16666666666666666 0.25326991676575505
table-0205-974 7 2 0 62 61 1030 0.3333333333333333 0.5550660792951542
table-0205-716 0 1 0 23 8 3658 1.0 0.0
table-0205-830 30 7 11 811 264 24933 1.0 2.414213926776741
table-0205-739 4 2 4 42 149 3164 0.5 0.05137923773425984
table-0205-366 7 8 2 25 94 5594 0.5 0.30672823218997364
table-0205-679 6 4 6 36 68 832 0.16666666666666666 0.43645320197044335
table-0205-302 2 6 0 233 429 8362 0.3333333333333333 0.03048780487804878
table-0205-63 1 3 0 87 69 2256 1.0 0.10453283996299723
table-0205-16 2 6 0 206 223 8309 0.07692307692307693 0.016542155816435433
table-0205-120 1 3 0 22 22 1887 1.0 0.08390243902439025
table-0205-236 14 15 14 210 289 1687 0.5 0.23508634222919939
table-0205-68 7 8 7 13 31 559 1.0 0.6741854636591479
table-0205-572 12 8 16 301 447 1241 1.0 0.7259947581605909
table-0205-530 10 2 7 67 106 13605 1.0 0.09257842387146137
table-0205-279 18 6 0 243 268 150 1.0 0.899876390605686
table-0205-206 5 2 1 2 15 4896 0.3333333333333333 0.012959123222748815
table-0205-357 2 4 0 30 35 3462 0.3333333333333333 0.0781563126252505
table-0205-456 18 7 10 160 142 4126 0.3333333333333333 1.042948717948718
table-0205-968 15 7 1 14 22 2665 0.25 0.41676551996836697
table-0205-603 1 2 1 7 15 3436 1.0 0.012040557667934094
table-0205-437 4 3 1 78 215 69773 0.04 0.017247751632376494
table-0205-704 3 4 2 49 56 758 1.0 0.7120622568093385
table-0205-323 4 5 0 107 196 1973 0.5 0.1896978702327885
table-0205-844 7 4 5 68 85 1141 1.0 0.8972602739726028
table-0205-486 3 11 0 162 316 2992 0.1111111111111111 0.07677543186180422
table-0205-48 2 6 0 206 223 8309 0.07692307692307693 0.015474919957310566
table-0205-722 8 4 8 91 51 5319 0.5 0.8222862632084534
table-0205-691 8 4 0 241 486 6966 0.2 0.8097826086956522
table-0205-905 2 9 0 99 109 770 0.2 0.035794183445190156
table-0205-470 2 2 2 175 155 14446 1.0 0.08301158301158301
table-0205-129 4 9 0 13 338 881 1.0 0.26475849731663686
table-0205-519 1 3 0 26 21 1034 1.0 0.12223071046600459
table-0205-758 2 6 0 218 310 10882 0.07692307692307693 0.0027809379345215524
table-0205-370 2 2 2 158 178 67559 1.0 0.0079155672823219
table-0205-62 67 4 136 42 120 6336 0.5 2.247598719316969
table-0205-938 2 11 0 99 109 770 0.2 0.03877703206562267
table-0205-533 7 5 0 55 69 276 1.0 3.0548780487804876
table-0205-401 3 3 0 142 65 431121 0.25 0.02371425783156046
table-0205-563 6 5 2 112 93 8291 0.3333333333333333 1.3577661431064572
table-0205-130 4 9 0 13 338 881 1.0 0.30590339892665475
table-0205-890 2 11 0 99 109 770 0.2 0.0447427293064877
table-0205-829 30 7 11 811 264 24933 1.0 2.408470926058866
table-0205-477 3 12 0 155 302 2493 0.2 0.04943899018232819
table-0205-138 7 6 14 155 234 1719 1.0 0.6736059479553903
table-0205-446 9 4 0 78 215 69773 0.04 0.06837501539977825
table-0205-398 2 4 0 26 53 2766 0.3333333333333333 0.02517162471395881
table-0205-889 2 13 0 99 109 770 0.2 0.03877703206562267
table-0205-165 2 3 0 779 587 175285 1.0 0.013979404009750758
table-0205-593 1 4 0 33 55 3772 0.25 0.013100436681222707
table-0205-982 5 6 0 18 79 4163 0.09090909090909091 0.030252552391187532
table-0205-622 1 3 0 165 279 425 1.0 0.14810562571756603
table-0205-362 1 3 0 25 26 1929 1.0 0.09476534296028881
table-0205-531 7 3 0 356 216 20506 0.5 0.046582665139366174
table-0205-469 35 6 0 139 205 2963 1.0 2.960122699386503
table-0205-170 12 4 0 232 289 88920 0.1111111111111111 1.4884437596302003
table-0205-496 79 6 0 151 271 1747 0.14285714285714285 2.3425141242937855
table-0205-294 36 6 0 107 668 35926 1.0 0.7506849315068493
table-0205-806 6 9 7 367 598 3642 0.041666666666666664 0.06682242990654205
table-0205-209 3 3 0 14 30 495 1.0 0.1092032967032967
table-0205-640 3 9 0 48 79 892 0.14285714285714285 0.059149722735674676
table-0205-707 2 7 0 149 11 1197 0.5 0.06093189964157706
table-0205-113 5 3 0 29 51 5517 1.0 0.36729713239780354
table-0205-793 4 6 1 367 598 3642 0.041666666666666664 0.30093457943925234
table-0205-388 9 3 0 292 370 134024 0.14285714285714285 0.029624484125362643
table-0205-369 2 4 0 25 50 1921 0.3333333333333333 0.04168554599003172
table-0205-893 2 11 0 99 109 770 0.2 0.03877703206562267
table-0205-52 2 3 0 122 110 6417 1.0 0.11056620597414177
table-0205-435 6 3 0 78 215 69773 0.04 0.03092275471233214
table-0205-902 2 9 0 99 109 770 0.2 0.036539895600298286
table-0205-131 1 3 0 5 4 158 1.0 0.5025641025641026
table-0205-399 0 1 0 109 72 1813 1.0 0.0
table-0205-587 2 8 2 57 138 1466 1.0 0.011424491253123885
table-0205-627 1 3 0 21 77 1743 0.3333333333333333 0.05876235049401976
table-0205-237 14 11 7 210 289 1687 0.5 0.23979591836734693
table-0205-820 3 8 2 182 327 8781 0.25 0.08525345622119816
table-0205-840 11 2 0 63 102 11135 1.0 0.07849143294725759
table-0205-842 5 4 4 51 91 1009 1.0 0.38235294117647056
table-0205-781 3 4 2 48 55 1275 1.0 0.428169014084507
table-0205-227 1 3 0 185 194 23808 1.0 0.010768899418479432
table-0205-472 4 3 0 288 236 8828 1.0 0.10646900269541779
table-0205-930 2 11 0 99 109 770 0.2 0.040268456375838924
table-0205-94 10 5 4 219 138 13232 0.14285714285714285 0.06596690448619776
table-0205-123 4 9 2 13 338 881 1.0 0.21288014311270126
table-0205-567 5 3 0 9 19 248 1.0 0.6623222748815166
table-0205-824 44 10 43 0 0 0 0.0 11652.0
table-0205-597 2 6 1 291 278 15132 0.2 0.3915094339622642
table-0205-352 7 2 0 134 229 6975 0.05263157894736842 0.04908399585205669
table-0205-334 5 6 0 107 196 1973 0.5 0.12877662209014362
table-0205-150 1 5 0 53 52 4685 0.16666666666666666 0.04992967651195499
table-0205-97 2 2 0 111 187 927 0.2 0.14814814814814814
table-0205-751 3 4 2 82 124 114 1.0 0.14770459081836326
table-0205-277 1 3 0 29 37 878 1.0 0.07614213197969544
table-0205-85 18 9 0 156 206 1857 0.16666666666666666 2.202964652223489
table-0205-222 4 4 0 1300 1098 474944 0.5 0.0004409428395421976
table-0205-848 12 3 0 78 153 4586 1.0 0.016961236819392846
table-0205-526 2 3 0 70 49 35771 0.5 0.018848872433524066
table-0205-76 2 2 0 33 48 2038 0.5 0.15009746588693956
table-0205-372 18 2 0 16 65 6957 0.3333333333333333 1.043103448275862
table-0205-757 2 6 0 218 310 10882 0.07692307692307693 0.0019592971811401845
table-0205-687 63 5 174 1845 530 3218 0.2 10.188712522045856
table-0205-111 1 3 0 42 34 1418 1.0 0.056616643929058665
table-0205-224 11 11 0 24 87 508 0.3333333333333333 1.3234782608695652
table-0205-307 2 6 0 233 429 8362 0.3333333333333333 0.026422764227642278
table-0205-70 20 2 0 56 95 2828 1.0 0.6045939294503692
table-0205-934 2 11 0 99 109 770 0.2 0.05219985085756898
table-0205-327 5 9 0 107 196 1973 0.5 0.12481426448736999
table-0205-877 2 10 0 99 109 770 0.2 0.035794183445190156
table-0205-548 10 2 0 133 134 2747 1.0 0.018251347123240048
table-0205-745 12 4 3 331 417 80948 1.0 0.03265572953958223
table-0205-128 4 9 3 13 338 881 1.0 0.13237924865831843
table-0205-618 5 30 17 165 279 425 1.0 0.2629161882893226
table-0205-259 60 8 0 15 75 792 0.5 25.591836734693878
table-0205-646 1 5 2 111 166 1938 1.0 0.09752839011356046
table-0205-556 7 5 0 34 66 338 1.0 0.9220623501199041
table-0205-876 2 11 0 99 109 770 0.2 0.041759880686055184
table-0205-285 9 6 4 153 214 8977 1.0 0.03381221883616311
table-0205-999 2 2 0 63 96 961 0.2 0.02663115845539281
table-0205-290 223 8 133 136 122 26932 0.5 85.93536121673004
table-0205-816 4 9 3 182 327 8781 0.25 0.10253456221198157
table-0205-675 3 3 0 18 30 772 1.0 0.34810951760104303
table-0205-466 5 6 0 1251 228 224674 0.2 0.011992619926199263
table-0205-928 2 11 0 99 109 770 0.2 0.036539895600298286
table-0205-732 10 2 0 7 24 5764 0.5 0.49477806788511747
table-0205-427 7 3 0 78 215 69773 0.04 0.06258469878033757
table-0205-671 14 4 10 71 109 1259 1.0 1.5572289156626506
table-0205-996 6 4 0 361 318 51656 0.2 0.05274009766684753
table-0205-346 5 2 0 134 229 6975 0.05263157894736842 0.028805161885009794
table-0205-559 1 3 0 58 201 3635 0.3333333333333333 0.0702416918429003
table-0205-144 11 4 10 79 95 1352 1.0 0.8271092669432918
table-0205-870 2 12 0 99 109 770 0.2 0.03877703206562267
table-0205-338 16 13 0 211 176 30309 0.5 0.6562689279224713
table-0205-504 5 6 5 155 277 2285 0.1111111111111111 0.04235792446170138
table-0205-100 23 4 25 111 187 927 0.2 1.3544973544973544
table-0205-238 1 3 0 41 7 1708 1.0 0.2583826429980276
table-0205-93 3 3 0 219 138 13232 0.14285714285714285 0.009151693997235815
table-0205-862 2 10 0 99 109 770 0.2 0.04325130499627144
table-0205-160 8 4 0 287 234 50859 1.0 0.015503875968992248
table-0205-546 1 3 0 29 31 1267 1.0 0.03937913193446393
table-0205-683 1 3 0 11 23 931 1.0 0.07195767195767196
table-0205-391 8 3 0 292 370 134024 0.14285714285714285 0.03219874964246312
table-0205-272 1 1 0 518 499 80266 0.5 0.00029101188991435936
table-0205-407 5 4 0 38 52 20905 0.25 0.33171912832929784
table-0205-447 1 4 0 78 215 69773 0.04 0.012689417272391278
table-0205-83 9 6 0 82 154 206319 0.25 2.1797583081570995
table-0205-53 8 3 0 60 155 2529 1.0 0.037876758204956465
table-0205-513 23 10 0 156 267 1954 0.14285714285714285 1.076036866359447
table-0205-296 24 3 1 334 291 167881 0.2 0.07729228732207878
table-0205-926 2 12 0 99 109 770 0.2 0.047725577926920205
table-0205-412 38 6 0 140 220 3254 1.0 8.343820224719101
table-0205-527 20 4 20 309 280 14300 0.3333333333333333 0.2930392437696935
table-0205-837 12 4 9 104 144 1233 1.0 0.9677113010446344
table-0205-247 10 4 6 86 194 10157 0.1111111111111111 0.05655717461101507
table-0205-147 4 4 3 78 105 949 1.0 0.15254237288135594
table-0205-669 15 2 5 50 73 22291 0.5 0.37685691946833466
table-0205-970 2 2 0 73 82 8854 0.5 0.01718494271685761
table-0205-385 2 2 1 111 107 39916 1.0 0.018219677251431546
table-0205-436 6 3 0 78 215 69773 0.04 0.03178514229395097
table-0205-585 8 3 5 118 202 118354 0.08333333333333333 0.39072847682119205
table-0205-558 4 5 0 24 27 921 0.5 0.6080476900149031
table-0205-633 9 12 0 12 43 2780 0.5 0.3626325088339223
table-0205-644 3 9 0 48 79 892 0.14285714285714285 0.06099815157116451
table-0205-479 7 5 0 56 100 248 1.0 1.9351851851851851
table-0205-200 1 3 0 32 77 2312 0.3333333333333333 0.03972048547260022
table-0205-784 4 4 0 367 598 3642 0.041666666666666664 0.24065420560747663
table-0205-700 1 1 0 279 317 30295 1.0 0.0019665683382497543
table-0205-38 2 6 0 206 223 8309 0.07692307692307693 0.02454642475987193
table-0205-29 2 1 0 206 223 8309 0.07692307692307693 0.013340448239060833
table-0205-239 84 5 0 510 422 37896 0.0625 0.517250414883396
table-0205-936 2 10 0 99 109 770 0.2 0.055182699478001494
table-0205-313 2 6 0 233 429 8362 0.3333333333333333 0.03048780487804878
table-0205-684 10 4 0 262 506 5136 0.16666666666666666 0.6932465419039869
table-0205-429 1 4 0 78 215 69773 0.04 0.008623875816188247
table-0205-330 5 6 0 107 196 1973 0.5 0.133234274393264
table-0205-265 1 5 2 83 141 4810 1.0 0.02159113013032484
table-0205-24 2 4 0 206 223 8309 0.07692307692307693 0.0624332977588047
table-0205-922 2 12 0 99 109 770 0.2 0.03877703206562267
table-0205-309 2 5 0 233 429 8362 0.3333333333333333 0.024390243902439025
table-0205-246 1 2 0 30 51 1367 0.5 0.06628242074927954
table-0205-441 2 3 0 78 215 69773 0.04 0.01737094985832204
table-0205-339 3 3 6 17 19 727 1.0 0.10238305383936452
table-0205-993 11 2 0 361 318 51656 0.2 0.026804123711340205
table-0205-492 5 12 0 152 271 2009 0.14285714285714285 0.1394504924831519
table-0205-207 16 12 3 356 331 31146 1.0 0.304903250046966
table-0205-774 2 6 0 218 310 10882 0.07692307692307693 0.002085703450891164
table-0205-777 2 5 0 218 310 10882 0.07692307692307693 0.0018960940462646946
table-0205-497 34 11 0 151 271 1747 0.14285714285714285 1.0783898305084745
table-0205-73 9 4 0 62 72 41838 0.2 4.43312101910828
table-0205-547 1 3 0 30 38 1390 1.0 0.10537190082644628
table-0205-600 1 2 0 263 166 208 1.0 0.004772279282083204
table-0205-656 1 3 0 24 65 626 0.3333333333333333 0.10922787193973635
table-0205-550 1 3 0 133 134 2747 1.0 0.0021727794194333393
table-0205-831 30 7 7 811 264 24933 1.0 2.403445800430725
table-0205-919 2 8 0 99 109 770 0.2 0.035794183445190156
table-0205-163 0 1 0 84 118 8598 1.0 0.0
table-0205-487 13 6 0 162 316 2992 0.1111111111111111 0.7165706973768394
table-0205-891 2 13 0 99 109 770 0.2 0.0395227442207308
table-0205-119 4 4 3 66 80 1455 1.0 0.10267661254936375
table-0205-217 32 8 28 29 135 872 0.5 4.420560747663552
table-0205-46 2 6 0 206 223 8309 0.07692307692307693 0.016542155816435433
table-0205-950 2 11 0 99 109 770 0.2 0.03877703206562267
table-0205-14 1 3 0 20 40 974 1.0 0.09545686574783052
table-0205-511 29 11 0 156 267 1954 0.14285714285714285 1.4665898617511521
table-0205-619 1 3 0 165 279 425 1.0 0.13203214695752008
table-0205-981 3 6 0 18 79 4163 0.09090909090909091 0.019022031166039764
table-0205-966 1 2 0 56 66 6470 0.3333333333333333 0.03326996197718631
table-0205-419 4 4 3 50 71 590 0.125 0.14323962516733602
table-0205-726 12 6 23 131 169 1201 1.0 2.2827804107424963
table-0205-641 3 5 0 48 79 892 0.14285714285714285 0.13123844731977818
table-0205-609 3 4 0 17 36 1925 0.3333333333333333 0.11663807890222985
table-0205-590 10 17 2 446 861 15208 0.5 1.4772727272727273
table-0205-790 1 14 0 367 598 3642 0.041666666666666664 0.05934579439252336
table-0205-67 17 7 17 13 31 559 1.0 3.6265664160401
table-0205-434 8 3 0 78 215 69773 0.04 0.040409018110139215
table-0205-948 2 11 0 99 109 770 0.2 0.047725577926920205
table-0205-359 1 4 0 28 59 2687 0.3333333333333333 0.025237898220935043
table-0205-375 1 11 0 1990 442 176739 0.25 0.007710880909728172
table-0205-448 40 6 0 144 245 3587 1.0 3.732484076433121
table-0205-471 3 3 0 60 65 11272 1.0 0.17158434894162924
table-0205-276 14 5 0 80 125 61444 0.2 0.0733205760902407
table-0205-311 2 6 0 233 429 8362 0.3333333333333333 0.029471544715447155
table-0205-818 1 1 1 182 327 8781 0.25 0.0
table-0205-976 0 1 0 38 26 9137 1.0 0.0
table-0205-937 2 11 0 99 109 770 0.2 0.03877703206562267
table-0205-540 3 1 0 104 153 1705 0.125 0.06639566395663957
table-0205-522 6 5 0 138 145 2112 0.14285714285714285 1.098250336473755
table-0205-584 51 14 1 118 202 118354 0.08333333333333333 4.526017029328288
table-0205-612 1 4 0 27 48 5164 0.3333333333333333 0.01763668430335097
table-0205-422 1 1 0 143 144 16339 1.0 0.004158964879852125
table-0205-864 2 12 0 99 109 770 0.2 0.04623415361670395
table-0205-316 3 4 0 151 90 19503 0.25 0.1017274472168906
table-0205-179 2 2 0 34 54 1497 0.5 0.10946196660482375
table-0205-789 4 15 0 367 598 3642 0.041666666666666664 0.2014018691588785
table-0205-595 1 3 0 9 12 1077 1.0 0.14492753623188406
table-0205-255 1 3 0 0 0 0 0.0 40.0
table-0205-381 10 2 0 16 24 1343 1.0 0.2200751476113795
table-0205-652 0 1 0 24 46 5956 1.0 0.0
table-0205-171 12 4 0 232 289 88920 0.1111111111111111 1.4052388289676425
table-0205-573 13 9 35 301 447 1241 1.0 0.770192994996426
table-0205-108 0 1 0 5 30 202 1.0 0.0
table-0205-616 2 4 0 21 41 1939 0.3333333333333333 0.04626026805015132
table-0205-596 40 6 10 291 278 15132 0.2 10.349056603773585
table-0205-769 2 16 2 218 310 10882 0.07692307692307693 0.006383516622424472
table-0205-5 4 4 3 48 70 862 0.14285714285714285 0.17677642980935876
table-0205-723 9 4 7 99 123 1542 1.0 0.4287286736378646
table-0205-383 3 7 0 21 233 75496 1.0 0.01005338078291815
table-0205-27 2 1 0 206 223 8309 0.07692307692307693 0.011205976520811099
table-0205-621 1 3 0 165 279 425 1.0 0.12743972445464982
table-0205-510 80 6 0 156 267 1954 0.14285714285714285 3.869815668202765
table-0205-40 6 9 11 206 223 8309 0.07692307692307693 0.11419423692636073
table-0205-317 1 3 0 151 90 19503 0.25 0.02783109404990403
table-0205-903 2 9 0 99 109 770 0.2 0.0343027591349739
table-0205-444 4 4 0 78 215 69773 0.04 0.050634470863619566
table-0205-651 1 1 1 24 46 5956 1.0 0.0
table-0205-167 14 4 0 232 289 88920 0.1111111111111111 1.7596302003081663
table-0205-115 2 5 0 10 102 595 0.14285714285714285 0.07665505226480836
table-0205-682 3 4 2 49 56 716 1.0 0.4792746113989637
table-0205-430 2 3 0 78 215 69773 0.04 0.014290994209683381
table-0205-57 52 5 3 266 319 4265 1.0 0.4603675260559517
table-0205-668 3 3 0 16 45 1805 1.0 0.13263785394932937
table-0205-12 14 3 0 25 29 4796 1.0 2.6046153846153848
table-0205-340 5 3 5 134 229 6975 0.05263157894736842 0.03905979951607328
table-0205-457 4 5 2 21 27 844 1.0 0.5629709364908504
table-0205-184 6 4 6 45 73 1047 0.16666666666666666 0.3782608695652174
table-0205-529 1 3 0 526 801 8133 1.0 0.05157813702848345
table-0205-915 2 9 0 99 109 770 0.2 0.04697986577181208
table-0205-289 2 5 4 58 76 1537 1.0 0.3125734430082256
table-0205-544 13 5 13 104 153 1705 0.125 0.6517615176151762
table-0205-298 2 6 0 233 429 8362 0.3333333333333333 0.02540650406504065
table-0205-514 3 11 0 156 267 1954 0.14285714285714285 0.15207373271889402
table-0205-260 1 3 0 15 75 792 0.5 0.26303854875283444
table-0205-545 13 5 31 104 153 1705 0.125 0.6653116531165312
table-0205-423 4 3 0 50 45 1878 1.0 0.36413708690330476
table-0205-136 5 10 0 67 89 1989 0.16666666666666666 0.24494649227110582
table-0205-495 5 8 0 151 271 1747 0.14285714285714285 0.17372881355932204
table-0205-940 2 10 0 99 109 770 0.2 0.040268456375838924
table-0205-718 11 9 8 21 56 2285 0.5 1.802275960170697
table-0205-199 3 3 3 32 77 2312 0.3333333333333333 0.11143802868701728
table-0205-344 6 2 0 134 229 6975 0.05263157894736842 0.04447516995045512
table-0205-143 6 4 0 32 47 734 1.0 0.06692265496434449
table-0205-872 2 8 0 99 109 770 0.2 0.040268456375838924
table-0205-802 6 9 3 367 598 3642 0.041666666666666664 0.10186915887850467
table-0205-788 2 10 0 367 598 3642 0.041666666666666664 0.12429906542056075
table-0205-235 14 11 13 210 289 1687 0.5 0.1565934065934066
table-0205-271 1 2 0 48 68 17376 0.5 0.016053511705685617
table-0205-175 37 5 37 7 135 6260 1.0 2.846825396825397
table-0205-360 2 4 0 28 59 2687 0.3333333333333333 0.04054613156805958
table-0205-604 2 3 0 162 180 1761 1.0 0.06674102993121397
table-0205-164 8 4 0 300 241 13297 0.5 0.13628646396048774
table-0205-650 1 5 2 136 196 1895 1.0 0.08722358722358722
table-0205-785 2 12 1 367 598 3642 0.041666666666666664 0.14485981308411214
table-0205-43 3 14 13 206 223 8309 0.07692307692307693 0.046424759871931696
table-0205-151 5 7 0 53 52 4685 0.16666666666666666 0.06469760900140648
table-0205-269 4 5 0 539 646 4034 1.0 0.03528945281522601
table-0205-582 2 5 1 118 202 118354 0.08333333333333333 0.4077578051087985
table-0205-740 3 3 0 10 181 1708 1.0 0.023432765470338696
table-0205-420 8 5 6 32 39 1005 1.0 0.8616033755274262
table-0205-717 1 3 0 14 29 656 1.0 0.13983440662373506
table-0205-281 3 4 3 1401 832 46420 0.2 0.026712083183936895
table-0205-157 1 3 0 5 5 154 1.0 0.545816733067729
table-0205-659 1 5 2 11 4 266 1.0 0.7106598984771574
table-0205-542 5 5 0 104 153 1705 0.125 1.094850948509485
table-0205-365 1 2 1 45 76 5834 0.3333333333333333 0.007137758743754461
table-0205-599 0 1 0 291 278 15132 0.2 0.0
table-0205-274 31 4 3 80 125 61444 0.2 0.23093967166884882
table-0205-45 2 6 0 206 223 8309 0.07692307692307693 0.014941302027748132
table-0205-741 4 6 6 44 57 2114 1.0 0.6284246575342466
table-0205-417 4 4 3 50 71 590 0.125 0.1459170013386881
table-0205-552 2 8 0 131 158 10525 0.2 0.004203346815766516
table-0205-654 13 12 0 23 88 622 0.3333333333333333 1.5965217391304347
table-0205-516 4 5 0 569 802 190095 0.25 0.0009789136703971214
table-0205-566 8 6 1 46 261 28985 0.3333333333333333 0.06993744289027905
table-0205-592 8 2 0 33 55 3772 0.25 0.08427947598253276
table-0205-653 8 3 0 23 88 622 0.3333333333333333 0.7930434782608695
table-0205-397 1 4 0 26 53 2766 0.3333333333333333 0.018020594965675058
table-0205-426 0 1 0 122 67 11541 0.5 0.0
table-0205-509 5 8 0 156 267 1954 0.14285714285714285 0.2834101382488479
table-0205-393 3 3 2 292 370 134024 0.14285714285714285 0.001879622441057492
table-0205-765 14 10 0 218 310 10882 0.07692307692307693 0.03236000505625079
table-0205-185 6 4 6 45 73 1047 0.16666666666666666 0.35304347826086957
table-0205-826 30 7 0 811 264 24933 1.0 2.3316582914572863
table-0205-282 7 5 14 1401 832 46420 0.2 0.03316600932233776
table-0205-173 13 4 0 232 289 88920 0.1111111111111111 1.4006163328197228
table-0205-947 2 13 0 99 109 770 0.2 0.041759880686055184
table-0205-896 2 8 0 99 109 770 0.2 0.03281133482475764
table-0205-525 13 9 24 138 145 2112 0.14285714285714285 0.9219380888290714
table-0205-382 14 2 0 82 183 46283 0.5 0.028506134231416888
table-0205-244 3 2 0 23 38 3892 0.3333333333333333 0.27710843373493976
table-0205-425 2 6 3 32 51 751 0.5 0.05075187969924812
table-0205-694 0 1 0 159 169 14256 1.0 0.0
table-0205-220 3 4 0 13 15 4065 0.5 0.04079650315687227
table-0205-676 6 4 6 36 68 832 0.16666666666666666 0.45714285714285713
table-0205-371 0 1 0 16 25 3973 1.0 0.0
table-0205-975 24 4 4 603 690 6463 0.5 0.32832969432314413
table-0205-345 6 2 0 134 229 6975 0.05263157894736842 0.04551215577831547
table-0205-394 13 5 0 115 130 13506 1.0 0.11441798941798942
table-0205-11 8 5 0 148 154 3308 0.14285714285714285 1.7298937784522004
table-0205-491 36 11 0 152 271 2009 0.14285714285714285 0.8413685847589425
table-0205-871 2 10 0 99 109 770 0.2 0.036539895600298286
table-0205-935 2 10 0 99 109 770 0.2 0.037285607755406416
table-0205-942 2 11 0 99 109 770 0.2 0.03877703206562267
table-0205-832 30 7 13 811 264 24933 1.0 2.3862167982770996
table-0205-794 1 5 0 367 598 3642 0.041666666666666664 0.06261682242990654
table-0205-945 2 13 0 99 109 770 0.2 0.041759880686055184
table-0205-243 14 4 0 78 79 5400 0.5 1.1865828092243187
table-0205-835 30 7 0 811 264 24933 1.0 2.3302225412778177
table-0205-576 15 8 21 301 447 1241 1.0 0.9797474386466524
table-0205-363 3 2 0 45 76 5834 0.3333333333333333 0.0835117773019272
table-0205-867 2 10 0 99 109 770 0.2 0.037285607755406416
table-0205-795 13 7 0 367 598 3642 0.041666666666666664 1.0420560747663552
table-0205-141 1 2 1 30 46 4945 1.0 0.0034401593336954553
table-0205-467 10 3 0 1252 228 224674 0.2 0.024152968802415298
table-0205-499 25 10 0 151 271 1747 0.14285714285714285 0.7288135593220338
table-0205-943 2 10 0 99 109 770 0.2 0.04697986577181208
table-0205-433 1 2 0 78 215 69773 0.04 0.0035727485524208453
table-0205-733 13 5 26 27 74 5413 1.0 0.49907578558225507
table-0205-72 9 3 0 62 72 41838 0.2 5.770700636942675
table-0205-186 16 5 25 45 73 1047 0.16666666666666666 0.5886956521739131
table-0205-219 9 8 8 48 156 78127 0.5 0.033921379545067784
table-0205-75 6 4 6 81 120 1168 0.5 0.3649122807017544
table-0205-166 7 6 7 232 289 88920 0.1111111111111111 0.4283513097072419
table-0205-836 0 1 0 378 693 258 1.0 0.0
table-0205-570 3 6 9 10 44 3088 0.25 0.12292358803986711
table-0205-565 2 6 4 46 261 28985 0.3333333333333333 0.017853377381036057
table-0205-262 6 3 0 263 168 6898 1.0 0.035583941605839414
table-0205-635 3 5 0 48 79 892 0.14285714285714285 0.17190388170055454
table-0205-885 2 12 0 99 109 770 0.2 0.040268456375838924
table-0205-524 16 7 0 138 145 2112 0.14285714285714285 1.041722745625841
table-0205-187 1 2 0 29 54 343 1.0 0.025564803804994055
table-0205-351 6 3 6 134 229 6975 0.05263157894736842 0.04666436225371587
table-0205-693 0 1 0 14 26 1041 1.0 0.0
table-0205-847 9 3 0 243 286 1021 1.0 1.4024767801857585
table-0205-791 2 17 0 367 598 3642 0.041666666666666664 0.1088785046728972
table-0205-424 1 3 0 22 31 1923 1.0 0.03630252100840336
table-0205-201 19 7 11 80 99 1623 1.0 0.8059006211180124
table-0205-551 13 2 0 131 158 10525 0.2 0.027757950670156236
table-0205-1 2 4 2 48 70 862 0.14285714285714285 0.09358752166377816
table-0205-3 4 4 3 48 70 862 0.14285714285714285 0.1663778162911612
table-0205-149 1 6 0 53 52 4685 0.16666666666666666 0.03727144866385373
table-0205-743 5 4 3 71 99 1367 1.0 1.3787425149700598
table-0205-463 2 4 1 612 237 345933 1.0 0.002804602097077477
table-0205-449 5 4 0 397 306 91957 1.0 0.010019507004788084
table-0205-460 11 3 0 612 237 345933 1.0 0.01956847372279058
table-0205-623 1 3 0 165 279 425 1.0 0.1446613088404133
table-0205-411 0 1 0 10 18 2464 1.0 0.0
table-0205-677 6 4 6 36 68 832 0.16666666666666666 0.4640394088669951
table-0205-688 54 5 147 1845 530 3218 0.2 8.502645502645503
table-0205-395 1 5 2 46 63 505 1.0 0.2733812949640288
table-0205-749 5 3 0 23 19 1142 0.3333333333333333 0.6297117516629712
table-0205-892 2 12 0 99 109 770 0.2 0.04325130499627144
table-0205-670 1 3 0 14 58 1532 1.0 0.037630662020905925
table-0205-681 4 4 3 77 107 992 1.0 0.09094884127678181
table-0205-614 4 8 0 340 188 51400 0.5 0.0012071624974850782
table-0205-804 2 5 0 367 598 3642 0.041666666666666664 0.12009345794392523
table-0205-152 519 4 276 130 196 34965 1.0 4.496636153082608
table-0205-197 1 5 2 170 204 1203 1.0 0.28688524590163933
table-0205-532 1 3 0 65 67 9544 1.0 0.045568561872909696
table-0205-291 0 1 0 91 90 8961 0.3333333333333333 0.0
table-0205-703 1 2 1 13 20 1097 1.0 0.04656862745098039
table-0205-734 1 3 0 24 73 2064 1.0 0.04121895367271446
table-0205-920 2 12 0 99 109 770 0.2 0.05219985085756898
table-0205-261 50 3 41 395 142 46226 0.5 0.6875385564466379
table-0205-41 16 8 51 206 223 8309 0.07692307692307693 0.1552828175026681
table-0205-557 18 9 0 139 215 1133 1.0 0.2926609635299415
table-0205-490 0 1 0 152 271 2009 0.14285714285714285 0.0
table-0205-696 0 1 0 11 12 619 1.0 0.0
table-0205-47 2 5 0 206 223 8309 0.07692307692307693 0.0144076840981857
table-0205-965 4 2 0 56 66 6470 0.3333333333333333 0.2623574144486692
table-0205-208 1 2 0 28 70 1671 0.5 0.002163981726376533
table-0205-833 30 7 0 811 264 24933 1.0 2.2598707824838478
table-0205-84 17 7 0 156 206 1857 0.16666666666666666 1.944127708095781
table-0205-258 2 3 0 12 12 2407 1.0 0.2833117723156533
table-0205-810 1 3 0 151 219 1970 1.0 0.052980132450331126
table-0205-250 4 6 3 86 194 10157 0.1111111111111111 0.022474685107433934
table-0205-315 1 5 0 151 90 19503 0.25 0.038067818298144596
table-0205-349 6 3 6 134 229 6975 0.05263157894736842 0.051042746860237354
table-0205-924 2 12 0 99 109 770 0.2 0.041759880686055184
table-0205-634 1 5 2 125 180 2110 1.0 0.04294003868471954
table-0206-1000 2 10 0 63 96 961 0.2 0.02929427430093209
table-0205-267 4 8 4 19 93 4406 0.3333333333333333 0.06943286071726439
table-0205-118 1 3 0 22 18 1078 1.0 0.08307372793354102
table-0205-822 0 1 0 182 327 8781 0.25 0.0
table-0205-984 1 6 0 18 79 4163 0.09090909090909091 0.007415368081676518
table-0205-908 2 9 0 99 109 770 0.2 0.0343027591349739
table-0205-647 1 1 1 21 39 4118 1.0 0.0
table-0205-234 14 15 14 210 289 1687 0.5 0.23194662480376765
table-0205-214 13 10 0 24 88 963 0.3333333333333333 1.4278260869565218
table-0205-348 6 3 6 134 229 6975 0.05263157894736842 0.049429657794676805
table-0205-66 9 16 10 13 31 559 1.0 1.2030075187969924
table-0205-9 2 2 0 148 154 3308 0.14285714285714285 0.1062215477996965
table-0205-906 2 12 0 99 109 770 0.2 0.041759880686055184
table-0205-583 10 14 3 118 202 118354 0.08333333333333333 1.9290444654683065
table-0205-667 1 3 0 75 66 843 0.5 0.24817518248175183
table-0205-91 4 3 0 219 138 13232 0.14285714285714285 0.011094094355832805
table-0205-480 7 10 0 162 316 2992 0.1111111111111111 0.236084452975048
table-0205-869 2 11 0 99 109 770 0.2 0.040268456375838924
table-0205-925 2 10 0 99 109 770 0.2 0.03877703206562267
table-0205-767 7 9 0 218 310 10882 0.07692307692307693 0.0180128934395146
table-0205-253 24 10 0 86 194 10157 0.1111111111111111 0.24277599407261052
table-0205-155 12 7 11 352 595 886 1.0 0.8698315467075038
table-0205-376 1 11 0 1990 442 176739 0.25 0.007710880909728172
table-0205-657 3 5 0 24 65 626 0.3333333333333333 0.3935969868173258
table-0205-761 2 6 0 218 310 10882 0.07692307692307693 0.0019592971811401845
table-0205-392 8 4 0 292 370 134024 0.14285714285714285 0.07175254361949904
table-0205-888 2 10 0 99 109 770 0.2 0.04623415361670395
table-0205-719 7 4 5 60 89 1294 1.0 1.011764705882353
table-0205-731 1 3 0 113 122 2676 1.0 0.01674808094905792
table-0205-517 1 3 0 15 27 1429 1.0 0.1132238547968885
table-0205-353 5 2 0 134 229 6975 0.05263157894736842 0.045166493835695355
table-0205-196 2 5 4 6 210 623 1.0 0.3983402489626556
table-0205-855 5 2 0 1705 399 342627 0.3333333333333333 0.004804122810848583
table-0205-759 2 6 0 218 310 10882 0.07692307692307693 0.002085703450891164
table-0205-142 4 5 4 47 51 692 1.0 1.0
table-0205-895 2 9 0 99 109 770 0.2 0.035794183445190156
table-0205-803 3 6 0 367 598 3642 0.041666666666666664 0.18504672897196262
table-0205-991 1 3 0 33 36 111890 1.0 0.01721037760082199
table-0205-639 3 5 0 48 79 892 0.14285714285714285 0.13863216266173753
table-0205-569 7 5 15 10 44 3088 0.25 0.14451827242524917
table-0205-223 7 3 0 24 87 508 0.3333333333333333 0.6556521739130434
table-0205-638 3 9 0 48 79 892 0.14285714285714285 0.06746765249537892
table-0205-923 2 8 0 99 109 770 0.2 0.042505592841163314
table-0205-64 25 4 0 2711 399 955875 1.0 0.03847149700081992
table-0205-288 61 8 6 99 256 6266 0.3333333333333333 1.3693460842594987
table-0205-403 12 5 3 38 47 2301 0.3333333333333333 0.656093489148581
table-0205-738 6 4 0 29 107 3722 1.0 0.01171332142148104
table-0205-476 39 11 0 155 302 2493 0.2 0.5985273492286115
table-0205-245 3 4 0 23 38 3892 0.3333333333333333 0.250334672021419
table-0205-198 1 5 2 13 205 891 1.0 0.30616740088105726
table-0205-995 5 2 0 361 318 51656 0.2 0.032338578404774825
table-0205-378 1 3 0 42 64 2657 1.0 0.09314703925482369
table-0205-404 24 8 24 24 47 2076 0.5 1.268277571251549
table-0205-698 1 3 0 32 42 1537 1.0 0.03481331987891019
table-0205-841 3 4 2 58 70 1067 1.0 0.39954853273137697
table-0205-933 2 12 0 99 109 770 0.2 0.041759880686055184
table-0205-256 6 3 0 8 10 1838 0.5 0.16156528477334367
table-0205-760 2 5 0 218 310 10882 0.07692307692307693 0.0018960940462646946
table-0205-413 3 4 3 50 71 590 0.125 0.17804551539491298
table-0205-776 2 6 0 218 310 10882 0.07692307692307693 0.0023385159903931236
table-0205-838 11 6 13 82 94 1252 1.0 1.6261180679785332
table-0205-660 6 3 0 317 363 90691 0.5 0.017611987134227663
table-0205-506 4 12 0 155 277 2285 0.1111111111111111 0.07306741969643488
table-0205-697 3 3 0 13 33 727 1.0 0.33940620782726044
table-0205-159 14 12 0 24 92 814 0.3333333333333333 1.5530434782608695
table-0205-900 2 12 0 99 109 770 0.2 0.037285607755406416
table-0205-916 2 9 0 99 109 770 0.2 0.0395227442207308
table-0205-124 4 5 2 13 338 881 1.0 1.4186046511627908
table-0205-978 3 2 0 10 23 1257 0.3333333333333333 0.18734987990392313
table-0205-538 8 2 0 108 103 8800 0.5 0.024898541186793903
table-0205-18 2 6 0 206 223 8309 0.07692307692307693 0.015474919957310566
table-0205-815 2 4 4 182 327 8781 0.25 0.14631336405529954
table-0205-174 9 5 9 7 135 6260 1.0 0.7174603174603175
table-0205-374 1 3 0 203 225 5818 1.0 0.03170859538784067
table-0205-879 2 11 0 99 109 770 0.2 0.0395227442207308
table-0205-377 1 8 0 1990 442 176739 0.25 0.005607913388893216
table-0205-263 2 4 0 35 43 3492 0.3333333333333333 0.05128205128205128
table-0205-278 17 6 0 242 271 143 1.0 0.5875850340136054
table-0205-82 10 6 1 82 154 206319 0.25 2.5075528700906347
table-0205-853 3 5 1 117 98 2320 0.5 0.05576592082616179
table-0205-617 2 4 0 21 41 1939 0.3333333333333333 0.038478166882836146
table-0205-797 5 9 0 367 598 3642 0.041666666666666664 0.49018691588785046
table-0205-468 12 7 0 1252 228 224674 0.2 0.062395169406239515
table-0205-539 2 2 0 104 153 1705 0.125 0.07588075880758807
table-0205-755 52 7 0 218 310 10882 0.07692307692307693 0.4670079635949943
table-0205-148 8 5 9 78 105 949 1.0 0.19714540588760035
table-0205-721 18 6 6 10 32 1144 0.5 3.6408668730650153
table-0205-55 1 1 0 377 378 0 1.0 0.0041616324338837425
table-0205-356 9 2 0 16 43 885 1.0 0.1546134663341646
table-0205-601 20 8 1 5 18 580 1.0 0.23583386992916935
table-0205-257 2 3 0 37 55 2194 1.0 0.051862891207153504
table-0205-507 25 10 0 155 277 2285 0.1111111111111111 0.36216025414754677
table-0205-312 2 6 0 233 429 8362 0.3333333333333333 0.03048780487804878
table-0205-88 6 16 4 156 206 1857 0.16666666666666666 0.443557582668187
table-0205-367 8 3 0 14 31 545 1.0 1.1625386996904026
table-0205-386 39 6 0 136 224 3315 1.0 10.007915567282321
table-0205-744 5 2 1 10 37 718 1.0 0.02490996398559424
table-0205-337 12 2 0 81 84 15792 0.25 0.18542757417102967
table-0205-827 30 5 0 811 264 24933 1.0 2.142857142857143
table-0205-368 3 4 0 25 50 1921 0.3333333333333333 0.08382419574082466
table-0205-549 2 6 0 133 134 2747 1.0 0.004171736485312011
table-0205-607 3 3 0 27 28 7465 0.5 0.06689189189189189
table-0205-980 3 2 0 49 92 830 0.5 0.10320284697508897
table-0205-13 4 3 0 44 26 1405 1.0 0.7091454272863568
table-0205-648 10 4 0 82 129 1331 0.5 2.9515669515669516
table-0205-666 1 3 0 31 68 1077 1.0 0.014617823177175061
table-0205-297 16 8 0 233 429 8362 0.3333333333333333 1.589430894308943
table-0205-182 6 4 6 45 73 1047 0.16666666666666666 0.3565217391304348
table-0205-880 2 10 0 99 109 770 0.2 0.0447427293064877
table-0205-162 1 3 0 55 69 226 1.0 0.02111574556830031
table-0205-737 8 2 0 47 51 9874 0.3333333333333333 0.21969140337986776
table-0205-711 5 4 4 51 62 910 1.0 0.7692307692307693
table-0205-194 1 3 0 13 13 2156 1.0 0.2109004739336493
table-0205-77 2 2 0 33 50 3429 0.5 0.13485113835376533
table-0205-332 5 6 0 107 196 1973 0.5 0.11688954928182269
table-0205-145 3 4 0 102 128 100095 0.25 0.018562456385205862
table-0205-42 3 16 34 206 223 8309 0.07692307692307693 0.02454642475987193
table-0205-814 4 3 0 182 327 8781 0.25 0.434331797235023
table-0205-248 6 10 0 86 194 10157 0.1111111111111111 0.10792788342800691
table-0205-808 1 9 0 367 598 3642 0.041666666666666664 0.06401869158878505
table-0205-528 3 4 0 37 81 576 1.0 0.3143712574850299
table-0205-286 1 3 0 115 80 7117 1.0 0.022541653054557333
table-0205-242 1 3 0 124 222 4619 1.0 0.0424597364568082
table-0205-798 2 7 0 367 598 3642 0.041666666666666664 0.18785046728971963
table-0205-541 8 2 0 104 153 1705 0.125 0.16124661246612465
table-0205-233 14 11 13 210 289 1687 0.5 0.15678963893249606
table-0205-881 2 10 0 99 109 770 0.2 0.0343027591349739
table-0205-537 21 2 0 108 103 8800 0.5 0.052977953274103325
table-0205-273 11 3 3 518 499 80266 0.5 0.019123638480086472
table-0205-508 3 11 0 155 277 2285 0.1111111111111111 0.04447582068478644
table-0205-210 0 1 0 13 23 916 1.0 0.0
table-0205-241 30 6 0 510 422 37896 0.0625 0.09529216525460739
table-0205-181 1 3 0 462 433 19703 1.0 0.013265762408704725
table-0205-958 2 7 0 99 109 770 0.2 0.03131991051454139
table-0205-715 2 7 0 21 16 1261 0.5 0.02338811630847029
table-0205-762 12 3 0 218 310 10882 0.07692307692307693 0.01409429907723423
table-0205-884 2 10 0 99 109 770 0.2 0.035794183445190156
table-0205-387 9 3 0 292 370 134024 0.14285714285714285 0.031177215707105792
table-0205-859 2 12 0 99 109 770 0.2 0.04623415361670395
table-0205-190 22 5 22 13 110 4131 1.0 1.6126315789473684
table-0205-32 2 1 0 206 223 8309 0.07692307692307693 0.010672358591248666
table-0205-341 5 2 0 134 229 6975 0.05263157894736842 0.03733148980297269
table-0205-189 19 5 19 13 110 4131 1.0 1.3235087719298246
table-0205-720 6 4 5 47 51 1015 1.0 1.286908077994429
table-0205-929 2 11 0 99 109 770 0.2 0.0447427293064877
table-0205-642 3 9 0 48 79 892 0.14285714285714285 0.054528650646950096
table-0205-180 4 2 2 61 69 14192 1.0 0.008281350828135083
table-0205-624 1 3 0 165 279 425 1.0 0.13088404133180254
table-0205-690 16 4 28 1845 530 3218 0.2 2.7178130511463845
table-0205-894 2 13 0 99 109 770 0.2 0.04325130499627144
table-0205-320 1 4 0 17 31 1429 0.25 0.062311557788944726
table-0205-809 2 8 0 367 598 3642 0.041666666666666664 0.12990654205607477
table-0205-384 9 5 0 21 233 75496 1.0 0.13451957295373665
table-0205-799 2 9 2 367 598 3642 0.041666666666666664 0.21682242990654205
table-0205-706 6 4 5 106 133 1730 1.0 0.4952638700947226
table-0205-122 4 5 4 111 139 1142 1.0 0.5619195046439629
table-0205-146 2 5 0 102 128 100095 0.25 0.031960921144452197
table-0205-284 4 2 1 16 33 4644 1.0 0.09113712374581939
table-0205-897 2 11 0 99 109 770 0.2 0.03877703206562267
table-0205-857 2 3 0 570 309 63372 1.0 0.018729641693811076
table-0205-655 9 3 0 129 138 48409 1.0 0.12551738410596028
table-0205-615 9 3 9 21 132 4978 0.5 0.8878923766816144
table-0205-773 2 5 0 218 310 10882 0.07692307692307693 0.002085703450891164
table-0205-37 2 6 0 206 223 8309 0.07692307692307693 0.017075773745997867
table-0205-845 3 2 0 26 39 2583 0.5 0.26644182124789206
table-0205-843 3 4 2 42 43 812 1.0 0.731404958677686
table-0205-610 2 12 1 41 61 1727 0.5 0.325717633274751
table-0205-988 3 6 0 18 79 4163 0.09090909090909091 0.018807092960773777
table-0205-800 4 5 0 367 598 3642 0.041666666666666664 0.4397196261682243
table-0205-489 79 6 0 152 271 2009 0.14285714285714285 1.7221358216692586
table-0205-421 3178 6 6307 47 4076 8375 1.0 248.08111702127658
table-0205-944 2 12 0 99 109 770 0.2 0.04623415361670395
table-0205-709 3 4 0 1943 629 156 1.0 0.017400286032099158
table-0205-229 2 2 0 35 52 1997 0.5 0.2413793103448276
table-0205-632 1 3 0 48 74 654 1.0 0.03542538354253835
table-0205-588 9 5 0 57 138 1466 1.0 0.09246697607997144
table-0205-7 11 4 0 53 66 2054 0.5 0.35876132930513593
table-0205-695 1 3 0 18 19 1034 1.0 0.06159238858287431
table-0205-868 2 11 0 99 109 770 0.2 0.04325130499627144
table-0205-347 7 3 7 134 229 6975 0.05263157894736842 0.06521488650766218
table-0205-306 4 10 4 233 429 8362 0.3333333333333333 0.27540650406504064
table-0205-50 2 5 0 206 223 8309 0.07692307692307693 0.013874066168623266
table-0205-989 5 6 0 18 79 4163 0.09090909090909091 0.03874261149919398
table-0205-139 5 4 5 18 43 2196 1.0 0.03217209213782601
table-0205-977 1 7 0 74 96 1406 0.5 0.09748134328358209
table-0205-462 19 3 0 612 237 345933 1.0 0.033113427032539756
table-0205-783 5 4 0 367 598 3642 0.041666666666666664 0.37429906542056074
table-0205-455 10 4 7 7 47 15246 0.16666666666666666 0.045811397432345066
table-0205-686 217 5 597 1844 613 3243 0.3333333333333333 38.74326750448833
table-0205-283 151 6 0 1401 832 46420 0.2 2.461993546073862
table-0205-215 0 1 0 99 62 15817 1.0 0.0
table-0205-431 9 3 0 78 215 69773 0.04 0.05383762473820377
table-0205-158 8 3 0 24 92 814 0.3333333333333333 0.648695652173913
table-0205-458 6 2 0 612 237 345933 1.0 0.008764381553367116
table-0205-520 2 2 0 138 145 2112 0.14285714285714285 0.07940780619111709
table-0205-851 2 4 0 209 139 4152 1.0 0.7865168539325843
table-0205-728 5 4 4 68 87 1166 0.5 0.4874551971326165
table-0205-866 2 12 0 99 109 770 0.2 0.040268456375838924
table-0205-301 2 6 0 233 429 8362 0.3333333333333333 0.03048780487804878
table-0205-874 2 10 0 99 109 770 0.2 0.035794183445190156
table-0205-770 4 13 0 218 310 10882 0.07692307692307693 0.007773985589685248
table-0205-168 12 4 0 232 289 88920 0.1111111111111111 1.3713405238828968
table-0205-878 2 12 0 99 109 770 0.2 0.041759880686055184
table-0205-972 47 4 12 38 78 24094 0.5 2.800163132137031
table-0205-775 2 6 0 218 310 10882 0.07692307692307693 0.002528125395019593
table-0205-249 76 6 0 86 194 10157 0.1111111111111111 1.2571005186465793
table-0205-535 9 2 0 108 103 8800 0.5 0.03334430185367994
table-0205-674 0 1 0 16 23 2169 1.0 0.0
table-0205-961 2 11 0 99 109 770 0.2 0.049962714392244596
table-0205-673 3 4 2 56 71 1126 1.0 0.11627906976744186
table-0205-379 0 1 0 259 221 8713 1.0 0.0
table-0205-748 3 4 2 44 60 832 1.0 0.20081411126187246
table-0205-628 11 11 0 124 246 219 1.0 0.1478787878787879
table-0205-49 2 6 0 206 223 8309 0.07692307692307693 0.016542155816435433
table-0205-645 7 7 0 48 79 892 0.14285714285714285 0.6284658040665434
table-0205-747 20 3 0 9 21 1526 0.3333333333333333 0.6421219319081551
table-0205-132 8 5 10 75 119 1285 1.0 1.0293706293706293
table-0205-680 17 6 27 36 68 832 0.16666666666666666 0.6758620689655173
table-0205-405 23 5 34 4 270 433 1.0 3.2192307692307693
table-0205-699 1 3 0 19 17 1421 1.0 0.19769357495881384
table-0205-65 22 6 31 70 99 1214 1.0 0.9505494505494505
table-0205-177 2 5 2 7 135 6260 1.0 0.1738095238095238
table-0205-416 2 4 2 50 71 590 0.125 0.0856760374832664
table-0205-39 14 10 72 206 223 8309 0.07692307692307693 0.12700106723585913
table-0205-756 2 5 0 218 310 10882 0.07692307692307693 0.001832890911389205
table-0205-454 5 4 0 7 47 15246 0.16666666666666666 0.03306548443705551
table-0205-899 2 10 0 99 109 770 0.2 0.0343027591349739
table-0205-254 4 8 0 86 194 10157 0.1111111111111111 0.03408248950358113
table-0205-764 2 6 0 218 310 10882 0.07692307692307693 0.002528125395019593
table-0205-358 2 4 0 30 35 3462 0.3333333333333333 0.06613226452905811
table-0205-104 27 3 0 13 14 1137 0.5 0.4754953076120959
table-0205-990 2 6 0 18 79 4163 0.09090909090909091 0.014669532509403546
table-0205-946 2 9 0 99 109 770 0.2 0.03281133482475764
table-0205-960 2 11 0 99 109 770 0.2 0.04623415361670395
table-0205-266 7 8 9 19 93 4406 0.3333333333333333 0.17733527939949958
table-0205-503 6 6 6 155 277 2285 0.1111111111111111 0.054006353688669254
table-0205-308 2 6 0 233 429 8362 0.3333333333333333 0.02540650406504065
table-0205-451 5 5 5 59 54 4251 0.5 0.6796116504854369
table-0205-2 2 4 2 48 70 862 0.14285714285714285 0.09358752166377816
table-0205-750 9 3 0 23 19 1142 0.3333333333333333 1.170731707317073
table-0205-331 5 9 0 107 196 1973 0.5 0.11243189697870233
table-0205-911 3 2 0 99 109 770 0.2 0.04697986577181208
table-0205-154 32 8 1 352 595 886 1.0 3.8330781010719757
table-0205-409 1 5 0 38 52 20905 0.25 0.12953995157384987
table-0205-443 1 3 0 78 215 69773 0.04 0.008377479364297153
table-0205-586 47 3 0 118 202 118354 0.08333333333333333 1.7038789025543992
table-0205-99 4 5 0 111 187 927 0.2 1.2768959435626102
table-0205-192 5 4 1 143 147 4185 1.0 0.17169974115616912
table-0205-482 84 6 0 162 316 2992 0.1111111111111111 2.2834293026231607
table-0205-955 2 12 0 99 109 770 0.2 0.037285607755406416
table-0205-213 6 3 0 24 88 963 0.3333333333333333 0.5026086956521739
table-0205-752 2 6 0 23 26 2684 0.3333333333333333 0.1583383503913305
table-0205-921 2 12 0 99 109 770 0.2 0.042505592841163314
table-0205-106 9 2 7 11 16 24334 1.0 0.06937799043062201
table-0205-240 32 6 52 510 422 37896 0.0625 0.29574635339330946
table-0205-216 10 2 0 45 207 1400 0.5 0.04240859045806715
table-0205-554 2 3 0 131 158 10525 0.2 0.0027757950670156237
table-0205-17 2 6 0 206 223 8309 0.07692307692307693 0.017609391675560297
table-0205-488 5 8 0 152 271 2009 0.14285714285714285 0.168481078278901
table-0205-305 2 6 0 233 429 8362 0.3333333333333333 0.027439024390243903
table-0205-474 7 10 0 155 302 2493 0.2 0.1276297335203366
table-0205-87 10 2 0 156 206 1857 0.16666666666666666 0.24857468643101482
table-0205-904 2 9 0 99 109 770 0.2 0.04325130499627144
table-0205-907 2 11 0 99 109 770 0.2 0.03877703206562267
table-0205-373 4 3 1 16 65 6957 0.3333333333333333 0.3103448275862069
table-0205-629 2 4 0 22 42 1398 0.3333333333333333 0.03952417498081351
table-0205-710 3 4 2 53 59 852 1.0 0.2534722222222222
table-0205-300 2 6 0 233 429 8362 0.3333333333333333 0.026422764227642278
table-0205-689 134 5 362 1845 530 3218 0.2 23.57495590828924
table-0205-701 1 3 0 34 41 1614 1.0 0.025874460948730235
table-0205-954 2 11 0 99 109 770 0.2 0.0395227442207308
table-0205-364 2 2 0 45 76 5834 0.3333333333333333 0.019628836545324768
table-0205-568 39 3 0 220 191 421752 0.25 0.2209772438489084
table-0205-326 1 1 0 107 196 1973 0.5 0.021792966815255076
table-0205-821 1 1 1 182 327 8781 0.25 0.0
table-0205-672 4 4 3 83 103 948 1.0 0.6522911051212938
table-0205-169 12 4 0 232 289 88920 0.1111111111111111 1.4453004622496148
table-0205-591 11 10 0 123 259 267 1.0 0.1812933025404157
table-0205-15 14 8 11 206 223 8309 0.07692307692307693 1.0016008537886874
table-0205-811 59 2 0 67 159 7425 0.5 0.3555370524562864
table-0205-51 294 6 0 321 1293 82160 1.0 9.361646057166025
table-0205-953 2 10 0 99 109 770 0.2 0.040268456375838924
table-0205-754 4 4 3 76 94 1189 1.0 0.21059038344491784
table-0205-414 2 4 2 50 71 590 0.125 0.08032128514056225
table-0205-264 4 4 0 35 43 3492 0.3333333333333333 0.09340659340659341
table-0205-825 30 7 12 811 264 24933 1.0 2.362526920315865
table-0205-361 10 8 13 12 36 1379 0.5 0.72859450726979
table-0205-310 2 6 0 233 429 8362 0.3333333333333333 0.031504065040650404
table-0205-221 7 2 0 1300 1098 474944 0.5 0.0004409428395421976
table-0205-31 2 1 0 206 223 8309 0.07692307692307693 0.0144076840981857
table-0205-898 2 9 0 99 109 770 0.2 0.042505592841163314
table-0205-319 11 2 0 17 31 1429 0.25 0.36683417085427134
table-0205-92 1 3 0 219 138 13232 0.14285714285714285 0.002465354301296179
table-0205-153 254 10 447 352 595 886 1.0 25.82312404287902
table-0205-4 5 4 4 48 70 862 0.14285714285714285 0.23743500866551126
table-0205-643 3 5 0 48 79 892 0.14285714285714285 0.14602587800369685
table-0205-110 16 3 0 427 251 286678 0.3333333333333333 0.007844557084238474
table-0205-812 1 2 1 10 26 1476 1.0 0.04398148148148148
table-0205-204 1 5 2 175 209 1741 1.0 0.06118665018541409
table-0205-432 4 3 0 78 215 69773 0.04 0.02082050018479734
table-0205-400 4 9 9 142 65 431121 0.25 0.03971894212940373
table-0205-56 25 6 1 266 319 4265 1.0 0.6615469007131103
table-0205-580 15 3 0 60 99 892 1.0 0.7327813323296951
table-0205-494 3 11 0 152 271 2009 0.14285714285714285 0.0658372213582167
table-0205-882 2 9 0 99 109 770 0.2 0.03281133482475764
table-0205-211 2 1 0 269 119 17745 1.0 0.0009186954524575103
table-0205-502 80 6 0 155 277 2285 0.1111111111111111 1.191316625485351
table-0205-649 14 6 0 82 129 1331 0.5 1.1225071225071226
table-0205-971 1 3 1 73 82 8854 0.5 0.018548827059465357
table-0205-512 3 12 0 156 267 1954 0.14285714285714285 0.173963133640553
table-0205-536 5 2 0 108 103 8800 0.5 0.015465613688713393
table-0205-708 3 4 2 52 65 990 1.0 0.40857787810383744
table-0205-36 10 3 0 206 223 8309 0.07692307692307693 0.144076840981857
table-0205-515 7 2 0 569 802 190095 0.25 0.025531126809006006
table-0205-293 6 5 14 107 668 35926 1.0 0.034141201264488934
table-0205-969 112 3 0 14 22 2665 0.25 1.1973111901937525
table-0205-753 1 5 0 23 26 2684 0.3333333333333333 0.08910295003010235
table-0205-161 10 4 0 287 234 50859 1.0 0.020404526418961063
table-0205-500 3 11 0 151 271 1747 0.14285714285714285 0.08898305084745763
table-0205-10 9 2 0 148 154 3308 0.14285714285714285 0.20485584218512898
table-0205-188 3 5 3 13 110 4131 1.0 0.20912280701754385
table-0205-304 2 6 0 233 429 8362 0.3333333333333333 0.028455284552845527
table-0205-156 44 4 0 13 135 3374 0.5 1.9009009009009008
table-0205-608 2 4 0 17 36 1925 0.3333333333333333 0.09262435677530018
table-0205-116 1 5 0 10 102 595 0.14285714285714285 0.036004645760743324
table-0205-534 10 5 0 108 103 8800 0.5 0.049906767577053854
table-0205-967 16 3 2 14 22 2665 0.25 0.10834321866350335
table-0205-913 2 12 0 99 109 770 0.2 0.03877703206562267
table-0205-786 1 9 0 367 598 3642 0.041666666666666664 0.07570093457943926
table-0205-589 7 12 0 57 138 1466 1.0 0.14584077115315958
table-0205-578 0 0 0 301 447 1241 1.0 0.0
table-0205-172 13 4 0 232 289 88920 0.1111111111111111 1.5423728813559323
table-0205-702 4 4 4 77 91 929 1.0 0.5262135922330097
table-0205-415 2 4 2 50 71 590 0.125 0.0856760374832664
table-0205-325 1 5 0 107 196 1973 0.5 0.045567112431896976
table-0205-661 1 3 0 24 83 751 0.3333333333333333 0.12429378531073447
table-0205-478 13 6 0 155 302 2493 0.2 0.3520336605890603
table-0205-594 0 1 0 33 55 3772 0.25 0.0
table-0205-329 5 9 0 107 196 1973 0.5 0.1277860326894502
table-0205-230 0 1 0 7 24 617 1.0 0.0
table-0205-23 2 1 0 206 223 8309 0.07692307692307693 0.017609391675560297
table-0205-333 5 9 0 107 196 1973 0.5 0.12332838038632987
table-0205-931 2 11 0 99 109 770 0.2 0.03803131991051454
table-0205-998 2 10 0 63 96 961 0.2 0.03462050599201065
table-0205-964 2 6 2 115 122 2717 0.5 0.2498205312275664
table-0205-299 2 6 0 233 429 8362 0.3333333333333333 0.029471544715447155
table-0205-817 4 9 3 182 327 8781 0.25 0.09101382488479262
table-0205-901 2 11 0 99 109 770 0.2 0.03877703206562267
table-0205-780 4 4 2 96 114 1147 1.0 1.0167014613778707
table-0205-133 5 10 0 67 89 1989 0.16666666666666666 0.24613555291319858
table-0205-343 6 2 0 134 229 6975 0.05263157894736842 0.04320774282751469
table-0205-949 2 10 0 99 109 770 0.2 0.049962714392244596
table-0205-193 1 3 0 163 161 5053 1.0 0.043115438108484005
table-0205-705 3 4 2 48 53 709 1.0 0.7357723577235772
table-0205-839 20 8 60 87 133 1948 1.0 1.7802919708029197
table-0205-959 2 10 0 99 109 770 0.2 0.03803131991051454
table-0205-886 2 11 0 99 109 770 0.2 0.037285607755406416
table-0205-71 23 11 0 62 72 41838 0.2 8.54140127388535
table-0205-20 2 1 0 206 223 8309 0.07692307692307693 0.0144076840981857
table-0205-602 0 1 0 107 146 6326 1.0 0.0
table-0205-662 15 5 1 24 83 751 0.3333333333333333 1.6986817325800376
table-0205-863 2 12 0 99 109 770 0.2 0.0395227442207308
table-0205-846 21 5 0 243 286 1021 1.0 3.8111455108359134
table-0205-598 0 1 0 291 278 15132 0.2 0.0
table-0205-98 7 2 0 111 187 927 0.2 0.1675485008818342
table-0205-232 14 5 0 210 289 1687 0.5 0.2760989010989011
table-0205-461 6 3 0 612 237 345933 1.0 0.01510660675016732
table-0205-692 10 4 0 347 51 11317 0.5 0.3196078431372549
table-0205-792 4 6 0 367 598 3642 0.041666666666666664 0.25981308411214954
table-0205-321 4 4 0 17 31 1429 0.25 0.2613065326633166
table-0205-34 4 9 3 206 223 8309 0.07692307692307693 0.07790821771611527
table-0205-736 10 4 6 76 104 1494 1.0 1.4923245614035088
table-0205-183 6 4 9 45 73 1047 0.16666666666666666 0.23304347826086957
table-0205-355 1 2 1 16 43 885 1.0 0.015793848711554447
table-0205-450 3 3 0 26 29 2042 1.0 0.3897736797988265
table-0205-505 31 11 0 155 277 2285 0.1111111111111111 0.4881750794211084
table-0205-380 66 5 66 10 92 8112 0.5 11.359773371104815
table-0205-440 4 3 0 78 215 69773 0.04 0.020204509055069608
table-0205-314 2 6 0 233 429 8362 0.3333333333333333 0.029471544715447155
table-0205-270 8 4 0 539 646 4034 1.0 0.02775574940523394
table-0205-292 4 4 4 107 668 35926 1.0 0.06870389884088514
table-0205-883 2 9 0 99 109 770 0.2 0.03281133482475764
