table_id rows cols nulls inlinks outlinks views table_imp table_fraction
table-0102-995 1 7 1 163 111 32181 0.3333333333333333 0.01547779273216689
table-0102-693 3 9 0 471 484 29197 0.2 0.18141592920353983
table-0102-576 0 1 0 312 372 3550 0.125 0.0
table-0102-165 12 4 0 398 384 4845 0.125 0.4784688995215311
table-0102-971 5 6 0 21 44 1220 1.0 0.1430549146285187
table-0102-973 6 6 0 26 63 1367 0.5 0.24050632911392406
table-0102-190 14 3 3 147 110 136610 0.5 0.30919569030318217
table-0102-779 21 4 11 57 82 73399 0.3333333333333333 0.4168905950095969
table-0102-451 10 5 0 477 631 21765 0.1111111111111111 0.034385137127690944
table-0102-484 3 11 11 759 1070 42013 1.0 0.003286060186786579
table-0102-425 3 2 0 47 60 1868 0.5 0.06367924528301887
table-0102-333 1 6 0 78 205 14260 0.16666666666666666 0.015600315955766192
table-0102-805 222 3 0 39 1791 8392 0.2 111.18229166666667
table-0102-185 1 2 0 216 79 34473 0.25 0.006147283904152553
table-0102-142 0 1 0 431 505 7536 0.1111111111111111 0.0
table-0102-248 6 4 0 382 365 3260 0.125 0.7200349956255468
table-0102-786 1 5 0 26 35 15728 0.5 0.010638297872340425
table-0102-610 9 10 0 329 394 9159 0.1111111111111111 0.11044477761119441
table-0102-493 6 4 0 311 382 3499 0.125 0.27140495867768594
table-0102-509 35 9 21 42 223 10800 0.2 1.216763005780347
table-0102-114 3 4 0 295 341 2454 0.125 0.24928977272727273
table-0102-677 1 2 0 23 76 15051 1.0 0.03087248322147651
table-0102-228 8 5 0 295 378 2913 0.125 0.36181678214010776
table-0102-133 1 8 0 297 358 2723 0.125 0.030944625407166124
table-0102-103 1 7 0 296 350 2732 0.125 0.02164762477450391
table-0102-238 2 7 0 295 372 2688 0.125 0.047648136835675016
table-0102-42 10 3 0 6 558 1152 0.07142857142857142 1.563758389261745
table-0102-945 0 1 0 9 19 627 1.0 0.0
table-0102-449 3 13 13 821 1149 49218 1.0 0.0077456176110884635
table-0102-599 1 7 0 309 383 4311 0.125 0.015831987075928918
table-0102-389 78 6 0 43 216 1150 1.0 11.042606516290727
table-0102-81 2 8 0 294 357 2945 0.125 0.0547945205479452
table-0102-30 8 5 0 300 356 2677 0.125 0.27860106698280973
table-0102-376 81 6 0 31 190 167 1.0 54.762264150943395
table-0102-827 6 4 0 1036 693 117605 0.3333333333333333 0.028336998815767213
table-0102-132 8 5 0 297 358 2723 0.125 0.25787187839305103
table-0102-662 1 3 0 183 252 23522 0.25 0.026829268292682926
table-0102-10 8 5 0 302 354 2850 0.125 0.22924710424710426
table-0102-155 1 5 0 297 385 3252 0.125 0.0148861646234676
table-0102-884 8 3 0 128 246 1544 0.05263157894736842 0.9956709956709957
table-0102-65 9 4 0 296 357 2531 0.125 0.7624223602484472
table-0102-17 2 4 0 378 479 8632 1.0 0.03777833375031273
table-0102-581 0 1 0 314 383 3904 0.125 0.0
table-0102-943 4 4 0 61 98 2176 0.25 0.09564860426929392
table-0102-723 21 9 20 27 345 1072 1.0 0.48427672955974843
table-0102-970 7 6 0 41 73 1719 0.5 0.2995031937544358
table-0102-760 3 17 0 573 714 26557 0.07142857142857142 0.09174174174174174
table-0102-170 28 4 0 97 63 11607 0.2 0.33176312247644685
table-0102-664 2 4 1 64 46 44657 0.5 0.06842867487328023
table-0102-624 5 3 0 568 983 10391 0.5 0.2862595419847328
table-0102-172 1 4 0 97 63 11607 0.2 0.02388963660834455
table-0102-809 1 4 0 105 118 3910 0.2 0.06639839034205232
table-0102-438 3 12 12 845 1094 72659 1.0 0.0027063599458728013
table-0102-913 12 18 12 280 252 12963 0.25 0.30646702771583306
table-0102-750 1 26 0 417 468 9872 0.16666666666666666 0.20178926441351888
table-0102-600 0 1 0 309 383 4311 0.125 0.0
table-0102-652 5 19 40 332 453 14549 0.125 0.19248477647408288
table-0102-288 1 5 0 295 371 2920 0.125 0.026102088167053363
table-0102-414 4 3 0 50 55 2061 0.5 0.07364341085271318
table-0102-628 2 7 0 310 379 4924 0.125 0.03619909502262444
table-0102-685 4 3 0 11 69 1651 1.0 0.16691594376308705
table-0102-148 4 15 1 32 105 1477 0.25 0.028419361317533642
table-0102-307 1 7 0 300 364 3346 0.1111111111111111 0.018469656992084433
table-0102-920 5 3 0 151 92 22529 1.0 0.13434969032872796
table-0102-358 76 4 76 177 616 1460 1.0 27.076142131979694
table-0102-993 0 1 0 22 34 755 0.2 0.0
table-0102-587 6 5 0 756 536 13512 0.08333333333333333 0.02647891635417464
table-0102-921 23 3 2 357 459 7553 0.2 0.8708938120702827
table-0102-256 8 5 0 296 378 2741 0.125 0.32867132867132864
table-0102-115 17 13 68 163 238 2539 0.5 2.954054054054054
table-0102-932 3 3 0 74 92 8990 0.25 0.009606147934678195
table-0103-1000 0 1 0 311 391 4188 0.125 0.0
table-0102-584 1 7 0 314 383 3904 0.125 0.010523475445223961
table-0102-279 2 3 0 100 112 3821 1.0 0.09488481062085123
table-0102-368 1 7 0 300 378 3414 0.1111111111111111 0.022912423625254582
table-0102-320 3 4 3 172 100 16208 0.5 0.37772397094430993
table-0102-92 0 1 0 296 351 2752 0.125 0.0
table-0102-87 8 5 0 296 351 2752 0.125 0.4304147465437788
table-0102-746 12 15 22 207 195 34436 0.2 0.5442873092668403
table-0102-197 0 0 0 129 259 1632 0.5 0.0
table-0102-691 11 22 100 471 484 29197 0.2 0.9911504424778761
table-0102-964 0 1 0 17 24 744 0.5 0.0
table-0102-382 1 3 0 46 68 1700 1.0 0.03117782909930716
table-0102-431 5 4 0 438 362 27244 0.25 0.0071802913382577474
table-0102-727 4 22 16 640 763 35899 0.1 0.28428890543559193
table-0102-280 1 2 0 4 15 793 1.0 0.03038309114927345
table-0102-875 8 3 0 128 246 1544 0.05263157894736842 0.7380952380952381
table-0102-642 7 5 0 315 387 3802 0.125 0.14406184118060436
table-0102-491 0 1 0 311 382 3499 0.125 0.0
table-0102-928 6 2 4 27 44 4366 0.5 0.11641791044776119
table-0102-710 5 18 38 272 344 17172 0.09090909090909091 0.15133951571354973
table-0102-311 9 2 3 175 167 113572 0.5 0.02824121539752074
table-0102-285 1 7 0 295 371 2920 0.125 0.025522041763341066
table-0102-870 8 3 0 128 246 1544 0.05263157894736842 0.8961038961038961
table-0102-4 1 8 0 298 339 2767 0.125 0.03225806451612903
table-0102-546 3 9 9 767 989 52616 1.0 0.0027808676307007787
table-0102-803 5 4 3 306 324 9116 1.0 0.016411703549680676
table-0102-454 2 7 0 477 631 21765 0.1111111111111111 0.00631082276614568
table-0102-704 6 22 20 695 534 66751 0.5 0.2554869684499314
table-0102-608 5 4 0 316 387 5115 0.125 0.20466089034956678
table-0102-265 0 1 0 294 373 2723 0.125 0.0
table-0102-941 55 4 1 432 558 9467 0.2 5.951086956521739
table-0102-201 1 4 1 129 259 1632 0.5 0.06765327695560254
table-0102-97 0 1 0 297 354 3680 0.125 0.0
table-0102-375 1 1 0 295 350 9457 0.25 0.029211295034079845
table-0102-18 1 10 0 90 36 7696 1.0 0.10070744902205576
table-0102-144 1 7 0 431 505 7536 0.1111111111111111 0.008807733619763695
table-0102-176 9 4 0 546 705 14517 0.1111111111111111 0.09949579831932773
table-0102-292 3 7 0 296 380 3218 0.125 0.05256183745583039
table-0102-653 12 23 80 332 453 14549 0.125 0.7880588147928115
table-0102-651 4 3 0 198 262 8445 0.3333333333333333 0.18338355574687903
table-0102-591 1 7 0 756 536 13512 0.08333333333333333 0.0024489171194612383
table-0102-408 12 4 14 127 240 1663 0.5 1.364864864864865
table-0102-308 2 7 0 300 364 3346 0.1111111111111111 0.04538258575197889
table-0102-901 24 3 0 88 298 13704 0.3333333333333333 0.1236585974544547
table-0102-753 4 22 32 109 134 9833 0.14285714285714285 0.47678300455235206
table-0102-481 3 11 11 759 1070 42013 1.0 0.00337253545485991
table-0102-683 1 3 0 93 114 9100 0.2 0.10144927536231885
table-0102-6 0 1 0 298 339 2767 0.125 0.0
table-0102-739 2 25 0 234 256 14106 0.09090909090909091 0.23620467249534183
table-0102-730 10 3 0 640 763 35899 0.1 0.17900223380491437
table-0102-478 0 1 0 311 380 3863 0.125 0.0
table-0102-53 4 7 0 294 343 2392 0.125 0.14030819140308193
table-0102-754 4 15 12 109 134 9833 0.14285714285714285 0.31532625189681335
table-0102-96 0 1 0 297 354 3680 0.125 0.0
table-0102-200 0 0 0 129 259 1632 0.5 0.0
table-0102-391 10 4 0 12 33 1684 0.5 0.12673992673992673
table-0102-747 4 3 0 207 195 34436 0.2 0.08001488649050986
table-0102-138 4 4 0 297 358 2723 0.125 0.23507057546145493
table-0102-715 1 33 1 272 344 17172 0.09090909090909091 0.08874291602266873
table-0102-410 20 10 0 153 134 1466 1.0 2.9046153846153846
table-0102-196 1 1 0 129 259 1632 0.5 0.021141649048625793
table-0102-612 6 9 0 329 394 9159 0.1111111111111111 0.07221389305347327
table-0102-699 10 4 0 570 697 14393 0.1111111111111111 0.24697428139183056
table-0102-834 8 6 8 18 24 2771 0.5 0.2706766917293233
table-0102-840 6 2 0 67 79 0 0.5 0.09299403078856425
table-0102-955 25 3 0 223 99 74223 0.5 2.0720375106564366
table-0102-146 12 4 0 431 505 7536 0.1111111111111111 0.3334049409237379
table-0102-194 0 0 0 129 259 1632 0.5 0.0
table-0102-867 7 4 0 39 126 3889 0.2 0.02849406910778752
table-0102-342 146 4 146 169 386 1137 1.0 56.57608695652174
table-0102-738 1 7 0 234 256 14106 0.09090909090909091 0.04428837609287659
table-0102-145 0 1 0 431 505 7536 0.1111111111111111 0.0
table-0102-893 1 2 1 11 31 2243 1.0 0.018682399213372666
table-0102-372 47 5 1 367 611 189879 0.5 0.11522405293778035
table-0102-124 7 7 9 163 238 2539 0.5 0.30324324324324325
table-0102-845 0 1 0 79 77 8955 1.0 0.0
table-0102-356 6 4 0 306 371 3649 0.1111111111111111 0.38972809667673713
table-0102-601 5 4 0 309 383 4311 0.125 0.22132471728594508
table-0102-19 5 4 3 22 25 1550 0.25 0.25942156003505695
table-0102-646 0 1 0 315 387 3802 0.125 0.0
table-0102-127 1 7 0 296 345 2724 0.125 0.03125
table-0102-800 7 4 3 234 148 752279 0.1 0.008414436334144364
table-0102-549 2 2 0 24 57 1744 0.3333333333333333 0.034055727554179564
table-0102-236 1 8 0 295 372 2688 0.125 0.032987171655467315
table-0102-598 0 1 0 309 383 4311 0.125 0.0
table-0102-328 56 4 56 169 433 1065 1.0 19.07511737089202
table-0102-835 3 5 2 33 98 1067 1.0 0.374496644295302
table-0102-881 19 6 0 128 246 1544 0.05263157894736842 1.0086580086580086
table-0102-523 3 11 11 757 1041 44893 1.0 0.002411932719771501
table-0102-635 2 8 0 311 383 3986 0.125 0.045454545454545456
table-0102-694 2 3 0 471 484 29197 0.2 0.06139380530973451
table-0102-141 3 8 0 431 505 7536 0.1111111111111111 0.029430719656283567
table-0102-445 3 12 12 821 1149 49218 1.0 0.003342845495311863
table-0102-734 1 23 0 234 256 14106 0.09090909090909091 0.1041995126845349
table-0102-426 2 2 0 19 43 45265 1.0 0.019287833827893175
table-0102-149 5 6 0 32 105 1477 0.25 0.028720626631853787
table-0102-229 3 8 0 295 378 2913 0.125 0.11085450346420324
table-0102-878 8 3 0 128 246 1544 0.05263157894736842 0.9134199134199135
table-0102-171 11 5 0 97 63 11607 0.2 0.3041722745625841
table-0102-385 3 2 0 42 61 603 0.5 0.04950495049504951
table-0102-777 9 5 0 8 36 29116 1.0 0.12794222539229672
table-0102-559 6 5 0 311 387 3338 0.125 0.10040509259259259
table-0102-544 3 11 11 767 989 52616 1.0 0.003098681074209439
table-0102-799 3 2 0 234 148 752279 0.1 0.0015206812652068127
table-0102-958 3 9 2 11 14 791 0.3333333333333333 0.08568207440811725
table-0102-492 1 7 0 311 382 3499 0.125 0.011239669421487603
table-0102-565 6 4 0 311 387 3338 0.125 0.2410300925925926
table-0102-974 5 6 0 26 84 1460 0.5 0.08518312985571587
table-0102-815 1 2 0 15 32 5090 1.0 0.010332434860736747
table-0102-122 7 7 9 163 238 2539 0.5 0.26972972972972975
table-0102-553 3 11 11 723 1014 44400 1.0 0.0026784518548279095
table-0102-55 2 7 0 294 343 2392 0.125 0.0640713706407137
table-0102-938 19 3 0 432 558 9467 0.2 0.925
table-0102-733 2 23 0 234 256 14106 0.09090909090909091 0.17973340977497493
table-0102-188 12 2 5 147 110 136610 0.5 0.08318717113505388
table-0102-462 35 9 27 477 631 21765 0.1111111111111111 0.2305514597463875
table-0102-787 83 5 39 159 144 3870 0.5 16.05142857142857
table-0102-999 1 7 0 311 391 4188 0.125 0.010529157667386609
table-0102-79 10 4 0 295 362 2706 0.125 0.6732108929702343
table-0102-924 24 4 3 357 459 7553 0.2 1.5767761650114591
table-0102-296 6 4 0 296 380 3218 0.125 0.3374558303886926
table-0102-742 14 3 0 506 370 6957 1.0 0.06325581395348837
table-0102-209 1 5 0 299 392 4086 0.125 0.0078196872125115
table-0102-520 3 7 7 757 1041 44893 1.0 0.0018406854966677246
table-0102-780 2 2 2 7 26 1533 1.0 0.024248813916710597
table-0102-557 3 13 13 723 1014 44400 1.0 0.006562207044328378
table-0102-919 2 2 0 54 68 8871 0.5 0.058771148708815675
table-0102-28 1 4 0 295 343 2625 0.125 0.08044554455445545
table-0102-412 7 3 7 6 13 791 0.5 361.0
table-0102-89 0 1 0 296 351 2752 0.125 0.0
table-0102-692 12 23 87 471 484 29197 0.2 0.6169800884955752
table-0102-806 366 3 0 39 1791 8392 0.2 185.58854166666666
table-0102-61 1 7 0 296 357 2531 0.125 0.02872670807453416
table-0102-848 2 37 0 103 594 379 1.0 0.042704626334519574
table-0102-86 9 4 0 294 357 2945 0.125 0.5877957658779577
table-0102-731 2 14 0 234 256 14106 0.09090909090909091 0.09774974917586356
table-0102-761 6 3 0 573 714 26557 0.07142857142857142 0.048873873873873874
table-0102-486 3 13 13 759 1070 42013 1.0 0.008647526807333102
table-0102-254 2 6 0 299 382 3050 0.125 0.03859202714164546
table-0102-2 1 5 0 298 335 2512 0.125 0.019417475728155338
table-0102-716 1 3 0 272 344 17172 0.09090909090909091 0.011978361669242658
table-0102-325 2 4 2 169 433 1065 1.0 0.6056338028169014
table-0102-536 3 7 7 446 545 13438 0.1111111111111111 0.039938556067588324
table-0102-303 6 4 0 299 381 3581 0.125 0.26650194140487116
table-0102-251 2 7 0 299 382 3050 0.125 0.033502968617472435
table-0102-630 3 7 0 310 379 4924 0.125 0.047888386123680245
table-0102-728 12 20 34 640 763 35899 0.1 0.9256887565152644
table-0102-126 1 8 0 296 345 2724 0.125 0.04307432432432432
table-0102-636 1 7 0 311 383 3986 0.125 0.02097902097902098
table-0102-673 7 22 48 337 499 12050 0.09090909090909091 0.6186361513311537
table-0102-969 6 6 0 19 69 1361 0.5 0.3058918482647296
table-0102-771 2 11 0 33 74 3965 0.3333333333333333 0.052795031055900624
table-0102-609 7 5 0 329 394 9159 0.1111111111111111 0.10044977511244378
table-0102-283 8 5 0 295 371 2920 0.125 0.27494199535962877
table-0102-542 3 10 10 767 989 52616 1.0 0.002939774352455109
table-0102-24 1 7 0 295 343 2625 0.125 0.02599009900990099
table-0102-908 14 7 0 361 385 48114 1.0 0.157606313020605
table-0102-243 1 8 0 382 365 3260 0.125 0.04286964129483815
table-0102-645 0 1 0 315 387 3802 0.125 0.0
table-0102-125 8 5 0 296 345 2724 0.125 0.3952702702702703
table-0102-566 6 5 0 314 398 4498 0.125 0.08615462354724608
table-0102-814 30 3 0 37 1138 2950 0.16666666666666666 14.078817733990148
table-0102-180 13 4 0 546 705 14517 0.1111111111111111 0.14890756302521008
table-0102-387 20 10 0 157 132 2045 1.0 2.813031161473088
table-0102-902 36 3 0 88 298 13704 0.3333333333333333 0.21050661342650362
table-0102-927 1 3 0 32 52 2501 1.0 0.06466097889537495
table-0102-60 3 8 0 296 357 2531 0.125 0.10248447204968944
table-0102-147 0 1 0 431 505 7536 0.1111111111111111 0.0
table-0102-246 0 1 0 382 365 3260 0.125 0.0
table-0102-7 0 1 0 298 339 2767 0.125 0.0
table-0102-239 0 1 0 295 372 2688 0.125 0.0
table-0102-93 7 4 0 296 351 2752 0.125 0.6691244239631337
table-0102-452 5 7 0 477 631 21765 0.1111111111111111 0.012857564140371572
table-0102-564 1 7 0 311 387 3338 0.125 0.010416666666666666
table-0102-957 3 9 3 11 14 791 0.3333333333333333 0.05298759864712514
table-0102-660 0 1 0 149 222 13884 0.25 0.0
table-0102-69 2 7 0 298 360 2407 0.125 0.06966490299823633
table-0102-748 1 3 0 9 4 2228 1.0 0.5898876404494382
table-0102-756 3 20 2 109 134 9833 0.14285714285714285 0.16904400606980274
table-0102-899 1 4 0 5 6 559 0.5 0.4789915966386555
table-0102-384 3 3 0 158 263 317404 1.0 0.07535795026375283
table-0102-607 4 7 0 316 387 5115 0.125 0.054078279055870926
table-0102-792 11 2 0 55 79 10745 0.25 0.5101088646967341
table-0102-121 8 7 11 163 238 2539 0.5 0.2881081081081081
table-0102-218 3 2 0 46 72 1815 0.5 0.013427109974424553
table-0102-189 8 3 0 147 110 136610 0.5 0.04911049862189927
table-0102-222 1 8 0 302 378 3138 0.125 0.03374908290535583
table-0102-551 5 6 0 723 1014 44400 1.0 0.03019954466318468
table-0102-29 6 6 0 38 85 1939 0.5 0.0553735255570118
table-0102-860 4 5 3 103 594 379 1.0 0.14590747330960854
table-0102-804 113 3 0 39 1791 8392 0.2 55.119791666666664
table-0102-354 1 7 0 306 371 3649 0.1111111111111111 0.028700906344410877
table-0102-440 3 9 9 845 1094 72659 1.0 0.002319737096462401
table-0102-276 4 10 1 100 154 1400 0.2 0.09110747408619749
table-0102-923 18 4 12 357 459 7553 0.2 0.8938120702826585
table-0102-637 0 1 0 311 383 3986 0.125 0.0
table-0102-156 10 4 0 297 385 3252 0.125 0.5941330998248686
table-0102-894 2 3 0 24 35 1081 1.0 0.2064676616915423
table-0102-448 3 10 10 821 1149 49218 1.0 0.0029351814105177333
table-0102-377 1 1 0 114 71 195 1.0 0.006388318503308237
table-0102-230 1 7 0 295 378 2913 0.125 0.03002309468822171
table-0102-822 28 3 4 37 1060 3259 0.16666666666666666 0.13534591194968554
table-0102-351 8 8 0 306 371 3649 0.1111111111111111 0.20191339375629405
table-0102-429 3 2 0 56 56 1073 0.5 0.041749502982107355
table-0102-933 7 3 0 74 92 8990 0.25 0.029298751200768493
table-0102-472 6 4 0 301 373 3438 0.125 0.4546943231441048
table-0102-220 3 2 0 138 153 7496 0.5 0.05397727272727273
table-0102-663 1 3 0 7 13 1041 1.0 0.5172413793103449
table-0102-67 2 8 0 298 360 2407 0.125 0.07407407407407407
table-0102-680 3 22 17 93 114 9100 0.2 1.1304347826086956
table-0102-547 3 14 14 767 989 52616 1.0 0.008422056252979501
table-0102-116 6 7 7 163 238 2539 0.5 0.2691891891891892
table-0102-904 1 3 0 5 51 831 1.0 0.026373094604403582
table-0102-838 4 1 0 48 57 23414 0.5 0.06342780026990553
table-0102-778 31 5 0 195 134 22706 0.3333333333333333 0.12652407162265727
table-0102-648 5 4 0 315 387 3802 0.125 0.23401264933239635
table-0102-9 4 2 0 86 35 3526 0.5 0.04836759371221282
table-0102-537 7 23 56 127 223 17932 0.25 0.1833253078351792
table-0102-499 3 9 9 765 967 49172 1.0 0.001960412318978056
table-0102-366 1 6 0 300 378 3414 0.1111111111111111 0.0269857433808554
table-0102-498 7 6 0 765 967 49172 1.0 0.03813318155947638
table-0102-541 3 13 13 767 989 52616 1.0 0.0035754012394724295
table-0102-473 6 5 0 311 380 3863 0.125 0.1891025641025641
table-0102-313 10 5 0 305 369 2986 0.1111111111111111 0.3322072072072072
table-0102-915 1 2 1 29 72 1330 1.0 0.016129032258064516
table-0102-117 6 7 7 163 238 2539 0.5 0.22648648648648648
table-0102-686 2 3 0 64 54 1442 1.0 0.021137243227150937
table-0102-852 4 1 0 103 594 379 1.0 0.07066598881545501
table-0102-985 3 6 0 362 392 12665 0.3333333333333333 0.05204572803850782
table-0102-886 8 3 0 128 246 1544 0.05263157894736842 0.9199134199134199
table-0102-461 29 9 20 477 631 21765 0.1111111111111111 0.18708345620760838
table-0102-679 2 19 1 93 114 9100 0.2 0.8061594202898551
table-0102-118 6 7 7 163 238 2539 0.5 0.2410810810810811
table-0102-33 2 7 0 300 356 2677 0.125 0.05038529934795495
table-0102-552 3 12 12 723 1014 44400 1.0 0.0027454131511986074
table-0102-43 37 5 2 6 558 1152 0.07142857142857142 7.241610738255034
table-0102-857 2 3 0 103 594 379 1.0 0.04677173360447382
table-0102-514 6 2 4 15 26 1746 1.0 0.10339123242349049
table-0102-643 9 8 0 315 387 3802 0.125 0.14125087842586087
table-0102-550 2 4 0 24 57 1744 0.3333333333333333 0.049019607843137254
table-0102-215 1 7 0 301 382 3892 0.125 0.03327283726557774
table-0102-666 1 3 0 6 36 1140 1.0 0.20294784580498867
table-0102-826 6 3 0 1036 693 117605 0.3333333333333333 0.014295381492133311
table-0102-46 16 5 2 6 558 1152 0.07142857142857142 3.145413870246085
table-0102-20 1 4 1 22 25 1550 0.25 0.06134969325153374
table-0102-967 23 12 0 153 166 9298 0.5 0.06486304012345678
table-0102-140 8 5 0 431 505 7536 0.1111111111111111 0.10139634801288937
table-0102-244 1 7 0 382 365 3260 0.125 0.03762029746281715
table-0102-962 1 3 1 206 81 10477 1.0 0.03162310422717005
table-0102-290 8 5 0 296 380 3218 0.125 0.20715547703180212
table-0102-647 0 1 0 315 387 3802 0.125 0.0
table-0102-269 7 4 0 294 373 2723 0.125 0.5734597156398105
table-0102-530 11 4 0 446 545 13438 0.1111111111111111 0.4116743471582181
table-0102-942 1 2 0 61 98 2176 0.25 0.013957307060755337
table-0102-859 17 2 0 103 594 379 1.0 0.3650228774783935
table-0102-524 3 11 11 757 1041 44893 1.0 0.0023484608060933038
table-0102-844 4 7 0 10 94 788 0.2 0.27595628415300544
table-0102-611 8 9 0 329 394 9159 0.1111111111111111 0.09120439780109946
table-0102-997 7 5 0 311 391 4188 0.125 0.1101511879049676
table-0102-794 4 3 0 197 253 31142 1.0 0.04074274382549126
table-0102-736 1 6 0 234 256 14106 0.09090909090909091 0.012612870861401749
table-0102-90 1 7 0 296 351 2752 0.125 0.034101382488479264
table-0102-719 24 9 10 27 345 1072 1.0 0.5475192173305381
table-0102-321 131 4 131 169 433 1065 1.0 44.18779342723005
table-0102-460 29 9 19 477 631 21765 0.1111111111111111 0.19144795045709231
table-0102-437 3 15 15 845 1094 72659 1.0 0.0069592112893872024
table-0102-179 10 4 0 546 705 14517 0.1111111111111111 0.10571428571428572
table-0102-874 8 3 0 128 246 1544 0.05263157894736842 0.7445887445887446
table-0102-788 1 3 0 90 245 73610 1.0 0.011217732125962969
table-0102-5 1 7 0 298 339 2767 0.125 0.026333113890717578
table-0102-507 14 9 4 42 223 10800 0.2 0.3598265895953757
table-0102-539 7 6 0 767 989 52616 1.0 0.05204195137454314
table-0102-596 0 1 0 309 383 4311 0.125 0.0
table-0102-38 16 5 2 6 558 1152 0.07142857142857142 2.923937360178971
table-0102-191 1 3 0 147 110 136610 0.5 0.027060886995740416
table-0102-632 1 2 1 70 101 0 0.5 0.022700119474313024
table-0102-935 4 9 3 25 44 296 1.0 0.13700787401574804
table-0102-419 3 11 11 906 1180 58012 1.0 0.0024078533061678087
table-0102-270 1 3 0 38 47 2475 1.0 0.021104789869700862
table-0102-346 0 1 0 303 368 2796 0.1111111111111111 0.0
table-0102-88 3 8 0 296 351 2752 0.125 0.11889400921658987
table-0102-66 8 5 0 298 360 2407 0.125 0.41798941798941797
table-0102-810 0 1 0 105 118 3910 0.2 0.0
table-0102-864 1 2 1 7 21 1222 1.0 0.024516129032258065
table-0102-301 0 1 0 299 381 3581 0.125 0.0
table-0102-755 1 16 0 109 134 9833 0.14285714285714285 0.04279210925644916
table-0102-25 0 1 0 295 343 2625 0.125 0.0
table-0102-900 36 3 0 88 298 13704 0.3333333333333333 0.20663838283004743
table-0102-954 21 2 0 50 97 20272 0.3333333333333333 0.6369107321965898
table-0102-959 0 1 0 11 14 791 0.3333333333333333 0.0
table-0102-259 1 7 0 296 378 2741 0.125 0.032867132867132866
table-0102-298 8 8 0 299 381 3581 0.125 0.12142605012354395
table-0102-697 12 4 0 570 697 14393 0.1111111111111111 0.32488653555219366
table-0102-345 2 7 0 303 368 2796 0.1111111111111111 0.05084745762711865
table-0102-378 18 3 0 114 71 195 1.0 0.1111111111111111
table-0102-633 1 2 0 70 101 0 0.5 0.04181600955794504
table-0102-420 3 12 12 906 1180 58012 1.0 0.0026548126196209174
table-0102-40 28 5 2 6 558 1152 0.07142857142857142 5.27069351230425
table-0102-512 3 2 0 101 135 28205 0.3333333333333333 0.09393817743877961
table-0102-618 3 11 11 912 963 88453 1.0 0.0017257462686567165
table-0102-14 0 1 0 302 354 2850 0.125 0.0
table-0102-337 1 7 0 298 370 3449 0.1111111111111111 0.022485207100591716
table-0102-858 11 6 11 103 594 379 1.0 0.6664972038637519
table-0102-828 1 2 1 145 61 10229 1.0 0.017009847806624886
table-0102-362 1 2 0 7 19 1967 1.0 0.01763803680981595
table-0102-687 14 4 0 64 54 1442 1.0 0.17237272997916048
table-0102-396 5 26 48 246 243 9838 0.2 0.604419410745234
table-0102-885 8 3 0 128 246 1544 0.05263157894736842 0.9047619047619048
table-0102-434 3 3 0 44 58 1594 0.5 0.03229813664596273
table-0102-111 0 1 0 295 341 2454 0.125 0.0
table-0102-638 0 1 0 311 383 3986 0.125 0.0
table-0102-136 0 1 0 297 358 2723 0.125 0.0
table-0102-85 0 1 0 294 357 2945 0.125 0.0
table-0102-416 3 13 13 906 1180 58012 1.0 0.0027782922763474717
table-0102-669 4 22 18 191 178 6571 0.5 1.6175
table-0102-282 7 3 0 277 303 2210 1.0 0.4315134099616858
table-0102-701 5 2 0 570 697 14393 0.1111111111111111 0.08018154311649017
table-0102-76 1 7 0 295 362 2706 0.125 0.025965801139962
table-0102-214 1 7 0 301 382 3892 0.125 0.024198427102238355
table-0102-961 0 1 0 15 16 723 1.0 0.0
table-0102-160 3 8 0 398 384 4845 0.125 0.044976076555023926
table-0102-503 3 10 10 765 967 49172 1.0 0.0020868905331056726
table-0102-644 1 7 0 315 387 3802 0.125 0.02073085031623331
table-0102-876 8 3 0 128 246 1544 0.05263157894736842 0.8311688311688312
table-0102-335 8 8 0 298 370 3449 0.1111111111111111 0.22248520710059172
table-0102-797 47 8 45 234 148 752279 0.1 0.5965125709651257
table-0102-355 2 7 0 306 371 3649 0.1111111111111111 0.03726082578046324
table-0102-948 4 6 0 248 202 8395 1.0 0.017478397486252947
table-0102-850 4 5 0 103 594 379 1.0 0.07320793085917641
table-0102-496 0 1 0 20 26 448 1.0 0.0
table-0102-338 0 1 0 298 370 3449 0.1111111111111111 0.0
table-0102-45 30 5 2 6 558 1152 0.07142857142857142 5.527964205816555
table-0102-150 8 5 0 297 385 3252 0.125 0.20577933450087565
table-0102-695 8 4 0 570 697 14393 0.1111111111111111 0.23071104387291982
table-0102-480 5 6 0 759 1070 42013 1.0 0.03969214804565894
table-0102-73 8 5 0 295 362 2706 0.125 0.3058898036732109
table-0102-659 4 25 21 149 222 13884 0.25 0.9575033200531209
table-0102-965 4 9 3 20 27 610 0.5 0.1465798045602606
table-0102-543 3 11 11 767 989 52616 1.0 0.0031781344350866043
table-0102-705 2 3 0 695 534 66751 0.5 0.022976680384087792
table-0102-579 5 4 0 312 372 3550 0.125 0.4232527759634226
table-0102-242 8 5 0 382 365 3260 0.125 0.41557305336832895
table-0102-841 4 7 3 10 94 788 0.2 0.2780054644808743
table-0102-347 2 7 0 303 368 2796 0.1111111111111111 0.05387409200968523
table-0102-380 6 4 0 9 33 571 0.5 0.09210526315789473
table-0102-588 1 8 0 756 536 13512 0.08333333333333333 0.0032907323792760387
table-0102-344 8 8 0 303 368 2796 0.1111111111111111 0.23547215496368037
table-0102-82 0 1 0 294 357 2945 0.125 0.0
table-0102-348 0 1 0 303 368 2796 0.1111111111111111 0.0
table-0102-934 5 4 6 74 92 8990 0.25 0.026737111751520975
table-0102-931 33 3 0 1586 354 358599 0.5 2.2153005464480873
table-0102-129 0 1 0 296 345 2724 0.125 0.0
table-0102-247 0 1 0 382 365 3260 0.125 0.0
table-0102-430 2 10 0 218 233 164134 0.5 0.085508168894547
table-0102-284 2 8 0 295 371 2920 0.125 0.05046403712296984
table-0102-939 117 4 3 432 558 9467 0.2 11.255434782608695
table-0102-681 1 20 0 93 114 9100 0.2 0.1539855072463768
table-0102-488 0 1 0 311 382 3499 0.125 0.0
table-0102-363 10 5 0 300 378 3414 0.1111111111111111 0.2988798370672098
table-0102-849 4 9 0 103 594 379 1.0 0.07320793085917641
table-0102-1 0 1 0 298 335 2512 0.125 0.0
table-0102-266 0 1 0 294 373 2723 0.125 0.0
table-0102-327 10 4 10 169 433 1065 1.0 3.7183098591549295
table-0102-781 4 3 0 64 108 2172 1.0 0.29345023207839094
table-0102-811 8 5 2 105 118 3910 0.2 0.4688128772635815
table-0102-240 1 6 0 295 372 2688 0.125 0.033598045204642636
table-0102-626 3 8 0 310 379 4924 0.125 0.04562594268476621
table-0102-211 8 5 0 301 382 3892 0.125 0.2831215970961887
table-0102-152 1 7 0 297 385 3252 0.125 0.017075306479859893
table-0102-744 2 15 1 207 195 34436 0.2 0.11704503163379233
table-0102-764 5 32 14 573 714 26557 0.07142857142857142 0.2564564564564565
table-0102-531 9 4 0 446 545 13438 0.1111111111111111 0.33128520225294417
table-0102-432 2 14 1 438 362 27244 0.25 0.05422357941649816
table-0102-946 5 3 0 248 202 8395 1.0 0.010064807541241163
table-0102-390 12 6 0 43 216 25530 0.5 2.200501253132832
table-0102-162 4 7 0 398 384 4845 0.125 0.05454545454545454
table-0102-568 0 1 0 314 398 4498 0.125 0.0
table-0102-865 6 6 0 39 126 3889 0.2 0.04473955647240846
table-0102-329 40 4 40 169 433 1065 1.0 13.784037558685446
table-0102-830 14 6 14 145 46 59863 0.5 0.1202223766504517
table-0102-842 5 7 2 10 94 788 0.2 0.2459016393442623
table-0102-545 3 10 10 767 989 52616 1.0 0.002939774352455109
table-0102-181 5 2 0 546 705 14517 0.1111111111111111 0.028067226890756303
table-0102-725 1 17 0 640 763 35899 0.1 0.059270290394638867
table-0102-199 1 1 0 129 259 1632 0.5 0.035940803382663845
table-0102-978 5 6 0 36 61 13469 0.5 0.05426917510853835
table-0102-656 2 2 0 8 5 1147 1.0 0.5225806451612903
table-0102-369 6 4 0 300 378 3414 0.1111111111111111 0.4078411405295316
table-0102-186 10 6 0 216 79 34473 0.25 0.1282147785723247
table-0102-453 4 7 0 477 631 21765 0.1111111111111111 0.010203479799469183
table-0102-670 4 3 0 191 178 6571 0.5 0.37916666666666665
table-0102-873 8 3 0 128 246 1544 0.05263157894736842 0.7380952380952381
table-0102-495 15 23 30 547 412 28494 0.5 1.118145012881855
table-0102-534 5 2 0 446 545 13438 0.1111111111111111 0.10291858678955453
table-0102-227 8 4 0 302 378 3138 0.125 0.8033749082905356
table-0102-435 3 3 0 57 58 4951 0.5 0.029646522234891677
table-0102-762 1 7 0 573 714 26557 0.07142857142857142 0.00960960960960961
table-0102-655 3 3 0 332 453 14549 0.125 0.05227981583246696
table-0102-521 3 9 9 757 1041 44893 1.0 0.0021580450650587114
table-0102-304 10 5 0 300 364 3346 0.1111111111111111 0.3150395778364116
table-0102-580 6 5 0 314 383 3904 0.125 0.09120345385860766
table-0102-880 8 4 0 128 246 1544 0.05263157894736842 1.4112554112554112
table-0102-289 7 4 0 295 371 2920 0.125 0.5040603248259861
table-0102-726 2 17 0 640 763 35899 0.1 0.12002978406552495
table-0102-84 1 6 0 294 357 2945 0.125 0.02303860523038605
table-0102-775 1 18 0 103 119 11264 0.25 0.22275229357798165
table-0102-711 2 22 3 272 344 17172 0.09090909090909091 0.1477331272539928
table-0102-917 1 3 1 121 325 6354 0.3333333333333333 0.010264832683227263
table-0102-578 1 7 0 312 372 3550 0.125 0.024167210973220117
table-0102-869 8 4 0 128 246 1544 0.05263157894736842 1.8744588744588744
table-0102-80 8 5 0 294 357 2945 0.125 0.29514321295143214
table-0102-159 8 5 0 398 384 4845 0.125 0.1521531100478469
table-0102-790 6 3 0 143 219 6431 1.0 0.06745532343317392
table-0102-255 6 4 0 299 382 3050 0.125 0.3435114503816794
table-0102-443 3 12 12 845 1094 72659 1.0 0.002641922804304401
table-0102-281 15 4 15 262 135 17438 0.5 1.1424713031735314
table-0102-357 12 3 0 58 89 859 0.5 0.3450760608486789
table-0102-406 9 4 0 293 281 7629 0.3333333333333333 1.7738853503184713
table-0102-341 91 4 91 169 386 1137 1.0 34.016304347826086
table-0102-370 2 3 0 66 81 4852 0.5 0.043037974683544304
table-0102-947 7 3 0 248 202 8395 1.0 0.01993322859387274
table-0102-977 12 5 10 851 421 43196 0.3333333333333333 0.025487256371814093
table-0102-373 18 19 18 295 350 9457 0.25 1.3641674780915287
table-0102-526 2 2 1 42 64 11083 1.0 0.030855539971949508
table-0102-444 4 6 0 821 1149 49218 1.0 0.029922543823889116
table-0102-394 3 3 0 22 31 1479 1.0 0.22310513447432762
table-0102-267 1 7 0 294 373 2723 0.125 0.033852403520649964
table-0102-839 2 4 0 6 7 543 0.5 1.8876404494382022
table-0102-8 1 5 0 298 339 2767 0.125 0.025674786043449638
table-0102-732 1 3 0 234 256 14106 0.09090909090909091 0.01977927475992547
table-0102-104 1 7 0 296 350 2732 0.125 0.021046301864101023
table-0102-336 0 1 0 298 370 3449 0.1111111111111111 0.0
table-0102-371 53 5 2 367 611 189879 0.5 0.056201980725673936
table-0102-293 2 7 0 296 380 3218 0.125 0.037102473498233215
table-0102-252 1 7 0 299 382 3050 0.125 0.016963528413910092
table-0102-976 20 4 0 851 421 43196 0.3333333333333333 0.11033119803734497
table-0102-421 3 10 10 906 1180 58012 1.0 0.0023461134778045315
table-0102-782 1 2 1 18 23 2855 1.0 0.039473684210526314
table-0102-157 2 3 0 30 50 775 1.0 0.12985146142788692
table-0102-843 5 7 0 10 94 788 0.2 0.34289617486338797
table-0102-418 3 10 10 906 1180 58012 1.0 0.0023461134778045315
table-0102-154 2 7 0 297 385 3252 0.125 0.03239929947460595
table-0102-766 2 31 16 573 714 26557 0.07142857142857142 0.08776276276276276
table-0102-226 1 5 0 302 378 3138 0.125 0.03374908290535583
table-0102-981 0 1 0 22 31 759 0.5 0.0
table-0102-774 2 23 0 103 119 11264 0.25 0.4546788990825688
table-0102-984 4 6 0 362 392 12665 0.3333333333333333 0.08017448856799038
table-0102-622 3 11 11 912 963 88453 1.0 0.0017257462686567165
table-0102-696 9 4 0 570 697 14393 0.1111111111111111 0.2530257186081694
table-0102-100 7 4 0 297 354 3680 0.125 0.3125
table-0102-395 4 15 13 246 243 9838 0.2 0.46317157712305024
table-0102-392 12 4 0 12 31 582 0.5 0.20134874759152216
table-0102-175 8 4 0 546 705 14517 0.1111111111111111 0.10252100840336134
table-0102-765 1 19 0 573 714 26557 0.07142857142857142 0.03078078078078078
table-0102-768 11 29 60 573 714 26557 0.07142857142857142 0.6271771771771771
table-0102-998 9 8 0 311 391 4188 0.125 0.1179805615550756
table-0102-504 3 10 10 765 967 49172 1.0 0.0020868905331056726
table-0102-399 2 3 0 246 243 9838 0.2 0.09445407279029462
table-0102-330 2 7 0 78 205 14260 0.16666666666666666 0.030015797788309637
table-0102-300 0 1 0 299 381 3581 0.125 0.0
table-0102-58 5 6 0 40 92 1934 0.5 0.05118733509234828
table-0102-501 3 11 11 765 967 49172 1.0 0.0023398469613609054
table-0102-623 3 14 14 912 963 88453 1.0 0.004430970149253731
table-0102-490 1 7 0 311 382 3499 0.125 0.012231404958677685
table-0102-57 3 4 0 294 343 2392 0.125 0.25385239253852393
table-0102-703 3 11 11 570 697 14393 0.1111111111111111 0.032904689863842665
table-0102-836 12 2 5 28 48 13792 1.0 0.05735711390352655
table-0102-469 1 6 0 301 373 3438 0.125 0.02019650655021834
table-0102-506 3 15 15 765 967 49172 1.0 0.007398975526465566
table-0102-525 3 13 13 757 1041 44893 1.0 0.00583941605839416
table-0102-567 1 8 0 314 398 4498 0.125 0.011622031328954016
table-0102-56 0 1 0 294 343 2392 0.125 0.0
table-0102-206 0 1 0 299 392 4086 0.125 0.0
table-0102-816 0 1 0 94 76 6957 1.0 0.0
table-0102-427 17 3 0 19 43 45265 1.0 0.23293768545994065
table-0102-397 4 23 19 246 243 9838 0.2 0.82105719237435
table-0102-95 4 8 0 297 354 3680 0.125 0.07834507042253522
table-0102-709 6 10 0 272 344 17172 0.09090909090909091 0.18109222050489437
table-0102-184 3 12 0 216 79 34473 0.25 0.02283276878685234
table-0102-616 5 4 0 329 394 9159 0.1111111111111111 0.16616691654172913
table-0102-582 0 1 0 314 383 3904 0.125 0.0
table-0102-505 3 11 11 765 967 49172 1.0 0.002213368747233289
table-0102-594 1 3 0 756 536 13512 0.08333333333333333 0.010637483737659754
table-0102-458 14 9 11 477 631 21765 0.1111111111111111 0.08540253612503686
table-0102-862 1 2 0 20 22 3601 1.0 0.12121212121212122
table-0102-47 29 5 2 6 558 1152 0.07142857142857142 5.4630872483221475
table-0102-447 3 12 12 821 1149 49218 1.0 0.003342845495311863
table-0102-36 4 4 0 300 356 2677 0.125 0.2868998221695317
table-0102-241 6 4 0 295 372 2688 0.125 0.518020769700672
table-0102-233 0 1 0 295 378 2913 0.125 0.0
table-0102-650 8 23 58 198 262 8445 0.3333333333333333 1.452862677572105
table-0102-590 1 7 0 756 536 13512 0.08333333333333333 0.002984617739343384
table-0102-654 3 20 17 332 453 14549 0.125 0.06267637011733254
table-0102-603 6 8 0 316 387 5115 0.125 0.08664475649835673
table-0102-415 6 6 0 906 1180 58012 1.0 0.03383342594307588
table-0102-106 1 7 0 296 350 2732 0.125 0.020444978953698137
table-0102-929 1 3 0 113 257 1792 0.3333333333333333 0.012932832707551106
table-0102-910 0 1 0 19 68 62451 0.5 0.0
table-0102-306 0 1 0 300 364 3346 0.1111111111111111 0.0
table-0102-164 3 7 0 398 384 4845 0.125 0.0328548644338118
table-0102-877 8 3 0 128 246 1544 0.05263157894736842 0.6948051948051948
table-0102-854 21 4 0 103 594 379 1.0 0.9079816980172852
table-0102-365 3 7 0 300 378 3414 0.1111111111111111 0.07331975560081466
table-0102-137 1 6 0 297 358 2723 0.125 0.02714440825190011
table-0102-570 1 7 0 314 398 4498 0.125 0.011116725618999495
table-0102-671 4 19 4 337 499 12050 0.09090909090909091 0.3813638486688463
table-0102-210 9 4 0 299 392 4086 0.125 0.2704691812327507
table-0102-992 4 9 3 22 34 755 0.2 0.07731305449936629
table-0102-22 8 5 0 295 343 2625 0.125 0.2926980198019802
table-0102-519 3 8 8 757 1041 44893 1.0 0.0019676293240241194
table-0102-767 5 25 0 573 714 26557 0.07142857142857142 0.2587837837837838
table-0102-487 6 5 0 311 382 3499 0.125 0.1140495867768595
table-0102-291 1 8 0 296 380 3218 0.125 0.01987632508833922
table-0102-12 2 7 0 302 354 2850 0.125 0.04054054054054054
table-0102-436 6 6 0 845 1094 72659 1.0 0.03524711643791482
table-0102-720 31 9 21 27 345 1072 1.0 0.6614255765199162
table-0102-161 1 7 0 398 384 4845 0.125 0.01467304625199362
table-0102-483 3 10 10 759 1070 42013 1.0 0.003113109650639917
table-0102-424 1 3 0 28 48 2254 1.0 0.05974607916355489
table-0102-312 5 7 0 175 167 113572 0.5 0.017895423618230964
table-0102-863 45 5 44 206 149 11540 0.3333333333333333 0.3051728856856126
table-0102-479 6 4 0 311 380 3863 0.125 0.4519230769230769
table-0102-39 19 5 2 6 558 1152 0.07142857142857142 3.552572706935123
table-0102-871 8 3 0 128 246 1544 0.05263157894736842 0.974025974025974
table-0102-563 0 1 0 311 387 3338 0.125 0.0
table-0102-110 2 7 0 295 341 2454 0.125 0.05184659090909091
table-0102-205 2 8 0 299 392 4086 0.125 0.021159153633854646
table-0102-773 4 16 6 103 119 11264 0.25 0.48293577981651375
table-0102-21 3 4 0 22 25 1550 0.25 0.15249780893952672
table-0102-793 6 3 6 197 253 31142 1.0 0.03668649720569677
table-0102-605 3 7 0 316 387 5115 0.125 0.0403346280250971
table-0102-302 1 7 0 299 381 3581 0.125 0.012707377338510413
table-0102-658 9 17 24 149 222 13884 0.25 1.4940239043824701
table-0102-737 1 11 2 234 256 14106 0.09090909090909091 0.002006593091586642
table-0102-851 54 10 22 103 594 379 1.0 3.619217081850534
table-0102-468 0 1 0 301 373 3438 0.125 0.0
table-0102-272 4 10 3 100 154 1400 0.2 0.05128205128205128
table-0102-253 1 7 0 299 382 3050 0.125 0.021204410517387615
table-0102-221 8 5 0 302 378 3138 0.125 0.3448275862068966
table-0102-51 8 5 0 294 343 2392 0.125 0.3819951338199513
table-0102-485 3 10 10 759 1070 42013 1.0 0.003113109650639917
table-0102-909 11 7 4 361 385 48114 1.0 0.1290004384042087
table-0102-75 0 1 0 295 362 2706 0.125 0.0
table-0102-604 2 7 0 316 387 5115 0.125 0.025694651927098893
table-0102-319 6 4 0 305 369 2986 0.1111111111111111 0.4369369369369369
table-0102-678 4 8 12 203 148 53528 0.5 0.013858874377525135
table-0102-640 5 4 0 311 383 3986 0.125 0.2928321678321678
table-0102-349 6 4 0 303 368 2796 0.1111111111111111 0.4509685230024213
table-0102-987 3 9 2 13 14 725 0.3333333333333333 0.13448275862068965
table-0102-556 3 11 11 723 1014 44400 1.0 0.0026784518548279095
table-0102-123 7 7 9 163 238 2539 0.5 0.2789189189189189
table-0102-674 5 21 3 337 499 12050 0.09090909090909091 0.17468472676319477
table-0102-883 8 3 0 128 246 1544 0.05263157894736842 0.935064935064935
table-0102-574 2 8 0 312 372 3550 0.125 0.06270411495754409
table-0102-198 1 4 1 129 259 1632 0.5 0.10359408033826638
table-0102-510 19 9 9 42 223 10800 0.2 0.5187861271676301
table-0102-621 3 9 9 912 963 88453 1.0 0.001585820895522388
table-0102-361 3 3 0 21 19 875 0.5 0.06282722513089005
table-0102-795 2 4 0 202 214 20589 1.0 0.03323401329360532
table-0102-277 1 1 1 100 154 1400 0.2 0.0
table-0102-872 8 3 0 128 246 1544 0.05263157894736842 0.6363636363636364
table-0102-367 1 6 0 300 378 3414 0.1111111111111111 0.02240325865580448
table-0102-772 2 3 0 13 19 779 1.0 0.19527896995708155
table-0102-759 3 22 16 75 74 3951 0.5 1.1367965367965367
table-0102-108 8 5 0 295 341 2454 0.125 0.33735795454545453
table-0102-562 0 1 0 311 387 3338 0.125 0.0
table-0102-937 1 2 0 77 85 12593 0.5 0.021669341894060994
table-0102-169 3 3 0 146 76 3408 0.3333333333333333 0.33083511777301927
table-0102-918 2 5 1 121 325 6354 0.3333333333333333 0.023814411825087253
table-0102-807 133 3 0 39 1791 8392 0.2 64.33333333333333
table-0102-439 3 10 10 845 1094 72659 1.0 0.002384174238030801
table-0102-791 15 6 9 331 498 12477 1.0 0.15624131220461496
table-0102-560 1 8 0 311 387 3338 0.125 0.014178240740740741
table-0102-379 1 2 0 32 49 982 0.5 0.05636743215031315
table-0102-555 3 13 13 723 1014 44400 1.0 0.0028793357439400027
table-0102-825 45 4 61 95 77 140122 0.5 6.602941176470588
table-0102-441 3 10 10 845 1094 72659 1.0 0.002384174238030801
table-0102-925 2 2 0 57 76 6709 0.5 0.03670745272525028
table-0102-983 0 1 0 14 17 598 0.5 0.0
table-0102-134 1 7 0 297 358 2723 0.125 0.01737242128121607
table-0102-502 3 9 9 765 967 49172 1.0 0.002023651426041864
table-0102-174 3 13 13 546 705 14517 0.1111111111111111 0.01546218487394958
table-0102-821 29 3 3 37 1060 3259 0.16666666666666666 0.14616352201257862
table-0102-271 4 10 3 100 154 1400 0.2 0.062193126022913256
table-0102-513 1 2 0 101 135 28205 0.3333333333333333 0.01364913689281413
table-0102-223 1 7 0 302 378 3138 0.125 0.03301540719002201
table-0102-219 9 4 9 356 110 13151 0.5 0.5172972972972973
table-0102-446 3 12 12 821 1149 49218 1.0 0.003342845495311863
table-0102-940 17 4 0 432 558 9467 0.2 1.4021739130434783
table-0102-208 0 1 0 299 392 4086 0.125 0.0
table-0102-374 5 3 0 295 350 9457 0.25 0.28529698149951316
table-0102-166 4 8 0 82 119 23012 0.5 0.08133262823902697
table-0102-627 1 6 0 310 379 4924 0.125 0.016591251885369532
table-0102-139 7 6 0 46 158 3473 0.5 0.02442775181877329
table-0102-474 4 8 0 311 380 3863 0.125 0.11164529914529915
table-0102-48 29 5 2 6 558 1152 0.07142857142857142 5.684563758389261
table-0102-866 6 4 0 39 126 3889 0.2 0.025141825683341928
table-0102-785 3 5 5 66 115 23170 0.25 0.011467508725278379
table-0102-990 4 9 3 22 34 755 0.2 0.11280101394169835
table-0102-109 0 1 0 295 341 2454 0.125 0.0
table-0102-529 9 4 0 446 545 13438 0.1111111111111111 0.32206861239119305
table-0102-343 10 5 0 303 368 2796 0.1111111111111111 0.35472154963680386
table-0102-225 1 7 0 302 378 3138 0.125 0.043286867204695524
table-0102-216 1 5 0 301 382 3892 0.125 0.02722323049001815
table-0102-195 1 4 1 129 259 1632 0.5 0.05813953488372093
table-0102-868 8 6 0 28 97 2054 0.5 0.16178474114441416
table-0102-489 1 6 0 311 382 3499 0.125 0.012892561983471074
table-0102-402 20 4 0 8 29 732 0.5 0.382262996941896
table-0102-398 2 10 0 246 243 9838 0.2 0.19714038128249567
table-0102-758 3 3 0 109 134 9833 0.14285714285714285 0.08528072837632777
table-0102-614 6 7 0 329 394 9159 0.1111111111111111 0.061219390304847576
table-0102-950 13 3 0 248 202 8395 1.0 0.02101335428122545
table-0102-951 2 6 0 248 202 8395 1.0 0.01335428122545169
table-0102-527 2 3 2 101 115 3085 1.0 0.22666666666666666
table-0102-44 44 5 2 6 558 1152 0.07142857142857142 8.56599552572707
table-0102-113 1 6 0 295 341 2454 0.125 0.0234375
table-0102-360 92 4 92 177 616 1460 1.0 31.467005076142133
table-0102-575 0 1 0 312 372 3550 0.125 0.0
table-0102-707 2 2 1 7 22 962 1.0 0.09883720930232558
table-0102-718 42 9 23 27 345 1072 1.0 0.872816212438854
table-0102-500 3 14 14 765 967 49172 1.0 0.0027825207108075635
table-0102-661 10 23 81 183 252 23522 0.25 0.8365853658536585
table-0102-413 4 4 0 66 55 4359 0.5 0.08163265306122448
table-0102-353 2 7 0 306 371 3649 0.1111111111111111 0.05387713997985901
table-0102-996 6 4 0 26 43 1524 0.5 0.8652037617554859
table-0102-631 5 4 0 310 379 4924 0.125 0.251131221719457
table-0102-802 1 1 0 554 390 27548 1.0 0.0017675050985723998
table-0102-262 8 4 0 296 378 2741 0.125 0.6867132867132867
table-0102-896 1 2 1 42 65 2847 0.5 0.008225108225108226
table-0102-898 2 4 0 7 13 876 0.5 0.34507042253521125
table-0102-926 0 1 0 19 117 1223 1.0 0.0
table-0102-698 8 4 0 570 697 14393 0.1111111111111111 0.21482602118003025
table-0102-589 0 1 0 756 536 13512 0.08333333333333333 0.0
table-0102-907 6 7 0 361 385 48114 1.0 0.1046690048224463
table-0102-540 3 11 11 767 989 52616 1.0 0.0031781344350866043
table-0102-906 8 7 0 361 385 48114 1.0 0.13601490574309513
table-0102-538 1 2 0 32 56 2273 0.5 0.046153846153846156
table-0102-287 3 7 0 295 371 2920 0.125 0.08874709976798144
table-0102-173 4 3 2 97 63 11607 0.2 0.05148048452220727
table-0102-331 1 8 0 78 205 14260 0.16666666666666666 0.015995260663507108
table-0102-690 4 19 3 471 484 29197 0.2 0.46875
table-0102-278 8 3 0 100 154 1400 0.2 0.13857064920894707
table-0102-63 1 6 0 296 357 2531 0.125 0.033385093167701864
table-0102-428 3 2 0 46 57 2102 0.5 0.04554455445544554
table-0102-273 1 1 1 100 154 1400 0.2 0.0
table-0102-339 1 5 0 298 370 3449 0.1111111111111111 0.028402366863905324
table-0102-193 5 4 0 129 259 1632 0.5 0.2135306553911205
table-0102-892 6 6 0 35 138 3668 0.5 0.0145413870246085
table-0102-922 116 4 7 357 459 7553 0.2 7.8441558441558445
table-0102-879 8 3 0 128 246 1544 0.05263157894736842 0.816017316017316
table-0102-83 2 7 0 294 357 2945 0.125 0.048567870485678705
table-0102-763 15 23 142 573 714 26557 0.07142857142857142 0.4132882882882883
table-0102-207 2 7 0 299 392 4086 0.125 0.018859245630174794
table-0102-324 21 4 21 169 433 1065 1.0 7.328638497652582
table-0102-112 0 1 0 295 341 2454 0.125 0.0
table-0102-831 2 3 0 41 115 4679 1.0 0.04247032640949555
table-0102-801 6 3 0 234 148 752279 0.1 0.006184103811841038
table-0102-423 1 2 1 39 40 2365 1.0 0.026722925457102673
table-0102-620 3 11 11 912 963 88453 1.0 0.0017257462686567165
table-0102-812 8 2 0 205 342 2427 0.5 4.683982683982684
table-0102-944 1 3 0 61 98 2176 0.25 0.01683087027914614
table-0102-882 8 3 0 128 246 1544 0.05263157894736842 0.961038961038961
table-0102-770 2 11 0 33 74 3965 0.3333333333333333 0.05341614906832298
table-0102-163 1 6 0 398 384 4845 0.125 0.014992025518341308
table-0102-400 15 23 135 238 274 40175 0.2 1.0167861184458695
table-0102-689 0 1 0 21 27 492 1.0 0.0
table-0102-625 7 5 0 310 379 4924 0.125 0.15309200603318251
table-0102-569 2 7 0 314 398 4498 0.125 0.018948964123294592
table-0102-231 0 1 0 295 378 2913 0.125 0.0
table-0102-593 5 4 0 756 536 13512 0.08333333333333333 0.052728246728399784
table-0102-264 2 8 0 294 373 2723 0.125 0.06296547054840894
table-0102-204 8 5 0 299 392 4086 0.125 0.10809567617295308
table-0102-71 1 5 0 298 360 2407 0.125 0.036155202821869487
table-0102-27 0 1 0 295 343 2625 0.125 0.0
table-0102-68 2 7 0 298 360 2407 0.125 0.07231040564373897
table-0102-641 7 5 0 315 387 3802 0.125 0.1444132115249473
table-0102-813 3 3 0 20 27 2950 1.0 0.1791044776119403
table-0102-994 13 2 0 78 90 22416 0.5 0.8709302325581395
table-0102-315 1 7 0 305 369 2986 0.1111111111111111 0.021396396396396396
table-0102-3 8 5 0 298 339 2767 0.125 0.31138907175773534
table-0102-769 1 23 0 573 714 26557 0.07142857142857142 0.04091591591591592
table-0102-729 1 12 0 640 763 35899 0.1 0.03961280714817573
table-0102-988 0 1 0 13 14 725 0.3333333333333333 0.0
table-0102-274 8 3 0 100 154 1400 0.2 0.0878341516639389
table-0102-316 5 7 0 305 369 2986 0.1111111111111111 0.1356981981981982
table-0102-819 5 3 0 38 679 3032 0.3333333333333333 0.030944728051931682
table-0102-257 1 8 0 296 378 2741 0.125 0.033566433566433566
table-0102-888 5 6 0 33 67 1849 0.5 0.1073968705547653
table-0102-120 7 7 10 163 238 2539 0.5 0.27945945945945944
table-0102-688 13 4 1 64 54 1442 1.0 0.13932718070854422
table-0102-535 9 8 0 446 545 13438 0.1111111111111111 0.5463389656938044
table-0102-561 1 7 0 311 387 3338 0.125 0.012152777777777778
table-0102-13 1 7 0 302 354 2850 0.125 0.019305019305019305
table-0102-299 1 7 0 299 381 3581 0.125 0.01447229085774797
table-0102-294 3 7 0 296 380 3218 0.125 0.0627208480565371
table-0102-202 1 1 0 129 259 1632 0.5 0.03699788583509514
table-0102-743 0 1 0 6 21 510 1.0 0.0
table-0102-595 6 5 0 309 383 4311 0.125 0.1111470113085622
table-0102-861 4 11 0 103 594 379 1.0 0.24300965937976615
table-0102-317 1 7 0 305 369 2986 0.1111111111111111 0.020833333333333332
table-0102-131 4 4 0 296 345 2724 0.125 0.36655405405405406
table-0102-258 0 1 0 296 378 2741 0.125 0.0
table-0102-393 12 4 0 178 202 4094 0.5 0.8233510235026535
table-0102-475 2 7 0 311 380 3863 0.125 0.038995726495726496
table-0102-359 300 4 301 177 616 1460 1.0 110.9238578680203
table-0102-11 0 1 0 302 354 2850 0.125 0.0
table-0102-776 7 3 0 22 49 1473 1.0 0.30115830115830117
table-0102-450 1 3 0 3 14 741 1.0 0.2950391644908616
table-0102-846 38 13 191 103 594 379 1.0 2.7585155058464665
table-0102-818 69 3 3 38 679 3032 0.3333333333333333 0.4046763723451188
table-0102-295 0 1 0 296 380 3218 0.125 0.0
table-0102-713 7 6 0 272 344 17172 0.09090909090909091 0.09325090159711488
table-0102-340 5 4 0 298 370 3449 0.1111111111111111 0.37514792899408284
table-0102-465 8 8 0 477 631 21765 0.1111111111111111 0.02317900324388086
table-0102-823 25 3 2 37 1060 3259 0.16666666666666666 0.11054088050314466
table-0102-350 10 5 0 306 371 3649 0.1111111111111111 0.2945619335347432
table-0102-463 26 9 17 477 631 21765 0.1111111111111111 0.17493364789147745
table-0102-456 5 4 0 477 631 21765 0.1111111111111111 0.03998820406959599
table-0102-585 0 1 0 314 383 3904 0.125 0.0
table-0102-192 0 1 0 118 124 11235 1.0 0.0
table-0102-105 0 1 0 296 350 2732 0.125 0.0
table-0102-735 1 5 0 234 256 14106 0.09090909090909091 0.0008599684678228465
table-0102-745 4 22 0 207 195 34436 0.2 0.4359880908075921
table-0102-455 2 7 0 477 631 21765 0.1111111111111111 0.004541433205544087
table-0102-784 32 9 98 66 115 23170 0.25 0.40884161542296826
table-0102-388 5 5 4 172 190 13911 0.5 0.06184947958366693
table-0102-203 1 3 0 52 76 5861 1.0 0.021973160300840584
table-0102-617 5 6 0 912 963 88453 1.0 0.020149253731343283
table-0102-23 2 8 0 295 343 2625 0.125 0.0594059405940594
table-0102-52 8 8 0 294 343 2392 0.125 0.28142741281427414
table-0102-49 20 5 2 6 558 1152 0.07142857142857142 3.959731543624161
table-0102-268 0 1 0 294 373 2723 0.125 0.0
table-0102-309 2 5 0 300 364 3346 0.1111111111111111 0.03430079155672823
table-0102-708 4 23 22 272 344 17172 0.09090909090909091 0.2390520350334879
table-0102-833 2 5 6 51 82 2124 1.0 0.1187648456057007
table-0102-887 8 3 0 128 246 1544 0.05263157894736842 0.9155844155844156
table-0102-261 1 7 0 296 378 2741 0.125 0.03496503496503497
table-0102-930 1 1 0 113 257 1792 0.3333333333333333 0.03128911138923655
table-0102-158 11 6 0 31 190 1975 0.5 6.728301886792453
table-0102-586 5 4 0 314 383 3904 0.125 0.1829465731246627
table-0102-583 2 7 0 314 383 3904 0.125 0.020237452779276847
table-0102-572 5 4 0 314 398 4498 0.125 0.17382516422435573
table-0102-407 1 2 1 7 19 1120 1.0 0.02289156626506024
table-0102-602 7 5 0 316 387 5115 0.125 0.12160143412010756
table-0102-741 6 22 32 212 143 8185 0.3333333333333333 0.6513527309851965
table-0102-50 7 6 0 32 73 1394 0.5 0.09905277401894452
table-0102-597 2 7 0 309 383 4311 0.125 0.025848142164781908
table-0102-783 10 7 6 66 115 23170 0.25 0.12481302974904437
table-0102-364 8 8 0 300 378 3414 0.1111111111111111 0.18991853360488797
table-0102-26 2 7 0 295 343 2625 0.125 0.05631188118811881
table-0102-986 3 9 2 13 14 725 0.3333333333333333 0.12931034482758622
table-0102-411 1 3 0 47 40 14541 1.0 0.018198529411764707
table-0102-952 5 3 0 248 202 8395 1.0 0.006431657501963865
table-0102-99 1 5 0 297 354 3680 0.125 0.01584507042253521
table-0102-649 10 20 55 198 262 8445 0.3333333333333333 1.38958243650452
table-0102-606 1 7 0 316 387 5115 0.125 0.011652225873916941
table-0102-72 11 4 0 298 360 2407 0.125 0.9876543209876543
table-0102-417 3 12 12 906 1180 58012 1.0 0.0025930727912576402
table-0102-15 0 1 0 302 354 2850 0.125 0.0
table-0102-724 13 8 0 640 763 35899 0.1 0.2552494415487714
table-0102-383 1 3 0 16 18 907 1.0 0.1855421686746988
table-0102-911 4 2 0 280 252 12963 0.25 0.018317935648295636
table-0102-991 4 9 4 22 34 755 0.2 0.053231939163498096
table-0102-639 1 5 0 311 383 3986 0.125 0.013986013986013986
table-0102-533 11 4 0 446 545 13438 0.1111111111111111 0.39631336405529954
table-0102-275 4 10 4 100 154 1400 0.2 0.028368794326241134
table-0102-518 3 10 10 757 1041 44893 1.0 0.002221516978736909
table-0102-470 0 1 0 301 373 3438 0.125 0.0
table-0102-558 3 2 0 86 83 771 0.5 0.028037383177570093
table-0102-676 1 3 0 337 499 12050 0.09090909090909091 0.02849135917795423
table-0102-217 8 4 0 301 382 3892 0.125 0.6569872958257713
table-0102-98 2 7 0 297 354 3680 0.125 0.03653169014084507
table-0102-153 3 7 0 297 385 3252 0.125 0.05560420315236427
table-0102-837 8 2 4 25 54 9386 1.0 0.02761795166858458
table-0102-168 3 2 0 10 24 1461 1.0 0.0930576070901034
table-0102-749 3 22 16 417 468 9872 0.16666666666666666 0.42975480450629555
table-0102-386 3 1 0 157 132 2045 1.0 0.29745042492917845
table-0102-212 3 8 0 301 382 3892 0.125 0.08166969147005444
table-0102-936 0 1 0 25 44 296 1.0 0.0
table-0102-286 1 6 0 295 371 2920 0.125 0.02262180974477958
table-0102-32 2 7 0 300 356 2677 0.125 0.05394190871369295
table-0102-668 2 2 0 32 75 41642 1.0 0.015022015022015021
table-0102-94 8 5 0 297 354 3680 0.125 0.207306338028169
table-0102-721 39 9 32 27 345 1072 1.0 1.1799440950384346
table-0102-263 8 5 0 294 373 2723 0.125 0.32024373730534866
table-0102-667 1 3 0 48 71 3327 1.0 0.04709287029729019
table-0102-702 9 8 0 570 697 14393 0.1111111111111111 0.38199697428139184
table-0102-751 11 8 0 417 468 9872 0.16666666666666666 0.4993373094764745
table-0102-143 0 1 0 431 505 7536 0.1111111111111111 0.0
table-0102-70 1 7 0 298 360 2407 0.125 0.043209876543209874
table-0102-310 6 4 0 300 364 3346 0.1111111111111111 0.3978891820580475
table-0102-619 3 10 10 912 963 88453 1.0 0.0016324626865671641
table-0102-433 7 4 0 438 362 27244 0.25 0.010399042627821566
table-0102-31 8 8 0 300 356 2677 0.125 0.21339656194427978
table-0102-789 12 4 12 138 249 1423 0.5 1.6290983606557377
table-0102-245 1 7 0 382 365 3260 0.125 0.03412073490813648
table-0102-135 0 1 0 297 358 2723 0.125 0.0
table-0102-260 0 1 0 296 378 2741 0.125 0.0
table-0102-232 1 7 0 295 378 2913 0.125 0.03849114703618168
table-0102-177 11 4 0 546 705 14517 0.1111111111111111 0.13831932773109243
table-0102-980 4 9 4 22 31 759 0.5 0.0859538784067086
table-0102-497 2 10 0 59 82 7645 1.0 0.1160995138690306
table-0102-151 8 8 0 297 385 3252 0.125 0.1510507880910683
table-0102-905 2 3 0 91 96 4451 1.0 0.09375
table-0102-613 2 8 0 329 394 9159 0.1111111111111111 0.023738130934532732
table-0102-855 0 1 0 103 594 379 1.0 0.0
table-0102-515 3 2 0 23 40 66009 1.0 0.025859619210002842
table-0102-482 3 10 10 759 1070 42013 1.0 0.003113109650639917
table-0102-516 3 2 3 35 40 3755 0.5 0.021657250470809793
table-0102-457 0 1 0 477 631 21765 0.1111111111111111 0.0
table-0102-77 2 7 0 295 362 2706 0.125 0.05636478784040532
table-0102-657 2 2 2 403 365 10280 1.0 0.009459060005911913
table-0102-890 5 6 0 49 100 3285 0.5 0.04932735426008968
table-0102-897 3 5 0 42 65 2847 0.5 0.025974025974025976
table-0102-467 2 8 0 301 373 3438 0.125 0.05403930131004367
table-0102-672 1 15 0 337 499 12050 0.09090909090909091 0.0812704343764596
table-0102-403 8 7 0 222 269 6538 1.0 0.041687029615873325
table-0102-740 2 17 0 234 256 14106 0.09090909090909091 0.16640389852372078
table-0102-665 1 3 0 13 27 1270 1.0 0.18460019743336623
table-0102-832 0 1 0 124 118 17727 1.0 0.0
table-0102-54 1 7 0 294 343 2392 0.125 0.034874290348742905
table-0102-700 12 4 0 570 697 14393 0.1111111111111111 0.31959152798789714
table-0102-979 5 6 0 17 38 808 0.5 0.18730886850152906
table-0102-323 8 4 8 169 433 1065 1.0 2.863849765258216
table-0102-508 59 9 35 42 223 10800 0.2 2.001926782273603
table-0102-237 0 1 0 295 372 2688 0.125 0.0
table-0102-824 3 3 0 37 1060 3259 0.16666666666666666 0.015144654088050314
table-0102-64 3 7 0 296 357 2531 0.125 0.09083850931677019
table-0102-682 1 15 0 93 114 9100 0.2 0.3233695652173913
table-0102-615 3 12 12 329 394 9159 0.1111111111111111 0.013243378310844578
table-0102-409 2 1 0 153 134 1466 1.0 0.2
table-0102-796 1 7 0 234 148 752279 0.1 0.2571978913219789
table-0102-982 3 9 0 14 17 598 0.5 0.33753943217665616
table-0102-326 2 4 2 169 433 1065 1.0 0.6056338028169014
table-0102-41 16 5 2 6 558 1152 0.07142857142857142 3.0648769574944073
table-0102-459 28 9 17 477 631 21765 0.1111111111111111 0.1813624299616632
table-0102-856 37 30 524 103 594 379 1.0 2.3812913065582104
table-0102-442 3 11 11 845 1094 72659 1.0 0.002641922804304401
table-0102-182 9 8 0 546 705 14517 0.1111111111111111 0.18235294117647058
table-0102-975 12 6 0 851 421 43196 0.3333333333333333 0.09152242060787788
table-0102-466 10 5 0 301 373 3438 0.125 0.3155021834061135
table-0102-91 1 7 0 296 351 2752 0.125 0.03963133640552995
table-0102-178 8 4 0 546 705 14517 0.1111111111111111 0.10252100840336134
table-0102-59 8 5 0 296 357 2531 0.125 0.3695652173913043
table-0102-224 0 1 0 302 378 3138 0.125 0.0
table-0102-37 63 14 410 6 558 1152 0.07142857142857142 7.644295302013423
table-0102-914 38 8 11 280 252 12963 0.25 0.3889773813316343
table-0102-532 9 4 0 446 545 13438 0.1111111111111111 0.3036354326676907
table-0102-634 7 5 0 311 383 3986 0.125 0.17482517482517482
table-0102-130 1 7 0 296 345 2724 0.125 0.04307432432432432
table-0102-401 12 13 35 57 64 2457 0.5 2.598870056497175
table-0102-903 94 5 241 16 165 10666 1.0 0.4948049735990462
table-0102-334 10 5 0 298 370 3449 0.1111111111111111 0.35502958579881655
table-0102-422 3 14 14 906 1180 58012 1.0 0.006606161634870655
table-0102-476 4 7 0 311 380 3863 0.125 0.07852564102564102
table-0102-722 24 9 15 27 345 1072 1.0 0.5538085255066387
table-0102-629 1 7 0 310 379 4924 0.125 0.013951734539969835
table-0102-528 9 4 0 446 545 13438 0.1111111111111111 0.3384536610343062
table-0102-128 0 1 0 296 345 2724 0.125 0.0
table-0102-101 8 5 0 296 350 2732 0.125 0.28502705953096813
table-0102-949 2 6 0 248 202 8395 1.0 0.013992537313432836
table-0102-107 7 4 0 296 350 2732 0.125 0.4515935057125676
table-0102-573 6 5 0 312 372 3550 0.125 0.22142390594382758
table-0102-167 1 2 0 70 95 2180 0.5 0.07480916030534351
table-0102-16 2 4 0 302 354 2850 0.125 0.1192084942084942
table-0102-989 4 9 2 22 34 755 0.2 0.1761723700887199
table-0102-322 11 4 11 169 433 1065 1.0 3.7464788732394365
table-0102-953 9 4 4 276 246 35517 0.25 0.014443631321495976
table-0102-381 3 3 0 55 72 2283 1.0 0.12923955730096395
table-0102-853 13 7 4 103 594 379 1.0 1.0122013218098627
table-0102-318 1 7 0 305 369 2986 0.1111111111111111 0.021396396396396396
table-0102-297 8 5 0 299 381 3581 0.125 0.16554888810448287
table-0102-74 5 8 0 295 362 2706 0.125 0.13742875237492083
table-0102-35 1 7 0 300 356 2677 0.125 0.022525192649673977
table-0102-808 1 2 0 105 118 3910 0.2 0.01609657947686117
table-0102-798 7 6 8 234 148 752279 0.1 0.017335766423357664
table-0102-404 15 4 9 9 52 1946 0.5 0.08663282571912014
table-0102-706 0 1 0 10 15 759 1.0 0.0
table-0102-352 2 7 0 306 371 3649 0.1111111111111111 0.0473313192346425
table-0102-847 1 20 0 103 594 379 1.0 0.019318759532282664
table-0102-405 18 19 18 293 281 7629 0.3333333333333333 4.624203821656051
table-0102-471 2 7 0 301 373 3438 0.125 0.0453056768558952
table-0102-34 2 7 0 300 356 2677 0.125 0.04860699466508595
table-0102-494 1 3 0 12 16 1205 1.0 0.28308823529411764
table-0102-314 8 8 0 305 369 2986 0.1111111111111111 0.21565315315315314
table-0102-752 1 3 0 417 468 9872 0.16666666666666666 0.03777335984095427
table-0102-592 0 1 0 756 536 13512 0.08333333333333333 0.0
table-0102-714 1 19 1 272 344 17172 0.09090909090909091 0.059505409582689336
table-0102-78 3 5 0 295 362 2706 0.125 0.06713109563014566
table-0102-477 0 1 0 311 380 3863 0.125 0.0
table-0102-912 9 10 12 280 252 12963 0.25 0.057980248486779226
table-0102-960 0 1 0 16 16 776 1.0 0.0
table-0102-332 1 6 1 78 205 14260 0.16666666666666666 0.023894154818325436
table-0102-712 7 20 40 272 344 17172 0.09090909090909091 0.34028851107676455
table-0102-187 11 5 11 237 175 28980 0.5 0.4094763092269327
table-0102-554 3 13 13 723 1014 44400 1.0 0.0029462970403107006
table-0102-963 3 9 2 17 24 744 0.5 0.09302325581395349
table-0102-571 1 7 0 314 398 4498 0.125 0.009095502779181405
table-0102-891 8 6 0 33 110 1699 0.5 0.09327817993795243
table-0102-966 0 1 0 20 27 610 0.5 0.0
table-0102-817 5 1 5 254 124 33270 0.5 0.0
table-0102-119 6 7 7 163 238 2539 0.5 0.2372972972972973
table-0102-972 0 1 0 13 16 666 1.0 0.0
table-0102-102 0 1 0 296 350 2732 0.125 0.0
table-0102-717 24 8 11 27 345 1072 1.0 0.45422781271837875
table-0102-889 7 6 4 30 72 2522 0.3333333333333333 0.07891047466453034
table-0102-511 3 2 3 45 55 26911 1.0 0.06240126382306477
table-0102-305 4 8 0 300 364 3346 0.1111111111111111 0.10448548812664908
table-0102-234 6 4 0 295 378 2913 0.125 0.6420323325635104
table-0102-62 2 7 0 296 357 2531 0.125 0.06521739130434782
table-0102-522 3 11 11 757 1041 44893 1.0 0.0023484608060933038
table-0102-916 1 2 1 60 67 13696 1.0 0.013960323291697281
table-0102-820 96 3 10 37 1060 3259 0.16666666666666666 0.4696352201257862
table-0102-249 8 5 0 299 382 3050 0.125 0.19889737065309585
table-0102-675 1 7 0 337 499 12050 0.09090909090909091 0.0021018215787015414
table-0102-895 6 2 6 146 89 4793 0.5 0.014904002603319233
table-0102-956 1 7 1 78 70 2807 0.5 0.05197920831667333
table-0102-464 1 9 1 477 631 21765 0.1111111111111111 0.005308168681804777
table-0102-577 0 1 0 312 372 3550 0.125 0.0
table-0102-250 1 8 0 299 382 3050 0.125 0.01993214588634436
table-0102-183 4 2 0 358 412 27848 0.3333333333333333 0.0027810115120941665
table-0102-548 1 2 1 24 57 1744 0.3333333333333333 0.00980392156862745
table-0102-829 1 3 0 10 45 1313 1.0 0.03930861444103708
table-0102-968 4 6 0 28 72 1566 0.5 0.14648212226066898
table-0102-517 7 6 0 757 1041 44893 1.0 0.03827356394795303
table-0102-213 0 1 0 301 382 3892 0.125 0.0
table-0102-235 8 5 0 295 372 2688 0.125 0.2944410507025046
table-0102-684 0 1 0 25 32 714 1.0 0.0
table-0102-757 2 5 0 109 134 9833 0.14285714285714285 0.041881638846737484
