table_id rows cols nulls inlinks outlinks views table_imp table_fraction
table-0002-160 5 3 0 123 127 1468 1.0 0.24424146147736298
table-0002-666 2 2 0 140 197 5810 0.5 0.03444034440344403
table-0002-673 5 3 0 27 26 11410 0.3333333333333333 0.03551014214173706
table-0002-753 8 6 0 398 192 13238 0.3333333333333333 0.8693877551020408
table-0002-41 10 3 0 20 15 324 1.0 1.2929085303186023
table-0002-243 4 2 0 61 104 1534 0.16666666666666666 0.0128
table-0002-839 9 2 4 9 48 514 1.0 0.09038978494623656
table-0002-552 11 4 5 120 187 34312 0.058823529411764705 0.15439770554493307
table-0002-886 30 6 34 16 713 33127 0.09090909090909091 2.502968617472434
table-0002-443 12 2 0 24 45 1946 0.3333333333333333 0.11908856405846947
table-0002-949 30 4 0 315 471 58054 1.0 2.2468694096601074
table-0002-356 0 1 0 70 101 22076 1.0 0.0
table-0002-319 2 2 0 14 45 2096 0.5 0.09050445103857567
table-0002-712 2 3 0 24 41 2390 0.5 0.10842433697347893
table-0002-432 9 7 14 350 186 3939 1.0 0.1647848642050656
table-0002-176 14 3 0 3 5 1721 0.08333333333333333 2.945273631840796
table-0002-605 2 4 0 119 187 9523 1.0 0.06517311608961303
table-0002-124 1 3 0 63 60 1017 1.0 0.20743919885550788
table-0002-804 29 5 0 246 168 230847 0.5 1.2755445369222596
table-0002-189 11 3 0 713 548 39569 0.125 0.023922175547203182
table-0002-425 17 4 0 174 148 2024 1.0 2.939233817701453
table-0002-749 7 2 0 5290 1363 2825630 0.5 0.01021854360951274
table-0002-628 3 3 0 69 66 3440 1.0 0.06571484451398396
table-0002-188 3 3 0 347 446 8936 1.0 0.10642750373692078
table-0002-152 9 7 13 374 159 6056 1.0 0.19843444227005871
table-0002-528 18 10 36 344 349 1218 1.0 0.14732930209120684
table-0002-445 6 7 0 363 318 1848 1.0 0.2869103203992916
table-0002-544 4 6 6 290 265 980 1.0 0.1323529411764706
table-0002-859 15 22 65 43 237 899 0.25 0.17212490479817213
table-0002-497 2 4 0 33 68 457 1.0 0.006279434850863423
table-0002-948 3 23 3 217 136 8287 0.5 1.058210251954822
table-0002-623 0 1 0 16 18 687 1.0 0.0
table-0002-164 5 2 0 183 91 238455 1.0 0.0006191567085629373
table-0002-841 2 2 0 9 48 514 1.0 0.021505376344086023
table-0002-867 4 2 0 34 71 1327 0.5 0.02106649111257406
table-0002-959 2 2 0 9 15 953 1.0 0.08625
table-0002-856 12 4 0 50 61 2678 0.5 0.4910071942446043
table-0002-838 3 2 0 6 23 1982 1.0 0.05042016806722689
table-0002-938 1 2 0 22 63 10625 0.25 0.020100502512562814
table-0002-510 13 2 0 222 91 89165 0.1111111111111111 0.10110893672537508
table-0002-296 7 4 0 28 74 13807 0.03125 0.5153922542204568
table-0002-608 1 4 0 119 187 9523 1.0 0.027834351663272233
table-0002-517 42 7 6 328 233 4254 0.5 2.0290999792143007
table-0002-603 24 8 15 23 98 9050 1.0 0.9036193574623831
table-0002-168 2 3 0 40 54 39179 1.0 0.0216337187616561
table-0002-724 3 3 4 5875 883 1696063 0.5 0.0063276772033369275
table-0002-752 7 6 0 398 192 13238 0.3333333333333333 0.7959183673469388
table-0002-589 0 1 0 43 36 9274 1.0 0.0
table-0002-284 7 6 16 383 433 20956 1.0 0.00801881749171389
table-0002-78 15 3 0 289 298 8763 0.2 0.5051622418879056
table-0002-935 24 4 5 22 63 10625 0.25 0.7060301507537688
table-0002-128 5 9 0 568 497 106561 1.0 0.2042875157629256
table-0002-291 22 5 31 26 55 965 0.5 3.712574850299401
table-0002-174 16 3 0 3 5 1721 0.08333333333333333 2.5671641791044775
table-0002-740 6 3 0 55 80 2005 0.16666666666666666 0.03726636853571838
table-0002-873 10 7 0 86 148 62879 0.3333333333333333 0.829688060236644
table-0002-86 22 15 219 85 296 2687 0.058823529411764705 0.07101176936010285
table-0002-418 22 4 17 268 161 199572 0.25 0.15226209048361936
table-0002-807 2 4 2 344 483 1108 0.5 0.14096385542168674
table-0002-173 0 1 0 3 5 1721 0.08333333333333333 0.0
table-0002-450 3 2 0 72 110 2182 0.3333333333333333 0.06326781326781326
table-0002-861 3 6 0 83 143 927 1.0 0.07044320516583505
table-0002-809 5 10 3 181 217 6512 0.3333333333333333 0.12305168170631665
table-0002-772 5 15 5 351 209 77986 0.3333333333333333 0.11869639794168096
table-0002-509 3 3 0 72 89 1445 1.0 0.10676953708312593
table-0002-643 4 7 11 290 271 88000 0.09090909090909091 0.006342231802354502
table-0002-638 8 4 3 95 104 2741 0.5 0.10779681039574719
table-0002-360 13 13 0 8 32 674 1.0 0.6323676323676324
table-0002-925 5 7 0 547 635 16736 0.07692307692307693 0.16153457849570924
table-0002-779 1 3 0 224 173 12431 0.5 0.4440894568690096
table-0002-390 17 8 0 92 152 8623 0.2 7.444244604316546
table-0002-353 63 4 53 538 328 65931 0.3333333333333333 0.3312868567735681
table-0002-781 5 9 5 362 223 16185 0.3333333333333333 0.02575991756826378
table-0002-499 15 2 0 844 316 61192 0.3333333333333333 0.3201371571072319
table-0002-587 5 2 0 1039 352 505078 0.5 0.018007298112010153
table-0002-31 1 3 0 24 20 3432 1.0 0.07462686567164178
table-0002-135 1 3 0 131 80 10069 1.0 0.016702856188408218
table-0002-303 3 4 0 28 74 13807 0.03125 0.16981132075471697
table-0002-427 4 11 0 372 344 142402 0.2 0.010070214338507022
table-0002-422 0 1 0 449 441 47675 0.3333333333333333 0.0
table-0002-123 2 2 0 91 126 1591 0.5 0.025078369905956112
table-0002-77 9 9 7 289 298 8763 0.2 0.07042772861356932
table-0002-579 3 5 0 113 144 2512 1.0 0.2593619972260749
table-0002-788 3 22 1 215 133 6213 0.5 0.573170731707317
table-0002-285 15 5 21 383 433 20956 1.0 0.08467871271249866
table-0002-112 11 14 0 138 97 13686 0.5 0.10247392675236479
table-0002-611 14 4 0 35 44 13440 0.5 0.33648474430597336
table-0002-801 1 3 0 15 27 2366 1.0 0.02232435981615233
table-0002-441 45 3 0 317 139 56586 1.0 0.12321200963036397
table-0002-474 4 3 0 302 238 156408 0.1 0.016282707622298068
table-0002-473 2 6 2 302 238 156408 0.1 0.009598976109215018
table-0002-400 3 5 0 9 248 2234 1.0 0.9020100502512562
table-0002-890 19 6 20 16 713 33127 0.09090909090909091 1.7650551314673453
table-0002-658 3 2 0 51 79 11026 0.5 0.05506883604505632
table-0002-614 10 2 0 42 36 20095 1.0 0.09395456295725838
table-0002-84 9 3 0 85 296 2687 0.058823529411764705 0.052517060627039855
table-0002-916 1 3 0 146 396 6564 1.0 0.03722677595628415
table-0002-618 0 1 0 42 50 2257 1.0 0.0
table-0002-557 11 6 6 120 187 34312 0.058823529411764705 0.23374760994263863
table-0002-542 2 3 0 21 31 1207 1.0 0.2517921146953405
table-0002-986 6 3 0 4 19 905 0.25 0.06212706212706213
table-0002-479 4 3 0 302 238 156408 0.1 0.011803185437997724
table-0002-799 8 4 8 34 60 1436 0.5 0.9911504424778761
table-0002-571 15 11 68 89 61 11434 0.5 0.38231863774201075
table-0002-629 10 6 11 44 41 2903 1.0 0.27071418096495087
table-0002-452 1 3 0 71 71 3103 1.0 0.02445984508764778
table-0002-710 0 1 0 190 242 1781 0.5 0.0
table-0002-480 1 3 0 302 238 156408 0.1 0.004621729237770193
table-0002-289 92 4 88 20 175 1833 0.5 0.698892674616695
table-0002-1 11 4 6 549 384 135400 0.25 0.02160638797557539
table-0002-840 3 5 3 9 48 514 1.0 0.03864247311827957
table-0002-72 15 4 25 149 162 9098 0.5 0.026861892442340506
table-0002-407 0 1 0 10 12 700 1.0 0.0
table-0002-706 2 2 0 276 231 29355 0.2 0.16237113402061856
table-0002-705 6 9 3 276 231 29355 0.2 0.4381443298969072
table-0002-897 10 4 0 108 138 8490 0.3333333333333333 0.016568819308545337
table-0002-212 8 9 48 19 16 544 0.5 1.6807017543859648
table-0002-216 22 4 0 8 30 689 0.5 0.5312084993359893
table-0002-163 3 3 0 60 68 1774 1.0 0.13066557778685178
table-0002-540 13 3 0 76 77 21259 0.2 0.4686690833764889
table-0002-42 24 6 25 379 215 64421 0.5 0.3051879857172863
table-0002-569 5 7 8 349 284 2235 1.0 0.08747663551401869
table-0002-263 4 4 0 47 37 58258 0.2 0.09586905689789556
table-0002-122 9 4 0 280 210 4185 0.3333333333333333 1.3681318681318682
table-0002-527 6 7 9 344 349 1218 1.0 0.018266565885613505
table-0002-26 10 2 0 139 129 18659 0.3333333333333333 0.1336544250451535
table-0002-639 5 9 1 493 450 102204 1.0 0.2656844106463878
table-0002-834 21 7 32 163 173 5382 0.5 2.2583783783783784
table-0002-852 16 3 0 111 67 18609 0.3333333333333333 0.2594834543987086
table-0002-368 16 10 32 399 177 4609 1.0 0.6429252782193958
table-0002-371 1 2 1 30 68 924 1.0 0.011202830188679245
table-0002-863 4 3 0 83 143 927 1.0 0.04461402993836219
table-0002-985 5 3 0 4 19 905 0.25 0.04580554580554581
table-0002-201 8 2 0 220 125 29296 0.3333333333333333 0.05907172995780591
table-0002-682 11 3 11 129 87 8715 0.5 0.2497839239412273
table-0002-207 5 6 6 630 1115 464 1.0 0.008646230819777966
table-0002-636 4 2 0 98 100 10542 0.3333333333333333 0.02986985278429699
table-0002-210 5 5 11 24 50 936 1.0 0.2570921985815603
table-0002-132 18 10 0 114 117 17183 0.3333333333333333 0.1235969387755102
table-0002-586 0 1 0 208 185 7082 1.0 0.0
table-0002-488 1 3 0 53 80 1534 1.0 0.038438967136150234
table-0002-530 8 5 0 162 588 4395 1.0 0.21273351124666412
table-0002-512 8 2 0 222 91 89165 0.1111111111111111 0.05903457273320287
table-0002-888 67 6 76 16 713 33127 0.09090909090909091 7.178117048346056
table-0002-504 7 7 15 313 156 1709 1.0 0.20281831907398087
table-0002-380 6 5 0 76 253 14046 0.07692307692307693 0.08313349320543566
table-0002-362 0 1 0 14 28 2350 1.0 0.0
table-0002-404 27 4 32 441 306 28940 1.0 1.1801909307875895
table-0002-24 9 3 0 2644 1680 494898 1.0 0.014531582909123384
table-0002-369 5 4 0 41 53 5721 0.3333333333333333 0.011990662139219016
table-0002-564 5 7 8 323 274 899 1.0 0.1925925925925926
table-0002-662 1 3 0 167 123 371488 0.25 0.005528076811172534
table-0002-253 126 6 319 410 321 3316 0.5 25.010840108401084
table-0002-58 5 3 0 13 20 608 0.5 0.14201183431952663
table-0002-720 1 5 0 30 43 1282 0.3333333333333333 0.14732142857142858
table-0002-110 1 3 0 315 343 6305 1.0 0.08420441347270616
table-0002-576 1 3 0 311 264 250 1.0 0.08827785817655572
table-0002-533 23 4 0 460 146 15585 1.0 0.7276102088167054
table-0002-484 8 7 11 366 250 3284 1.0 0.09167523124357657
table-0002-987 2 2 2 39 51 47126 1.0 0.026790314270994334
table-0002-408 7 4 1 1155 488 1127214 0.5 0.014343871255009223
table-0002-805 10 4 10 42 71 1986 0.5 2.2264150943396226
table-0002-20 7 5 0 269 182 5295 1.0 0.20283616105343125
table-0002-795 1 3 0 11 24 1504 1.0 0.16248348745046234
table-0002-204 0 1 0 22 55 2639 1.0 0.0
table-0002-411 1 2 0 1155 488 1127214 0.5 0.0011767699255772533
table-0002-377 1 4 0 19 21 6851 0.5 0.032603632976245925
table-0002-302 1 4 0 28 74 13807 0.03125 0.06454816285998013
table-0002-660 15 4 10 167 123 371488 0.25 0.09310445155659004
table-0002-912 1 3 0 5 66 1367 1.0 0.1971631205673759
table-0002-241 4 2 0 61 104 1534 0.16666666666666666 0.0128
table-0002-280 26 4 0 130 161 8907 0.5 1.4692923898531376
table-0002-182 3 5 6 37 46 1181 1.0 0.2849002849002849
table-0002-22 4 9 2 269 182 5295 1.0 0.03241326918207141
table-0002-28 2 5 3 64 88 3436 0.5 0.0897571277719113
table-0002-129 15 9 5 568 497 106561 1.0 2.8045397225725095
table-0002-769 1 3 0 351 209 77986 0.3333333333333333 0.05180102915951972
table-0002-814 2 4 0 63 89 11105 0.5 0.03208892617449664
table-0002-199 11 2 4 220 125 29296 0.3333333333333333 0.08728902953586498
table-0002-975 14 3 2 83 352 17185 1.0 2.322003577817531
table-0002-292 9 5 13 740 193 395301 0.5 0.032312494727073315
table-0002-991 6 8 12 792 404 27894 0.16666666666666666 0.20947630922693267
table-0002-549 5 6 3 120 187 34312 0.058823529411764705 0.09225621414913958
table-0002-592 11 4 0 47 29 12105 0.5 0.08742534837425349
table-0002-388 14 7 12 446 364 72356 0.25 0.154863813229572
table-0002-844 0 1 0 176 302 5990 0.030303030303030304 0.0
table-0002-532 2 5 0 162 588 4395 1.0 0.04308044224170797
table-0002-945 3 2 0 209 40 203544 0.125 0.03086890243902439
table-0002-819 57 4 0 375 712 2987 0.3333333333333333 7.85678704856787
table-0002-584 1 2 0 19 39 1134 1.0 0.010599415204678362
table-0002-699 1 3 0 473 255 11673 0.5 0.09166040570999248
table-0002-304 2 4 0 28 74 13807 0.03125 0.19860973187686196
table-0002-733 1 3 0 152 32 7383 1.0 0.048535198950590296
table-0002-951 5 4 0 256 167 14044 1.0 0.2678983833718245
table-0002-260 33 2 0 135 87 8687 1.0 0.4959908361970218
table-0002-345 10 11 0 24 154 834 0.09090909090909091 0.2875
table-0002-508 9 4 12 72 89 1445 1.0 0.16699850671976108
table-0002-746 5 5 10 19 35 2628 1.0 0.570414201183432
table-0002-389 28 13 0 446 364 72356 0.25 0.28861867704280153
table-0002-355 3 3 0 118 108 57349 1.0 0.13957934990439771
table-0002-245 0 1 0 96 151 1340 1.0 0.0
table-0002-546 18 4 12 120 187 34312 0.058823529411764705 0.6696940726577438
table-0002-798 70 6 129 371 170 68072 0.5 0.5946900760089926
table-0002-63 3 9 3 13 38 1921 0.3333333333333333 0.03991130820399113
table-0002-664 1 3 0 29 40 2609 0.5 0.09263657957244656
table-0002-27 1 2 1 95 118 1453 1.0 0.0060702875399361025
table-0002-435 10 5 0 143 343 8320 0.125 0.8575602629656683
table-0002-857 2 3 0 49 97 1909 0.5 0.030218687872763418
table-0002-395 17 3 0 67 103 5645 0.5 5.711475409836066
table-0002-995 7 3 0 792 404 27894 0.16666666666666666 0.19077306733167082
table-0002-501 8 7 16 307 151 2579 1.0 0.3305024769992923
table-0002-82 10 3 0 85 296 2687 0.058823529411764705 0.06507763821580458
table-0002-613 1 3 0 117 109 11167 0.5 0.02147239263803681
table-0002-825 0 1 0 182 234 6111 0.3333333333333333 0.0
table-0002-158 1 3 0 79 70 16797 1.0 0.020390530499395196
table-0002-820 63 6 0 375 712 2987 0.3333333333333333 4.430884184308842
table-0002-742 4 1 0 55 80 2005 0.16666666666666666 0.09517257195275772
table-0002-394 6 14 0 141 179 6099 0.5 0.31204188481675393
table-0002-367 10 7 14 399 177 4609 1.0 0.1465818759936407
table-0002-147 0 1 0 90 100 14451 0.25 0.0
table-0002-227 7 10 14 382 138 4334 1.0 0.5400271370420624
table-0002-116 1 3 0 109 75 505 1.0 0.015512850196804815
table-0002-309 1 4 0 28 74 13807 0.03125 0.05759682224428997
table-0002-653 34 4 7 609 251 21288 1.0 2.932178932178932
table-0002-817 0 1 0 53 59 2791 1.0 0.0
table-0002-689 13 2 4 143 162 96039 0.5 0.032276546982429336
table-0002-869 4 2 0 36 62 2203 0.5 0.031067961165048542
table-0002-560 12 7 6 120 187 34312 0.058823529411764705 0.27509560229445507
table-0002-428 12 12 0 372 344 142402 0.2 0.05885070214338507
table-0002-468 9 7 12 350 163 3093 1.0 0.36692689850958127
table-0002-885 36 6 42 16 713 33127 0.09090909090909091 4.627650551314673
table-0002-326 1 6 0 127 83 119599 0.1111111111111111 0.010176593834181383
table-0002-61 2 6 0 200 185 26529 0.5 0.03876085004489674
table-0002-811 2 2 2 137 146 8350 1.0 0.022487702037947997
table-0002-626 102 5 130 22 59 19286 0.3333333333333333 9.006319115323855
table-0002-76 12 2 0 183 136 6297 0.25 0.15718717683557393
table-0002-723 6 3 0 5875 883 1696063 0.5 0.008001816014982123
table-0002-219 2 3 0 107 147 7946 1.0 0.11895161290322581
table-0002-763 3 8 2 407 253 17080 0.5 0.009087731562390773
table-0002-240 1 5 0 127 250 3548 0.3333333333333333 0.07830626450116009
table-0002-696 6 8 2 372 256 10993 0.5 0.3388888888888889
table-0002-392 4 2 0 92 152 8623 0.2 0.1528776978417266
table-0002-343 10 11 0 24 154 834 0.09090909090909091 0.3205882352941177
table-0002-217 3 2 1 73 147 51543 1.0 0.016428106701366296
table-0002-870 4 2 0 38 64 1197 0.5 0.032388663967611336
table-0002-239 12 3 0 127 250 3548 0.3333333333333333 0.5707656612529002
table-0002-136 1 2 1 8 8 1625 1.0 0.04935064935064935
table-0002-520 7 7 10 377 290 2304 1.0 0.26555386949924126
table-0002-731 2 2 0 429 203 13271 0.5 0.05393743257820928
table-0002-758 4 8 3 407 253 17080 0.5 0.030758476057322615
table-0002-523 63 4 0 10 24 1112 0.5 5.231810490693739
table-0002-871 4 2 0 35 60 1368 0.5 0.03665521191294387
table-0002-321 40 8 0 840 745 114204 0.14285714285714285 0.9294003868471954
table-0002-898 21 6 0 108 138 8490 0.3333333333333333 0.03776908023483366
table-0002-764 4 8 2 388 189 15240 0.5 0.0723314606741573
table-0002-314 2 2 1 16 32 908 1.0 0.05319148936170213
table-0002-256 7 10 14 360 140 3916 1.0 0.3719714964370546
table-0002-994 48 8 100 792 404 27894 0.16666666666666666 1.658354114713217
table-0002-941 6 6 0 37 54 1150 1.0 0.26351112681031436
table-0002-727 9 7 0 340 199 12567 0.3333333333333333 0.2917795844625113
table-0002-698 1 3 0 372 256 10993 0.5 0.11666666666666667
table-0002-146 19 12 3 720 665 53535 0.25 0.5403266972945381
table-0002-464 1 2 1 35 45 10108 1.0 0.0132404181184669
table-0002-989 3 3 0 21 36 901 1.0 0.20748486516235554
table-0002-269 8 8 42 33 39 782 0.16666666666666666 0.30229325920778316
table-0002-615 0 1 0 42 55 2660 1.0 0.0
table-0002-812 2 5 2 20 22 10771 0.5 0.04195804195804196
table-0002-824 5 10 3 182 234 6111 0.3333333333333333 0.13250883392226148
table-0002-180 5 3 0 3 5 1721 0.08333333333333333 1.1194029850746268
table-0002-563 6 7 14 323 274 899 1.0 0.2691358024691358
table-0002-90 7 3 0 85 296 2687 0.058823529411764705 0.04440708139649886
table-0002-66 3 20 27 846 557 187115 0.25 0.021835005188516086
table-0002-89 8 3 0 85 296 2687 0.058823529411764705 0.05004450598358224
table-0002-193 4 2 0 713 548 39569 0.125 0.007074950254256025
table-0002-550 10 4 5 120 187 34312 0.058823529411764705 0.12189292543021032
table-0002-513 2 2 0 222 91 89165 0.1111111111111111 0.012393998695368558
table-0002-738 18 10 0 566 152 212149 0.2 0.17469475379041996
table-0002-634 2 3 2 12 16 3448 0.2 0.3860759493670886
table-0002-717 26 5 40 281 337 397729 0.16666666666666666 0.28098795548101846
table-0002-657 15 11 0 11 34 765 1.0 1.7275641025641026
table-0002-154 16 4 0 232 260 1151 0.5 0.2890625
table-0002-105 2 5 0 86 130 2776 0.5 0.015265948899244737
table-0002-850 1 2 0 47 88 13751 0.5 0.009325681492109038
table-0002-963 6 5 0 431 464 23361 0.14285714285714285 0.11788449596356862
table-0002-826 3 3 0 447 304 7424 1.0 0.03663109316411883
table-0002-680 2 3 0 121 127 2660 1.0 0.12403802625622454
table-0002-490 1 6 1 12 30 1021 0.5 0.024814814814814814
table-0002-649 15 4 4 221 210 7598 0.5 0.5793178126691932
table-0002-226 8 7 11 382 138 4334 1.0 0.30597014925373134
table-0002-965 6 5 0 83 352 17185 1.0 0.5295169946332737
table-0002-500 91 16 0 844 316 61192 0.3333333333333333 14.203865336658355
table-0002-165 4 3 0 75 85 19828 1.0 0.012026813880126183
table-0002-843 5 11 8 176 302 5990 0.030303030303030304 0.16915995397008055
table-0002-791 1 4 0 97 75 60529 0.5 0.3845500848896435
table-0002-143 3 3 0 158 162 18939 1.0 0.08016159897937487
table-0003-1000 9 7 13 123 200 5650 1.0 0.09089022618800581
table-0002-46 0 1 0 245 180 2717 1.0 0.0
table-0002-298 1 4 0 28 74 13807 0.03125 0.05759682224428997
table-0002-957 15 4 12 82 91 859511 0.25 0.27001298139333624
table-0002-726 5 9 0 340 199 12567 0.3333333333333333 0.25745257452574527
table-0002-39 24 9 1 162 128 86122 0.3333333333333333 0.05617098133654425
table-0002-113 9 2 0 50 75 4285 0.5 0.010088781275221953
table-0002-936 2 2 0 22 63 10625 0.25 0.03098827470686767
table-0002-598 48 4 0 21 97 18691 1.0 59.78603603603604
table-0002-352 6 3 0 1012 577 621001 1.0 0.03789529630613872
table-0002-81 10 3 0 85 296 2687 0.058823529411764705 0.060033626743151026
table-0002-383 5 5 0 76 253 14046 0.07692307692307693 0.07162270183852917
table-0002-524 64 7 98 220 196 32865 0.3333333333333333 0.8286061141154398
table-0002-451 9 3 4 21 406 0 1.0 0.1034764826175869
table-0002-330 4 5 0 127 83 119599 0.1111111111111111 0.06584854833882071
table-0002-358 6 7 10 341 149 4400 1.0 0.2087087087087087
table-0002-247 7 7 12 333 144 4215 1.0 0.16955332725615316
table-0002-498 1 3 0 33 35 11280 1.0 0.06299212598425197
table-0002-771 4 14 4 351 209 77986 0.3333333333333333 0.10291595197255575
table-0002-336 2 3 0 24 154 834 0.09090909090909091 0.1448529411764706
table-0002-685 3 3 0 124 211 18899 1.0 0.021320973348783315
table-0002-351 4 5 0 52 86 2193 0.5 0.07666666666666666
table-0002-610 2 4 0 119 187 9523 1.0 0.038696537678207736
table-0002-311 30 3 0 22 160 2130 1.0 0.4249329758713137
table-0002-829 2 3 0 427 554 224208 1.0 0.004350385137037132
table-0002-3 2 2 2 462 248 19836 0.05 0.0048449612403100775
table-0002-956 12 4 0 82 91 859511 0.25 0.3717005625270446
table-0002-565 16 10 32 323 274 899 1.0 1.848559670781893
table-0002-317 3 6 6 78 111 2535 0.5 0.0563600782778865
table-0002-320 29 2 0 840 745 114204 0.14285714285714285 0.7753868471953579
table-0002-98 9 3 0 87 185 2082 0.25 0.08592174263816055
table-0002-97 7 3 0 87 185 2082 0.25 0.035901573215006054
table-0002-583 0 1 0 8 53 9788 0.5 0.0
table-0002-202 0 1 0 220 125 29296 0.3333333333333333 0.0
table-0002-889 47 6 59 16 713 33127 0.09090909090909091 3.86598812553011
table-0002-928 1 2 1 18 38 4258 0.3333333333333333 0.02402022756005057
table-0002-997 15 3 0 369 390 45991 0.25 0.1247617397331485
table-0002-83 8 3 0 85 296 2687 0.058823529411764705 0.04500049451092869
table-0002-848 1 3 1 0 0 0 0.0 129.0
table-0002-248 7 10 14 333 144 4215 1.0 0.35916134913400183
table-0002-190 6 3 0 713 548 39569 0.125 0.016581914658412557
table-0002-732 3 2 0 387 405 14979 0.2 0.10812720848056537
table-0002-648 7 10 7 0 0 0 0.0 315.0
table-0002-715 6 3 0 281 337 397729 0.16666666666666666 0.03445647202317426
table-0002-659 1 3 0 21 53 2440 1.0 0.13755656108597286
table-0002-492 18 6 32 59 85 1275 1.0 1.3485401459854014
table-0002-851 4 3 0 69 22 39310 0.5 0.05511811023622047
table-0002-624 0 1 0 42 47 1737 1.0 0.0
table-0002-412 1 2 0 1155 488 1127214 0.5 0.002766999554735704
table-0002-382 8 5 0 76 253 14046 0.07692307692307693 0.1272581934452438
table-0002-312 1 2 0 36 83 3775 1.0 0.01639344262295082
table-0002-719 1 2 0 30 43 1282 0.3333333333333333 0.06696428571428571
table-0002-15 2 8 0 229 216 19661 0.3333333333333333 0.004549331816889394
table-0002-796 9 4 9 354 280 930 0.5 0.6286379511059371
table-0002-375 0 1 0 240 71 5759 1.0 0.0
table-0002-249 2 4 0 240 264 1212 0.5 0.03101424979044426
table-0002-767 1 3 0 327 335 15040 0.3333333333333333 0.07478949975235265
table-0002-185 18 10 36 385 195 4742 1.0 0.5293386374937842
table-0002-339 10 4 0 24 154 834 0.09090909090909091 0.9639705882352941
table-0002-823 5 4 3 182 234 6111 0.3333333333333333 0.446113074204947
table-0002-101 5 2 0 169 169 4327 0.5 0.015539638217797741
table-0002-59 6 2 0 1481 746 280593 1.0 0.015426753131671165
table-0002-7 4 2 4 462 248 19836 0.05 0.01027974384900573
table-0002-637 17 13 0 335 270 76323 0.3333333333333333 0.2160282852091927
table-0002-359 10 10 20 341 149 4400 1.0 0.8716216216216216
table-0002-393 11 2 0 92 152 8623 0.2 0.29676258992805754
table-0002-917 1 3 0 134 130 3364 0.3333333333333333 0.09013605442176871
table-0002-778 11 2 0 344 207 35184 0.5 0.19895287958115182
table-0002-357 11 7 17 341 149 4400 1.0 0.41516516516516516
table-0002-198 12 3 0 199 232 35299 0.5 0.16721097322011758
table-0002-218 1 4 0 10 34 945 0.5 0.015637860082304528
table-0002-444 17 15 53 363 318 1848 1.0 0.1339558847206569
table-0002-192 4 3 0 713 548 39569 0.125 0.007207605571523325
table-0002-836 3 3 3 38 35 12008 0.3333333333333333 0.09974424552429667
table-0002-670 2 3 0 40 53 4228 0.3333333333333333 0.2234251968503937
table-0002-633 2 3 0 12 16 3448 0.2 0.2879746835443038
table-0002-760 4 8 3 407 253 17080 0.5 0.01223348479552604
table-0002-893 68 6 78 16 713 33127 0.09090909090909091 5.431721798134012
table-0002-708 2 4 0 80 365 57945 0.045454545454545456 0.16939078751857356
table-0002-652 40 4 41 641 324 22945 1.0 1.9527027027027026
table-0002-437 10 5 0 143 343 8320 0.125 0.9006574141709277
table-0002-842 5 4 3 176 302 5990 0.030303030303030304 0.57307249712313
table-0002-759 4 8 3 407 253 17080 0.5 0.027612722824187346
table-0002-153 13 10 26 374 159 6056 1.0 0.5749510763209393
table-0002-714 11 3 0 281 337 397729 0.16666666666666666 0.0791279158408294
table-0002-322 40 8 0 564 550 62619 0.2 0.2874878468326976
table-0002-570 21 10 42 349 284 2235 1.0 1.0882242990654205
table-0002-449 22 3 0 1290 751 360495 1.0 0.05181347150259067
table-0002-325 12 2 0 508 517 93910 0.16666666666666666 0.1322378716744914
table-0002-921 34 10 9 547 635 16736 0.07692307692307693 0.7337203432609793
table-0002-578 6 6 0 50 74 2898 1.0 0.43586550435865506
table-0002-332 36 4 1 728 549 152617 0.125 0.4393768344998871
table-0002-575 1 2 1 46 46 13470 0.5 0.017447199265381085
table-0002-784 1 3 0 362 223 16185 0.3333333333333333 0.0716125708397733
table-0002-273 10 5 18 188 59 3140 0.5 0.8341423948220065
table-0002-391 4 2 0 92 152 8623 0.2 0.07014388489208633
table-0002-671 0 1 0 40 53 4228 0.3333333333333333 0.0
table-0002-651 3 2 0 77 53 34633 1.0 0.04205175600739371
table-0002-982 29 4 18 432 365 770765 0.1111111111111111 0.33903420523138833
table-0002-554 7 5 7 120 187 34312 0.058823529411764705 0.11304971319311663
table-0002-301 4 4 0 28 74 13807 0.03125 0.2840119165839126
table-0002-953 37 7 34 52 197 747 0.5 51.064516129032256
table-0002-337 18 5 0 24 154 834 0.09090909090909091 0.6897058823529412
table-0002-373 9 3 0 215 205 2352 1.0 0.19946902654867257
table-0002-872 4 2 0 34 62 1642 0.5 0.027303754266211604
table-0002-455 10 7 15 301 144 2985 1.0 0.2841648590021692
table-0002-485 42 10 84 366 250 3284 1.0 1.1960945529290854
table-0002-790 24 4 0 97 75 60529 0.5 2.2678268251273344
table-0002-38 40 7 0 162 128 86122 0.3333333333333333 0.09440096327513546
table-0002-96 17 4 0 87 185 2082 0.25 0.08551835417507059
table-0002-860 117 26 77 43 237 899 0.25 1.494097486671744
table-0002-864 1 3 0 188 191 27269 1.0 0.011629159039517604
table-0002-558 11 13 4 120 187 34312 0.058823529411764705 0.2631453154875717
table-0002-436 10 5 0 143 343 8320 0.125 0.9298758217677137
table-0002-607 20 4 0 119 187 9523 1.0 0.7790224032586558
table-0002-387 1 3 0 26 28 1147 1.0 0.10718954248366012
table-0002-976 12 20 0 41 53 36944 0.3333333333333333 2.251677852348993
table-0002-602 7 14 28 629 159 18725 0.2 0.11151848457073021
table-0002-655 7 4 11 56 48 7171 0.5 0.4648648648648649
table-0002-506 14 10 28 313 156 1709 1.0 0.9411172622043281
table-0002-442 12 2 0 24 45 1946 0.3333333333333333 0.1182287188306105
table-0002-261 6 3 0 45 60 8236 1.0 0.06747727023770402
table-0002-821 1 2 1 17 38 22031 0.5 0.011438892233594221
table-0002-23 4 9 3 269 182 5295 1.0 0.021271207900734362
table-0002-75 16 2 0 183 136 6297 0.25 0.2264736297828335
table-0002-293 17 5 8 156 153 13425 0.5 0.1111111111111111
table-0002-131 0 0 0 568 497 106561 1.0 0.0
table-0002-537 19 10 38 322 273 1008 1.0 1.266260162601626
table-0002-47 3 3 0 175 186 4191 1.0 0.21777777777777776
table-0002-590 26 2 0 770 453 53964 0.5 0.013673088875077687
table-0002-274 3 3 0 147 194 1896 1.0 0.12337902927010004
table-0002-495 9 7 12 332 187 3284 1.0 0.08460739201424966
table-0002-281 2 5 0 304 236 15644 1.0 0.10970797158642462
table-0002-230 24 2 0 7 15 1868 0.5 0.20172084130019122
table-0002-683 22 4 0 69 19 4767 0.25 0.1535693997348987
table-0002-44 1 2 1 33 45 2074 1.0 0.006533700137551582
table-0002-5 1 2 1 462 248 19836 0.05 0.0025699359622514324
table-0002-606 13 4 0 119 187 9523 1.0 0.2172437202987101
table-0002-203 7 3 0 61 75 1655 1.0 1.1811263318112633
table-0002-903 11 2 0 11 20 580 0.5 1.9230769230769231
table-0002-297 15 4 0 28 74 13807 0.03125 1.3038728897715988
table-0002-197 2 2 1 199 232 35299 0.5 0.018288700195950358
table-0002-954 19 4 2 500 189 26481 1.0 1.5094594594594595
table-0002-684 8 3 0 69 19 4767 0.25 0.045824654421511075
table-0002-458 8 5 3 512 471 686 1.0 0.024693867181545655
table-0002-141 3 3 0 374 366 9178 1.0 0.0920661858294442
table-0002-755 5 4 8 398 192 13238 0.3333333333333333 0.6163265306122448
table-0002-776 3 12 3 344 207 35184 0.5 0.07142857142857142
table-0002-978 6 7 0 0 0 0 0.0 240.0
table-0002-981 7 3 0 24 31 1849 1.0 0.597972972972973
table-0002-674 23 3 1 73 166 214 1.0 0.5733610822060354
table-0002-364 1 3 0 57 40 4997 0.5 0.16027531956735497
table-0002-270 5 2 0 33 39 782 0.16666666666666666 0.20083391243919388
table-0002-138 237 7 521 36 330 6710 0.3333333333333333 43.90302267002519
table-0002-275 9 7 13 555 203 5009 1.0 0.13374717832957111
table-0002-744 1 2 0 102 68 2852 0.3333333333333333 0.024415055951169887
table-0002-384 7 3 7 84 166 1835 1.0 0.0475474791638202
table-0002-882 1 3 0 307 341 2647 1.0 0.10341093665403357
table-0002-220 0 1 0 107 147 7946 1.0 0.0
table-0002-334 11 5 1 728 549 152617 0.125 0.06344547301874012
table-0002-958 2 2 1 69 90 6042 1.0 0.028214616096207217
table-0002-741 5 1 0 55 80 2005 0.16666666666666666 0.012039903680770554
table-0002-902 6 4 0 38 43 1663 0.5 0.21061571125265394
table-0002-414 2 1 0 9 34 3807 1.0 0.024115755627009645
table-0002-818 137 4 0 375 712 2987 0.3333333333333333 29.707347447073474
table-0002-385 1 2 1 25 42 2673 1.0 0.015434606011372868
table-0002-832 7 7 6 176 200 1871 1.0 0.1942907078357122
table-0002-139 46 8 129 36 330 6710 0.3333333333333333 14.777078085642318
table-0002-619 0 1 0 43 47 3214 1.0 0.0
table-0002-656 1 3 0 56 48 7171 0.5 0.06396396396396396
table-0002-754 5 4 4 398 192 13238 0.3333333333333333 0.8408163265306122
table-0002-99 1 3 0 22 44 1969 1.0 0.02956099713214207
table-0002-701 5 6 0 276 231 29355 0.2 0.34536082474226804
table-0002-735 11 2 4 414 208 32201 0.3333333333333333 0.0781334780249593
table-0002-262 9 4 5 47 37 58258 0.2 0.26149649259547936
table-0002-310 118 3 3 22 160 2130 1.0 1.7319034852546917
table-0002-478 12 2 0 302 238 156408 0.1 0.02431740614334471
table-0002-234 8 5 0 127 250 3548 0.3333333333333333 0.441415313225058
table-0002-166 30 10 23 75 85 19828 1.0 1.8594242902208202
table-0002-678 5 7 11 146 138 141601 0.2 0.049156118143459916
table-0002-932 3 5 6 86 85 1095 1.0 0.3081180811808118
table-0002-102 7 3 0 169 169 4327 0.5 0.08267573145562705
table-0002-944 2 2 0 28 46 3375 0.5 0.09539473684210527
table-0002-88 10 3 0 85 296 2687 0.058823529411764705 0.05993472455741272
table-0002-264 3 5 2 47 37 58258 0.2 0.04637568199532346
table-0002-250 14 6 13 363 297 9526 1.0 0.14041125354899767
table-0002-572 5 3 0 29 81 5280 1.0 0.14412313432835822
table-0002-768 12 2 0 327 335 15040 0.3333333333333333 0.2823179791976226
table-0002-704 2 2 0 276 231 29355 0.2 0.13917525773195877
table-0002-103 1 7 1 158 84 5399 1.0 0.10968660968660969
table-0002-955 0 1 0 157 76 179185 1.0 0.0
table-0002-694 3 2 0 32 50 1058 0.5 0.04333868378812199
table-0002-372 14 4 20 215 205 2352 1.0 0.18761061946902655
table-0002-515 5 3 0 23 26 13084 0.25 0.07523788448771852
table-0002-150 1 3 0 213 95 406595 1.0 0.007273940607273941
table-0002-70 0 1 0 514 347 94466 0.5 0.0
table-0002-915 3 2 0 20 49 2179 0.3333333333333333 0.01814814814814815
table-0002-117 1 3 0 39 45 3480 1.0 0.07426679280983917
table-0002-65 10 6 8 240 226 3190 0.5 0.4092526690391459
table-0002-466 1 3 0 23 26 1630 0.5 0.04716981132075472
table-0002-541 10 4 6 77 96 2094 0.5 0.2590873936581593
table-0002-324 36 5 1 508 517 93910 0.16666666666666666 0.4042253521126761
table-0002-242 4 2 0 61 104 1534 0.16666666666666666 0.012
table-0002-282 1 5 0 304 236 15644 1.0 0.05130228887134965
table-0002-766 4 8 3 388 189 15240 0.5 0.061095505617977525
table-0002-774 1 3 0 344 207 35184 0.5 0.051982049364248314
table-0002-780 3 9 3 224 173 12431 0.5 0.5239616613418531
table-0002-927 1 5 1 42 46 1106 1.0 0.24355300859598855
table-0002-214 9 7 13 354 153 3984 1.0 0.25791385573430203
table-0002-294 6 4 0 82 190 7645 0.5 0.12654819601507808
table-0002-783 31 4 25 362 223 16185 0.3333333333333333 1.2009273570324575
table-0002-547 14 6 7 120 187 34312 0.058823529411764705 0.28393881453154873
table-0002-494 1 1 0 199 213 3239 1.0 0.029678982434887948
table-0002-913 19 9 19 143 362 4719 0.5 4.328571428571428
table-0002-215 10 10 20 354 153 3984 1.0 0.6372599896211728
table-0002-421 23 13 77 449 441 47675 0.3333333333333333 0.18842858265859602
table-0002-646 1 5 0 290 271 88000 0.09090909090909091 0.0014508373404078926
table-0002-17 40 4 30 232 147 715074 0.25 0.3039814007555943
table-0002-854 2 4 0 46 99 1574 0.5 0.042294807370184255
table-0002-52 5 5 0 118 141 3662 0.25 0.061549870226177236
table-0002-816 3 2 0 19 31 7302 0.5 0.036585365853658534
table-0002-713 23 4 4 281 337 397729 0.16666666666666666 0.25141027595670074
table-0002-237 12 3 0 127 250 3548 0.3333333333333333 0.6751740139211136
table-0002-810 0 1 0 181 217 6512 0.3333333333333333 0.0
table-0002-107 10 3 0 235 353 26774 1.0 0.06554756195043965
table-0002-333 40 8 0 728 549 152617 0.125 0.8679160081282457
table-0002-514 10 3 0 23 26 13084 0.25 0.10356273511838902
table-0002-299 3 4 0 28 74 13807 0.03125 0.23435948361469713
table-0002-907 1 2 1 12 151 2653 1.0 0.004476908576814326
table-0002-433 8 7 12 350 186 3939 1.0 0.1232834909978639
table-0002-374 0 1 0 240 71 5759 1.0 0.0
table-0002-470 18 2 0 1697 385 317203 0.3333333333333333 0.03526504941599281
table-0002-617 4 2 0 32 16 654 0.3333333333333333 0.5212981744421906
table-0002-156 26 10 22 61 69 10931 1.0 1.7011943539630836
table-0002-677 6 2 2 32 29 10731 0.3333333333333333 0.023323615160349854
table-0002-970 16 3 0 83 352 17185 1.0 3.032200357781753
table-0002-849 4 2 0 47 88 13751 0.5 0.1054519368723099
table-0002-37 11 3 0 14 267 9152 0.3333333333333333 0.09770215751622523
table-0002-777 4 14 4 344 207 35184 0.5 0.10097232610321616
table-0002-279 1 3 0 68 86 1058 1.0 0.10619852622453403
table-0002-736 7 4 0 414 208 32201 0.3333333333333333 0.07948996201844818
table-0002-703 6 2 3 276 231 29355 0.2 0.34664948453608246
table-0002-828 0 1 0 174 21 5258 0.25 0.0
table-0002-899 1 6 0 70 102 0 1.0 0.008265856950067476
table-0002-676 9 4 0 32 29 10731 0.3333333333333333 0.06107104495933712
table-0002-924 6 22 37 547 635 16736 0.07692307692307693 0.6963654719838466
table-0002-591 122 5 180 770 453 53964 0.5 0.5722139886216953
table-0002-9 8 3 0 462 248 19836 0.05 0.03505224132119986
table-0002-187 5 4 0 19 39 6064 0.5 0.05241090146750524
table-0002-745 28 3 0 122 92 20084 0.5 0.27828191167574107
table-0002-266 1 2 0 16 22 2725 1.0 0.05056179775280899
table-0002-747 23 2 0 48 44 16655 0.5 0.10773657289002557
table-0002-940 52 3 0 40 36 8369 0.3333333333333333 19.375533428165006
table-0002-30 1 3 0 30 33 3192 1.0 0.04479019330504479
table-0002-459 1 3 0 126 123 3376 1.0 0.06287425149700598
table-0002-14 0 1 0 16 20 1568 1.0 0.0
table-0002-74 92 3 0 183 136 6297 0.25 4.2921406411582215
table-0002-295 1 4 0 28 74 13807 0.03125 0.06454816285998013
table-0002-939 50 3 0 40 36 8369 0.3333333333333333 21.692034139402562
table-0002-481 1 2 0 302 238 156408 0.1 0.00270193401592719
table-0002-868 3 2 0 35 70 1589 0.5 0.014751075599262446
table-0002-396 54 4 32 9 248 2234 1.0 9.492462311557789
table-0002-278 15 3 15 1046 242 5465 1.0 0.05006626417317037
table-0002-967 5 3 1 83 352 17185 1.0 0.667262969588551
table-0002-895 13 2 0 5 14 1039 1.0 2.5106382978723403
table-0002-846 1 3 0 129 113 31561 1.0 0.02252722661494853
table-0002-315 3 2 2 48 86 6432 1.0 0.06498470948012232
table-0002-246 19 4 0 285 317 1108 0.5 0.5863787375415282
table-0002-2 5 4 3 549 384 135400 0.25 0.010216063879755754
table-0002-688 1 4 0 429 236 8625 0.3333333333333333 0.5848563968668408
table-0002-448 10 4 0 363 318 1848 1.0 0.05796168088874577
table-0002-438 10 5 0 143 343 8320 0.125 0.7815924032140248
table-0002-833 22 7 9 171 192 6714 1.0 0.8959757023538345
table-0002-417 10 4 8 268 161 199572 0.25 0.07914716588663546
table-0002-562 4 3 0 87 55 9010 1.0 0.11351458622742608
table-0002-398 14 5 0 9 248 2234 1.0 4.211055276381909
table-0002-410 3 3 2 1155 488 1127214 0.5 0.005693022072387253
table-0002-426 17 3 0 75 129 8869 0.5 7.191489361702128
table-0002-126 9 7 18 137 254 1675 0.5 0.4728005372733378
table-0002-782 4 14 4 362 223 16185 0.3333333333333333 0.13292117465224113
table-0002-169 1 3 0 26 44 3337 1.0 0.03765950824774354
table-0002-977 27 1 0 41 53 36944 0.3333333333333333 0.5989932885906041
table-0002-896 1 1 0 108 138 8490 0.3333333333333333 0.00045662100456621003
table-0002-255 7 6 10 360 140 3916 1.0 0.1643705463182898
table-0002-534 9 4 0 460 146 15585 1.0 0.21067285382830628
table-0002-149 1 3 0 172 108 40732 0.25 0.025607136956880886
table-0002-463 3 8 5 16 44 9218 0.5 0.0733652312599681
table-0002-206 5 3 0 33 45 4291 0.3333333333333333 0.10314557425018288
table-0002-29 12 10 0 270 258 108458 0.3333333333333333 0.039810478161420325
table-0002-919 128 3 80 75 110 51862 0.5 17.058027079303674
table-0002-934 1 2 1 22 63 10625 0.25 0.015912897822445562
table-0002-553 1 4 0 120 187 34312 0.058823529411764705 0.022944550669216062
table-0002-440 10 5 0 143 343 8320 0.125 0.8385682980277575
table-0002-793 2 3 0 20 25 2418 1.0 0.17008196721311475
table-0002-50 4 6 3 66 70 2142 1.0 0.20953660174613833
table-0002-155 6 3 0 61 69 10931 1.0 0.01737242128121607
table-0002-621 0 1 0 44 51 2317 1.0 0.0
table-0002-130 4 9 0 568 497 106561 1.0 0.2080706179066835
table-0002-399 52 6 43 9 248 2234 1.0 12.638190954773869
table-0002-522 3 3 0 182 216 66600 0.3333333333333333 0.23579413134606428
table-0002-318 2 3 0 103 149 4682 1.0 0.04742033383915023
table-0002-348 25 4 1 528 628 15082 1.0 0.10574114060713832
table-0002-381 8 5 0 76 253 14046 0.07692307692307693 0.10871302957633892
table-0002-596 48 4 0 21 97 18691 1.0 115.65315315315316
table-0002-751 14 2 0 398 192 13238 0.3333333333333333 1.410204081632653
table-0002-518 12 3 0 643 319 201986 0.5 0.07522444655105114
table-0002-640 20 5 72 388 567 848 0.5 0.7880258899676376
table-0002-342 10 11 0 24 154 834 0.09090909090909091 0.31985294117647056
table-0002-574 18 2 0 152 330 2902 0.3333333333333333 4.287671232876712
table-0002-883 4 3 0 123 127 1918 1.0 0.59375
table-0002-361 102 5 0 31 40 12206 0.5 46.82078064870808
table-0002-290 9 7 12 166 116 938 1.0 0.3646877409406322
table-0002-223 21 9 114 36 39 1097 0.3333333333333333 2.4920382165605095
table-0002-257 0 1 0 214 364 3224 1.0 0.0
table-0002-231 5 4 0 285 320 1195 0.5 0.1092896174863388
table-0002-195 6 4 0 20 15 7353 0.5 0.41124586549062847
table-0002-60 1 1 0 200 185 26529 0.5 0.004489673750374139
table-0002-966 2 3 0 83 352 17185 1.0 0.2629695885509839
table-0002-911 6 3 0 61 99 1925 1.0 0.3492702566683442
table-0002-631 6 2 0 12 16 3448 0.2 0.5822784810126582
table-0002-95 6 3 0 85 296 2687 0.058823529411764705 0.04124221145287311
table-0002-196 4 4 0 9 32 1004 0.5 0.08960176991150443
table-0002-931 1 5 2 62 67 1159 1.0 0.11889250814332247
table-0002-647 20 10 0 0 0 0 0.0 863.0
table-0002-10 3 3 0 462 248 19836 0.05 0.013987192450286484
table-0002-43 1 2 0 10 5 1754 1.0 0.4556213017751479
table-0002-600 10 13 60 629 159 18725 0.2 0.11212954476015888
table-0002-875 5 3 0 5 113 1171 1.0 0.08640091550638947
table-0002-347 6 3 6 528 628 15082 1.0 0.025149244252508574
table-0002-734 17 3 0 16 70 0 0.5 0.40711462450592883
table-0002-244 1 3 0 38 65 2284 1.0 0.09004975124378109
table-0002-456 7 7 10 301 144 2985 1.0 0.2044468546637744
table-0002-115 2 2 0 109 75 505 1.0 0.029173419773095625
table-0002-178 10 3 0 3 5 1721 0.08333333333333333 2.4378109452736316
table-0002-277 32 10 67 555 203 5009 1.0 1.0316027088036117
table-0002-679 5 2 0 6 8 3303 1.0 0.7721518987341772
table-0002-582 24 2 1 8 53 9788 0.5 0.37083641746854185
table-0002-595 44 4 0 21 97 18691 1.0 107.63063063063063
table-0002-691 6 3 0 143 162 96039 0.5 0.043640183346065696
table-0002-681 6 2 0 54 92 4009 0.5 0.034811165845648605
table-0002-267 3 3 0 7 4 569 1.0 3.1974522292993632
table-0002-786 2 3 3 248 191 7439 0.5 0.11772853185595568
table-0002-894 13 6 15 16 713 33127 0.09090909090909091 1.3587786259541985
table-0002-211 1 4 0 22 32 909 0.5 0.02072538860103627
table-0002-879 6 3 0 320 322 16309 0.25 0.03582522261337751
table-0002-32 13 2 4 72 98 35277 0.3333333333333333 0.02357690282571813
table-0002-271 1 2 0 33 39 782 0.16666666666666666 0.04447533009034051
table-0002-179 9 3 0 3 5 1721 0.08333333333333333 1.7164179104477613
table-0002-831 29 7 15 176 200 5549 1.0 0.9059131954558695
table-0002-313 1 8 0 57 118 2436 0.5 0.009791400595998296
table-0002-434 17 10 34 350 186 3939 1.0 0.6304546841623436
table-0002-340 10 4 0 24 154 834 0.09090909090909091 0.8294117647058824
table-0002-905 3 2 0 24 45 17351 0.5 0.020567667626491155
table-0002-511 8 2 0 222 91 89165 0.1111111111111111 0.053816046966731895
table-0002-423 4 8 0 24 29 1767 0.5 0.3004418262150221
table-0002-980 1 2 0 20 41 2116 0.5 0.0744466800804829
table-0002-419 17 4 0 289 320 38430 0.5 0.5556192660550459
table-0002-233 16 5 0 127 250 3548 0.3333333333333333 0.8172853828306265
table-0002-283 13 7 55 75 52 1191 0.25 0.3333333333333333
table-0002-707 103 6 169 80 365 57945 0.045454545454545456 2.5017335314512135
table-0002-675 23 5 0 73 166 214 1.0 0.5213319458896982
table-0002-996 66 6 48 369 390 45991 0.25 1.9121469416045747
table-0002-401 2 4 0 15 24 808 1.0 0.09812206572769953
table-0002-906 2 3 0 28 45 1361 1.0 0.10496014171833482
table-0002-507 19 2 0 58 60 478 1.0 1.9814502529510962
table-0002-491 15 7 29 59 85 1275 1.0 1.3385036496350364
table-0002-739 3 2 0 566 152 212149 0.2 0.03569032604320408
table-0002-711 7 4 11 24 41 2390 0.5 0.3861154446177847
table-0002-644 8 7 0 290 271 88000 0.09090909090909091 0.011026363787099983
table-0002-118 3 2 0 97 106 1837 0.5 0.02660663119115841
table-0002-125 0 1 0 174 165 5190 1.0 0.0
table-0002-208 3 4 0 13 36 686 0.5 0.056925996204933584
table-0002-604 2 8 0 305 227 2671 0.5 0.02687776141384389
table-0002-25 11 2 0 139 129 18659 0.3333333333333333 0.1253762793497893
table-0002-559 11 8 6 120 187 34312 0.058823529411764705 0.2519120458891013
table-0002-716 14 4 0 281 337 397729 0.16666666666666666 0.1445342277786248
table-0002-567 1 6 0 251 200 70490 0.3333333333333333 0.007780479333101772
table-0002-87 0 1 0 85 296 2687 0.058823529411764705 0.0
table-0002-672 4 3 0 27 26 11410 0.3333333333333333 0.06282563609691942
table-0002-877 6 3 0 71 80 1734 1.0 0.43967828418230565
table-0002-725 6 9 0 340 199 12567 0.3333333333333333 0.3035230352303523
table-0002-551 7 6 2 120 187 34312 0.058823529411764705 0.1594168260038241
table-0002-229 4 4 0 31 39 1994 0.5 0.053727333781061114
table-0002-770 4 14 4 351 209 77986 0.3333333333333333 0.08747855917667238
table-0002-665 1 2 0 140 197 5810 0.5 0.014145141451414513
table-0002-993 2 8 4 792 404 27894 0.16666666666666666 0.08021612635078969
table-0002-580 7 3 0 156 138 123271 0.25 0.02699490662139219
table-0002-71 6 6 0 536 263 218475 1.0 0.010919851623390155
table-0002-835 102 4 0 38 35 12008 0.3333333333333333 58.455882352941174
table-0002-252 0 1 0 174 91 2860 1.0 0.0
table-0002-205 5 4 0 33 45 4291 0.3333333333333333 0.13679590343818582
table-0002-588 19 22 0 313 303 121654 0.5 0.18329718004338394
table-0002-475 2 3 0 302 238 156408 0.1 0.00540386803185438
table-0002-855 20 5 47 390 574 1029 0.5 2.165689149560117
table-0002-62 3 11 1 13 38 1921 0.3333333333333333 0.050997782705099776
table-0002-167 0 1 0 75 85 19828 1.0 0.0
table-0002-797 1 3 0 14 17 2680 1.0 0.17147192716236723
table-0002-998 17 7 12 369 390 45991 0.25 0.32905908854617916
table-0002-930 6 4 4 18 38 4258 0.3333333333333333 0.44121365360303416
table-0002-529 16 5 0 162 588 4395 1.0 0.4258482653450248
table-0002-45 0 1 0 245 180 2717 1.0 0.0
table-0002-806 2 3 0 15 42 1597 1.0 0.029343501326259947
table-0002-669 6 2 0 40 53 4228 0.3333333333333333 0.2125984251968504
table-0002-525 8 3 0 220 196 32865 0.3333333333333333 0.46937424125372473
table-0002-109 3 5 0 84 116 3425 0.5 0.034667346418557225
table-0002-761 4 8 4 407 253 17080 0.5 0.010136315973435861
table-0002-627 9 4 1 22 59 19286 0.3333333333333333 0.6571879936808847
table-0002-171 7 2 3 256 340 108613 1.0 0.031507513330101794
table-0002-974 29 3 2 83 352 17185 1.0 4.175313059033989
table-0002-238 4 9 0 127 250 3548 0.3333333333333333 0.11310904872389792
table-0002-254 8 7 13 360 140 3916 1.0 0.20190023752969122
table-0002-307 2 4 0 28 74 13807 0.03125 0.407149950347567
table-0002-454 9 2 0 506 57 51864 0.5 0.03567318757192175
table-0002-847 15 6 12 143 129 35977 1.0 0.22227812437110084
table-0002-502 5 7 7 307 151 2579 1.0 0.20311394196744514
table-0002-594 44 3 0 21 97 18691 1.0 93.70945945945945
table-0002-175 15 3 0 3 5 1721 0.08333333333333333 2.890547263681592
table-0002-702 6 8 0 276 231 29355 0.2 0.4072164948453608
table-0002-973 11 3 0 83 352 17185 1.0 1.6958855098389982
table-0002-363 1 3 1 57 40 4997 0.5 0.05014749262536873
table-0002-891 40 6 43 16 713 33127 0.09090909090909091 3.363019508057676
table-0002-926 5 3 0 547 635 16736 0.07692307692307693 0.14891468955073195
table-0002-929 13 3 0 18 38 4258 0.3333333333333333 0.34007585335018964
table-0002-184 9 7 12 385 195 4742 1.0 0.12406762804574839
table-0002-686 1 5 0 25 42 1728 0.5 0.05837711617046118
table-0002-667 1 2 1 40 53 4228 0.3333333333333333 0.018700787401574805
table-0002-964 5 5 0 431 464 23361 0.14285714285714285 0.07824466984061271
table-0002-909 8 2 0 63 54 20098 0.3333333333333333 0.4140249759846302
table-0002-140 0 1 0 36 330 6710 0.3333333333333333 0.0
table-0002-728 2 2 0 340 199 12567 0.3333333333333333 0.0975609756097561
table-0002-305 6 4 0 28 74 13807 0.03125 0.4051638530287984
table-0002-462 1 2 1 89 71 313 1.0 0.0016672516672516673
table-0002-119 1 3 0 25 22 10821 0.5 0.004522044969224971
table-0002-988 3 3 0 475 535 24932 0.16666666666666666 0.0486545526760004
table-0002-56 15 4 11 78 38 2150 1.0 0.4268817204301075
table-0002-535 6 7 14 322 273 1008 1.0 0.17733739837398374
table-0002-538 1 1 0 317 363 7249 1.0 0.01312910284463895
table-0002-539 0 1 0 6 15 578 1.0 0.0
table-0002-630 1 2 1 50 57 819 1.0 0.013209393346379647
table-0002-288 8 7 11 160 113 586 1.0 0.35108153078202997
table-0002-6 11 5 0 462 248 19836 0.05 0.07149477586788001
table-0002-36 3 3 0 14 267 9152 0.3333333333333333 0.02946851429573759
table-0002-577 2 6 0 50 74 2898 1.0 0.16936488169364883
table-0002-878 12 4 18 320 322 16309 0.25 0.11776075101815421
table-0002-335 5 6 0 728 549 152617 0.125 0.047640550914427635
table-0002-803 4 4 4 36 78 1718 0.5 0.05864509605662285
table-0002-416 3 6 5 114 25 4038 0.3333333333333333 0.5364891518737672
table-0002-992 2 8 4 792 404 27894 0.16666666666666666 0.085619285120532
table-0002-632 4 3 0 12 16 3448 0.2 0.810126582278481
table-0002-483 10 7 19 366 250 3284 1.0 0.11366906474820145
table-0002-177 10 3 0 3 5 1721 0.08333333333333333 2.2338308457711444
table-0002-505 5 7 7 313 156 1709 1.0 0.14343231001509812
table-0002-922 6 15 13 547 635 16736 0.07692307692307693 0.3778394750126199
table-0002-268 1 2 0 105 317 1361 0.5 0.12398042414355628
table-0002-543 6 7 14 290 265 980 1.0 0.24044117647058824
table-0002-251 23 7 22 363 297 9526 1.0 0.1537468811838596
table-0002-415 2 7 0 114 25 4038 0.3333333333333333 0.11045364891518737
table-0002-142 3 3 0 57 65 1081 1.0 0.3856132075471698
table-0002-213 8 7 13 354 153 3984 1.0 0.233523611831863
table-0002-721 5 10 3 203 193 3323 0.3333333333333333 0.23219814241486067
table-0002-111 19 4 1 41 74 6403 0.5 1.332116788321168
table-0002-100 4 3 0 41 44 3981 0.5 0.04471472008585226
table-0002-403 3 3 0 2275 748 1617168 1.0 0.009118952267561424
table-0002-162 5 3 0 59 66 1454 1.0 0.3656357388316151
table-0002-328 6 7 0 127 83 119599 0.1111111111111111 0.09428314875785693
table-0002-366 13 7 18 399 177 4609 1.0 0.21621621621621623
table-0002-585 2 5 0 220 251 8690 0.5 0.037188393951777685
table-0002-800 10 3 10 34 35 1443 0.5 0.9818181818181818
table-0002-80 1 3 0 60 354 2823 1.0 0.03336002135041367
table-0002-489 1 9 1 107 124 39201 0.5 0.006597671410090556
table-0002-308 1 4 0 28 74 13807 0.03125 0.09235352532274081
table-0002-862 15 5 10 83 143 927 1.0 0.23128852362782507
table-0002-568 6 7 14 349 284 2235 1.0 0.12186915887850468
table-0002-789 7 3 10 117 100 55964 0.5 0.049510397183408515
table-0002-194 5 5 5 713 548 39569 0.125 0.040725182401061245
table-0002-968 1 3 0 83 352 17185 1.0 0.15026833631484796
table-0002-69 9 3 3 514 347 94466 0.5 0.030795006725346297
table-0002-635 35 4 0 2537 1265 495917 0.3333333333333333 0.038473338651285514
table-0002-19 1 3 0 198 181 6359 1.0 0.00867520674558132
table-0002-503 12 10 24 307 151 2579 1.0 1.094833687190375
table-0002-566 26 14 0 251 200 70490 0.3333333333333333 0.12170892671066343
table-0002-556 11 13 4 120 187 34312 0.058823529411764705 0.26577437858508607
table-0002-960 4 5 0 431 464 23361 0.14285714285714285 0.043365762782032705
table-0002-729 8 8 0 429 203 13271 0.5 0.23354908306364616
table-0002-990 1 1 0 1083 288 85511 0.25 0.004571969099795049
table-0002-971 4 3 0 83 352 17185 1.0 0.47584973166368516
table-0002-645 4 7 2 290 271 88000 0.09090909090909091 0.006300779306914276
table-0002-225 8 7 12 382 138 4334 1.0 0.31275440976933516
table-0002-693 1 4 0 502 273 9500 0.16666666666666666 0.18710493046776233
table-0002-33 10 5 0 218 118 60398 0.5 0.4300385109114249
table-0002-235 8 5 0 127 250 3548 0.3333333333333333 0.41531322505800466
table-0002-947 2 4 1 94 177 2208 0.5 0.0241423125794155
table-0002-641 3 3 0 52 80 2785 1.0 0.06654170571696345
table-0002-822 2 2 0 17 38 22031 0.5 0.022877784467188442
table-0002-272 1 2 1 101 96 6088 1.0 0.045563549160671464
table-0002-127 8 7 15 137 254 1675 0.5 0.4244459368703828
table-0002-258 3 22 28 219 156 6771 0.5 0.24161490683229814
table-0002-718 3 3 0 120 169 5307 1.0 0.0784177654406662
table-0002-327 7 4 0 127 83 119599 0.1111111111111111 0.11972463334331039
table-0002-316 8 2 0 40 35 34601 1.0 0.04543429844097996
table-0002-397 7 3 0 9 248 2234 1.0 1.314070351758794
table-0002-13 2 3 0 0 0 0 0.0 103.0
table-0002-68 9 3 0 846 557 187115 0.25 0.057462815634728465
table-0002-18 3 5 8 114 71 5892 1.0 0.08117249154453213
table-0002-808 5 4 3 181 217 6512 0.3333333333333333 0.4052502050861362
table-0002-692 1 4 0 502 273 9500 0.16666666666666666 0.1820480404551201
table-0002-757 1 5 0 26 38 862 0.3333333333333333 0.20192307692307693
table-0002-91 10 3 0 85 296 2687 0.058823529411764705 0.060429235486104245
table-0002-300 2 4 0 28 74 13807 0.03125 0.2005958291956306
table-0002-35 5 4 0 210 88 1327588 0.3333333333333333 0.2935234699940582
table-0002-191 2 2 0 713 548 39569 0.125 0.004200751713464515
table-0002-429 27 7 25 443 495 16568 0.25 0.5603112840466926
table-0002-493 70 6 154 15 195 33289 0.5 23.794425087108014
table-0002-765 4 8 2 388 189 15240 0.5 0.08426966292134831
table-0002-144 1 3 0 65 75 2233 1.0 0.04439183190292986
table-0002-49 13 6 7 66 70 2142 1.0 0.8049026192075218
table-0002-181 4 3 0 3 5 1721 0.08333333333333333 0.9552238805970149
table-0002-55 3 23 18 209 133 8448 0.5 0.6058648111332008
table-0002-654 96 6 96 33 369 16832 1.0 3.081937172774869
table-0002-108 4 4 0 69 119 2288 0.5 0.04230678326636729
table-0002-133 10 7 14 509 278 6804 1.0 0.14122718052738337
table-0002-54 1 3 0 118 141 3662 0.25 0.0011123470522803114
table-0002-287 8 7 11 154 112 579 1.0 0.3951310861423221
table-0002-865 13 5 30 388 582 1106 0.5 2.3561847988077496
table-0002-329 3 3 0 127 83 119599 0.1111111111111111 0.04908709967075726
table-0002-431 0 1 0 443 495 16568 0.25 0.0
table-0002-695 6 8 5 372 256 10993 0.5 0.13472222222222222
table-0002-453 2 1 0 506 57 51864 0.5 0.0261795166858458
table-0002-79 15 3 0 289 298 8763 0.2 0.46976401179941
table-0002-376 2 4 0 13 28 769 1.0 0.10076252723311546
table-0002-609 10 4 0 119 187 9523 1.0 0.2386286490156144
table-0002-775 4 14 4 344 207 35184 0.5 0.09835452505609574
table-0002-650 20 4 2 418 266 24497 1.0 2.073322932917317
table-0002-730 8 8 0 429 203 13271 0.5 0.24217907227615965
table-0002-923 7 15 3 547 635 16736 0.07692307692307693 0.5032811711256941
table-0002-787 7 3 0 50 53 4362 1.0 0.3268939393939394
table-0002-121 22 12 26 280 210 4185 0.3333333333333333 4.2554945054945055
table-0002-573 4 3 0 97 171 8443 1.0 0.01889147086668388
table-0002-465 1 2 1 23 26 1630 0.5 0.017924528301886792
table-0002-901 1 2 0 90 99 35819 0.5 0.001639344262295082
table-0002-265 2 4 0 47 37 58258 0.2 0.07131722525331255
table-0002-555 6 5 7 120 187 34312 0.058823529411764705 0.07815487571701721
table-0002-370 9 6 0 41 53 5721 0.3333333333333333 0.06016553480475382
table-0002-16 2 8 0 229 216 19661 0.3333333333333333 0.004549331816889394
table-0002-151 1 3 0 70 79 1834 1.0 0.08597807270628967
table-0002-94 7 3 0 85 296 2687 0.058823529411764705 0.04391257046780734
table-0002-762 3 8 3 407 253 17080 0.5 0.007340090877315624
table-0002-593 5 6 5 21 97 18691 1.0 0.8355855855855856
table-0002-446 3 8 0 363 318 1848 1.0 0.018354532281436162
table-0002-937 1 2 0 22 63 10625 0.25 0.02847571189279732
table-0002-186 4 3 0 117 122 8215 1.0 0.17658664912857613
table-0002-526 8 7 16 343 349 1218 1.0 0.029415469891660367
table-0002-341 12 11 0 24 154 834 0.09090909090909091 0.36911764705882355
table-0002-172 10 3 1 3 5 1721 0.08333333333333333 1.6069651741293531
table-0002-430 9 7 9 443 495 16568 0.25 0.1571011673151751
table-0002-750 1 4 0 398 192 13238 0.3333333333333333 0.3163265306122449
table-0002-40 51 8 44 0 0 0 0.0 4319.0
table-0002-51 2 5 2 66 70 2142 1.0 0.07924781732706515
table-0002-286 7 7 10 153 107 487 1.0 0.4667535853976532
table-0002-858 51 21 133 43 237 899 0.25 0.6686976389946687
table-0002-536 4 7 7 322 273 1008 1.0 0.09654471544715447
table-0002-161 3 3 0 5 13 805 0.5 0.04691689008042895
table-0002-461 14 7 14 568 596 118174 0.25 0.35622507753655297
table-0002-34 6 4 3 210 88 1327588 0.3333333333333333 0.06535947712418301
table-0002-349 25 4 0 528 628 15082 1.0 0.12600025403277024
table-0002-170 6 4 0 235 255 1169 0.5 0.11675675675675676
table-0002-53 5 6 7 118 141 3662 0.25 0.11308861698183166
table-0002-880 20 3 0 320 322 16309 0.25 0.1845792779733554
table-0002-827 16 5 7 37 62 13641 0.5 0.42563817980022195
table-0002-561 12 7 4 120 187 34312 0.058823529411764705 0.27820267686424477
table-0002-612 29 13 70 117 109 11167 0.5 0.6878244454931571
table-0002-794 1 3 0 14 22 1554 1.0 0.1947565543071161
table-0002-773 13 2 0 351 209 77986 0.3333333333333333 0.22024013722126928
table-0002-668 15 5 3 40 53 4228 0.3333333333333333 0.6968503937007874
table-0002-114 2 3 0 40 50 3158 1.0 0.0738583410997204
table-0002-942 48 3 22 22 395 183365 0.5 3.77309007981756
table-0002-12 1 3 0 0 0 0 0.0 52.0
table-0002-476 16 3 0 302 238 156408 0.1 0.07437428896473265
table-0002-918 0 1 0 134 130 3364 0.3333333333333333 0.0
table-0002-183 8 7 13 385 195 4742 1.0 0.11287916459472899
table-0002-378 3 3 0 707 324 461174 0.5 0.011594448205822613
table-0002-892 42 6 45 16 713 33127 0.09090909090909091 4.059372349448686
table-0002-405 6 23 17 229 166 7303 0.5 1.4334451901565997
table-0002-743 2 4 0 55 80 2005 0.16666666666666666 0.013186561174177273
table-0002-690 16 2 0 143 162 96039 0.5 0.05595874713521772
table-0002-845 0 1 0 35 52 1916 1.0 0.0
table-0002-460 1 3 0 20 42 3464 1.0 0.07014492753623189
table-0002-48 15 12 0 89 125 1292 0.5 0.5907906168549087
table-0002-137 6 3 0 76 112 2061 1.0 0.15129068462401796
table-0002-900 3 3 0 73 72 1763 1.0 0.21641791044776118
table-0002-521 23 10 49 377 290 2304 1.0 2.3922610015174506
table-0002-472 6 2 0 302 238 156408 0.1 0.01564277588168373
table-0002-914 21 4 0 20 49 2179 0.3333333333333333 0.3074074074074074
table-0002-979 2 3 0 17 30 1678 1.0 0.25127161749745675
table-0002-519 9 7 18 377 290 2304 1.0 0.3520485584218513
table-0002-946 1 3 0 74 111 95942 0.5 0.0063604240282685515
table-0002-983 17 5 20 432 365 770765 0.1111111111111111 0.2603621730382294
table-0002-661 10 4 0 167 123 371488 0.25 0.10314227524003491
table-0002-999 8 7 16 123 200 5650 1.0 0.05737704918032787
table-0002-471 18 2 0 1697 385 317203 0.3333333333333333 0.05183063791554358
table-0002-597 48 4 0 21 97 18691 1.0 139.65540540540542
table-0002-548 8 4 4 120 187 34312 0.058823529411764705 0.11137667304015296
table-0002-11 10 1 0 55 87 3950 1.0 0.08219424460431654
table-0002-157 33 3 12 203 254 21931 0.3333333333333333 0.5385138196647032
table-0002-64 3 2 2 30 48 1544 1.0 0.05384615384615385
table-0002-469 12 10 24 350 163 3093 1.0 1.1249112845990064
table-0002-908 7 3 7 63 54 20098 0.3333333333333333 0.2670509125840538
table-0002-815 2 2 1 19 31 7302 0.5 0.02374839537869063
table-0002-697 1 3 0 372 256 10993 0.5 0.1388888888888889
table-0002-306 3 4 0 28 74 13807 0.03125 0.16782522343594836
table-0002-236 4 9 0 127 250 3548 0.3333333333333333 0.12819025522041763
table-0002-961 10 7 0 431 464 23361 0.14285714285714285 0.14199958600703788
table-0002-209 10 4 0 12 30 1450 0.5 0.18480492813141683
table-0002-406 9 4 4 235 461 1763 1.0 0.20524130773222626
table-0002-346 75 3 0 528 628 15082 1.0 0.34218214149625303
table-0002-120 18 4 34 333 329 19280 1.0 0.07491438356164383
table-0002-439 10 5 0 143 343 8320 0.125 0.747991234477721
table-0002-756 1 2 0 26 38 862 0.3333333333333333 0.07692307692307693
table-0002-457 6 10 12 301 144 2985 1.0 0.3975054229934924
table-0002-4 2 2 2 462 248 19836 0.05 0.004802831142568251
table-0002-145 1 2 1 28 47 14102 1.0 0.009542943244600702
table-0002-259 26 5 52 145 134 1729 0.5 13.723502304147466
table-0002-85 6 3 0 85 296 2687 0.058823529411764705 0.0410444070813965
table-0002-200 38 2 0 220 125 29296 0.3333333333333333 0.19804852320675106
table-0002-67 3 15 23 846 557 187115 0.25 0.017468004150812868
table-0002-737 8 8 0 566 152 212149 0.2 0.07111230377029384
table-0002-531 4 5 0 162 588 4395 1.0 0.0945482272207396
table-0002-224 4 4 0 10 35 1058 0.5 0.0759493670886076
table-0002-354 1 3 0 39 45 144 1.0 0.05695083126989742
table-0002-933 5 3 0 255 130 249782 0.5 0.00402129259966441
table-0002-516 4 6 4 23 26 13084 0.25 0.02810356273511839
table-0002-920 17 4 19 362 315 46098 0.5 0.03211264126474402
table-0002-467 11 7 19 350 163 3093 1.0 0.41092973740241306
table-0002-622 2 3 0 39 54 10721 1.0 0.07574009996155324
table-0002-722 12 4 7 5875 883 1696063 0.5 0.011917598320186141
table-0002-323 6 3 0 724 470 315953 1.0 0.031088965546612155
table-0002-73 1 3 0 149 162 9098 0.5 0.004293499201849508
table-0002-221 0 1 0 694 689 2799 1.0 0.0
table-0002-338 7 3 0 24 154 834 0.09090909090909091 0.3830882352941177
table-0002-159 5 4 2 3 28 513 0.5 2.6194029850746268
table-0002-601 22 16 230 629 159 18725 0.2 0.3602199816681943
table-0002-866 3 2 0 41 68 1762 0.5 0.01564537157757497
table-0002-969 5 3 0 83 352 17185 1.0 0.7352415026833632
table-0002-910 6 3 0 85 98 3182 1.0 0.17210832700582132
table-0002-402 1 3 0 15 24 808 1.0 0.07323943661971831
table-0002-232 18 5 4 127 250 3548 0.3333333333333333 0.8016241299303944
table-0002-792 7 4 3 0 0 0 0.0 1053.0
table-0002-887 89 6 103 16 713 33127 0.09090909090909091 9.970313825275657
table-0002-148 1 3 0 63 58 1109 1.0 0.3207171314741036
table-0002-93 8 3 0 85 296 2687 0.058823529411764705 0.05419839778459104
table-0002-545 7 10 14 290 265 980 1.0 0.625
table-0002-424 4 3 0 26 25 1600 1.0 0.6318622174381054
table-0002-687 1 4 0 429 236 8625 0.3333333333333333 0.5430809399477807
table-0002-700 1 3 0 473 255 11673 0.5 0.0608564988730278
table-0002-57 0 1 0 39 104 5547 1.0 0.0
table-0002-8 7 3 0 462 248 19836 0.05 0.023087293562521066
table-0002-709 1 2 0 190 242 1781 0.5 0.04239401496259352
table-0002-881 1 3 0 101 106 6583 1.0 0.015622877326450211
table-0002-813 8 2 2 63 89 11105 0.5 0.045931208053691275
table-0002-104 9 7 16 158 84 5399 1.0 1.1168091168091168
table-0002-228 1 3 0 85 87 1344 0.5 0.05707070707070707
table-0002-616 5 5 8 32 16 654 0.3333333333333333 0.6369168356997972
table-0002-663 7 4 11 29 40 2609 0.5 0.5302850356294537
table-0002-413 3 3 0 1155 488 1127214 0.5 0.009923032885948731
table-0002-962 3 5 0 431 464 23361 0.14285714285714285 0.045539225833160835
table-0002-642 13 8 3 290 271 88000 0.09090909090909091 0.011689603714143591
table-0002-420 55 7 18 449 441 47675 0.3333333333333333 0.41380394623064226
table-0002-487 2 4 0 53 80 1534 1.0 0.051643192488262914
table-0002-972 3 3 0 83 352 17185 1.0 0.4472271914132379
table-0002-92 9 3 0 85 296 2687 0.058823529411764705 0.05400059341311443
table-0002-365 3 2 0 55 68 1115 0.5 0.0645933014354067
table-0002-620 12 3 0 1023 956 520721 1.0 0.05593471274329253
table-0002-386 5 4 4 26 28 1147 1.0 0.31699346405228757
table-0002-984 4 3 0 4 19 905 0.25 0.044226044226044224
table-0002-853 2 3 0 111 67 18609 0.3333333333333333 0.03026634382566586
table-0002-625 3 3 0 14 22 3949 1.0 0.11898466419883659
table-0002-409 2 2 0 1155 488 1127214 0.5 0.0015902296291584505
table-0002-904 1 2 1 24 45 17351 0.5 0.00781571369806664
table-0002-581 0 1 0 17 69 1305 1.0 0.0
table-0002-21 4 4 0 269 182 5295 1.0 0.06204102304380856
table-0002-134 20 10 40 509 278 6804 1.0 0.5801217038539553
table-0002-802 3 4 3 45 70 1606 0.5 0.17103448275862068
table-0002-943 1 2 1 28 46 3375 0.5 0.03125
table-0002-486 19 4 0 271 286 3562 0.3333333333333333 0.5928221017299251
table-0002-837 65 7 65 18 227 5408 0.5 3.6478733926805145
table-0002-748 4 2 0 15 31 2141 1.0 0.26108374384236455
table-0002-884 29 13 0 53 93 5231 0.5 0.5573065902578797
table-0002-874 10 2 0 86 148 62879 0.3333333333333333 0.07959842237361062
table-0002-952 5 3 0 53 27 1072 0.5 0.6018099547511312
table-0002-950 1 3 0 132 107 31991 0.25 0.027568382511307346
table-0002-350 25 4 0 528 628 15082 1.0 0.1505144163597104
table-0002-106 6 5 6 63 109 1530 0.3333333333333333 0.0255496137849079
table-0002-447 10 4 0 363 318 1848 1.0 0.053453550152954436
table-0002-331 27 11 77 8 51 406 1.0 3.8790697674418606
table-0002-496 20 10 40 332 187 3284 1.0 0.38578002078076296
table-0002-379 5 5 0 76 253 14046 0.07692307692307693 0.07354116706634692
table-0002-830 7 7 5 141 167 3363 0.5 0.3842619184376795
table-0002-876 0 1 0 25 44 814 1.0 0.0
table-0002-477 6 3 0 302 238 156408 0.1 0.026023890784982934
table-0002-222 2 2 2 62 107 43057 1.0 0.01331931300385559
table-0002-344 10 11 0 24 154 834 0.09090909090909091 0.26323529411764707
table-0002-276 7 7 10 555 203 5009 1.0 0.09932279909706546
table-0002-785 4 9 4 248 191 7439 0.5 0.05817174515235457
table-0002-482 26 2 0 7 43 2143 0.5 0.027408902581536172
table-0002-599 19 5 22 19 32 1529 0.5 0.7587006960556845
