table_id rows cols nulls inlinks outlinks views table_imp table_fraction
table-0005-994 12 3 0 134 58 7954 1.0 0.20649878147847278
table-0005-303 6 4 0 114 106 976 0.5 2.4081632653061225
table-0005-692 6 7 0 31 141 709 0.3333333333333333 1.3276699029126213
table-0005-812 0 1 0 36 25 2220 1.0 0.0
table-0005-365 78 4 13 86 111 136585 0.3333333333333333 1.0499399759903962
table-0005-224 0 1 0 189 379 8655 0.3333333333333333 0.0
table-0005-38 1 5 0 17 106 4121 0.1111111111111111 0.9516728624535316
table-0005-371 10 5 0 2472 866 255480 1.0 0.025960051113054005
table-0005-826 2 2 0 12 41 11276 0.3333333333333333 0.017662532882375046
table-0005-881 7 4 6 180 153 2980 0.2 0.1662531017369727
table-0005-248 17 7 31 193 162 21130 0.5 0.25120397700792296
table-0005-743 5 9 0 1286 738 79283 0.08333333333333333 0.02840382834208089
table-0005-718 82 7 71 138 437 907 1.0 2.9268179712830014
table-0005-843 3 3 0 12 23 1399 1.0 0.359192348565356
table-0005-80 17 8 0 196 453 16046 0.045454545454545456 0.052716514254975796
table-0005-341 6 5 6 507 45 141184 0.3333333333333333 0.5704295704295704
table-0005-671 0 1 0 278 359 81945 0.3333333333333333 0.0
table-0005-354 8 7 5 192 104 77193 0.3333333333333333 0.1904163393558523
table-0005-644 4 4 0 23 39 655 0.5 0.4306784660766962
table-0005-720 3 2 2 39 54 17244 0.5 0.06535362578334826
table-0005-987 4 2 4 19 10 6632 0.5 0.0004814057046576002
table-0005-625 2 5 1 68 116 4890 0.3333333333333333 0.0689410092395167
table-0005-95 2 4 0 59 35 10913 1.0 0.0964401294498382
table-0005-838 10 11 0 23 176 970 0.08333333333333333 0.22268907563025211
table-0005-306 2 3 0 195 131 219785 0.25 0.016425594508457955
table-0005-551 2 3 0 433 395 4603 1.0 0.15905511811023623
table-0005-230 1 3 0 13 39 1241 1.0 0.029812206572769954
table-0005-490 11 2 0 478 590 255673 1.0 0.013842947120395124
table-0005-181 0 1 0 13 28 946 0.5 0.0
table-0005-556 1 6 0 50 43 1422 0.2 0.08642911296436695
table-0005-170 21 6 0 135 221 1212 0.3333333333333333 2.378698224852071
table-0005-832 28 5 0 23 176 970 0.08333333333333333 0.680672268907563
table-0005-195 8 2 0 61 91 10673 0.3333333333333333 0.10562248995983936
table-0005-602 7 5 0 178 364 18403 0.2 0.014573877962682804
table-0005-694 4 8 0 224 294 9255 0.3333333333333333 0.020915137430883884
table-0005-122 3 2 0 65 85 9286 0.5 0.1076783280327124
table-0005-321 8 3 6 1325 470 112922 0.09090909090909091 0.019096323148627654
table-0005-452 7 2 0 563 394 4756 0.1111111111111111 0.04981084489281211
table-0005-376 13 4 14 168 109 817592 0.25 0.12991002852754005
table-0005-893 5 3 0 302 304 13094 0.2 0.01349045103616416
table-0005-348 3 3 0 72 77 4699 1.0 0.11686494051784464
table-0005-886 59 2 56 264 230 5278 0.3333333333333333 0.2767653758542141
table-0005-667 5 3 0 319 284 9433 0.2 0.017592200084781687
table-0005-821 5 6 4 18 27 738 0.5 0.6254416961130742
table-0005-379 5 2 5 12 7 4035 1.0 0.3700440528634361
table-0005-339 0 1 0 7 27 1777 1.0 0.0
table-0005-416 3 5 3 22 59 845 0.5 0.05291005291005291
table-0005-10 30 5 0 34 1631 133562 0.047619047619047616 0.07295913034389045
table-0005-523 5 3 0 267 272 10758 0.2 0.03519185923256307
table-0005-948 2 2 0 28 79 6376 0.5 0.07540983606557378
table-0005-719 7 3 0 38 41 1525 1.0 0.6909090909090909
table-0005-914 22 8 14 300 286 42839 0.2 0.17698060041183483
table-0005-220 1 3 0 22 56 2563 1.0 0.04664057403783431
table-0005-701 20 6 0 264 336 6910 0.16666666666666666 0.5254237288135594
table-0005-816 24 6 0 44 102 51966 1.0 15.956298200514139
table-0005-584 17 8 0 222 437 17542 0.5 0.0939683080592946
table-0005-392 1 1 0 106 78 3892 1.0 0.06201550387596899
table-0005-955 0 1 0 328 253 40367 0.5 0.0
table-0005-340 8 2 0 31 51 1767 0.5 0.2777777777777778
table-0005-372 10 5 0 2472 866 255480 1.0 0.026767099334185217
table-0005-617 1 2 0 62 80 3945 0.3333333333333333 0.11001642036124795
table-0005-129 6 7 6 2042 999 338312 1.0 0.06287216765911376
table-0005-738 39 5 0 1286 738 79283 0.08333333333333333 0.4439641864773078
table-0005-96 14 2 6 94 208 37361 0.3333333333333333 0.23915461624026696
table-0005-897 64 3 26 236 183 2471 0.25 1.7115885416666667
table-0005-765 6 2 0 413 538 2276 0.058823529411764705 0.10850636302746149
table-0005-25 5 4 4 30 32 915 1.0 0.2038793103448276
table-0005-787 0 0 0 420 542 2452 0.058823529411764705 0.0
table-0005-660 15 13 0 110 176 67061 0.09090909090909091 1.1547552054023635
table-0005-775 5 3 6 413 538 2276 0.058823529411764705 0.06363027461486939
table-0005-342 1 5 0 507 45 141184 0.3333333333333333 0.14585414585414586
table-0005-252 13 4 2 309 275 23577 0.3333333333333333 0.31584456365301583
table-0005-919 1 5 2 180 213 2763 1.0 0.20358306188925082
table-0005-405 8 3 8 33 62 3603 0.5 0.3333333333333333
table-0005-967 27 6 0 449 495 32562 0.07692307692307693 4.964285714285714
table-0005-710 2 3 0 341 351 7816 1.0 0.13372093023255813
table-0005-589 5 3 0 123 114 84831 0.5 0.2373530914665304
table-0005-627 176 10 470 111 731 24829 0.5 6.076271186440678
table-0005-748 36 6 24 79 73 12765 0.5 0.8717703349282296
table-0005-259 6 9 5 1310 457 84751 0.1111111111111111 0.031081081081081083
table-0005-520 1 3 0 296 276 12769 0.2 0.030376940133037694
table-0005-370 6 7 6 2472 866 255480 1.0 0.10935503396327931
table-0005-307 5 10 3 184 221 5878 0.3333333333333333 0.10400562192550948
table-0005-93 0 1 0 462 451 35588 1.0 0.0
table-0005-916 5 3 0 300 286 42839 0.2 0.01874932264007803
table-0005-141 0 1 0 57 176 1471 1.0 0.0
table-0005-807 2 1 1 84 94 1258 1.0 0.005835468260745802
table-0005-488 1 3 0 910 361 379400 0.3333333333333333 0.00428786137388383
table-0005-304 8 6 0 114 106 976 0.5 0.9469387755102041
table-0005-857 65 2 63 166 236 2046 1.0 0.11435662466590302
table-0005-59 6 4 4 50 39 2647 1.0 0.22179437812860994
table-0005-981 15 7 14 134 119 4668 0.5 0.4183817310403158
table-0005-148 7 4 4 322 174 5050398 1.0 0.024366041896361632
table-0005-317 5 6 0 76 179 27997 0.125 0.10309076682316119
table-0005-532 7 2 0 1516 528 92030 0.09090909090909091 0.01928374655647383
table-0005-156 2 2 0 85 128 1117930 0.3333333333333333 0.04242850445382091
table-0005-264 14 4 0 1310 457 84751 0.1111111111111111 0.17243243243243242
table-0005-801 10 9 0 194 205 8654 0.25 0.15986458529245814
table-0005-899 3 2 2 236 183 2471 0.25 0.048177083333333336
table-0005-146 8 16 8 57 176 1471 1.0 1.012678288431062
table-0005-543 3 3 0 301 281 24835 0.2 0.06483462234655257
table-0005-795 7 6 0 23 27 725 0.5 1.0113636363636365
table-0005-659 4 2 0 110 176 67061 0.09090909090909091 0.19752391671356218
table-0005-745 5 9 0 1286 738 79283 0.08333333333333333 0.02917567150355048
table-0005-289 2 3 0 78 54 1406 0.3333333333333333 0.3048211508553655
table-0005-467 4 2 0 329 314 65 1.0 0.17959446411329258
table-0005-722 76 6 158 52 550 4330 0.5 2.513641755634638
table-0005-524 5 3 0 267 272 10758 0.2 0.03667585329658681
table-0005-747 0 1 0 39 110 1271 1.0 0.0
table-0005-26 1 3 0 30 32 915 1.0 0.05603448275862069
table-0005-744 5 9 0 1286 738 79283 0.08333333333333333 0.02469898116702686
table-0005-980 36 4 23 792 629 461119 0.5 0.2931754089114495
table-0005-756 8 2 0 443 554 2496 0.058823529411764705 0.1469225678358703
table-0005-934 6 10 6 137 142 6044 0.3333333333333333 0.09628378378378379
table-0005-690 14 5 1 14 22 873 0.5 0.5339633786178382
table-0005-514 1 12 3 400 649 1069 0.3333333333333333 0.13442113442113443
table-0005-768 8 6 0 413 538 2276 0.058823529411764705 0.130609511051574
table-0005-113 10 3 0 16 4 2346 1.0 7.401129943502825
table-0005-894 5 3 0 302 304 13094 0.2 0.013652986590816742
table-0005-870 19 2 0 48 126 559 0.3333333333333333 0.7915451895043731
table-0005-42 21 5 1 17 106 4121 0.1111111111111111 12.152416356877323
table-0005-429 8 3 3 7 4 211 1.0 1.4346289752650176
table-0005-652 4 3 4 62 86 14523 1.0 0.06409691629955948
table-0005-927 7 5 0 23 67 4651 0.125 0.05160846378806124
table-0005-819 24 6 0 44 102 51966 1.0 17.336760925449873
table-0005-496 20 4 0 478 590 255673 1.0 0.020435905568897548
table-0005-794 11 4 0 19 19 6172 0.5 1.8698412698412699
table-0005-369 6 9 6 2472 866 255480 1.0 0.005111305400497679
table-0005-935 1 3 0 605 319 295358 1.0 0.01167628506240773
table-0005-466 1 3 0 287 310 24623 0.2 0.011099899091826439
table-0005-73 11 6 6 196 453 16046 0.045454545454545456 0.011992532354523305
table-0005-683 12 2 0 1160 736 226773 0.1 0.02049491947190157
table-0005-245 10 5 18 49 67 1656 0.5 0.9144942648592284
table-0005-323 7 3 0 1325 470 112922 0.09090909090909091 0.015471258415328846
table-0005-553 2 3 0 101 86 2468 0.5 0.07118110236220472
table-0005-583 4 8 0 222 437 17542 0.5 0.01980746294087579
table-0005-539 23 8 18 301 281 24835 0.2 0.3036037518512424
table-0005-244 7 2 0 49 67 1656 0.5 3.3680917622523463
table-0005-125 27 9 41 2042 999 338312 1.0 0.0958162555100147
table-0005-953 6 3 0 215 204 10939 1.0 0.08727522620547475
table-0005-977 9 7 26 1022 1742 53582 0.5 0.0341788267554598
table-0005-715 18 4 24 30 51 1999 0.25 1.3834992887624467
table-0005-938 3 2 3 25 43 2898 1.0 0.01903448275862069
table-0005-499 60 5 0 478 590 255673 1.0 0.23138791970637546
table-0005-432 0 1 0 7 25 908 0.5 0.0
table-0005-465 5 3 0 287 310 24623 0.2 0.013428549250950866
table-0005-904 75 2 71 260 246 5061 0.3333333333333333 0.08047063767202438
table-0005-179 2 4 0 33 47 20857 0.25 0.06765799256505577
table-0005-86 51 4 1 325 244 62212 1.0 3.4673768308921438
table-0005-852 65 3 22 206 234 2943 0.25 0.3426250175094551
table-0005-60 6 3 0 50 39 2647 1.0 0.28879476318829417
table-0005-700 4 2 0 87 110 58359 0.5 0.029786580684784278
table-0005-913 22 8 18 300 286 42839 0.2 0.19323723853907013
table-0005-462 23 8 18 287 310 24623 0.2 0.14297911977023986
table-0005-41 10 5 0 17 106 4121 0.1111111111111111 3.5018587360594795
table-0005-635 2 2 0 73 129 8463 0.3333333333333333 0.025423728813559324
table-0005-600 4 10 0 178 364 18403 0.2 0.014372163388804841
table-0005-237 8 7 15 131 250 1312 0.5 0.41887062187276625
table-0005-790 6 3 7 420 542 2452 0.058823529411764705 0.06534653465346535
table-0005-534 22 8 14 366 295 31480 0.2 0.10695884693145503
table-0005-845 36 11 0 812 1724 75672 0.16666666666666666 0.11101578586135896
table-0005-92 12 2 0 11 49 2714 0.2 0.4984350547730829
table-0005-714 2 7 2 30 51 1999 0.25 0.11436699857752489
table-0005-776 0 0 0 413 538 2276 0.058823529411764705 0.0
table-0005-771 9 3 10 413 538 2276 0.058823529411764705 0.1346282652377763
table-0005-620 4 6 0 230 478 11650 0.2 0.01868476440015463
table-0005-214 4 10 0 172 466 23308 0.043478260869565216 0.007472078024225263
table-0005-288 8 14 59 78 54 1406 0.3333333333333333 0.7729393468118196
table-0005-261 6 9 5 1310 457 84751 0.1111111111111111 0.03189189189189189
table-0005-727 21 4 6 11900 448 649113 0.25 0.03209185329438494
table-0005-929 1 21 0 286 503 17628 0.1 0.08673825128991773
table-0005-578 8 4 0 46 74 4107 0.3333333333333333 0.9703808180535967
table-0005-873 8 5 0 24 53 1668 0.25 0.18851823118696664
table-0005-281 6 4 0 51 86 8259 0.25 0.048751200768491834
table-0005-40 2 5 0 17 106 4121 0.1111111111111111 1.3197026022304832
table-0005-758 0 0 0 443 554 2496 0.058823529411764705 0.0
table-0005-788 13 4 3 420 542 2452 0.058823529411764705 0.5313531353135313
table-0005-394 2 3 0 66 81 1264 0.25 0.3659574468085106
table-0005-866 39 6 40 184 197 3588 0.25 0.7241257506181561
table-0005-234 1 3 0 25 52 2564 0.5 0.0379746835443038
table-0005-732 5 9 0 1286 738 79283 0.08333333333333333 0.031954306884841
table-0005-828 25 3 0 147 172 5373 0.5 0.14360902255639096
table-0005-22 5 2 0 51 95 7348 0.25 0.027795629820051414
table-0005-997 5 2 4 384 355 140508 0.2 0.013443751344375135
table-0005-6 2 4 0 19 27 730 1.0 0.11068458093410109
table-0005-7 1 3 0 19 27 730 1.0 0.08125399872040946
table-0005-218 5 5 0 172 466 23308 0.043478260869565216 0.004483246814535158
table-0005-835 2 4 0 23 176 970 0.08333333333333333 0.13813025210084034
table-0005-493 8 4 0 478 590 255673 1.0 0.007431238388690017
table-0005-815 13 5 0 44 102 51966 1.0 9.172236503856041
table-0005-581 8 3 0 453 444 208374 1.0 0.0555951923604632
table-0005-290 7 2 0 157 139 23568 0.5 0.06277160791887977
table-0005-943 22 3 12 288 139 0 0.3333333333333333 0.1558592614132015
table-0005-476 5 3 0 20 39 861 1.0 0.47301136363636365
table-0005-731 5 9 0 1286 738 79283 0.08333333333333333 0.02979314603272615
table-0005-441 2 3 0 36 54 1683 0.5 0.10062240663900415
table-0005-528 5 10 4 1516 528 92030 0.09090909090909091 0.010069345492542984
table-0005-972 74 6 209 25 76 51402 0.5 2.5860927152317883
table-0005-1 5 4 4 48 60 146 1.0 0.1325849514563107
table-0005-537 1 3 0 366 295 31480 0.2 0.009326289701950043
table-0005-970 27 6 0 449 495 32562 0.07692307692307693 4.445488721804511
table-0005-29 2 2 0 47 84 10209 0.5 0.013263525305410123
table-0005-287 0 1 0 217 209 96160 1.0 0.0
table-0005-907 5 4 4 58 69 2741 1.0 0.06182602444284687
table-0005-53 24 13 85 288 282 92715 0.3333333333333333 0.1282412626832018
table-0005-561 1 3 0 16 21 2186 1.0 0.10619469026548672
table-0005-908 1 3 0 58 69 2741 1.0 0.01624730409777139
table-0005-36 1 4 1 7 30 1616 1.0 0.03751465416178194
table-0005-550 2 1 0 629 251 121704 1.0 0.004170359172183704
table-0005-223 2 2 0 189 379 8655 0.3333333333333333 0.019715497878712254
table-0005-383 0 1 0 12 7 4035 1.0 0.0
table-0005-355 8 7 3 192 104 77193 0.3333333333333333 0.17062058130400629
table-0005-601 7 5 0 178 364 18403 0.2 0.01275844679778114
table-0005-791 0 0 0 420 542 2452 0.058823529411764705 0.0
table-0005-882 1 3 0 92 85 1570 1.0 0.09477911646586346
table-0005-378 11 4 1 4 39 819 1.0 1.5925058548009368
table-0005-198 1 2 0 34 29 1555 1.0 0.044915254237288135
table-0005-458 1 2 1 30 48 4352 1.0 0.012726054922973878
table-0005-183 158 9 415 344 270 3643 1.0 37.748366013071895
table-0005-174 15 3 15 230 196 12980 1.0 0.2572614107883817
table-0005-175 16 3 0 158 155 14795 0.5 1.1806167400881058
table-0005-573 40 3 16 99 281 88433 0.14285714285714285 4.408963585434174
table-0005-607 2 2 0 68 104 6107 0.3333333333333333 0.04864864864864865
table-0005-377 15 5 2 168 109 817592 0.25 0.23414527101163046
table-0005-475 9 5 8 44 95 748 0.5 4.358078602620087
table-0005-271 0 1 0 255 170 85519 1.0 0.0
table-0005-604 3 12 9 395 296 1181 0.25 1.008650519031142
table-0005-250 8 4 1 197 186 12169 1.0 0.7117117117117117
table-0005-851 24 10 0 1316 422 237298 0.5 0.3000679809653297
table-0005-582 7 5 0 222 437 17542 0.5 0.030328846481513034
table-0005-89 12 3 0 11 49 2714 0.2 0.7210485133020345
table-0005-374 15 2 0 2472 866 255480 1.0 0.03907458470643621
table-0005-360 11 3 8 92 90 6089 0.5 0.2779145222644887
table-0005-631 1 3 0 89 118 3374 1.0 0.056910569105691054
table-0005-505 3 2 2 63 83 36286 1.0 0.04922923918448533
table-0005-662 6 3 0 110 176 67061 0.09090909090909091 0.2847495779403489
table-0005-464 5 3 0 287 310 24623 0.2 0.01296281921912598
table-0005-133 11 6 0 2042 999 338312 1.0 0.021460057226819273
table-0005-295 4 7 0 65 81 2086 0.14285714285714285 0.1368421052631579
table-0005-940 9 2 2 28 53 14634 1.0 0.19385665529010238
table-0005-81 4 10 0 196 453 16046 0.045454545454545456 0.00857513527196785
table-0005-555 1 3 0 25 252 1765 1.0 0.051152737752161385
table-0005-973 24 13 0 44 66 3251 0.5 0.5616976683259104
table-0005-689 2 2 0 1160 736 226773 0.1 0.0025921061726688326
table-0005-567 1 3 0 64 81 24119 0.3333333333333333 0.00627822447406102
table-0005-182 13 17 1 104 127 1190 0.5 0.7133258678611423
table-0005-606 1 2 1 68 104 6107 0.3333333333333333 0.017117117117117116
table-0005-529 4 9 4 1516 528 92030 0.09090909090909091 0.0044647097938633985
table-0005-823 16 11 13 224 237 5646 0.5 2.3679245283018866
table-0005-69 4 6 3 196 453 16046 0.045454545454545456 0.004271746353194317
table-0005-489 23 6 11 478 590 255673 1.0 0.054624133399791566
table-0005-240 2 5 0 12 28 3087 0.3333333333333333 0.003902185223725286
table-0005-436 25 4 0 317 533 182858 0.1111111111111111 0.07667666303162486
table-0005-13 33 6 33 34 1631 133562 0.047619047619047616 0.07139124072331975
table-0005-594 8 6 0 191 163 1405 0.3333333333333333 0.3414179104477612
table-0005-308 0 1 0 184 221 5878 0.3333333333333333 0.0
table-0005-62 0 1 0 31 91 2524 0.3333333333333333 0.0
table-0005-145 0 1 0 57 176 1471 1.0 0.0
table-0005-510 17 7 17 254 229 9108 1.0 0.7321716682800904
table-0005-643 10 6 0 189 219 8360 0.3333333333333333 0.13947990543735225
table-0005-389 4 4 5 104 108 63146 0.3333333333333333 0.11040787623066103
table-0005-930 2 24 2 286 503 17628 0.1 0.17668386556965557
table-0005-368 8 3 0 72 105 8045 0.5 0.07202024850437183
table-0005-258 7 2 0 1310 457 84751 0.1111111111111111 0.0745945945945946
table-0005-890 5 7 1 81 133 9489 0.3333333333333333 0.08541282867191426
table-0005-102 55 4 0 472 355 47769 1.0 2.9082308420056764
table-0005-691 22 7 0 31 141 709 0.3333333333333333 5.837378640776699
table-0005-960 27 6 0 449 495 32562 0.07692307692307693 6.5
table-0005-632 5 3 0 38 41 8553 1.0 0.3501222493887531
table-0005-568 11 13 3 99 281 88433 0.14285714285714285 4.050420168067227
table-0005-661 7 3 0 110 176 67061 0.09090909090909091 0.22678671918964546
table-0005-243 11 4 1 37 32 43169 0.3333333333333333 0.44883388862446455
table-0005-70 10 6 7 196 453 16046 0.045454545454545456 0.01148625130525583
table-0005-63 21 13 0 327 286 47989 0.3333333333333333 0.31189797856464524
table-0005-740 47 5 0 1286 738 79283 0.08333333333333333 0.5209941339919728
table-0005-471 5 4 7 329 314 65 1.0 0.07885420019311233
table-0005-420 3 3 3 21 31 978 0.5 0.07333333333333333
table-0005-872 12 5 1 12 169 11480 1.0 0.09065615580802226
table-0005-572 89 4 0 99 281 88433 0.14285714285714285 20.26610644257703
table-0005-189 3 7 4 125 250 14223 0.14285714285714285 0.18181818181818182
table-0005-559 40 6 0 236 272 18958 0.25 1.509898020395921
table-0005-222 4 6 0 495 299 7159 1.0 0.08946877912395154
table-0005-896 8 3 0 46 47 6572 1.0 0.6137254901960785
table-0005-611 17 7 2 209 435 18298 0.3333333333333333 0.05320411392405063
table-0005-613 1 3 0 26 24 1469 1.0 0.06182933060807358
table-0005-638 1 2 0 73 129 8463 0.3333333333333333 0.03295668549905838
table-0005-68 12 6 4 196 453 16046 0.045454545454545456 0.01616935101097997
table-0005-875 25 3 0 185 197 2760 1.0 0.20057347670250897
table-0005-634 1 2 1 73 129 8463 0.3333333333333333 0.008945386064030132
table-0005-549 2 3 0 21 52 3476 1.0 0.07415902140672782
table-0005-545 6 5 3 28 32 936 0.5 1.1325301204819278
table-0005-859 3 2 2 27 51 12394 1.0 0.03980782429649966
table-0005-158 4 2 0 680 320 95709 0.3333333333333333 0.04213580963435868
table-0005-657 7 13 0 110 176 67061 0.09090909090909091 1.0416432189082723
table-0005-117 21 10 8 283 483 228875 0.09090909090909091 0.5598870669996743
table-0005-213 19 7 0 172 466 23308 0.043478260869565216 0.05859682240050338
table-0005-399 4 5 0 643 502 94067 0.14285714285714285 0.024121831925300135
table-0005-12 13 6 13 34 1631 133562 0.047619047619047616 0.02755006047574251
table-0005-118 0 1 0 283 483 228875 0.09090909090909091 0.0
table-0005-624 2 2 0 68 116 4890 0.3333333333333333 0.03837953091684435
table-0005-574 28 4 17 99 281 88433 0.14285714285714285 4.2745098039215685
table-0005-11 12 7 4 34 1631 133562 0.047619047619047616 0.032612104107870805
table-0005-869 35 3 1 48 126 559 0.3333333333333333 4.469387755102041
table-0005-648 4 10 0 195 424 13762 0.3333333333333333 0.0127991867664726
table-0005-874 8 8 0 24 53 1668 0.25 0.13576415826221877
table-0005-988 2 3 0 16 72 2101 1.0 0.4250871080139373
table-0005-530 12 7 0 1516 528 92030 0.09090909090909091 0.049586776859504134
table-0005-130 15 10 12 2042 999 338312 1.0 0.043693449849199595
table-0005-622 4 10 0 230 478 11650 0.2 0.011984021304926764
table-0005-772 0 0 0 413 538 2276 0.058823529411764705 0.0
table-0005-403 0 1 0 76 77 7310 1.0 0.0
table-0005-767 0 0 0 413 538 2276 0.058823529411764705 0.0
table-0005-654 10 5 0 517 576 19723 0.5 0.17204301075268819
table-0005-82 8 6 1 196 453 16046 0.045454545454545456 0.012024174920102522
table-0005-952 5 3 0 296 83 82272 0.5 0.007787592118329588
table-0005-941 2 9 0 288 139 0 0.3333333333333333 0.0756033730735679
table-0005-280 0 1 0 405 325 57430 1.0 0.0
table-0005-235 2 3 0 84 89 6935 1.0 0.07649769585253456
table-0005-961 27 6 0 449 495 32562 0.07692307692307693 4.780075187969925
table-0005-615 2 2 0 62 80 3945 0.3333333333333333 0.08702791461412152
table-0005-605 4 16 16 395 296 1181 0.25 2.0328719723183393
table-0005-176 14 4 10 168 158 17387 0.5 0.4812623274161736
table-0005-100 5 2 0 94 208 37361 0.3333333333333333 0.05839822024471635
table-0005-713 4 2 2 15 40 2853 1.0 0.06305803571428571
table-0005-433 16 3 0 317 533 182858 0.1111111111111111 0.0691793893129771
table-0005-204 5 5 0 172 466 23308 0.043478260869565216 0.004771642808452625
table-0005-623 1 2 1 68 116 4890 0.3333333333333333 0.013503909026297086
table-0005-822 2 1 1 224 237 5646 0.5 0.0660377358490566
table-0005-995 0 1 0 107 106 9573 1.0 0.0
table-0005-387 5 3 0 53 123 6615 1.0 0.08100092678405932
table-0005-841 2 2 0 9 25 993 1.0 0.12133072407045009
table-0005-459 49 5 0 841 260 119247 1.0 0.16456340321595767
table-0005-414 1 2 0 11 34 0 0.5 0.017678708685626442
table-0005-246 15 7 15 193 162 21130 0.5 0.29672207550100976
table-0005-761 6 3 7 443 554 2496 0.058823529411764705 0.07081403044341496
table-0005-410 0 1 0 60 64 1532 1.0 0.0
table-0005-9 1 3 0 14 36 892 1.0 0.03804692454026633
table-0005-435 8 8 0 317 533 182858 0.1111111111111111 0.059910032715376225
table-0005-257 9 2 1 1310 457 84751 0.1111111111111111 0.09648648648648649
table-0005-750 13 4 3 443 554 2496 0.058823529411764705 0.6446062210456651
table-0005-109 44 4 21 222 135 348034 0.2 0.7985347985347986
table-0005-310 15 2 0 11 114 3493 1.0 0.03539626001780944
table-0005-742 5 9 0 1286 738 79283 0.08333333333333333 0.031336832355665326
table-0005-517 22 8 14 296 276 12769 0.2 0.3645232815964523
table-0005-143 6 15 6 57 176 1471 1.0 0.7400950871632329
table-0005-630 6 3 0 225 37 5973 1.0 0.05750431282346176
table-0005-43 1 5 0 17 106 4121 0.1111111111111111 0.41263940520446096
table-0005-327 15 4 6 27 36 22530 0.5 1.5316455696202531
table-0005-402 0 1 0 86 257 5488 1.0 0.0
table-0005-460 81 3 0 841 260 119247 1.0 0.26109301852228783
table-0005-208 6 5 0 172 466 23308 0.043478260869565216 0.006213622778039956
table-0005-39 1 5 0 17 106 4121 0.1111111111111111 0.483271375464684
table-0005-557 3 6 0 50 43 1422 0.2 0.2789992418498863
table-0005-440 1 2 1 265 217 297143 1.0 0.0026659183387119406
table-0005-472 1 3 0 304 345 2805 1.0 0.15121255349500715
table-0005-443 0 1 0 78 66 14430 1.0 0.0
table-0005-362 1 2 1 186 135 2122 1.0 0.00684931506849315
table-0005-324 18 8 30 1325 470 112922 0.09090909090909091 0.16280424650440187
table-0005-84 10 6 3 196 453 16046 0.045454545454545456 0.012530455969369997
table-0005-507 12 5 0 7 47 286 1.0 2.827906976744186
table-0005-135 0 1 0 315 307 50158 1.0 0.0
table-0005-518 5 3 0 296 276 12769 0.2 0.03680709534368071
table-0005-401 2 2 0 226 237 11520 0.5 0.03223300970873787
table-0005-504 5 4 3 106 85 1482 0.3333333333333333 0.052823920265780734
table-0005-19 2 3 0 44 46 916 1.0 0.10542635658914729
table-0005-959 11 2 0 18 26 4387 1.0 0.5190156599552572
table-0005-610 4 6 0 209 435 18298 0.3333333333333333 0.010532041139240507
table-0005-104 16 6 14 82 114 4277 1.0 0.9118852459016393
table-0005-717 10 5 0 138 437 907 1.0 0.0984251968503937
table-0005-216 7 5 0 172 466 23308 0.043478260869565216 0.006633107860101725
table-0005-861 1 3 0 43 52 3200 1.0 0.02227895103272221
table-0005-396 3 3 1 66 81 1264 0.25 0.3382978723404255
table-0005-366 5 5 0 79 158 1869 1.0 0.49624060150375937
table-0005-201 5 5 0 172 466 23308 0.043478260869565216 0.004404593361648577
table-0005-827 3 8 3 12 41 11276 0.3333333333333333 0.05712138293874483
table-0005-284 2 4 0 82 301 1947 0.25 0.4227188081936685
table-0005-393 4 3 0 6 9 772 0.5 0.12082444918265814
table-0005-609 1 2 0 68 104 6107 0.3333333333333333 0.05675675675675676
table-0005-693 9 6 0 31 141 709 0.3333333333333333 0.5728155339805825
table-0005-579 1 3 0 24 15 969 1.0 0.06756756756756757
table-0005-670 4 3 8 278 359 81945 0.3333333333333333 0.006353298651074996
table-0005-484 11 5 0 46 64 1892 0.5 6.802139037433155
table-0005-285 2 4 0 82 301 1947 0.25 0.3612662942271881
table-0005-253 3 4 0 309 275 23577 0.3333333333333333 0.06437262854899908
table-0005-326 6 7 4 1325 470 112922 0.09090909090909091 0.11185914034179181
table-0005-50 1 3 0 198 121 2827 1.0 0.13542600896860987
table-0005-868 7 5 10 184 197 3588 0.25 0.1773225008830802
table-0005-4 13 4 0 317 272 20972 1.0 1.327127659574468
table-0005-276 0 1 0 77 213 2497 1.0 0.0
table-0005-546 3 5 2 29 49 1540 1.0 0.5973684210526315
table-0005-425 1 1 0 435 366 25769 1.0 0.006333024405313562
table-0005-809 1 3 0 35 16 2728 1.0 0.4457831325301205
table-0005-169 10 4 0 135 221 1212 0.3333333333333333 1.7337278106508875
table-0005-419 1 2 1 153 180 2258 1.0 0.025606469002695417
table-0005-804 1 3 0 337 262 43008 1.0 0.007565837334497308
table-0005-647 17 10 3 195 424 13762 0.3333333333333333 0.10923204879401165
table-0005-494 29 4 0 478 590 255673 1.0 0.02929448547736644
table-0005-703 9 4 0 264 336 6910 0.16666666666666666 0.17742517129462676
table-0005-316 6 6 0 76 179 27997 0.125 0.15160406885758998
table-0005-347 6 3 0 42 58 2182 1.0 0.2734324499030381
table-0005-759 13 4 3 443 554 2496 0.058823529411764705 0.586366644606221
table-0005-923 3 7 0 23 67 4651 0.125 0.039050404266299674
table-0005-487 13 3 0 910 361 379400 0.3333333333333333 0.003713199540270533
table-0005-442 6 2 0 10 71 873 0.5 0.12511291779584463
table-0005-704 4 10 0 264 336 6910 0.16666666666666666 0.08402452217814642
table-0005-37 13 5 0 17 106 4121 0.1111111111111111 7.639405204460966
table-0005-191 6 7 0 125 250 14223 0.14285714285714285 0.5245700245700246
table-0005-373 22 2 0 2472 866 255480 1.0 0.06315152330351738
table-0005-996 2 3 0 92 116 11309 1.0 0.06060606060606061
table-0005-2 2 3 0 48 60 146 1.0 0.07463592233009708
table-0005-297 14 4 0 65 81 2086 0.14285714285714285 0.23421052631578948
table-0005-976 5 3 0 48 77 41471 0.5 0.022841436830632167
table-0005-984 5 7 2 218 198 11053 0.3333333333333333 0.07238387854690041
table-0005-649 7 3 0 62 45 7788 1.0 0.3103335513407456
table-0005-267 17 2 0 58 141 3397 0.25 0.0472027972027972
table-0005-522 22 8 14 267 272 10758 0.2 0.3440746237015052
table-0005-111 7 13 1 235 228 19141 1.0 0.058973457549657236
table-0005-336 1 2 0 399 292 7346 0.25 0.08103727714748785
table-0005-445 9 5 0 602 151 56971 0.25 0.22148227712137486
table-0005-688 9 2 0 1160 736 226773 0.1 0.023328955554019492
table-0005-411 46 6 34 94 139 5742 0.2 6.322109988776655
table-0005-576 46 4 21 195 110 356347 0.5 0.6629181084198386
table-0005-128 6 9 6 2042 999 338312 1.0 0.002861340963575903
table-0005-891 23 8 18 302 304 13094 0.2 0.14945144250304754
table-0005-469 11 3 10 329 314 65 1.0 0.2178950756356614
table-0005-391 4 4 0 19 49 2499 1.0 0.025619604566972987
table-0005-825 1 2 1 12 41 11276 0.3333333333333333 0.007140172867343104
table-0005-132 12 5 0 2042 999 338312 1.0 0.02211739231304617
table-0005-764 13 4 3 413 538 2276 0.058823529411764705 0.6550569323509712
table-0005-64 37 4 3 398 284 31728 1.0 2.037037037037037
table-0005-322 10 3 0 1325 470 112922 0.09090909090909091 0.02401605385810461
table-0005-426 4 3 0 100 122 2763 0.5 0.10772501771793054
table-0005-168 18 4 0 135 221 1212 0.3333333333333333 3.911242603550296
table-0005-645 53 4 52 5 98 1053 0.5 13.094444444444445
table-0005-846 11 11 0 812 1724 75672 0.16666666666666666 0.03385952871196522
table-0005-397 5 3 5 34 52 4024 0.5 0.24508050089445438
table-0005-375 58 8 52 2472 866 255480 1.0 0.050238751765417984
table-0005-525 1 3 0 267 272 10758 0.2 0.0290438838244647
table-0005-254 3 2 0 10 27 1691 0.25 0.03640040444893832
table-0005-668 5 3 0 319 284 9433 0.2 0.017698177193726156
table-0005-979 26 5 0 1022 1742 53582 0.5 0.38497698560376065
table-0005-918 1 3 0 31 28 3566 1.0 0.03581117742810635
table-0005-35 16 4 10 7 30 1616 1.0 0.8604923798358733
table-0005-937 2 3 0 26 43 1384 1.0 0.05135887010485769
table-0005-903 34 3 1 260 246 5061 0.3333333333333333 0.1695556255909234
table-0005-427 5 5 14 386 557 869 0.5 0.3339449541284404
table-0005-77 3 6 1 196 453 16046 0.045454545454545456 0.004556529443407271
table-0005-20 2 4 0 20 36 1137 1.0 0.03859581070597362
table-0005-849 0 1 0 22 41 7060 0.5 0.0
table-0005-839 10 11 0 23 176 970 0.08333333333333333 0.2190126050420168
table-0005-278 1 3 1 77 213 2497 1.0 0.11707317073170732
table-0005-361 4 10 0 59 84 2807 0.5 0.4357142857142857
table-0005-912 1 5 2 186 215 2029 1.0 0.16544502617801046
table-0005-437 25 4 0 317 533 182858 0.1111111111111111 0.04770992366412214
table-0005-457 2 8 0 563 394 4756 0.1111111111111111 0.16708701134930642
table-0005-978 12 5 0 1022 1742 53582 0.5 0.19753207325433356
table-0005-334 0 1 0 49 46 31990 0.3333333333333333 0.0
table-0005-962 27 6 0 449 495 32562 0.07692307692307693 4.864661654135339
table-0005-560 2 2 0 8 15 830 1.0 0.20738636363636365
table-0005-760 6 2 0 443 554 2496 0.058823529411764705 0.071475843812045
table-0005-480 10 5 10 9 4 464 1.0 6.777027027027027
table-0005-451 1 7 0 563 394 4756 0.1111111111111111 0.058638083228247165
table-0005-535 5 3 0 366 295 31480 0.2 0.010826322311354594
table-0005-585 4 10 0 222 437 17542 0.5 0.011543704208553416
table-0005-58 13 4 0 252 188 12505 1.0 1.4351851851851851
table-0005-836 10 4 0 23 176 970 0.08333333333333333 0.5698529411764706
table-0005-733 16 5 0 1286 738 79283 0.08333333333333333 0.171040444581661
table-0005-674 1 3 0 110 36 3943 1.0 0.050493962678375415
table-0005-850 5 3 0 29 43 2454 1.0 0.3134920634920635
table-0005-106 6 4 2 3 12 1151 0.5 0.06689868522815158
table-0005-65 8 6 11 196 453 16046 0.045454545454545456 0.025060911938739994
table-0005-741 5 9 0 1286 738 79283 0.08333333333333333 0.02778635381290522
table-0005-298 66 4 7 73 126 72111 0.5 2.539587852494577
table-0005-679 1 3 0 44 33 1639 1.0 0.07649357900614182
table-0005-328 5 2 0 276 291 53271 0.5 0.025693380976688787
table-0005-5 9 4 0 175 174 15367 1.0 0.6244075829383886
table-0005-196 4 2 0 61 91 10673 0.3333333333333333 0.09196787148594378
table-0005-115 19 7 1 283 483 228875 0.09090909090909091 0.427516559887067
table-0005-736 2 5 0 1286 738 79283 0.08333333333333333 0.03210867551713492
table-0005-616 1 4 0 62 80 3945 0.3333333333333333 0.05582922824302135
table-0005-516 23 8 18 296 276 12769 0.2 0.40864745011086473
table-0005-390 50 4 4 104 108 63146 0.3333333333333333 2.518987341772152
table-0005-296 4 7 0 65 81 2086 0.14285714285714285 0.12842105263157894
table-0005-885 135 3 24 264 230 5278 0.3333333333333333 1.9263477600607442
table-0005-155 2 2 0 7 22 674 1.0 0.07466666666666667
table-0005-538 2 4 2 348 278 772 0.5 0.5613207547169812
table-0005-512 1 3 0 317 350 2700 1.0 0.07829722538958571
table-0005-187 15 2 0 318 105 173655 1.0 0.018140510311080042
table-0005-74 9 6 5 196 453 16046 0.045454545454545456 0.009840837895136538
table-0005-338 3 5 0 308 292 81988 0.5 0.04516791318375128
table-0005-407 11 2 7 72 124 31084 0.5 0.06914322525230836
table-0005-255 3 6 0 10 27 1691 0.25 0.03943377148634985
table-0005-333 4 2 0 49 46 31990 0.3333333333333333 0.05718027062418158
table-0005-415 13 5 0 11 34 0 0.5 0.5372790161414297
table-0005-380 12 2 0 12 7 4035 1.0 2.13215859030837
table-0005-932 2 3 0 286 503 17628 0.1 0.02761121182540789
table-0005-814 1 3 0 182 99 7622 1.0 0.021087899093417423
table-0005-541 5 3 0 301 281 24835 0.2 0.027316109922659208
table-0005-165 2 2 0 176 164 24963 0.14285714285714285 0.005865102639296188
table-0005-231 1 3 0 13 26 1932 1.0 0.023321777497636306
table-0005-228 33 4 25 55 83 2366 0.5 0.7466968667421668
table-0005-853 58 2 56 206 234 2943 0.25 0.0844656114301723
table-0005-151 2 4 0 51 108 989 0.25 0.5982142857142857
table-0005-357 1 2 1 187 127 2202 1.0 0.010850942318675044
table-0005-909 2 3 0 359 359 3805 1.0 0.18050373134328357
table-0005-526 2 3 0 34 59 5126 1.0 0.0858416945373467
table-0005-695 36 8 20 224 294 9255 0.3333333333333333 0.1613911371103454
table-0005-343 1 5 0 507 45 141184 0.3333333333333333 0.17182817182817184
table-0005-212 10 5 0 172 466 23308 0.043478260869565216 0.010644433957317392
table-0005-404 18 4 16 469 692 1177 0.5 0.9839537869062901
table-0005-332 0 0 0 276 291 53271 0.5 0.0
table-0005-90 12 3 0 11 49 2714 0.2 0.8415492957746479
table-0005-716 18 3 18 30 51 1999 0.25 0.4776671408250356
table-0005-344 6 2 6 12 20 4856 0.5 0.25963488843813387
table-0005-424 15 4 0 153 177 73181 1.0 0.11191898208257596
table-0005-785 9 2 0 420 542 2452 0.058823529411764705 0.14653465346534653
table-0005-134 4 2 0 2042 999 338312 1.0 0.006573350862268966
table-0005-265 11 2 0 1310 457 84751 0.1111111111111111 0.10351351351351351
table-0005-599 17 8 1 178 364 18403 0.2 0.09268784669692386
table-0005-398 3 4 0 377 380 7012 0.5 0.023728813559322035
table-0005-590 13 9 23 153 190 11758 0.5 0.14344899016053858
table-0005-299 0 1 0 73 126 72111 0.5 0.0
table-0005-774 5 2 0 413 538 2276 0.058823529411764705 0.056932350971198926
table-0005-508 3 3 0 110 101 11423 1.0 0.03989686524630208
table-0005-329 1 2 1 276 291 53271 0.5 0.009868980772502978
table-0005-686 5 4 0 1160 736 226773 0.1 0.008640353908896108
table-0005-829 3 3 0 243 280 2956 1.0 0.12192177691936262
table-0005-439 15 5 33 392 572 791 0.5 1.4465648854961832
table-0005-784 13 4 3 420 542 2452 0.058823529411764705 0.6607260726072607
table-0005-614 1 2 1 62 80 3945 0.3333333333333333 0.031198686371100164
table-0005-318 6 5 0 76 179 27997 0.125 0.10661189358372457
table-0005-99 17 2 0 94 208 37361 0.3333333333333333 0.39488320355951056
table-0005-126 8 11 16 2042 999 338312 1.0 0.021846724924599797
table-0005-521 23 8 18 267 272 10758 0.2 0.39071443714225146
table-0005-789 6 2 0 420 542 2452 0.058823529411764705 0.06534653465346535
table-0005-993 1 3 0 74 136 3819 1.0 0.030551626591230552
table-0005-233 5 2 4 25 52 2564 0.5 0.124634858812074
table-0005-588 10 6 0 32 143 858 0.3333333333333333 0.6842105263157895
table-0005-3 11 6 2 9 94 184 1.0 0.9778215869886644
table-0005-928 4 2 3 39 88 8496 1.0 0.010668924640135479
table-0005-364 1 2 1 117 87 509 1.0 0.0013229355243002368
table-0005-48 11 9 0 129 329 1084 1.0 4.804166666666666
table-0005-190 28 7 16 125 250 14223 0.14285714285714285 2.2800982800982803
table-0005-739 34 5 0 1286 738 79283 0.08333333333333333 0.36693423896264277
table-0005-813 4 3 0 67 58 6762 1.0 0.15267175572519084
table-0005-797 63 4 49 76 70 81726 0.3333333333333333 1.417844522968198
table-0005-31 1 3 0 284 331 1480 1.0 0.023744292237442923
table-0005-138 14 4 14 121 248 4821 0.16666666666666666 0.4523957685127567
table-0005-56 183 3 295 12 331 1661 1.0 3.1612386545648694
table-0005-108 23 4 23 222 135 348034 0.2 0.5943223443223443
table-0005-593 5 2 0 17 28 10523 0.3333333333333333 0.24861000794281177
table-0005-548 13 5 0 38 59 932 0.5 2.4711538461538463
table-0005-177 4 2 2 33 47 20857 0.25 0.0758364312267658
table-0005-848 6 3 0 812 1724 75672 0.16666666666666666 0.03265843056508808
table-0005-448 7 3 1 117 112 7641 1.0 0.0560884070058382
table-0005-227 3 2 3 34 89 8067 1.0 0.0021474092546411748
table-0005-865 2 3 0 84 67 9737 1.0 0.06435643564356436
table-0005-577 5 5 0 46 74 4107 0.3333333333333333 0.7983074753173484
table-0005-274 4 12 4 77 213 2497 1.0 0.36585365853658536
table-0005-621 17 8 16 230 478 11650 0.2 0.08045187062411409
table-0005-123 2 3 0 49 59 859 1.0 0.44982698961937717
table-0005-799 14 4 8 104 124 4589 1.0 0.12372304199772985
table-0005-229 11 11 0 190 141 72527 0.25 0.13360727182169094
table-0005-209 8 5 0 172 466 23308 0.043478260869565216 0.007603167112369566
table-0005-513 14 5 11 33 51 1035 1.0 1.21681723419041
table-0005-87 3 4 0 239 159 11074 0.5 0.2637729549248748
table-0005-173 15 4 9 252 218 18823 1.0 0.8679867986798679
table-0005-167 1 2 0 176 164 24963 0.14285714285714285 0.0039100684261974585
table-0005-587 7 7 0 32 143 858 0.3333333333333333 1.7583732057416268
table-0005-71 9 6 7 196 453 16046 0.045454545454545456 0.009556054804923584
table-0005-757 8 3 9 443 554 2496 0.058823529411764705 0.13898080741230973
table-0005-474 9 3 0 543 567 30450 1.0 0.1603317208016586
table-0005-895 1 3 0 302 304 13094 0.2 0.011133685493701747
table-0005-236 3 6 2 106 77 5287 0.5 0.16028309741881766
table-0005-207 9 5 0 172 466 23308 0.043478260869565216 0.008730533270410571
table-0005-320 15 2 0 1325 470 112922 0.09090909090909091 0.03469704816157431
table-0005-685 13 2 0 1160 736 226773 0.1 0.02702702702702703
table-0005-706 3 10 0 264 336 6910 0.16666666666666666 0.06527226830147854
table-0005-461 1 4 1 348 480 877 0.5 0.07706422018348624
table-0005-749 8 7 0 443 554 2496 0.058823529411764705 0.4500330906684315
table-0005-434 12 3 0 317 533 182858 0.1111111111111111 0.04212104689203926
table-0005-702 8 4 0 264 336 6910 0.16666666666666666 0.1575910566173819
table-0005-571 42 9 40 99 281 88433 0.14285714285714285 8.140056022408963
table-0005-542 5 3 0 301 281 24835 0.2 0.02748066480171137
table-0005-936 7 3 2 30 22 6513 0.2 0.5926940639269407
table-0005-412 26 4 0 94 139 5742 0.2 1.0740740740740742
table-0005-966 27 6 0 449 495 32562 0.07692307692307693 4.712406015037594
table-0005-925 4 7 0 23 67 4651 0.125 0.08154137278513676
table-0005-708 3 3 0 1217 758 28583 0.5 0.002338192129744789
table-0005-565 3 2 0 75 83 10203 0.5 0.07005579665220087
table-0005-786 9 3 10 420 542 2452 0.058823529411764705 0.13795379537953795
table-0005-325 6 9 4 1325 470 112922 0.09090909090909091 0.011651993785603314
table-0006-1000 1 5 0 384 355 140508 0.2 0.00699075069907507
table-0005-206 8 5 0 172 466 23308 0.043478260869565216 0.0077342562005138695
table-0005-97 4 4 0 94 208 37361 0.3333333333333333 0.3064516129032258
table-0005-225 1 2 1 67 121 29849 0.25 0.007796471070988921
table-0005-636 0 1 0 73 129 8463 0.3333333333333333 0.0
table-0005-105 13 6 9 149 155 7255 1.0 0.7728667894413751
table-0005-238 7 7 12 131 250 1312 0.5 0.39599714081486775
table-0005-910 53 9 50 79 308 173 1.0 2.5520542481053052
table-0005-502 8 2 0 106 85 1482 0.3333333333333333 0.14451827242524917
table-0005-655 2 3 0 45 85 6252 1.0 0.09947155735156979
table-0005-837 12 11 0 23 176 970 0.08333333333333333 0.27153361344537813
table-0005-270 1 2 1 157 186 6206 1.0 0.010005265929436546
table-0005-353 4 3 0 130 515 16394 1.0 0.10258514567090685
table-0005-180 1 10 0 13 28 946 0.5 0.019135669748441195
table-0005-637 4 6 2 73 129 8463 0.3333333333333333 0.18973634651600754
table-0005-944 9 9 8 541 599 70006 0.5 0.2589978828510939
table-0005-871 12 5 1 12 169 11480 1.0 0.09065615580802226
table-0005-16 26 6 26 34 1631 133562 0.047619047619047616 0.05378608012662575
table-0005-665 23 8 18 319 284 9433 0.2 0.1946799491309877
table-0005-833 6 3 0 23 176 970 0.08333333333333333 0.23214285714285715
table-0005-101 6 3 0 94 208 37361 0.3333333333333333 0.41935483870967744
table-0005-663 21 3 1 110 176 67061 0.09090909090909091 0.4918401800787845
table-0005-642 0 1 0 189 219 8360 0.3333333333333333 0.0
table-0005-986 3 2 3 23 15 15165 0.5 0.0005354274495805819
table-0005-737 14 5 0 1286 738 79283 0.08333333333333333 0.14803951836986726
table-0005-422 5 10 4 32 44 2714 0.5 0.13862093604858877
table-0005-269 3 2 0 36 75 17595 1.0 0.036539269214615706
table-0005-413 41 4 0 94 139 5742 0.2 0.8664421997755332
table-0005-124 4 3 0 57 94 2501 1.0 0.15343915343915343
table-0005-946 23 10 84 393 554 23114 0.25 0.6181662870159453
table-0005-110 2 12 1 235 228 19141 1.0 0.01599578133239585
table-0005-172 44 4 21 118 71 294495 0.25 0.8789860997547015
table-0005-796 24 2 0 284 256 16317 0.5 0.4697965571205008
table-0005-114 22 8 6 283 483 228875 0.09090909090909091 0.47431860136822673
table-0005-272 28 4 0 604 238 206683 1.0 0.7261904761904762
table-0005-188 45 3 13 7 53 1187 0.5 0.34950878237570704
table-0005-492 6 4 0 478 590 255673 1.0 0.005550772576917848
table-0005-766 6 3 7 413 538 2276 0.058823529411764705 0.11520428667113194
table-0005-67 7 6 6 196 453 16046 0.045454545454545456 0.006423440812581084
table-0005-17 1 3 0 147 228 5268 1.0 0.029459606000361467
table-0005-164 3 2 0 176 164 24963 0.14285714285714285 0.007331378299120235
table-0005-483 4 7 0 75 85 6962 0.3333333333333333 0.04539826661163846
table-0005-626 1 2 0 68 116 4890 0.3333333333333333 0.047619047619047616
table-0005-283 14 6 12 51 86 8259 0.25 0.19404418828049952
table-0005-463 22 8 14 287 310 24623 0.2 0.12807575875184352
table-0005-734 8 5 0 1286 738 79283 0.08333333333333333 0.11176288978079654
table-0005-915 5 3 0 300 286 42839 0.2 0.01799067952747372
table-0005-958 1 2 0 18 26 4387 1.0 0.058165548098434
table-0005-144 2 4 0 57 176 1471 1.0 0.6212361331220285
table-0005-678 29 3 6 63 256 3913 0.5 0.8917551846231664
table-0005-969 27 6 0 449 495 32562 0.07692307692307693 4.530075187969925
table-0005-46 91 6 263 379 182 2230 0.5 8.51231884057971
table-0005-527 3 10 3 1516 528 92030 0.09090909090909091 0.003229790063645863
table-0005-707 8 4 0 264 336 6910 0.16666666666666666 0.16227912008654885
table-0005-131 0 1 0 2042 999 338312 1.0 0.0
table-0005-503 3 5 2 106 85 1482 0.3333333333333333 0.0867109634551495
table-0005-49 1 2 1 156 200 3762 1.0 0.007883817427385892
table-0005-154 15 4 18 51 108 989 0.25 1.5714285714285714
table-0005-992 3 3 0 133 160 4334 1.0 0.022449336128581413
table-0005-917 1 3 0 300 286 42839 0.2 0.015497995014630974
table-0005-358 104 4 7 181 236 8200 0.2 4.416339355852317
table-0005-824 16 17 16 224 237 5646 0.5 5.339622641509434
table-0005-673 1 3 0 169 90 10219 0.5 0.02333285323347256
table-0005-783 9 6 0 420 542 2452 0.058823529411764705 0.14323432343234324
table-0005-423 0 1 0 32 44 2714 0.5 0.0
table-0005-751 6 2 0 443 554 2496 0.058823529411764705 0.12243547319655856
table-0005-957 14 15 0 110 80 7777 0.5 0.1529488859764089
table-0005-752 6 3 7 443 554 2496 0.058823529411764705 0.11780277961614824
table-0005-544 1 3 0 20 33 1098 1.0 0.05105513955071477
table-0005-781 6 3 7 420 542 2452 0.058823529411764705 0.11155115511551156
table-0005-418 1 2 1 330 435 4514 1.0 0.02529960053262317
table-0005-639 1 2 0 11 54 15495 1.0 0.0061612643986070185
table-0005-279 10 5 18 136 185 12427 0.5 0.09362303479950539
table-0005-983 11 10 42 218 198 11053 0.3333333333333333 0.09587926983553226
table-0005-14 7 5 7 34 1631 133562 0.047619047619047616 0.02171153817437919
table-0005-999 2 5 0 384 355 140508 0.2 0.010862551086255109
table-0005-150 14 12 0 177 157 34479 0.5 0.13654340518093733
table-0005-900 1 6 0 57 338 2055 0.5 0.12709620476610767
table-0005-697 10 6 12 87 101 6528 1.0 0.3562874251497006
table-0005-91 12 3 0 11 49 2714 0.2 0.7699530516431925
table-0005-762 0 0 0 443 554 2496 0.058823529411764705 0.0
table-0005-152 4 5 0 51 108 989 0.25 0.5
table-0005-684 6 2 0 1160 736 226773 0.1 0.008363862583811433
table-0005-681 13 3 0 1160 736 226773 0.1 0.05474528236676574
table-0005-382 9 3 0 12 7 4035 1.0 1.7665198237885462
table-0005-444 8 6 0 31 40 1201 0.5 1.7592592592592593
table-0005-137 4 4 5 121 248 4821 0.16666666666666666 0.1297448662103298
table-0005-153 16 4 19 51 108 989 0.25 1.5379464285714286
table-0005-699 3 2 2 87 110 58359 0.5 0.011208352525717795
table-0005-939 15 3 0 78 79 6125 1.0 1.231266149870801
table-0005-586 21 7 0 32 143 858 0.3333333333333333 5.382775119617225
table-0005-197 25 3 0 45 139 1175 1.0 0.4102502406159769
table-0005-863 0 1 0 360 278 54154 0.5 0.0
table-0005-266 9 4 14 272 155 13802 1.0 0.22959889349930843
table-0005-456 4 2 0 563 394 4756 0.1111111111111111 0.014501891551071878
table-0005-186 6 2 5 163 233 1386 1.0 0.15611353711790393
table-0005-149 2 4 1 322 174 5050398 1.0 0.02458654906284454
table-0005-161 2 10 0 331 107 785 1.0 0.09695603156708005
table-0005-477 2 2 2 87 107 8739 0.3333333333333333 0.018591347872720772
table-0005-55 17 13 0 158 126 10049 0.5 0.23240143369175628
table-0005-351 66 7 133 130 515 16394 1.0 2.3672548215018465
table-0005-30 0 1 0 122 141 2205 1.0 0.0
table-0005-166 1 2 0 176 164 24963 0.14285714285714285 0.002688172043010753
table-0005-421 5 2 0 1412 130 94630 0.5 0.00875013503294804
table-0005-217 5 5 0 172 466 23308 0.043478260869565216 0.004928949714225788
table-0005-219 8 5 0 172 466 23308 0.043478260869565216 0.008127523464946778
table-0005-629 6 3 0 225 37 5973 1.0 0.07015526164462335
table-0005-721 1 3 0 39 54 17244 0.5 0.01521933751119069
table-0005-356 1 3 0 87 96 5000 1.0 0.043993759750390014
table-0005-33 6 11 0 76 77 2220 0.5 0.1888
table-0005-127 17 8 5 2042 999 338312 1.0 0.02582940221173923
table-0005-889 43 3 29 81 133 9489 0.3333333333333333 0.6019092279350192
table-0005-34 1 3 0 90 81 2212 1.0 0.08220551378446116
table-0005-792 19 13 0 7 36 271 1.0 0.6658407079646018
table-0005-949 3 2 0 28 79 6376 0.5 0.10491803278688525
table-0005-450 7 2 0 563 394 4756 0.1111111111111111 0.04981084489281211
table-0005-98 1 4 0 94 208 37361 0.3333333333333333 0.05172413793103448
table-0005-712 5 5 0 106 68 23692 1.0 0.07557947929254093
table-0005-884 1 3 0 99 107 2330 1.0 0.046580406654343806
table-0005-842 5 3 0 56 43 16417 1.0 0.15866261398176293
table-0005-171 46 3 29 581 148 116231 0.5 0.1779873787066567
table-0005-282 4 4 0 51 86 8259 0.25 0.03362151777137368
table-0005-384 5 4 5 366 283 859 0.5 1.4032786885245903
table-0005-656 1 4 1 101 106 19254 0.5 0.001816392946340725
table-0005-473 5 6 4 45 62 1706 0.5 1.3361522198731501
table-0005-428 1 3 0 273 256 9913 1.0 0.015518028297581013
table-0005-301 27 3 8 30 27 4983 0.25 0.43424088601753574
table-0005-575 20 4 11 99 281 88433 0.14285714285714285 3.033613445378151
table-0005-136 5 4 11 121 248 4821 0.16666666666666666 0.13347853142501556
table-0005-564 1 3 0 34 93 3816 1.0 0.016705069124423964
table-0005-400 4 5 0 643 502 94067 0.14285714285714285 0.02334370831480658
table-0005-277 6 14 6 77 213 2497 1.0 0.5573170731707318
table-0005-650 34 13 45 18 5 1962 1.0 15.775119617224881
table-0005-430 2 3 0 12 20 430 1.0 0.1995172968624296
table-0005-780 6 2 0 420 542 2452 0.058823529411764705 0.10297029702970296
table-0005-608 3 4 0 68 104 6107 0.3333333333333333 0.09099099099099099
table-0005-954 1 3 0 95 97 13054 1.0 0.07636738906088751
table-0005-947 7 4 3 0 0 0 0.0 375.0
table-0005-920 5 6 0 274 226 57334 0.5 0.15656565656565657
table-0005-294 8 1 0 65 81 2086 0.14285714285714285 0.21789473684210525
table-0005-562 1 1 0 107 97 21323 1.0 0.0020387359836901123
table-0005-888 4 2 0 118 141 6725 0.5 0.2667814113597246
table-0005-554 31 2 30 101 86 2468 0.5 0.21385826771653543
table-0005-256 3 2 0 10 27 1691 0.25 0.036905965621840245
table-0005-664 1 3 0 175 146 33073 0.3333333333333333 0.022835900159320233
table-0005-163 0 1 0 39 38 1615 1.0 0.0
table-0005-157 36 7 36 85 128 1117930 0.3333333333333333 0.583919362400375
table-0005-933 1 3 0 267 68 80657 1.0 0.011284102271104128
table-0005-359 1 2 0 189 134 2268 1.0 0.009770603228547154
table-0005-596 3 4 0 191 163 1405 0.3333333333333333 1.0298507462686568
table-0005-646 4 8 0 195 424 13762 0.3333333333333333 0.022179096201829774
table-0005-950 0 1 0 14 26 1742 1.0 0.0
table-0005-273 4 12 4 77 213 2497 1.0 0.3097560975609756
table-0005-385 4 4 1 244 106 1008 1.0 0.0886015325670498
table-0005-942 2 6 0 289 139 0 0.3333333333333333 0.042890375109043324
table-0005-76 4 5 0 196 453 16046 0.045454545454545456 0.013226592412112773
table-0005-15 82 9 156 34 1631 133562 0.047619047619047616 0.1757380280428258
table-0005-926 4 7 0 23 67 4651 0.125 0.0830896266987786
table-0005-455 7 2 0 563 394 4756 0.1111111111111111 0.04981084489281211
table-0005-998 7 2 3 384 355 140508 0.2 0.02688750268875027
table-0005-232 2 4 0 102 33 2965 1.0 0.0563165905631659
table-0005-591 3 3 0 34 40 2127 1.0 0.18334452652787106
table-0005-880 5 2 4 180 153 2980 0.2 0.047323644097837646
table-0005-221 3 5 0 495 299 7159 1.0 0.05019305019305019
table-0005-883 1 3 0 114 104 2151 1.0 0.11390134529147983
table-0005-8 2 4 0 14 36 892 1.0 0.05421686746987952
table-0005-315 3 7 0 76 179 27997 0.125 0.08274647887323944
table-0005-793 13 4 0 276 119 363431 0.5 0.011941763454932112
table-0005-497 2 4 0 478 590 255673 1.0 0.0021296841723684808
table-0005-57 1 2 1 10 13 682 1.0 0.0286144578313253
table-0005-552 34 5 108 393 575 859 0.5 2.403314917127072
table-0005-247 5 4 0 193 162 21130 0.5 0.02951685567811092
table-0005-367 1 3 0 111 87 8725 1.0 0.04525056095736724
table-0005-566 2 4 2 64 81 24119 0.3333333333333333 0.01960568344531336
table-0005-107 1 2 1 41 64 11998 1.0 0.013456090651558074
table-0005-770 9 2 0 413 538 2276 0.058823529411764705 0.13797722705961152
table-0005-773 13 4 3 413 538 2276 0.058823529411764705 0.5465505693235098
table-0005-52 1 3 0 30 41 1515 1.0 0.06989247311827956
table-0005-330 2 3 0 276 291 53271 0.5 0.02671431002212013
table-0005-178 2 2 0 33 47 20857 0.25 0.03197026022304833
table-0005-887 1 3 0 94 102 1842 1.0 0.05400771538791256
table-0005-28 1 3 0 56 124 2574 1.0 0.02294322132097335
table-0005-335 3 2 2 399 292 7346 0.25 0.3063209076175041
table-0005-193 9 7 16 125 250 14223 0.14285714285714285 0.6369778869778869
table-0005-922 3 7 0 23 67 4651 0.125 0.039222432478926546
table-0005-300 6 4 4 30 27 4983 0.25 0.0692201199815413
table-0005-388 3 3 0 30 53 7460 1.0 0.1853074700784152
table-0005-292 3 3 0 140 166 11654 1.0 0.1111111111111111
table-0005-723 3 2 2 94 122 15488 1.0 0.036445332001997004
table-0005-511 1 3 0 254 229 9108 1.0 0.037108744756373026
table-0005-210 7 5 0 172 466 23308 0.043478260869565216 0.006056315872266792
table-0005-251 1 3 0 15 52 431 1.0 0.09902200488997555
table-0005-598 5 8 0 178 364 18403 0.2 0.03368633383761977
table-0005-709 1 2 0 11 25 1969 1.0 0.03089887640449438
table-0005-879 32 2 31 180 153 2980 0.2 0.04572846508330379
table-0005-509 4 7 3 254 229 9108 1.0 0.15553404323975475
table-0005-203 9 5 0 172 466 23308 0.043478260869565216 0.00956950343453411
table-0005-834 10 4 0 23 176 970 0.08333333333333333 0.6822478991596639
table-0005-352 27 5 44 130 515 16394 1.0 0.7636438243742306
table-0005-682 29 2 0 1160 736 226773 0.1 0.07696827262044653
table-0005-381 4 4 0 12 7 4035 1.0 1.079295154185022
table-0005-202 8 5 0 172 466 23308 0.043478260869565216 0.008206176917833359
table-0005-447 1 5 0 602 151 56971 0.25 0.022771213748657357
table-0005-800 0 1 0 194 205 8654 0.25 0.0
table-0005-32 2 2 1 122 193 8945 1.0 0.02134032197678772
table-0005-500 7 5 0 18 29 743 0.5 4.630705394190872
table-0005-453 4 2 0 563 394 4756 0.1111111111111111 0.014501891551071878
table-0005-965 27 6 0 449 495 32562 0.07692307692307693 5.2669172932330826
table-0005-311 2 5 0 263 207 12504 0.5 0.032168886654938424
table-0005-142 6 15 6 57 176 1471 1.0 0.7496038034865293
table-0005-121 2 2 0 11 42 941 0.5 0.027777777777777776
table-0005-491 8 1 0 478 590 255673 1.0 0.006094521727309801
table-0005-974 277 5 14 451 675 37232 0.5 16.471254355400696
table-0005-363 7 3 7 40 67 4892 0.5 0.2419465387251542
table-0005-346 2 3 0 312 369 3379 1.0 0.11711711711711711
table-0005-446 5 5 0 602 151 56971 0.25 0.13533834586466165
table-0005-263 10 5 0 1310 457 84751 0.1111111111111111 0.1264864864864865
table-0005-769 13 4 3 413 538 2276 0.058823529411764705 0.6389819156061621
table-0005-485 1 2 1 30 51 3404 1.0 0.031932773109243695
table-0005-956 21 8 16 11 52 2804 1.0 0.5433807030665669
table-0005-982 8 4 0 134 119 4668 0.5 0.017197631801522412
table-0005-901 54 4 45 444 369 509207 0.25 0.6866400355082113
table-0005-75 6 6 3 196 453 16046 0.045454545454545456 0.008068854222700376
table-0005-241 4 3 0 12 28 3087 0.3333333333333333 0.00949531737773153
table-0005-726 1 3 0 53 71 3664 1.0 0.010650887573964497
table-0005-831 10 11 0 23 176 970 0.08333333333333333 0.21638655462184875
table-0005-753 0 0 0 443 554 2496 0.058823529411764705 0.0
table-0005-431 0 1 0 12 20 430 1.0 0.0
table-0005-319 52 7 32 76 179 27997 0.125 0.9401408450704225
table-0005-205 6 5 0 172 466 23308 0.043478260869565216 0.0057417020607204656
table-0005-619 8 5 0 230 478 11650 0.2 0.036982947467892276
table-0005-724 10 3 0 1307 624 131525 0.5 0.020090531406957275
table-0005-438 53 9 0 317 533 182858 0.1111111111111111 0.24250272628135225
table-0005-160 5 3 0 680 320 95709 0.3333333333333333 0.07603017991874637
table-0005-963 14 4 2 449 495 32562 0.07692307692307693 0.6710526315789473
table-0005-754 11 6 0 443 554 2496 0.058823529411764705 0.16479152878888154
table-0005-159 1 4 1 680 320 95709 0.3333333333333333 0.006152060359837493
table-0005-570 1 6 0 99 281 88433 0.14285714285714285 0.1400560224089636
table-0005-337 1 1 0 399 292 7346 0.25 0.04051863857374392
table-0005-482 4 2 0 75 85 6962 0.3333333333333333 0.04416013206768469
table-0005-830 2 3 0 23 176 970 0.08333333333333333 0.10451680672268908
table-0005-675 2 2 1 107 153 48673 0.3333333333333333 0.007308796658835813
table-0005-79 4 5 0 196 453 16046 0.045454545454545456 0.011897604657785653
table-0005-470 3 3 0 329 314 65 1.0 0.053427743804312845
table-0005-592 10 2 0 17 28 10523 0.3333333333333333 0.3177124702144559
table-0005-112 4 12 1 235 228 19141 1.0 0.029354895412198982
table-0005-192 8 7 16 125 250 14223 0.14285714285714285 0.4950859950859951
table-0005-763 8 7 0 413 538 2276 0.058823529411764705 0.4313462826523778
table-0005-989 5 2 5 23 7 17045 0.5 0.0012419274714356682
table-0005-597 6 6 8 413 264 13683 0.5 0.03520405892563087
table-0005-876 66 2 64 185 197 2760 1.0 0.08100358422939068
table-0005-696 2 4 0 24 31 1478 0.5 0.10062565172054223
table-0005-810 1 3 0 27 51 1370 1.0 0.059503570214212854
table-0005-44 0 1 0 10 27 4878 1.0 0.0
table-0005-991 23 10 16 133 160 4334 1.0 0.6235150244584207
table-0005-147 1 4 0 57 176 1471 1.0 0.31061806656101426
table-0005-653 41 4 6 91 99 363741 0.25 0.7002577319587628
table-0005-78 5 6 3 196 453 16046 0.045454545454545456 0.005252665886150049
table-0005-184 10 2 4 32 56 10820 0.5 0.1709873138444567
table-0005-964 27 6 0 449 495 32562 0.07692307692307693 5.2631578947368425
table-0005-94 14 4 0 59 35 10913 1.0 0.6550161812297735
table-0005-854 11 2 10 206 234 2943 0.25 0.019190362795909792
table-0005-468 5 3 0 329 314 65 1.0 0.23270035403926617
table-0005-669 1 3 0 319 284 9433 0.2 0.013883001271725308
table-0005-18 4 4 4 44 46 916 1.0 0.10775193798449613
table-0005-24 1 3 0 51 95 7348 0.25 0.02024421593830334
table-0005-449 7 12 1 14 40 1114 0.5 0.15945017182130583
table-0005-302 0 1 0 6 11 1063 1.0 0.0
table-0005-563 3 3 0 37 33 1386 1.0 0.20888355342136855
table-0005-162 1 10 0 331 107 785 1.0 0.048102217211574594
table-0005-66 9 6 1 196 453 16046 0.045454545454545456 0.013353162674429642
table-0005-331 82 6 129 276 291 53271 0.5 1.4725199931938064
table-0005-818 24 6 0 44 102 51966 1.0 23.053984575835475
table-0005-924 3 7 0 23 67 4651 0.125 0.04386719421985206
table-0005-45 1 2 0 4 14 781 1.0 0.03533026113671275
table-0005-820 24 6 1 44 102 51966 1.0 19.08483290488432
table-0005-777 6 7 14 132 244 12145 0.5 0.08661601402688486
table-0005-313 5 5 0 76 179 27997 0.125 0.0764866979655712
table-0005-951 0 1 0 8 19 2039 1.0 0.0
table-0005-698 0 1 0 87 101 6528 1.0 0.0
table-0005-705 8 4 0 264 336 6910 0.16666666666666666 0.142084385142445
table-0005-72 7 6 3 196 453 16046 0.045454545454545456 0.008195424485017245
table-0005-409 1 2 1 43 69 6807 0.3333333333333333 0.022326674500587545
table-0005-406 0 1 0 63 78 3013 1.0 0.0
table-0005-603 10 8 20 395 296 1181 0.25 1.9429065743944636
table-0005-120 2 3 0 63 79 2031 1.0 0.04844559585492228
table-0005-628 6 3 0 225 37 5973 1.0 0.056929269695227144
table-0005-140 0 1 0 193 190 3513 1.0 0.0
table-0005-558 12 5 20 392 563 876 0.5 1.4576271186440677
table-0005-840 10 11 0 23 176 970 0.08333333333333333 0.19327731092436976
table-0005-856 60 3 24 166 236 2046 1.0 0.5801832760595648
table-0005-312 2 3 0 218 217 21183 0.5 0.03636363636363636
table-0005-540 22 8 14 301 281 24835 0.2 0.27135099555701825
table-0005-805 2 3 0 1221 49 92759 0.3333333333333333 0.009574813372281726
table-0005-905 12 4 0 190 197 16534 0.5 0.2818181818181818
table-0005-855 1 2 1 30 74 21399 1.0 0.012491781722550954
table-0005-262 6 7 5 1310 457 84751 0.1111111111111111 0.4502702702702703
table-0005-902 13 4 0 444 369 509207 0.25 0.3317798490901021
table-0005-860 8 6 4 51 94 4687 1.0 0.20919915946766285
table-0005-515 10 4 10 400 649 1069 0.3333333333333333 0.7645687645687645
table-0005-88 1 3 0 12 70 1837 1.0 0.07940780619111709
table-0005-21 1 3 0 20 36 1137 1.0 0.026377036462373934
table-0005-651 8 2 0 146 147 84918 0.5 0.0083478936128907
table-0005-103 7 6 5 84 104 2940 0.5 0.6281951975213013
table-0005-906 1 3 0 77 115 4064 1.0 0.04721030042918455
table-0005-806 3 3 1 1221 49 92759 0.3333333333333333 0.014118792599805257
table-0005-878 30 2 26 180 153 2980 0.2 0.060794044665012405
table-0005-677 4 4 0 107 153 48673 0.3333333333333333 0.02192638997650744
table-0005-268 9 4 8 269 149 10231 1.0 1.4741573033707864
table-0005-481 3 2 1 75 85 6962 0.3333333333333333 0.044572843582335944
table-0005-864 2 3 0 6811 622 4802785 1.0 0.002433224575568213
table-0005-501 36 5 53 73 102 3023 1.0 0.970773381294964
table-0005-533 23 8 18 366 295 31480 0.2 0.11993738994325964
table-0005-618 0 1 0 62 80 3945 0.3333333333333333 0.0
table-0005-858 4 2 3 166 236 2046 1.0 0.014891179839633447
table-0005-386 4 4 0 52 83 2410 1.0 0.13529411764705881
table-0005-633 1 3 0 24 38 3897 0.5 0.071024512884978
table-0005-612 4 10 0 209 435 18298 0.3333333333333333 0.013795490506329115
table-0005-185 9 2 9 2 13 6739 0.5 1.3717472118959109
table-0005-735 4 5 0 1286 738 79283 0.08333333333333333 0.05032417412781723
table-0005-47 0 1 0 187 64 29700 1.0 0.0
table-0005-314 6 5 0 76 179 27997 0.125 0.08665884194053208
table-0005-898 62 2 60 236 183 2471 0.25 0.45703125
table-0005-85 5 6 1 196 453 16046 0.045454545454545456 0.007436002911116033
table-0005-808 1 3 0 168 156 7503 1.0 0.020207253886010364
table-0005-486 19 15 0 910 361 379400 0.3333333333333333 0.0874370082220847
table-0005-249 5 7 3 193 162 21130 0.5 0.08575423333851173
table-0005-817 24 6 0 44 102 51966 1.0 17.362467866323907
table-0005-199 8 4 0 314 288 333093 0.5 0.027713894792000232
table-0005-658 2 4 0 110 176 67061 0.09090909090909091 0.11423747889701745
table-0005-746 1 3 0 329 275 28507 1.0 0.009815024537561345
table-0005-23 2 3 2 51 95 7348 0.25 0.004177377892030848
table-0005-519 5 3 0 296 276 12769 0.2 0.03835920177383592
table-0005-877 8 4 6 185 197 2760 1.0 0.15225806451612903
table-0005-580 1 3 0 13 11 638 1.0 0.09023668639053255
table-0005-139 12 4 12 121 248 4821 0.16666666666666666 0.5522713130056005
table-0005-479 6 7 0 87 107 8739 0.3333333333333333 0.05541651769753307
table-0005-921 3 7 0 23 67 4651 0.125 0.042318940306210216
table-0005-755 13 4 3 443 554 2496 0.058823529411764705 0.6346790205162144
table-0005-680 13 4 0 1160 736 226773 0.1 0.04821317481164029
table-0005-194 6 7 17 125 250 14223 0.14285714285714285 0.25675675675675674
table-0005-666 22 8 14 319 284 9433 0.2 0.1722128020347605
table-0005-725 1 1 0 1307 624 131525 0.5 0.001612203137595337
table-0005-911 1 2 0 27 42 7361 1.0 0.028026905829596414
table-0005-239 11 4 1 226 221 21423 1.0 0.7083753784056509
table-0005-844 101 4 95 127 739 536 1.0 6.820566631689402
table-0005-27 19 2 0 56 124 2574 1.0 0.2440324449594438
table-0005-350 9 2 0 130 515 16394 1.0 0.13869511694706607
table-0005-215 6 5 0 172 466 23308 0.043478260869565216 0.006816632583503749
table-0005-408 12 2 0 72 124 31084 0.5 0.05540047240712905
table-0005-61 25 4 16 653 268 28341 1.0 1.1793286219081272
table-0005-286 1 4 0 82 301 1947 0.25 0.1713221601489758
table-0005-867 30 6 49 184 197 3588 0.25 0.8378664782762275
table-0005-729 26 2 0 1286 738 79283 0.08333333333333333 0.1676443346711948
table-0005-291 3 8 3 9 29 3482 0.5 0.18629173989455183
table-0005-498 23 7 0 478 590 255673 1.0 0.04223118401377498
table-0005-802 19 11 0 194 205 8654 0.25 0.35226631559149896
table-0005-728 8 3 0 67 54 2499 0.5 0.1728123280132086
table-0005-547 12 3 0 48 72 2536 1.0 0.7038246268656716
table-0005-531 12 6 16 1516 528 92030 0.09090909090909091 0.13973591716538425
table-0005-305 18 3 1 195 131 219785 0.25 0.1777396420691346
table-0005-395 14 4 19 66 81 1264 0.25 1.3829787234042554
table-0005-119 4 2 3 54 68 12965 1.0 0.03194444444444444
table-0005-990 4 3 0 133 160 4334 1.0 0.0053284416491963665
table-0005-985 12 5 0 199 46 67236 0.5 0.07915742793791575
table-0005-971 27 6 0 449 495 32562 0.07692307692307693 4.964285714285714
table-0005-83 7 6 4 196 453 16046 0.045454545454545456 0.00781571369806664
table-0005-536 5 3 0 366 295 31480 0.2 0.01089154112045914
table-0005-975 1 2 1 67 93 7750 1.0 0.019978969505783387
table-0005-779 13 4 3 420 542 2452 0.058823529411764705 0.6475247524752475
table-0005-811 1 2 0 27 82 12830 0.3333333333333333 0.00943009430094301
table-0005-275 1 4 0 77 213 2497 1.0 0.2780487804878049
table-0005-495 18 4 0 478 590 255673 1.0 0.017762472246137116
table-0005-349 1 1 0 375 321 976 1.0 0.0015825420623021822
table-0005-51 0 1 0 118 67 30900 1.0 0.0
table-0005-798 2 4 1 76 70 81726 0.3333333333333333 0.027385159010600707
table-0005-478 4 2 0 87 107 8739 0.3333333333333333 0.03825527350732928
table-0005-892 22 8 14 302 304 13094 0.2 0.13108492482730597
table-0005-847 1 10 0 812 1724 75672 0.16666666666666666 0.0038892701898878973
table-0005-116 22 13 14 283 483 228875 0.09090909090909091 0.7712020849169291
table-0005-506 76 6 0 192 169 2058 1.0 3.7121993127147768
table-0005-782 0 0 0 420 542 2452 0.058823529411764705 0.0
table-0005-211 4 7 0 172 466 23308 0.043478260869565216 0.013974096796182686
table-0005-54 7 8 14 288 282 92715 0.3333333333333333 0.037861706125516724
table-0005-641 1 3 0 86 98 3588 1.0 0.10270270270270271
table-0005-968 27 6 0 449 495 32562 0.07692307692307693 4.934210526315789
table-0005-569 6 7 3 99 281 88433 0.14285714285714285 1.5714285714285714
table-0005-226 36 5 0 39 83 10970 1.0 1.7778288868445262
table-0005-803 14 3 0 134 156 54636 0.5 0.15084294587400177
table-0005-417 17 5 12 22 59 845 0.5 0.4354727398205659
table-0005-711 2 6 3 19 24 0 0.5 0.04997550220480157
table-0005-309 3 4 0 11 114 3493 1.0 0.030832591273374888
table-0005-676 5 2 0 107 153 48673 0.3333333333333333 0.02192638997650744
table-0005-778 8 7 0 420 542 2452 0.058823529411764705 0.464026402640264
table-0005-931 2 12 4 286 503 17628 0.1 0.12104309022451541
table-0005-687 1 4 0 1160 736 226773 0.1 0.002453860510126495
table-0005-242 7 4 5 37 32 43169 0.3333333333333333 0.11089957163255593
table-0005-945 17 7 16 393 554 23114 0.25 0.5492596810933941
table-0005-345 1 3 0 312 369 3379 1.0 0.028153153153153154
table-0005-595 3 4 0 191 163 1405 0.3333333333333333 1.039179104477612
table-0005-640 0 1 0 235 286 12888 0.5 0.0
table-0005-672 1 2 0 169 90 10219 0.5 0.00273656920639493
table-0005-260 6 7 5 1310 457 84751 0.1111111111111111 0.32837837837837835
table-0005-730 5 9 0 1286 738 79283 0.08333333333333333 0.03102809509107749
table-0005-454 10 8 0 563 394 4756 0.1111111111111111 0.8385876418663304
table-0005-293 1 4 0 65 81 2086 0.14285714285714285 0.0968421052631579
table-0005-200 10 7 0 172 466 23308 0.043478260869565216 0.02873472812123119
table-0005-862 6 3 0 43 37 14057 0.5 0.11465378421900162
