table_id rows cols nulls inlinks outlinks views table_imp table_fraction
table-0307-872 26 3 0 8 26 176 1.0 12.801785714285714
table-0307-993 1 3 0 62 115 2305 0.5 0.03260869565217391
table-0307-207 15 3 0 519 496 69004 1.0 0.01618006919247321
table-0307-827 0 1 0 333 460 1460 1.0 0.0
table-0307-409 1 3 0 167 223 33999 1.0 0.007880975178610887
table-0307-384 2 6 0 160 302 23313 0.1111111111111111 0.02506318449873631
table-0307-802 3 4 0 21 30 2780 0.3333333333333333 0.1438988818667963
table-0307-253 13 4 6 879 503 4898 1.0 0.026397888168946483
table-0307-197 12 6 4 63 52 3238 0.5 1.9191564147627416
table-0307-513 5 6 0 114 157 946 0.16666666666666666 0.09298393913778528
table-0307-625 2 6 4 1437 279 189910 0.25 0.007282887504580432
table-0307-295 4 3 0 41 73 1544 0.5 0.32068965517241377
table-0307-189 2 6 0 108 179 3595 0.1111111111111111 0.0025013896609227346
table-0307-674 4 3 0 35 61 1244 1.0 0.06890653634697617
table-0307-504 13 6 0 55 70 1448 0.1111111111111111 0.8751714677640604
table-0307-764 16 5 42 24 33 1880 0.5 1.2825396825396826
table-0307-149 6 4 6 312 303 35102 0.3333333333333333 0.17309619238476953
table-0307-313 9 5 0 276 140 135898 0.2 0.050803730898987896
table-0307-804 4 9 4 219 890 5083 1.0 0.07852815795378057
table-0307-153 1 3 0 31 19 719 1.0 0.13768844221105528
table-0307-607 2 9 1 111 81 29074 0.5 0.031423290203327174
table-0307-316 5 4 0 17 74 5070 0.125 0.22198275862068967
table-0307-205 5 6 0 115 160 1002 0.1111111111111111 0.04617085982858723
table-0307-784 1 1 0 138 207 1586 0.14285714285714285 0.024602026049204053
table-0307-835 2 5 4 213 268 6222 1.0 0.019006634391249777
table-0307-776 8 10 0 137 199 1856 0.14285714285714285 0.40279394644935973
table-0307-981 4 3 0 113 73 2196 0.5 0.025417201540436456
table-0307-822 0 1 0 223 569 860 1.0 0.0
table-0307-593 37 15 0 181 436 5698 0.09090909090909091 0.6226964112512124
table-0307-790 2 3 0 138 207 1586 0.14285714285714285 0.15340086830680175
table-0307-367 2 2 0 228 303 4646 0.5 0.4166666666666667
table-0307-112 13 2 0 172 48 2001 1.0 0.10902626901046811
table-0307-934 3 4 0 21 58 514 1.0 0.07720588235294118
table-0307-931 4 7 4 143 136 14650 0.25 0.06672025723472669
table-0307-310 38 5 59 47 253 4161 0.09090909090909091 2.3820870994248153
table-0307-268 119 4 109 66 142 4954 0.5 46.08571428571429
table-0307-825 1 3 0 71 44 6725 1.0 0.00821751039870143
table-0307-238 26 3 0 7 8 1932 0.5 29.654804270462634
table-0307-373 1 2 0 101 49 678 1.0 0.008270406328658756
table-0307-219 8 2 0 262 116 10549 0.14285714285714285 0.021210230817217717
table-0307-426 4 2 0 471 206 228642 1.0 0.0013230624485475715
table-0307-572 9 3 0 629 507 52337 1.0 0.1299887048192771
table-0307-881 1 8 0 417 150 2254 1.0 0.010618363522798251
table-0307-109 8 2 0 266 271 25641 0.5 0.6004901960784313
table-0307-322 70 7 0 117 175 1202 0.16666666666666666 1.886512590548465
table-0307-779 2 1 0 137 199 1856 0.14285714285714285 0.05820721769499418
table-0307-275 12 7 11 90 116 346 1.0 0.561963190184049
table-0307-15 1 5 0 92 129 1175 0.1 0.09534368070953436
table-0307-411 2 3 0 607 249 103604 0.05263157894736842 0.002433798597965594
table-0307-262 99 7 72 34 165 7405 0.3333333333333333 6.1365046535677354
table-0307-992 5 3 7 62 115 2305 0.5 0.09430082256169213
table-0307-599 2 2 0 25 57 4866 0.5 0.022313127556712532
table-0307-83 30 4 30 218 494 106023 0.1111111111111111 0.14012474012474013
table-0307-308 9 5 14 47 253 4161 0.09090909090909091 0.8036154478225144
table-0307-166 3 2 0 94 197 10939 0.07692307692307693 0.012985154712931497
table-0307-291 31 6 31 112 177 1646 0.25 2.2701238390092877
table-0307-739 2 3 0 64 157 23366 1.0 0.05189363416599516
table-0307-32 4 6 3 137 57 1385 0.041666666666666664 0.08374384236453201
table-0307-236 18 4 0 68 64 2787 0.2 0.8723723723723724
table-0307-594 6 5 0 181 436 5698 0.09090909090909091 0.15615906886517944
table-0307-68 1 2 1 145 207 4104 0.5 0.0014044943820224719
table-0307-509 73 3 9 170 261 26722 0.2 0.8993802406124681
table-0307-711 2 11 0 35 53 4689 1.0 0.2317624273724984
table-0307-757 24 6 0 85 131 1829 0.5 2.031055900621118
table-0307-452 2 3 0 57 68 1220 0.3333333333333333 0.011373578302712161
table-0307-184 1 4 0 375 492 281 1.0 0.0696798493408663
table-0307-441 33 14 0 111 203 59892 0.1111111111111111 1.4449648711943794
table-0307-488 2 10 0 114 157 5393 1.0 0.115935226472659
table-0307-56 1 3 0 27 41 5047 1.0 0.07351778656126483
table-0307-418 1 3 0 58 72 5632 1.0 0.016710875331564987
table-0307-655 3 11 0 26 50 2057 0.5 0.29975903614457833
table-0307-66 14 7 14 133 215 4142 0.5 0.7465618860510805
table-0307-431 7 6 0 89 120 10236 0.5 0.047679773290825365
table-0307-943 1 2 1 250 157 192489 0.5 0.0015607031378347298
table-0307-654 1 2 1 7 16 1284 1.0 0.04491725768321513
table-0307-995 0 1 0 401 578 256 1.0 0.0
table-0307-887 6 4 0 51 75 10666 0.3333333333333333 0.02767441860465116
table-0307-759 18 2 0 422 200 80389 0.5 0.05204373738795814
table-0307-586 12 3 0 32 35 346182 1.0 3.340710932260228
table-0307-645 2 11 0 42 43 3399 1.0 0.22916666666666666
table-0307-574 6 4 0 58 49 3697 0.5 0.09058447660214246
table-0307-734 4 3 0 1370 669 172806 1.0 0.008309614319280215
table-0307-987 28 5 0 113 352 3613 0.14285714285714285 1.373351839000694
table-0307-768 1 3 0 14 34 2324 1.0 0.2203742203742204
table-0307-471 1 2 1 39 59 722 1.0 0.01780693533270853
table-0307-801 1 4 0 21 30 2780 0.3333333333333333 0.030627126883811376
table-0307-465 74 4 62 185 471 959 0.3333333333333333 3.732142857142857
table-0307-842 8 9 8 353 379 2384 0.5 0.1917808219178082
table-0307-323 5 6 0 117 175 1202 0.16666666666666666 0.08071748878923767
table-0307-699 2 4 0 18 44 16513 0.25 0.01272189349112426
table-0307-288 6 19 30 54 82 4628 0.5 0.2427299703264095
table-0307-532 2 2 0 277 275 102199 0.125 0.014299153339604891
table-0307-309 7 5 9 47 253 4161 0.09090909090909091 0.7206244864420707
table-0307-745 1 3 0 1183 917 135106 0.3333333333333333 0.003408013276434329
table-0307-723 5 2 2 43 58 39632 1.0 0.08591885441527446
table-0307-493 18 8 38 13 166 7565 1.0 10.785498489425981
table-0307-778 8 10 0 137 199 1856 0.14285714285714285 0.3341094295692666
table-0307-693 4 4 2 37 22 3494 0.3333333333333333 0.14362057448229792
table-0307-595 3 5 0 181 436 5698 0.09090909090909091 0.09085030714516651
table-0307-824 0 1 0 223 608 963 1.0 0.0
table-0307-856 3 2 2 145 221 32397 1.0 0.021569156106767323
table-0307-946 2 3 0 16 27 760 1.0 0.24508519003931847
table-0307-349 1 2 0 165 208 22414 0.3333333333333333 0.0030588835075197555
table-0307-91 7 4 1 217 517 25752 0.1111111111111111 0.2383625730994152
table-0307-263 0 1 0 7 20 409 1.0 0.0
table-0307-402 0 1 0 4 11 189 1.0 0.0
table-0307-351 1 2 1 69 74 21093 1.0 0.010626398210290829
table-0307-326 3 5 1 34 42 1713 1.0 0.15821868211440984
table-0307-403 34 11 56 448 147 12029 0.25 0.25616151022548506
table-0307-515 3 2 0 74 84 17457 0.25 0.04395933014354067
table-0307-22 6 4 7 92 129 1175 0.1 0.21286031042128603
table-0307-761 0 1 0 11 60 1117 1.0 0.0
table-0307-820 1 9 0 115 154 940 0.16666666666666666 0.022655426765015807
table-0307-570 1 5 2 145 262 1441 1.0 0.14802065404475043
table-0307-59 11 11 7 74 109 57362 0.14285714285714285 0.5992555831265509
table-0307-646 1 2 0 89 151 4827 0.5 0.029865125240847785
table-0307-746 2 3 0 77 23 1060 1.0 0.3442622950819672
table-0307-50 2 3 0 265 315 11787 1.0 0.07387083157450401
table-0307-517 7 7 7 186 218 1595 0.5 0.5437645236250969
table-0307-730 2 10 1 73 97 3368 1.0 0.05345361518782819
table-0307-884 6 4 0 417 150 2254 1.0 0.05350822402665001
table-0307-460 16 3 3 23 41 30763 0.3333333333333333 2.0439814814814814
table-0307-140 5 2 0 219 219 106709 0.25 0.06555423122765197
table-0307-386 7 9 0 160 302 23313 0.1111111111111111 0.11404802021903959
table-0307-188 64 4 48 108 179 3595 0.1111111111111111 0.19825829164350564
table-0307-942 23 2 0 9 17 1259 0.5 2.1434343434343432
table-0307-661 4 6 0 74 105 1610 0.06666666666666667 0.10207612456747404
table-0307-16 5 4 2 92 129 1175 0.1 0.18736141906873613
table-0307-233 23 5 6 109 185 19247 0.5 0.6686868686868687
table-0307-145 5 6 0 115 168 942 0.16666666666666666 0.0643370346178968
table-0307-366 2 2 0 228 303 4646 0.5 0.4166666666666667
table-0307-4 6 4 6 90 134 1384 0.1 0.20270270270270271
table-0307-293 4 3 0 28 63 1076 0.5 0.2656716417910448
table-0307-653 1 3 0 1601 777 159760 1.0 0.005028494803888703
table-0307-705 19 4 0 1893 1098 716800 0.1 0.055642668339232114
table-0307-90 26 5 60 217 517 25752 0.1111111111111111 0.4439766081871345
table-0307-172 14 5 4 94 197 10939 0.07692307692307693 0.09508138079055625
table-0307-170 1 5 0 94 197 10939 0.07692307692307693 0.000930066177785727
table-0307-139 1 3 0 14 66 4999 1.0 0.052653927813163484
table-0307-380 1 2 1 111 178 68440 0.3333333333333333 0.00226784435426116
table-0307-854 1 3 0 27 46 761 1.0 0.016577743902439025
table-0307-898 3 11 0 257 839 6298 0.02702702702702703 0.07797270955165692
table-0307-111 1 3 0 12 10 921 1.0 0.02157456472369417
table-0307-183 2 4 0 375 492 281 1.0 0.1318267419962335
table-0307-501 1 4 0 55 70 1448 0.1111111111111111 0.06721536351165981
table-0307-941 0 1 0 235 146 8607 1.0 0.0
table-0307-512 70 7 0 114 157 946 0.16666666666666666 2.320371935756551
table-0307-427 4 2 0 471 206 228642 1.0 0.0011760555098200634
table-0307-514 2 9 0 114 157 946 0.16666666666666666 0.03508030431107354
table-0307-676 5 3 0 41 25 1001 1.0 0.5736354273944387
table-0307-459 4 4 0 1547 538 16506 1.0 0.0074175930588372
table-0307-231 2 10 1 65 57 27104 1.0 0.054878048780487805
table-0307-370 3 3 0 228 303 4646 0.5 1.142156862745098
table-0307-317 5 4 0 17 74 5070 0.125 0.29022988505747127
table-0307-576 207 5 178 43 302 216636 0.16666666666666666 73.31794871794872
table-0307-146 2 9 0 115 168 942 0.16666666666666666 0.032658393207054215
table-0307-849 17 4 7 23 50 769 0.5 2.361038961038961
table-0307-719 5 2 1 186 201 148342 0.3333333333333333 0.04215116279069767
table-0307-577 64 4 1 43 302 216636 0.16666666666666666 25.48205128205128
table-0307-246 1 2 1 10 29 829 1.0 0.007239819004524887
table-0307-535 0 1 0 220 316 4953 1.0 0.0
table-0307-117 5 2 0 48 331 112 1.0 0.08070175438596491
table-0307-620 21 10 76 189 205 9428 0.3333333333333333 1.3265306122448979
table-0307-877 9 2 0 333 116 130354 0.3333333333333333 0.1
table-0307-251 1 3 0 216 232 2265 1.0 0.028103946102021174
table-0307-985 2 3 0 219 103 200936 0.2 0.06491885143570537
table-0307-911 3 11 0 257 839 6298 0.02702702702702703 0.06985055230669265
table-0307-589 2 5 0 32 35 346182 1.0 0.607645875251509
table-0307-940 6 5 10 222 255 4632 1.0 0.527681660899654
table-0307-3 4 4 3 90 134 1384 0.1 0.12681912681912683
table-0307-190 2 4 0 108 179 3595 0.1111111111111111 0.0016675931072818232
table-0307-810 26 5 0 29 211 35962 1.0 1.5341151385927505
table-0307-461 2 3 0 23 41 30763 0.3333333333333333 0.24305555555555555
table-0307-658 4 2 0 49 79 8351 0.3333333333333333 0.01509985387238188
table-0307-927 7 21 108 22 79 632 1.0 0.17274939172749393
table-0307-491 1 2 0 143 142 10506 0.3333333333333333 0.004202643845037059
table-0307-375 9 7 9 59 82 25060 0.5 1.3092307692307692
table-0307-473 6 7 0 11 24 475 1.0 0.20582241630276565
table-0307-792 1 3 0 30 51 7618 0.5 0.02404809619238477
table-0307-926 3 11 0 257 839 6298 0.02702702702702703 0.0792722547108512
table-0307-407 7 3 0 167 223 33999 1.0 0.0032407748398026073
table-0307-457 6 6 6 282 374 61230 0.3333333333333333 0.01570699318173705
table-0307-590 2 2 0 59 89 1963 0.5 0.15767634854771784
table-0307-978 3 7 3 40 54 1724 0.5 0.4971297359357061
table-0307-665 20 2 3 74 105 1610 0.06666666666666667 0.4749134948096886
table-0307-93 9 2 0 217 517 25752 0.1111111111111111 0.17871345029239766
table-0307-108 3 3 1 101 143 17353 0.2 0.04577930669489283
table-0307-436 11 6 0 295 564 13781 1.0 0.6754832146490336
table-0307-204 1 9 0 115 160 1002 0.1111111111111111 0.011888305225324854
table-0307-121 2 34 0 48 331 112 1.0 0.039097744360902256
table-0307-398 12 9 0 160 302 23313 0.1111111111111111 0.22188289806234204
table-0307-602 1 2 1 9 53 5909 1.0 0.006526966678117485
table-0307-728 1 5 2 71 211 4923 1.0 0.1342668863261944
table-0307-831 16 3 0 15 91 1745 0.3333333333333333 0.039406446540880505
table-0307-752 1 2 1 30 54 13003 1.0 0.010117145899893504
table-0307-788 2 1 0 138 207 1586 0.14285714285714285 0.0723589001447178
table-0307-162 5 4 0 4 38 2577 0.5 0.5717592592592593
table-0307-240 10 5 0 379 164 6151 0.2 0.5766974015088013
table-0307-811 34 6 0 29 211 35962 1.0 6.371535181236673
table-0307-481 3 3 0 297 363 3951 1.0 0.014712389380530974
table-0307-105 2 2 0 101 143 17353 0.2 0.015612595924847844
table-0307-773 2 1 0 137 199 1856 0.14285714285714285 0.06053550640279395
table-0307-364 1 2 1 14 19 914 1.0 0.037109375
table-0307-690 2 5 1 663 286 203919 1.0 0.05382076669205382
table-0307-424 2 7 2 26 29 1381 0.5 0.13306772908366535
table-0307-270 11 6 9 10 522 4961 0.05 0.11133535149680457
table-0307-477 1 6 0 343 375 1549 0.2 0.11091854419410745
table-0307-385 7 9 0 160 302 23313 0.1111111111111111 0.12700084245998314
table-0307-43 5 6 2 168 74 1516 0.02631578947368421 0.18518518518518517
table-0307-904 25 9 0 257 839 6298 0.02702702702702703 0.6130604288499025
table-0307-92 130 2 0 217 517 25752 0.1111111111111111 1.0938011695906433
table-0307-763 23 4 0 173 130 209025 0.16666666666666666 0.4455895725977569
table-0307-51 4 12 7 238 244 123715 1.0 0.03844637223974763
table-0307-585 3 7 6 32 35 346182 1.0 0.11267605633802817
table-0307-85 20 6 50 218 494 106023 0.1111111111111111 0.2200970200970201
table-0307-583 2 2 1 22 34 3011 1.0 0.02282453637660485
table-0307-845 3 3 0 121 186 123760 0.5 0.02950942587832048
table-0307-722 3 4 0 186 201 148342 0.3333333333333333 0.022044573643410854
table-0307-408 2 7 2 167 223 33999 1.0 0.01701406790896369
table-0307-879 1 2 0 333 116 130354 0.3333333333333333 0.012552301255230125
table-0307-2 5 4 4 90 134 1384 0.1 0.17151767151767153
table-0307-677 2 4 0 161 92 96619 0.5 0.01450381679389313
table-0307-377 7 8 0 10 18 6652 0.5 0.6100917431192661
table-0307-333 12 4 0 307 386 49104 0.2 0.017098493484087617
table-0307-496 0 1 0 0 0 0 0.0 0.0
table-0307-142 2 2 0 152 82 12419 0.5 0.025510204081632654
table-0307-65 0 1 0 9 15 825 1.0 0.0
table-0307-360 1 2 1 57 77 1788 1.0 0.03140495867768595
table-0307-549 14 3 0 33 51 32121 0.5 0.0876387294297742
table-0307-695 1 3 0 49 60 3986 1.0 0.035247524752475244
table-0307-79 55 3 12 27 78 6242 0.5 0.44926496952312656
table-0307-390 7 3 1 160 302 23313 0.1111111111111111 0.05275905644481887
table-0307-541 8 17 0 1225 757 350667 1.0 0.0696656050955414
table-0307-448 3 5 3 38 44 1153 0.2 0.3217309501411101
table-0307-110 6 5 0 399 260 7329 0.5 0.018386194820233286
table-0307-962 0 1 0 230 498 179 1.0 0.0
table-0307-895 25 9 0 257 839 6298 0.02702702702702703 0.5568551007147499
table-0307-964 17 4 0 90 86 22308 0.5 0.21138471378317877
table-0307-101 3 1 0 30 50 866 0.5 0.052430886558627265
table-0307-344 6 2 0 223 258 55274 0.25 0.04234297812279464
table-0307-914 0 1 0 257 839 6298 0.02702702702702703 0.0
table-0307-339 40 7 80 141 186 12294 1.0 1.4156537207233917
table-0307-556 2 3 0 14 64 23011 0.1111111111111111 0.0213903743315508
table-0307-306 19 5 27 47 253 4161 0.09090909090909091 1.1265406737880033
table-0307-8 5 3 1 90 134 1384 0.1 0.1735966735966736
table-0307-875 37 9 4 16 94 796 0.5 3.924324324324324
table-0307-902 3 11 0 257 839 6298 0.02702702702702703 0.06205328135152696
table-0307-442 2 4 0 111 203 59892 0.1111111111111111 0.07494145199063232
table-0307-547 7 3 0 64 83 711 0.16666666666666666 2.374269005847953
table-0307-249 331 8 724 6 4 456 1.0 168.10059171597632
table-0307-796 2 3 0 127 160 1484 0.3333333333333333 0.2642369020501139
table-0307-60 1 2 0 74 109 57362 0.14285714285714285 0.019230769230769232
table-0307-774 8 10 0 137 199 1856 0.14285714285714285 0.45168800931315484
table-0307-963 2 4 0 141 572 780 1.0 0.0031322821777683627
table-0307-209 85 7 0 519 496 69004 1.0 0.10847185891485951
table-0307-679 6 8 0 161 92 96619 0.5 0.016157760814249363
table-0307-164 25 9 19 94 197 10939 0.07692307692307693 0.1604721874441066
table-0307-67 4 10 4 133 215 4142 0.5 0.17943680419122462
table-0307-6 5 4 4 90 134 1384 0.1 0.1704781704781705
table-0307-95 2 3 0 162 197 4261 1.0 0.33152173913043476
table-0307-353 7 6 14 108 42 13474 0.3333333333333333 0.1463677130044843
table-0307-17 5 4 5 92 129 1175 0.1 0.15853658536585366
table-0307-213 13 5 0 437 288 6869 0.2 0.36802532647407993
table-0307-430 5 6 4 159 213 4230 0.3333333333333333 0.05270917803169923
table-0307-828 1 2 1 68 89 9035 1.0 0.006891548784911135
table-0307-334 1 3 0 180 161 50976 1.0 0.013601741022850925
table-0307-709 5 4 0 1893 1098 716800 0.1 0.020944402132520943
table-0307-271 10 12 7 10 522 4961 0.05 0.16414396232761522
table-0307-232 1 3 0 349 184 9730 1.0 0.050017488632388946
table-0307-71 0 1 0 6 16 756 1.0 0.0
table-0307-443 1 2 0 111 203 59892 0.1111111111111111 0.01990632318501171
table-0307-696 2 3 0 35 20 1231 1.0 0.18949771689497716
table-0307-740 90 8 0 19 176 1111 0.5 15.411926605504588
table-0307-216 4 3 0 437 288 6869 0.2 0.04155124653739612
table-0307-727 1 5 2 69 221 4222 1.0 0.07122093023255814
table-0307-794 14 10 0 127 160 1484 0.3333333333333333 1.4214123006833712
table-0307-601 1 3 0 63 72 1600 1.0 0.0260596546310832
table-0307-438 3 12 9 111 203 59892 0.1111111111111111 0.3450429352068696
table-0307-194 11 3 0 193 231 5798 1.0 0.15883609183128672
table-0307-330 2 3 0 150 79 7265 1.0 0.09159779614325068
table-0307-741 1 3 0 19 176 1111 0.5 0.12110091743119267
table-0307-867 3 11 0 440 385 686317 0.2 0.04628736740597879
table-0307-975 14 3 0 107 89 117083 0.5 0.05668549905838041
table-0307-73 13 14 24 19 39 2300 1.0 0.5841346153846154
table-0307-687 2 5 1 663 286 203919 1.0 0.06372175679106372
table-0307-118 1 2 0 48 331 112 1.0 0.0456140350877193
table-0307-277 5 3 0 198 103 14457 0.5 0.07731150966393871
table-0307-678 2 10 0 161 92 96619 0.5 0.05152671755725191
table-0307-712 2 5 0 212 285 18414 0.5 0.010072358900144717
table-0307-622 16 7 36 1437 279 189910 0.25 0.08359289116892635
table-0307-55 2 4 0 137 146 9045 0.3333333333333333 0.08576642335766424
table-0307-755 11 2 0 196 429 857 0.5 0.04519015659955257
table-0307-652 6 3 0 1601 777 159760 1.0 0.026557902186464036
table-0307-185 1 4 0 375 492 281 1.0 0.07156308851224105
table-0307-751 1 3 0 246 281 9124 0.5 0.05473684210526316
table-0307-423 16 3 9 148 128 48472 0.14285714285714285 0.42012779552715657
table-0307-525 28 2 0 277 275 102199 0.125 0.367826904985889
table-0307-538 1 9 1 1225 757 350667 1.0 0.08160828025477707
table-0307-694 3 4 2 37 22 3494 0.3333333333333333 0.08082832331329326
table-0307-848 6 3 0 287 249 5437 1.0 0.15164167773771114
table-0307-241 7 5 0 379 164 6151 0.2 0.4266554903604359
table-0307-420 2 2 0 72 167 2127 1.0 0.017003400680136026
table-0307-124 14 6 14 18 25 5559 0.3333333333333333 0.5784543325526932
table-0307-692 2 5 1 663 286 203919 1.0 0.028433612592028434
table-0307-982 12 2 0 219 103 200936 0.2 0.17178526841448188
table-0307-359 9 7 3 32 64 5690 0.5 0.11437268971515546
table-0307-305 25 5 43 47 253 4161 0.09090909090909091 2.2062448644207064
table-0307-177 6 3 0 25 35 27475 0.5 1.6694915254237288
table-0307-48 1 1 1 168 74 1516 0.02631578947368421 0.0
table-0307-346 2 4 0 104 337 1711 0.125 0.08392226148409894
table-0307-432 6 2 0 111 150 1830 0.5 0.1977329974811083
table-0307-416 2 2 0 59 67 28496 0.3333333333333333 0.030927835051546393
table-0307-299 12 11 7 110 333 1863 0.2 2.9783393501805056
table-0307-843 10 2 6 121 186 123760 0.5 0.01965509854327335
table-0307-627 3 7 2 75 84 1713 0.5 0.2398568019093079
table-0307-503 1 4 1 55 70 1448 0.1111111111111111 0.11522633744855967
table-0307-395 16 9 0 160 302 23313 0.1111111111111111 0.284435551811289
table-0307-215 5 3 0 437 288 6869 0.2 0.027305104867431738
table-0307-578 20 4 16 43 302 216636 0.16666666666666666 10.76923076923077
table-0307-791 1 2 1 30 51 7618 0.5 0.012692050768203072
table-0307-976 20 5 0 977 3200 180569 0.125 0.09305155559161157
table-0307-852 3 2 1 184 281 21381 1.0 0.041474654377880185
table-0307-84 9 6 12 218 494 106023 0.1111111111111111 0.25807345807345805
table-0307-971 1 3 0 269 247 28613 1.0 0.007344907126380964
table-0307-986 105 6 89 113 352 3613 0.14285714285714285 7.036086051353227
table-0307-704 17 2 0 1893 1098 716800 0.1 0.022490031808610724
table-0307-228 4 3 0 359 201 4312 0.25 0.08428446005267778
table-0307-137 1 2 0 11 23 0 1.0 0.059006211180124224
table-0307-437 7 13 0 111 203 59892 0.1111111111111111 0.6327088212334114
table-0307-151 1 3 0 27 16 18233 1.0 0.1514919663351186
table-0307-789 6 10 0 138 207 1586 0.14285714285714285 0.3299565846599132
table-0307-173 2 5 0 94 197 10939 0.07692307692307693 0.01148274011804686
table-0307-133 3 4 3 23 21 23998 0.5 0.2576271186440678
table-0307-967 29 7 2 938 3409 191232 0.125 0.15999577196814882
table-0307-747 2 3 0 1366 426 647354 1.0 0.0035852855950100682
table-0307-7 6 4 5 90 134 1384 0.1 0.22245322245322247
table-0307-973 54 4 50 390 339 213738 0.3333333333333333 0.595250944414463
table-0307-159 4 4 0 20 65 1398 0.25 0.10847457627118644
table-0307-19 4 4 3 92 129 1175 0.1 0.1319290465631929
table-0307-11 32 4 29 1263 617 1853440 0.14285714285714285 0.09637673592983188
table-0307-721 2 2 0 186 201 148342 0.3333333333333333 0.018168604651162792
table-0307-456 8 4 3 282 374 61230 0.3333333333333333 0.02038339342448149
table-0307-376 11 6 0 132 89 41068 1.0 0.2170212765957447
table-0307-115 1 4 0 789 327 3038532 0.16666666666666666 0.006875477463712758
table-0307-548 3 3 0 64 83 711 0.16666666666666666 1.1228070175438596
table-0307-868 176 3 0 31 1110 146 1.0 7.93196405648267
table-0307-500 1 4 1 55 70 1448 0.1111111111111111 0.027434842249657063
table-0307-14 0 1 0 38 110 2375 1.0 0.0
table-0307-196 139 7 98 3114 838 620175 0.5 1.297437017620504
table-0307-629 3 11 0 42 43 6028 0.5 0.26259607173356103
table-0307-348 9 2 0 165 208 22414 0.3333333333333333 0.044481264338516444
table-0307-25 9 5 9 200 607 17156 0.25 0.11897208121827411
table-0307-618 7 5 0 31 129 4749 0.16666666666666666 0.4539877300613497
table-0307-939 5 3 0 13 50 2367 0.5 0.24239713774597496
table-0307-623 6 6 12 1437 279 189910 0.25 0.028581898131183583
table-0307-579 1 3 0 22 16 3168 1.0 0.11613475177304965
table-0307-673 3 7 1 74 105 1610 0.06666666666666667 0.09775086505190311
table-0307-282 9 5 2 408 360 176159 0.08333333333333333 0.08016238904562031
table-0307-362 1 2 1 73 89 21183 1.0 0.009533366783743101
table-0307-175 1 11 0 94 197 10939 0.07692307692307693 0.009121802897513862
table-0307-871 18 4 11 45 53 10868 1.0 0.6438253012048193
table-0307-303 27 5 30 47 253 4161 0.09090909090909091 2.115036976170912
table-0307-9 2 2 0 164 197 5444 0.5 0.07606382978723404
table-0307-31 3 6 1 137 57 1385 0.041666666666666664 0.14285714285714285
table-0307-587 16 5 0 32 35 346182 1.0 8.968477531857813
table-0307-223 6 2 0 262 116 10549 0.14285714285714285 0.027552505718444583
table-0307-816 12 11 4 246 286 150 1.0 1.0315682281059062
table-0307-269 10 10 8 10 522 4961 0.05 0.11604439959636731
table-0307-230 2 4 0 65 57 27104 1.0 0.018292682926829267
table-0307-325 24 3 0 6 9 905 0.5 19.54700854700855
table-0307-937 2 20 13 355 304 89643 0.3333333333333333 0.03252294316535179
table-0307-758 1 3 0 41 14 901 1.0 0.12535885167464114
table-0307-255 7 5 0 855 109 28137 0.3333333333333333 0.04561186650185414
table-0307-597 12 4 0 181 436 5698 0.09090909090909091 0.29615260265114773
table-0307-715 3 11 0 20 46 702 1.0 0.16211717709720372
table-0307-924 3 11 0 257 839 6298 0.02702702702702703 0.08024691358024691
table-0307-341 4 2 0 83 62 103771 0.25 0.0355181252288539
table-0307-81 8 7 30 205 519 10953 0.14285714285714285 0.42891712038717483
table-0307-680 3 3 0 31 42 1376 1.0 0.25278396436525613
table-0307-419 2 2 2 16 37 2919 1.0 0.02867383512544803
table-0307-980 0 1 0 27 80 208 1.0 0.0
table-0307-414 2 3 0 9 24 262 1.0 0.1011173184357542
table-0307-221 7 3 0 262 116 10549 0.14285714285714285 0.052817633603659805
table-0307-29 3 4 1 158 205 1551 0.2 0.09704968944099379
table-0307-844 4 2 0 121 186 123760 0.5 0.007765638389031705
table-0307-563 7 11 0 46 136 2639 0.3333333333333333 0.1407158836689038
table-0307-321 6 10 0 117 175 1202 0.16666666666666666 0.14901690238013107
table-0307-700 1 3 1 18 44 16513 0.25 0.01686390532544379
table-0307-242 2 5 0 379 164 6151 0.2 0.07208717518860017
table-0307-472 1 3 0 46 51 2173 1.0 0.08089607965152458
table-0307-453 15 13 0 28 36 1344 0.5 1.799674267100977
table-0307-449 2 5 3 38 44 1153 0.2 0.18532455315145813
table-0307-482 1 3 0 28 38 1695 1.0 0.08058017727639001
table-0307-235 0 1 0 68 64 2787 0.2 0.0
table-0307-735 19 3 0 31 47 1351 0.5 0.3544378698224852
table-0307-191 2 6 0 108 179 3595 0.1111111111111111 0.002408745599407078
table-0307-64 7 3 6 74 109 57362 0.14285714285714285 0.19168734491315137
table-0307-876 1 3 0 387 294 33974 1.0 0.004092832891493419
table-0307-664 6 4 0 74 105 1610 0.06666666666666667 0.29930795847750863
table-0307-626 2 6 0 202 48 2865 0.5 0.20090805902383654
table-0307-932 5 6 0 58 54 3302 0.16666666666666666 0.16355140186915887
table-0307-834 9 5 0 106 234 3691 0.05263157894736842 0.21883830455259026
table-0307-708 8 4 0 1893 1098 716800 0.1 0.018637157833430402
table-0307-211 3 2 3 12 21 1321 1.0 0.13636363636363635
table-0307-87 2 5 4 217 517 25752 0.1111111111111111 0.03625730994152047
table-0307-199 1 2 1 45 100 3352 1.0 0.007129455909943715
table-0307-335 3 2 0 67 79 2317 0.5 0.0703166935050993
table-0307-75 2 2 2 71 75 7465 0.3333333333333333 0.006644518272425249
table-0307-864 2 2 0 113 216 107322 0.5 0.0030540568054565815
table-0307-401 4 4 0 1171 1132 433757 0.3333333333333333 0.016599307159353347
table-0307-866 8 6 0 202 416 1847 1.0 0.30253090052972337
table-0307-505 3 4 0 55 70 1448 0.1111111111111111 0.17421124828532236
table-0307-462 1 5 2 171 213 1201 1.0 0.27638190954773867
table-0307-972 12 5 0 12845 706 2204895 0.3333333333333333 0.0562607053449866
table-0307-195 2 2 2 52 100 15917 1.0 0.02329113924050633
table-0307-239 3 2 0 47 60 49148 0.3333333333333333 0.02947497697267424
table-0307-168 10 5 0 94 197 10939 0.07692307692307693 0.048542300125201214
table-0307-523 1 11 0 103 100 2142 0.5 0.10246679316888045
table-0307-701 7 2 0 1893 1098 716800 0.1 0.010685005152098921
table-0307-575 1 2 1 38 61 12854 1.0 0.013649425287356323
table-0307-766 11 11 20 126 313 102759 0.5 0.026083298275136727
table-0307-724 1 2 0 43 58 39632 1.0 0.020883054892601432
table-0307-959 2 9 0 20 86 1430 0.3333333333333333 0.01225382932166302
table-0307-274 16 10 9 207 281 1811 0.5 0.8387096774193549
table-0307-988 14 8 0 113 352 3613 0.14285714285714285 0.816793893129771
table-0307-345 10 11 7 104 337 1711 0.125 0.592756183745583
table-0307-686 2 5 1 663 286 203919 1.0 0.050393500888550394
table-0307-267 3 9 0 116 214 1207 0.16666666666666666 0.08020698576972833
table-0307-354 7 2 0 108 42 13474 0.3333333333333333 0.028699551569506727
table-0307-731 3 11 1 30 45 2354 0.5 0.5190941385435168
table-0307-936 3 15 16 355 304 89643 0.3333333333333333 0.039848655611012716
table-0307-296 5 3 0 37 61 1035 0.5 0.1585014409221902
table-0307-894 3 11 0 257 839 6298 0.02702702702702703 0.0903183885640026
table-0307-450 10 5 20 38 44 1153 0.2 0.7648165569143932
table-0307-217 1 2 1 14 28 12307 1.0 0.014157973174366617
table-0307-36 6 2 0 114 141 6733 0.2 0.011458523800816725
table-0307-997 11 7 30 150 223 56469 0.5 0.09981898112231705
table-0307-891 9 5 0 216 407 3349 1.0 0.43256379100850545
table-0307-662 6 4 0 74 105 1610 0.06666666666666667 0.2958477508650519
table-0307-608 1 3 0 68 41 57177 1.0 0.04518297236743839
table-0307-520 20 2 20 68 71 25431 0.5 0.20635543350333463
table-0307-290 3 4 5 112 177 1646 0.25 0.09210526315789473
table-0307-21 5 4 4 92 129 1175 0.1 0.17738359201773837
table-0307-909 3 10 0 257 839 6298 0.02702702702702703 0.0880441845354126
table-0307-250 2 3 0 58 54 11566 1.0 0.03033656062701706
table-0307-273 4 2 0 10 522 4961 0.05 0.01984527413387151
table-0307-278 10 5 0 408 360 176159 0.08333333333333333 0.11463565678111884
table-0307-292 5 3 0 28 63 1076 0.5 0.18507462686567164
table-0307-498 1 5 2 271 329 1963 1.0 0.09154518950437318
table-0307-446 14 11 20 18 32 651 0.5 8.032608695652174
table-0307-387 7 9 0 160 302 23313 0.1111111111111111 0.11088879528222409
table-0307-245 8 3 0 42 137 1507 0.5 0.145662100456621
table-0307-192 0 1 0 35 112 1999 1.0 0.0
table-0307-342 1 4 0 83 62 103771 0.25 0.012083485902599781
table-0307-154 1 3 0 49 63 1134 1.0 0.04181985294117647
table-0307-893 25 9 0 257 839 6298 0.02702702702702703 0.5601039636127355
table-0307-969 43 7 0 938 3409 191232 0.125 0.24663519131844128
table-0307-920 3 11 0 257 839 6298 0.02702702702702703 0.08219623131903833
table-0307-266 5 6 0 116 214 1207 0.16666666666666666 0.129366106080207
table-0307-748 3 11 0 78 140 18055 0.5 0.12952182952182953
table-0307-492 10 2 0 73 97 7777 0.5 0.21648936170212765
table-0307-657 4 2 0 49 79 8351 0.3333333333333333 0.02605942523136873
table-0307-261 3 4 0 34 165 7405 0.3333333333333333 0.23474663908996898
table-0307-338 23 8 0 141 186 12294 1.0 1.139638304180255
table-0307-123 4 10 0 48 331 112 1.0 0.08070175438596491
table-0307-508 212 2 0 170 261 26722 0.2 1.952242070725483
table-0307-772 1 3 0 1388 956 746055 0.07142857142857142 0.007660075946052115
table-0307-720 6 3 0 186 201 148342 0.3333333333333333 0.1121608527131783
table-0307-656 9 2 5 49 79 8351 0.3333333333333333 0.07160253287871407
table-0307-300 5 4 0 110 333 1863 0.2 1.0072202166064983
table-0307-281 6 5 0 408 360 176159 0.08333333333333333 0.07981834445744168
table-0307-616 2 5 0 31 129 4749 0.16666666666666666 0.09918200408997956
table-0307-899 24 9 0 257 839 6298 0.02702702702702703 0.5649772579597141
table-0307-534 15 2 0 493 105 904697 0.5 0.08225616921269095
table-0307-767 1 5 0 718 932 47714 0.5 0.00117896251298857
table-0307-697 6 2 0 18 44 16513 0.25 0.04940828402366864
table-0307-900 3 11 0 257 839 6298 0.02702702702702703 0.08219623131903833
table-0307-559 2 4 2 14 64 23011 0.1111111111111111 0.033571004159239456
table-0307-889 8 5 5 22 45 4562 1.0 0.16270617836175566
table-0307-611 5 3 0 167 193 5682 1.0 0.10988798764001545
table-0307-102 24 9 81 1261 432 359881 0.25 0.10067114093959731
table-0307-530 1 3 0 277 275 102199 0.125 0.004139228598306679
table-0307-684 2 5 1 663 286 203919 1.0 0.09672505712109672
table-0307-312 2 2 0 276 140 135898 0.2 0.01091486406032943
table-0307-234 3 2 0 68 64 2787 0.2 0.046546546546546545
table-0307-80 19 7 54 205 519 10953 0.14285714285714285 2.5753176043557167
table-0307-545 21 3 0 64 83 711 0.16666666666666666 7.842105263157895
table-0307-663 4 6 0 74 105 1610 0.06666666666666667 0.10380622837370242
table-0307-999 2 3 0 150 223 56469 0.5 0.01672269631928282
table-0307-141 1 2 1 152 82 12419 0.5 0.006058673469387755
table-0307-984 10 2 0 219 103 200936 0.2 0.16179775280898875
table-0307-636 1 2 1 63 102 8180 1.0 0.00753370340999207
table-0307-596 3 5 0 181 436 5698 0.09090909090909091 0.09246686065308762
table-0307-276 2 3 0 142 143 3618 1.0 0.22008862629246675
table-0307-698 4 2 0 18 44 16513 0.25 0.03017751479289941
table-0307-507 456 2 0 170 261 26722 0.2 4.962814436748086
table-0307-912 25 9 0 257 839 6298 0.02702702702702703 0.5185185185185185
table-0307-714 7 1 0 181 182 5857 0.3333333333333333 0.31268436578171094
table-0307-566 3 11 0 42 56 9326 0.5 0.14764471525662057
table-0307-400 17 4 0 1171 1132 433757 0.3333333333333333 0.04734411085450346
table-0307-284 1 4 0 408 360 176159 0.08333333333333333 0.0086011147044657
table-0307-830 1 2 0 47 75 14096 0.3333333333333333 0.017937219730941704
table-0307-998 10 3 13 150 223 56469 0.5 0.058874234979743124
table-0307-167 2 2 0 94 197 10939 0.07692307692307693 0.02908245394383831
table-0307-956 6 7 0 31 100 2390 0.3333333333333333 0.838126540673788
table-0307-640 11 4 1 421 298 31554 0.3333333333333333 0.028901734104046242
table-0307-201 70 7 0 115 160 1002 0.1111111111111111 1.5236383743433786
table-0307-742 7 13 0 25 43 2410 0.5 0.08361306072627403
table-0307-874 4 6 0 202 387 961 1.0 0.3558897243107769
table-0307-641 2 2 0 421 298 31554 0.3333333333333333 0.004712239256094496
table-0307-202 7 6 0 115 160 1002 0.1111111111111111 0.14044788498755875
table-0307-434 12 3 0 258 82 18551 0.3333333333333333 0.13310206317327003
table-0307-533 2 10 0 58 60 7606 1.0 0.0883578162683622
table-0307-691 2 5 1 663 286 203919 1.0 0.1273165778116273
table-0307-901 25 9 0 257 839 6298 0.02702702702702703 0.5227420402859
table-0307-568 15 2 0 22 47 36070 0.25 0.1781183932346723
table-0307-143 6 10 0 115 168 942 0.16666666666666666 0.1410842586544742
table-0307-63 18 5 0 74 109 57362 0.14285714285714285 0.6811414392059554
table-0307-511 6 10 0 114 157 946 0.16666666666666666 0.18258664412510567
table-0307-612 3 11 0 93 91 217197 0.5 0.2525754231052244
table-0307-798 48 4 30 1386 716 2507296 0.25 0.2340829525900433
table-0307-495 2 4 0 120 134 1606 1.0 0.07201086956521739
table-0307-808 5 9 4 231 643 2478 1.0 0.26689925861317054
table-0307-930 3 7 1 124 110 1213 1.0 0.10560392944853762
table-0307-208 0 1 0 519 496 69004 1.0 0.0
table-0307-467 9 2 9 174 277 2256 0.125 0.07700534759358289
table-0307-977 11 5 1 977 3200 180569 0.125 0.06534701659027299
table-0307-928 4 4 4 13 29 1772 0.3333333333333333 0.11259676284306826
table-0307-621 8 3 0 189 205 9428 0.3333333333333333 0.029154518950437316
table-0307-451 19 11 7 57 68 1220 0.3333333333333333 1.2344706911636045
table-0307-771 45 4 20 1388 956 746055 0.07142857142857142 0.3056828597616865
table-0307-743 3 11 0 32 36 2048 0.5 0.6655773420479303
table-0307-829 9 5 0 363 243 196566 0.2 0.11761582370901368
table-0307-356 11 2 0 55 162 134 1.0 0.008749005794796046
table-0307-840 8 11 4 353 379 2384 0.5 0.4172374429223744
table-0307-148 26 8 2 20 65 19057 0.5 4.803432137285491
table-0308-1000 1 3 0 143 180 41995 1.0 0.09468690702087286
table-0307-160 20 4 0 20 65 1398 0.25 0.262953995157385
table-0307-710 3 4 0 40 34 7915 1.0 0.033287101248266296
table-0307-297 5 3 0 7 62 571 1.0 0.18823529411764706
table-0307-258 6 6 0 104 112 1014 0.3333333333333333 0.7393939393939394
table-0307-226 10 5 0 359 201 4312 0.25 0.6268656716417911
table-0307-670 3 4 0 74 105 1610 0.06666666666666667 0.185121107266436
table-0307-957 11 9 0 31 100 2390 0.3333333333333333 1.5661462612982744
table-0307-405 12 7 16 448 147 12029 0.25 0.3563188253801783
table-0307-546 5 3 0 64 83 711 0.16666666666666666 1.8596491228070176
table-0307-605 2 4 0 214 253 3579 0.5 0.037608123354644606
table-0307-54 39 2 0 137 146 9045 0.3333333333333333 0.9239659367396593
table-0307-838 27 4 0 343 224 186229 0.5 0.462406015037594
table-0307-738 1 3 0 430 151 32381 1.0 0.011187154514345881
table-0307-667 3 6 0 74 105 1610 0.06666666666666667 0.08217993079584775
table-0307-391 6 3 0 160 302 23313 0.1111111111111111 0.04286015164279697
table-0307-169 21 7 17 94 197 10939 0.07692307692307693 0.0709712037202647
table-0307-754 0 1 0 24 33 857 1.0 0.0
table-0307-933 2 4 2 21 58 514 1.0 0.03643048128342246
table-0307-44 4 6 3 168 74 1516 0.02631578947368421 0.06790123456790123
table-0307-23 5 3 0 92 129 1175 0.1 0.20509977827050999
table-0307-958 8 9 0 20 86 1430 0.3333333333333333 0.053566739606126915
table-0307-97 6 2 0 103 131 9637 0.3333333333333333 0.16730038022813687
table-0307-506 14 4 0 55 70 1448 0.1111111111111111 1.1097393689986284
table-0307-846 13 6 12 350 626 1096 1.0 0.2870247077970114
table-0307-630 3 6 0 30 44 4206 0.5 0.048264642082429504
table-0307-837 1 6 0 308 153 63805 0.3333333333333333 0.01107396573338905
table-0307-12 48 4 7 1263 617 1853440 0.14285714285714285 0.21248825310640077
table-0307-821 0 1 0 224 557 781 1.0 0.0
table-0307-210 2 5 2 152 177 10154 0.5 0.011746522411128285
table-0307-82 34 7 63 205 519 10953 0.14285714285714285 2.5063520871143377
table-0307-807 100 7 0 302 237 40474 0.5 4.867172115005908
table-0307-372 4 5 0 228 303 4646 0.5 3.176470588235294
table-0307-979 8 5 3 21 29 1466 0.5 0.11117445838084379
table-0307-726 29 14 3 232 384 498 1.0 1.3151093439363817
table-0307-550 1 5 2 141 253 1996 1.0 0.042697290930506476
table-0307-603 1 3 0 24 54 2012 1.0 0.062351261304140884
table-0307-717 6 6 10 39 56 1348 0.5 0.014960170973382553
table-0307-157 17 4 2 261 379 58943 0.25 0.03988310486922883
table-0307-826 1 3 0 52 61 5372 1.0 0.08183632734530938
table-0307-564 0 1 0 46 136 2639 0.3333333333333333 0.0
table-0307-519 2 4 0 71 48 12087 1.0 0.04806902218570255
table-0307-935 1 3 0 32 37 2048 1.0 0.033783783783783786
table-0307-76 1 3 0 71 75 7465 0.3333333333333333 0.014327242524916944
table-0307-415 11 2 0 59 67 28496 0.3333333333333333 0.6281296023564065
table-0307-644 41 3 42 219 263 8210 1.0 0.4186046511627907
table-0307-327 1 3 0 156 111 3854 1.0 0.019799498746867168
table-0307-996 3 3 0 34 44 9031 1.0 0.10381409446830007
table-0307-487 1 5 2 276 313 2238 1.0 0.05145307289185326
table-0307-394 2 9 0 160 302 23313 0.1111111111111111 0.03485678180286436
table-0307-355 4 9 4 21 49 1131 0.5 4.955357142857143
table-0307-447 7 5 12 38 44 1153 0.2 0.7648165569143932
table-0307-347 5 4 0 104 337 1711 0.125 0.26148409893992935
table-0307-378 1 2 1 37 51 2544 1.0 0.01694915254237288
table-0307-163 0 1 0 4 38 2577 0.5 0.0
table-0307-479 16 3 15 343 375 1549 0.2 0.7348353552859619
table-0307-178 2 3 0 28 29 8989 1.0 0.11816907986921998
table-0307-428 4 2 0 471 206 228642 1.0 0.0034105609784781843
table-0307-371 3 3 0 228 303 4646 0.5 1.5294117647058822
table-0307-39 4 6 4 114 141 6733 0.2 0.008411044066556957
table-0307-1 2 4 0 90 134 1384 0.1 0.057172557172557176
table-0307-256 2 2 0 28 37 3751 0.3333333333333333 0.1404821280133001
table-0307-862 2 2 0 136 231 51596 0.5 0.012586887093744129
table-0307-187 26 3 0 6 2 2432 1.0 218.4140127388535
table-0307-324 3 9 0 117 175 1202 0.16666666666666666 0.04311831666091756
table-0307-272 10 4 8 10 522 4961 0.05 0.05583585603767238
table-0307-966 9 5 0 938 3409 191232 0.125 0.04753012472693961
table-0307-588 12 5 0 32 35 346182 1.0 6.639839034205232
table-0307-819 5 6 0 115 154 940 0.16666666666666666 0.10748155953635406
table-0307-905 3 11 0 257 839 6298 0.02702702702702703 0.08349577647823261
table-0307-716 4 3 0 1264 558 127611 1.0 0.019147123447379042
table-0307-888 36 5 0 51 75 10666 0.3333333333333333 0.14209302325581397
table-0307-765 2 2 2 30 58 7832 1.0 0.01903807615230461
table-0307-331 11 15 53 307 386 49104 0.2 0.021658091746510982
table-0307-155 18 2 0 261 379 58943 0.25 0.04177529223782693
table-0307-649 2 10 0 34 53 9537 1.0 0.10071513706793803
table-0307-518 2 10 1 71 48 12087 1.0 0.16310599835661463
table-0307-30 5 3 1 158 205 1551 0.2 0.14130434782608695
table-0307-944 14 5 6 250 157 192489 0.5 0.0871529489075078
table-0307-478 7 6 0 343 375 1549 0.2 0.8232235701906413
table-0307-357 1 2 0 15 26 1917 1.0 0.051111111111111114
table-0307-176 1 2 1 69 76 35901 1.0 0.004984260230849948
table-0307-968 29 7 0 938 3409 191232 0.125 0.16323726305404834
table-0307-571 191 10 366 95 278 31101 0.5 11.941146881287727
table-0307-144 70 7 0 115 168 942 0.16666666666666666 1.7870672762900066
table-0307-647 1 2 0 39 62 5756 1.0 0.016974169741697416
table-0307-350 1 3 0 165 208 22414 0.3333333333333333 0.014147336222278869
table-0307-666 6 3 0 74 105 1610 0.06666666666666667 0.157439446366782
table-0307-106 2 2 0 101 143 17353 0.2 0.014289494575284467
table-0307-264 6 10 0 116 214 1207 0.16666666666666666 0.27878395860284605
table-0307-527 1 2 0 277 275 102199 0.125 0.007714016933207902
table-0307-57 0 1 0 7 20 782 1.0 0.0
table-0307-52 55 4 3 419 247 5366 0.5 5.479007633587786
table-0307-99 11 1 0 31 41 7500 0.5 1.0585296216987865
table-0307-389 13 12 0 160 302 23313 0.1111111111111111 0.09024852569502949
table-0307-713 10 1 0 181 182 5857 0.3333333333333333 0.471976401179941
table-0307-129 5 4 0 32 39 1261 1.0 0.228310502283105
table-0307-98 0 1 0 103 131 9637 0.3333333333333333 0.0
table-0307-494 26 2 0 120 134 1606 1.0 0.22146739130434784
table-0307-737 2 1 0 430 151 32381 1.0 0.011845222426954462
table-0307-429 1 19 1 159 213 4230 0.3333333333333333 0.011549330384568129
table-0307-200 6 10 0 115 160 1002 0.1111111111111111 0.11888305225324855
table-0307-224 12 4 2 675 495 1276483 0.3333333333333333 0.036868059981884665
table-0307-464 5 3 0 28 44 6735 1.0 0.14813728366089762
table-0307-839 8 4 0 353 379 2384 0.5 0.3504566210045662
table-0307-650 56 4 0 33 544 1616 0.09090909090909091 5.876404494382022
table-0307-218 6 6 11 157 111 8906 0.5 0.8405797101449275
table-0307-947 1 3 0 826 532 38479 1.0 0.016700483845793663
table-0307-732 2 8 2 46 40 5202 1.0 0.1828978622327791
table-0307-787 8 10 0 138 207 1586 0.14285714285714285 0.39652677279305354
table-0307-227 5 3 0 359 201 4312 0.25 0.06057945566286216
table-0307-374 1 6 0 62 50 9973 0.5 0.00789127575624726
table-0307-643 3 11 0 43 52 5163 0.5 0.3657161803713528
table-0307-13 6 3 3 1263 617 1853440 0.14285714285714285 0.011799102015244858
table-0307-897 25 9 0 257 839 6298 0.02702702702702703 0.6306042884990254
table-0307-786 1 1 0 138 207 1586 0.14285714285714285 0.024602026049204053
table-0307-918 3 11 0 257 839 6298 0.02702702702702703 0.07212475633528265
table-0307-907 3 11 0 257 839 6298 0.02702702702702703 0.07667316439246263
table-0307-526 1 2 0 277 275 102199 0.125 0.00658513640639699
table-0307-565 1 5 2 139 250 1675 1.0 0.10256410256410256
table-0307-319 1 2 0 17 74 5070 0.125 0.031609195402298854
table-0307-818 70 7 0 115 154 940 0.16666666666666666 2.8730242360379346
table-0307-539 28 6 27 1225 757 350667 1.0 1.9761146496815287
table-0307-314 4 5 0 17 74 5070 0.125 0.34410919540229884
table-0307-171 7 7 2 94 197 10939 0.07692307692307693 0.03223037023788231
table-0307-113 34 4 32 789 327 3038532 0.16666666666666666 0.16682582123758594
table-0307-729 1 5 2 73 206 3950 1.0 0.13463166807790009
table-0307-27 1 5 0 158 205 1551 0.2 0.062111801242236024
table-0307-463 2 5 4 175 215 1679 1.0 0.7683823529411765
table-0307-301 7 5 7 47 253 4161 0.09090909090909091 0.5891536565324569
table-0307-41 13 3 0 235 191 69411 1.0 0.07272561365088055
table-0307-135 0 1 0 378 706 235 1.0 0.0
table-0307-702 11 2 0 1893 1098 716800 0.1 0.01379866493436674
table-0307-938 5 3 0 355 304 89643 0.3333333333333333 0.05063596844308485
table-0307-152 2 4 0 31 19 719 1.0 0.16683417085427135
table-0307-919 25 9 0 257 839 6298 0.02702702702702703 0.6020142949967512
table-0307-304 8 5 8 47 253 4161 0.09090909090909091 0.5546425636811833
table-0307-581 2 3 0 34 107 4381 1.0 0.5027932960893855
table-0307-469 23 4 0 20 60 924 0.5 2.1101278269419863
table-0307-750 19 7 17 246 281 9124 0.5 1.1073684210526316
table-0307-222 8 3 0 262 116 10549 0.14285714285714285 0.049698482012892495
table-0307-203 5 6 0 115 160 1002 0.1111111111111111 0.05584738733757257
table-0307-365 2 2 0 228 303 4646 0.5 0.4166666666666667
table-0307-524 2 2 0 277 275 102199 0.125 0.009219190968955786
table-0307-960 1 3 0 5 16 575 1.0 0.25622775800711745
table-0307-688 2 5 1 663 286 203919 1.0 0.0456968773800457
table-0307-675 7 12 0 50 54 7657 0.5 0.07674418604651163
table-0307-567 9 3 0 49 78 2999 1.0 0.5284552845528455
table-0307-806 1 2 1 36 101 1978 1.0 0.00585335797905114
table-0307-439 4 2 0 111 203 59892 0.1111111111111111 0.06323185011709602
table-0307-925 25 9 0 257 839 6298 0.02702702702702703 0.6055880441845354
table-0307-554 1 4 0 14 64 23011 0.1111111111111111 0.027629233511586453
table-0307-685 2 5 1 663 286 203919 1.0 0.04277735465854278
table-0307-287 4 3 0 33 73 1356 0.3333333333333333 0.26744186046511625
table-0307-582 2 10 1 170 167 48271 1.0 0.07505651846269781
table-0307-53 14 4 6 88 43 2191 0.3333333333333333 0.7407407407407407
table-0307-906 24 9 0 257 839 6298 0.02702702702702703 0.5263157894736842
table-0307-706 49 4 0 1893 1098 716800 0.1 0.15160611083732808
table-0307-682 6 5 4 663 286 203919 1.0 0.2552678344757553
table-0307-805 4 9 4 181 577 1080 1.0 0.12208309618668184
table-0307-882 8 8 6 417 150 2254 1.0 0.11524047470331043
table-0307-252 1 2 1 879 503 4898 1.0 0.0007599392048636109
table-0307-803 8 3 1 21 39 46399 0.5 0.15306666666666666
table-0307-736 4 2 0 163 155 34688 0.5 0.09365781710914454
table-0307-915 25 9 0 257 839 6298 0.02702702702702703 0.5857699805068226
table-0307-244 4 3 0 379 164 6151 0.2 0.08633696563285834
table-0307-397 15 9 0 160 302 23313 0.1111111111111111 0.2649536647009267
table-0307-413 1 7 1 14 28 842 0.5 0.14862914862914864
table-0307-128 1 3 0 62 57 26387 1.0 0.023623330074942977
table-0307-833 5 8 0 106 234 3691 0.05263157894736842 0.08163265306122448
table-0307-970 43 7 1 938 3409 191232 0.125 0.2523078007187654
table-0307-78 2 2 2 11 20 680 1.0 0.024179620034542316
table-0307-248 10 5 0 6 4 456 1.0 2.5857988165680474
table-0307-769 1 3 0 235 367 666 1.0 0.0748768472906404
table-0307-760 1 2 1 58 77 2434 1.0 0.011229314420803783
table-0307-393 16 6 6 160 302 23313 0.1111111111111111 0.06939764111204717
table-0307-40 0 1 0 114 141 6733 0.2 0.0
table-0307-34 1 1 1 137 57 1385 0.041666666666666664 0.0
table-0307-33 6 6 2 137 57 1385 0.041666666666666664 0.29802955665024633
table-0307-557 1 4 0 14 64 23011 0.1111111111111111 0.024955436720142603
table-0307-580 2 11 0 30 42 2480 0.5 0.14225941422594143
table-0307-954 13 8 0 252 150 47380 0.25 0.8630208333333333
table-0307-638 18 4 4 49 58 12398 0.5 0.4955921809122269
table-0307-150 3 4 3 312 303 35102 0.3333333333333333 0.08216432865731463
table-0307-733 3 11 0 38 38 2953 0.5 0.17515388919977617
table-0307-37 6 2 0 114 141 6733 0.2 0.01633449137563235
table-0307-381 3 2 2 8 14 1164 1.0 0.07303807303807304
table-0307-182 10 4 0 375 492 281 1.0 0.7382297551789078
table-0307-421 24 4 21 148 128 48472 0.14285714285714285 0.49121405750798725
table-0307-96 3 1 0 29 51 598 0.5 0.2099236641221374
table-0307-265 70 7 0 116 214 1207 0.16666666666666666 3.523932729624838
table-0307-35 7 2 5 114 141 6733 0.2 0.014932650697872859
table-0307-130 1 3 0 32 39 1261 1.0 0.07031963470319634
table-0307-26 5 6 0 200 607 17156 0.25 0.07249365482233502
table-0307-615 12 5 3 31 129 4749 0.16666666666666666 0.6743353783231084
table-0307-340 18 2 0 83 62 103771 0.25 0.2541193701940681
table-0307-950 2 3 0 33 122 8704 1.0 0.17018181818181818
table-0307-683 2 5 1 663 286 203919 1.0 0.033891850723533894
table-0307-454 6 2 0 132 101 8824 0.5 0.003896103896103896
table-0307-952 4 7 3 30 59 913 1.0 0.18023255813953487
table-0307-540 25 4 0 1225 757 350667 1.0 0.6186305732484076
table-0307-435 5 3 0 258 82 18551 0.3333333333333333 0.04308928245389812
table-0307-61 7 7 0 74 109 57362 0.14285714285714285 0.4311414392059553
table-0307-948 33 2 5 11 27 1279 0.5 0.3466995681677977
table-0307-94 9 12 0 96 77 8731 0.5 0.25170765027322406
table-0307-193 1 3 0 17 15 1284 1.0 0.28361858190709044
table-0307-100 1 3 0 76 146 7630 1.0 0.027261951797708416
table-0307-886 5 6 0 201 379 870 1.0 0.19677840661732696
table-0307-870 1 2 1 45 53 10868 1.0 0.01430722891566265
table-0307-116 39 5 0 789 327 3038532 0.16666666666666666 0.3362299465240642
table-0307-119 3 11 0 48 331 112 1.0 0.18345864661654135
table-0307-847 0 1 0 350 626 1096 1.0 0.0
table-0307-70 5 10 5 145 207 4104 0.5 0.48735955056179775
table-0307-983 11 2 0 219 103 200936 0.2 0.15480649188514356
table-0307-613 1 5 0 31 129 4749 0.16666666666666666 0.07770961145194274
table-0307-138 3 3 0 37 55 1371 1.0 0.16217257318952233
table-0307-659 2 2 0 74 105 1610 0.06666666666666667 0.06055363321799308
table-0307-198 1 3 0 63 52 3238 0.5 0.18101933216168717
table-0307-753 11 2 0 187 412 1072 0.5 0.05058763413387839
table-0307-332 12 7 0 307 386 49104 0.2 0.02079546504821467
table-0307-484 16 12 13 341 347 1658 1.0 2.4212218649517685
table-0307-799 20 3 0 30 14 7523 0.5 0.4373134328358209
table-0307-860 3 5 6 17 22 598 1.0 0.5686274509803921
table-0307-516 2 3 0 74 84 17457 0.25 0.06997607655502393
table-0307-318 4 4 0 17 74 5070 0.125 0.3024425287356322
table-0307-859 0 1 0 257 180 16392 1.0 0.0
table-0307-259 6 4 0 104 112 1014 0.3333333333333333 2.963636363636364
table-0307-206 1 8 0 115 160 1002 0.1111111111111111 0.009952999723527785
table-0307-562 10 8 0 46 136 2639 0.3333333333333333 0.16823266219239374
table-0307-851 3 2 0 165 113 80805 0.5 0.015139048872799078
table-0307-785 8 10 0 138 207 1586 0.14285714285714285 0.49782923299565845
table-0307-609 8 4 0 86 88 9375 0.5 0.23183643665571377
table-0307-542 1 5 2 145 247 1918 1.0 0.2832
table-0307-793 4 1 0 127 160 1484 0.3333333333333333 0.21867881548974943
table-0307-502 1 4 1 55 70 1448 0.1111111111111111 0.07407407407407407
table-0307-537 256 9 418 1225 757 350667 1.0 19.691082802547772
table-0307-369 3 5 0 228 303 4646 0.5 2.4313725490196076
table-0307-672 3 4 0 74 105 1610 0.06666666666666667 0.13408304498269896
table-0307-104 11 7 0 1262 432 359881 0.25 0.07676174496644295
table-0307-762 54 4 36 173 130 209025 0.16666666666666666 1.1473173688996665
table-0307-604 1 2 1 21 39 7378 1.0 0.009295499021526418
table-0307-174 2 3 0 94 197 10939 0.07692307692307693 0.008871400465033088
table-0307-631 6 2 0 84 84 1543 0.5 0.21024734982332155
table-0307-136 2 3 0 58 81 10342 1.0 0.03475887170154686
table-0307-497 12 5 24 442 324 13628 1.0 0.21779947427713106
table-0307-382 10 6 9 129 132 21207 0.3333333333333333 1.246031746031746
table-0307-181 138 4 0 375 492 281 1.0 9.424670433145009
table-0307-923 25 9 0 257 839 6298 0.02702702702702703 0.5877192982456141
table-0307-861 2 2 1 136 231 51596 0.5 0.010520383242532407
table-0307-475 8 10 0 343 375 1549 0.2 0.5233968804159446
table-0307-749 7 5 0 91 116 4516 1.0 0.017227291297834672
table-0307-555 14 4 0 14 64 23011 0.1111111111111111 0.27926322043969104
table-0307-88 8 6 8 217 517 25752 0.1111111111111111 0.5457309941520467
table-0307-814 68 4 37 1318 546 3089257 0.2 0.26781037892149
table-0307-399 15 9 0 160 302 23313 0.1111111111111111 0.254212299915754
table-0307-62 12 3 10 74 109 57362 0.14285714285714285 0.5471464019851117
table-0307-444 30 4 31 111 203 59892 0.1111111111111111 0.4676034348165496
table-0307-635 6 4 0 238 136 3064 0.5 1.1713395638629283
table-0307-294 5 3 0 41 73 1544 0.5 0.2206896551724138
table-0307-24 11 5 11 200 607 17156 0.25 0.14736675126903553
table-0307-863 9 2 6 113 216 107322 0.5 0.015524788761070956
table-0307-832 4 2 0 15 91 1745 0.3333333333333333 0.0076650943396226415
table-0307-558 2 4 0 14 64 23011 0.1111111111111111 0.0647653000594177
table-0307-368 2 2 0 228 303 4646 0.5 0.4166666666666667
table-0307-921 25 9 0 257 839 6298 0.02702702702702703 0.5802469135802469
table-0307-257 1 2 0 28 37 3751 0.3333333333333333 0.029093931837073983
table-0307-42 4 6 4 168 74 1516 0.02631578947368421 0.0205761316872428
table-0307-383 11 4 0 136 159 5605 0.5 0.08549819138441302
table-0307-425 1 3 0 87 116 8974 1.0 0.04049531459170013
table-0307-614 12 5 4 31 129 4749 0.16666666666666666 0.59560327198364
table-0307-929 4 4 4 13 29 1772 0.3333333333333333 0.13933849401829698
table-0307-883 2 3 0 417 150 2254 1.0 0.022798251093066834
table-0307-903 0 1 0 257 839 6298 0.02702702702702703 0.0
table-0307-58 1 1 0 458 173 39718 1.0 0.0024705882352941176
table-0307-600 2 11 0 52 59 10719 0.5 0.11947194719471947
table-0307-486 6 3 0 145 177 4280 1.0 0.03157133260993128
table-0307-510 12 8 1 170 261 26722 0.2 0.2876412686839227
table-0307-132 2 3 0 339 175 13950 1.0 0.0871559633027523
table-0307-46 5 6 2 168 74 1516 0.02631578947368421 0.17901234567901234
table-0307-406 17 13 0 167 223 33999 1.0 0.09751786108860573
table-0307-361 12 6 0 49 44 5530 0.5 0.45771428571428574
table-0307-756 2 2 0 85 131 1829 0.5 0.13457556935817805
table-0307-955 0 1 0 315 712 112 1.0 0.0
table-0307-77 1 2 0 71 75 7465 0.3333333333333333 0.009551495016611296
table-0307-279 9 4 0 408 360 176159 0.08333333333333333 0.05711140163765224
table-0307-307 4 5 7 47 253 4161 0.09090909090909091 0.3689400164338537
table-0307-283 26 4 18 408 360 176159 0.08333333333333333 0.12034679694488405
table-0307-857 66 4 55 868 467 2400748 0.5 0.2783641160949868
table-0307-127 8 7 12 18 25 5559 0.3333333333333333 0.3110070257611241
table-0307-813 12 3 0 29 211 35962 1.0 0.8123667377398721
table-0307-379 1 3 0 17 24 1463 1.0 0.04106194690265487
table-0307-186 26 3 0 6 2 2432 1.0 160.43949044585986
table-0307-388 16 12 0 160 302 23313 0.1111111111111111 0.11109941027801179
table-0307-823 0 1 0 224 585 2019 1.0 0.0
table-0307-114 3 4 0 789 327 3038532 0.16666666666666666 0.016997708174178762
table-0307-254 10 4 0 855 109 28137 0.3333333333333333 0.09332509270704574
table-0307-908 25 9 0 257 839 6298 0.02702702702702703 0.6354775828460039
table-0307-289 3 4 5 112 177 1646 0.25 0.09055727554179567
table-0307-417 2 3 0 59 67 28496 0.3333333333333333 0.15095729013254786
table-0307-869 8 5 0 202 398 1084 1.0 0.22562083585705633
table-0307-560 3 4 3 14 64 23011 0.1111111111111111 0.040998217468805706
table-0307-945 1 1 0 67 115 3110 1.0 0.008547008547008548
table-0307-858 3 2 1 114 204 20295 1.0 0.03901734104046243
table-0307-328 1 2 1 65 78 23438 0.5 0.0101931330472103
table-0307-483 63 9 271 329 419 12099 1.0 2.1638358103326256
table-0307-770 5 4 4 130 125 19626 1.0 0.010746223791989178
table-0307-795 2 3 0 127 160 1484 0.3333333333333333 0.2505694760820046
table-0307-69 14 5 0 145 207 4104 0.5 1.300561797752809
table-0307-531 2 2 0 277 275 102199 0.125 0.014299153339604891
table-0307-120 1 20 0 48 331 112 1.0 0.017042606516290727
table-0307-28 4 4 1 158 205 1551 0.2 0.11180124223602485
table-0307-584 1 3 0 31 31 2206 1.0 0.09798994974874371
table-0307-990 6 5 0 251 260 106121 0.16666666666666666 0.03336113427856547
table-0307-320 7 3 0 17 74 5070 0.125 0.21982758620689655
table-0307-809 4 5 0 29 211 35962 1.0 0.1886993603411514
table-0307-707 4 3 0 1893 1098 716800 0.1 0.00922897719636217
table-0307-989 11 2 0 251 260 106121 0.16666666666666666 0.041451209341117595
table-0307-949 11 3 8 109 81 28295 0.5 0.033358477914676055
table-0307-536 6 9 10 1225 757 350667 1.0 0.3431528662420382
table-0307-343 2 3 0 83 62 103771 0.25 0.1259611863786159
table-0307-455 20 14 0 282 374 61230 0.3333333333333333 0.05029807589333524
table-0307-892 0 1 0 257 839 6298 0.02702702702702703 0.0
table-0307-529 1 2 0 277 275 102199 0.125 0.007902163687676388
table-0307-850 1 2 1 165 113 80805 0.5 0.003126542701991114
table-0307-619 1 2 1 64 89 11718 1.0 0.007624398073836276
table-0307-812 20 6 0 29 211 35962 1.0 19.87420042643923
table-0307-521 3 11 0 31 48 4107 0.3333333333333333 0.2024860974811907
table-0307-855 5 9 4 159 318 1758 1.0 0.3505402160864346
table-0307-878 3 2 0 333 116 130354 0.3333333333333333 0.026778242677824266
table-0307-777 2 1 0 137 199 1856 0.14285714285714285 0.06053550640279395
table-0307-18 5 4 5 92 129 1175 0.1 0.15964523281596452
table-0307-671 3 6 0 74 105 1610 0.06666666666666667 0.07006920415224914
table-0307-552 1 4 0 32 45 4002 0.5 0.019482407676650187
table-0307-285 1 3 0 161 152 9204 1.0 0.02407170294494238
table-0307-598 4 2 3 25 57 4866 0.5 0.04276682781703235
table-0307-336 2 3 0 17 101 4127 1.0 0.08901192504258944
table-0307-591 28 6 0 59 89 1963 0.5 2.392116182572614
table-0307-617 4 5 4 31 129 4749 0.16666666666666666 0.20501022494887525
table-0307-836 7 2 0 308 153 63805 0.3333333333333333 0.07730881738403678
table-0307-744 1 2 1 27 46 830 1.0 0.018446601941747572
table-0307-131 4 2 2 12 32 2039 1.0 0.04316546762589928
table-0307-896 3 11 0 257 839 6298 0.02702702702702703 0.07277452891487979
table-0307-628 3 3 0 42 44 1987 1.0 0.11770428015564202
table-0307-156 21 1 0 261 379 58943 0.25 0.04040871247161719
table-0307-782 1 1 0 138 207 1586 0.14285714285714285 0.024602026049204053
table-0307-329 0 1 0 150 115 4162 0.3333333333333333 0.0
table-0307-440 3 2 0 111 203 59892 0.1111111111111111 0.08040593286494926
table-0307-474 10 4 4 228 160 2721 0.5 0.7366984993178718
table-0307-49 5 2 0 50 68 746 1.0 0.028237951807228916
table-0307-480 2 11 0 53 67 5172 0.3333333333333333 0.09607173356105893
table-0307-660 3 4 0 74 105 1610 0.06666666666666667 0.18598615916955016
table-0307-632 4 2 3 37 49 6281 1.0 0.06354515050167224
table-0307-668 3 4 0 74 105 1610 0.06666666666666667 0.16176470588235295
table-0307-873 41 3 0 42 42 2488 0.5 0.5803230181235359
table-0307-718 0 1 0 308 544 311 1.0 0.0
table-0307-994 4 4 4 401 578 256 1.0 0.18836915297092288
table-0307-522 2 2 0 12 13 78 1.0 0.06578947368421052
table-0307-468 3 5 9 174 277 2256 0.125 0.09090909090909091
table-0307-286 5 3 0 33 73 1356 0.3333333333333333 0.1569767441860465
table-0307-490 5 5 0 143 142 10506 0.3333333333333333 0.06846488882096738
table-0307-689 2 5 1 663 286 203919 1.0 0.03808073115003808
table-0307-953 0 1 0 263 519 185 1.0 0.0
table-0307-225 4 5 0 359 201 4312 0.25 0.2212467076382792
table-0307-20 4 4 2 92 129 1175 0.1 0.14966740576496673
table-0307-815 12 3 0 246 286 150 1.0 1.0295315682281059
table-0307-922 3 11 0 257 839 6298 0.02702702702702703 0.07407407407407407
table-0307-392 5 8 0 160 302 23313 0.1111111111111111 0.02990732940185341
table-0307-951 28 6 0 30 59 913 1.0 1.1196013289036544
table-0307-72 20 3 25 155 305 3452 0.5 0.34460887949260044
table-0307-214 6 5 0 437 288 6869 0.2 0.16501780767708746
table-0307-528 2 2 0 277 275 102199 0.125 0.02050799623706491
table-0307-885 5 3 0 417 150 2254 1.0 0.022798251093066834
table-0307-134 32 1 2 60 67 2585 0.5 0.1864145117715168
table-0307-352 1 2 0 16 23 1484 1.0 0.07329842931937172
table-0307-165 1 2 0 94 197 10939 0.07692307692307693 0.0026113396530137722
table-0307-404 23 11 28 448 147 12029 0.25 0.20005243838489775
table-0307-553 4 5 0 322 403 18213 0.5 0.022744408142749434
table-0307-107 1 4 0 101 143 17353 0.2 0.009261709446943637
table-0307-412 2 3 1 607 249 103604 0.05263157894736842 0.002184178228943482
table-0307-489 19 3 0 4 24 752 0.5 1.477815699658703
table-0307-974 36 4 0 390 339 213738 0.3333333333333333 0.5182586796186365
table-0307-633 1 2 0 38 60 12043 1.0 0.01649928263988522
table-0307-315 7 2 0 17 74 5070 0.125 0.46048850574712646
table-0307-910 25 9 0 257 839 6298 0.02702702702702703 0.5977907732293697
table-0307-780 6 10 0 137 199 1856 0.14285714285714285 0.2910360884749709
table-0307-913 3 11 0 257 839 6298 0.02702702702702703 0.06920077972709551
table-0307-229 1 4 0 65 57 27104 1.0 0.009393539881344759
table-0307-10 10 3 0 1263 617 1853440 0.14285714285714285 0.08275033935470398
table-0307-917 25 9 0 257 839 6298 0.02702702702702703 0.5120207927225471
table-0307-302 2 4 4 47 253 4161 0.09090909090909091 0.1495480690221857
table-0307-180 113 4 0 375 492 281 1.0 7.450094161958568
table-0307-89 40 5 84 217 517 25752 0.1111111111111111 1.142690058479532
table-0307-648 2 10 0 82 63 2586 1.0 0.0861295148536012
table-0307-841 8 9 8 353 379 2384 0.5 0.1917808219178082
table-0307-243 5 3 0 379 164 6151 0.2 0.057837384744341996
table-0307-651 180 5 0 33 544 1616 0.09090909090909091 18.80096308186196
table-0307-5 5 4 5 90 134 1384 0.1 0.1787941787941788
table-0307-125 13 6 11 18 25 5559 0.3333333333333333 0.5236533957845433
table-0307-298 4 3 0 7 62 571 1.0 0.2735294117647059
table-0307-961 4 29 14 17 115 651 0.2 0.3613861386138614
table-0307-337 4 4 0 14 23 3660 0.3333333333333333 0.18794474675596484
table-0307-74 0 1 0 329 689 246 1.0 0.0
table-0307-122 5 9 0 48 331 112 1.0 0.10175438596491228
table-0307-280 7 5 3 408 360 176159 0.08333333333333333 0.05346452900295878
table-0307-433 1 1 0 85 80 15354 1.0 0.015196998123827393
table-0307-38 1 3 0 114 141 6733 0.2 0.004144572438593283
table-0307-161 14 9 0 11 20 888 0.5 1.8919753086419753
table-0307-853 3 2 1 124 203 22380 1.0 0.05953096812988575
table-0307-499 3 6 0 55 70 1448 0.1111111111111111 0.13854595336076816
table-0307-410 1 4 0 10 14 551 0.5 0.15265866209262435
table-0307-311 4 11 2 276 140 135898 0.2 0.06697757491565787
table-0307-47 5 6 3 168 74 1516 0.02631578947368421 0.12757201646090535
table-0307-363 15 4 11 16 50 4658 0.3333333333333333 0.5127420998980632
table-0307-569 13 2 0 22 47 36070 0.25 0.13160676532769555
table-0307-551 2 2 0 32 45 4002 0.5 0.017446932247746436
table-0307-669 3 6 0 74 105 1610 0.06666666666666667 0.09429065743944637
table-0307-991 8 4 0 8 25 7792 0.3333333333333333 0.17967145790554415
table-0307-458 1 2 0 14 24 3142 1.0 0.04114490161001789
table-0307-797 6 2 0 115 54 39487 0.5 0.03309096305089776
table-0307-86 27 6 63 218 494 106023 0.1111111111111111 0.32002772002772
table-0307-247 10 5 0 6 4 456 1.0 2.5798816568047336
table-0307-890 7 5 4 36 35 249862 0.5 0.29969650986342944
table-0307-783 8 10 0 138 207 1586 0.14285714285714285 0.5933429811866859
table-0307-965 20 5 0 938 3409 191232 0.125 0.07994503558593474
table-0307-179 4 5 0 133 180 8103 0.5 0.03819755296926291
table-0307-624 2 4 4 1436 279 189910 0.25 0.005496518871381458
table-0307-220 8 3 0 262 116 10549 0.14285714285714285 0.06342274901226866
table-0307-592 24 11 14 181 436 5698 0.09090909090909091 0.5677335919818945
table-0307-817 6 10 0 115 154 940 0.16666666666666666 0.22760800842992623
table-0307-543 1 5 2 144 247 1855 1.0 0.24074074074074073
table-0307-45 4 6 4 168 74 1516 0.02631578947368421 0.021604938271604937
table-0307-573 25 6 12 237 261 14106 1.0 0.28739058733984524
table-0307-610 1 2 0 40 51 9146 1.0 0.012292891501870658
table-0307-634 0 1 0 262 383 4380 1.0 0.0
table-0307-561 1 4 0 14 64 23011 0.1111111111111111 0.032679738562091505
table-0307-466 58 3 3 185 471 959 0.3333333333333333 2.711038961038961
table-0307-880 0 1 0 333 116 130354 0.3333333333333333 0.0
table-0307-544 16 3 0 64 83 711 0.16666666666666666 5.573099415204679
table-0307-126 14 7 20 18 25 5559 0.3333333333333333 0.5447306791569086
table-0307-800 0 1 0 116 117 14360 1.0 0.0
table-0307-476 8 10 0 343 375 1549 0.2 0.5493934142114385
table-0307-775 2 1 0 137 199 1856 0.14285714285714285 0.06053550640279395
table-0307-703 16 2 0 1893 1098 716800 0.1 0.025088481698848617
table-0307-725 6 3 0 31 23 14799 0.5 0.05531112507856694
table-0307-916 3 11 0 257 839 6298 0.02702702702702703 0.07667316439246263
table-0307-260 2 4 0 104 112 1014 0.3333333333333333 0.8545454545454545
table-0307-147 8 3 0 113 137 13467 1.0 0.03975504799735187
table-0307-485 2 11 0 31 46 2666 1.0 0.2413793103448276
table-0307-865 0 1 0 33 119 2142 0.5 0.0
table-0307-396 15 9 0 160 302 23313 0.1111111111111111 0.2657961246840775
table-0307-606 2 11 0 31 41 1920 1.0 0.3221188260558339
table-0307-212 5 5 0 437 288 6869 0.2 0.12861100118717847
table-0307-681 1 2 0 8 64 2972 1.0 0.21296296296296297
table-0307-358 0 1 0 8 25 337 1.0 0.0
table-0307-445 10 4 0 111 203 59892 0.1111111111111111 0.42935206869633097
table-0307-158 4 4 0 20 65 1398 0.25 0.12009685230024213
table-0307-642 6 3 0 85 105 3079 1.0 0.25330899132816065
table-0307-639 6 7 0 421 298 31554 0.3333333333333333 0.03267152550892184
table-0307-237 18 13 72 68 64 2787 0.2 0.6809309309309309
table-0307-470 33 11 0 243 242 2024 0.5 3.690962099125364
table-0307-637 6 12 0 33 66 3571 0.5 0.03502760327431944
table-0307-103 7 5 0 1262 432 359881 0.25 0.013073266219239373
table-0307-781 2 3 0 137 199 1856 0.14285714285714285 0.1140861466821886
table-0307-422 8 2 0 148 128 48472 0.14285714285714285 0.08865814696485623
