table_id rows cols nulls inlinks outlinks views table_imp table_fraction
table-0202-886 25 6 10 545 512 186120 1.0 0.17781330160972528
table-0202-600 3 3 0 89 53 3160 1.0 0.1245406288280931
table-0202-987 30 5 0 83 219 32423 0.5 0.9394273127753304
table-0202-917 2 32 2 63 405 3912 1.0 0.03574975173783516
table-0202-712 63 4 28 646 670 75503 0.1111111111111111 2.7212863705972437
table-0202-724 0 1 0 222 396 663 1.0 0.0
table-0202-582 21 8 3 15 65 2239 1.0 1.8821630347054077
table-0202-898 10 6 0 22 40 974 0.5 0.31464737793851716
table-0202-708 14 5 34 108 167 1102 0.14285714285714285 0.4236168455821635
table-0202-9 12 6 0 75 205 1054 0.3333333333333333 1.2624113475177305
table-0202-547 10 6 9 14 175 680 1.0 1.3120104438642297
table-0202-245 24 5 7 0 0 0 0.0 5021.0
table-0202-603 3 3 0 34 63 1970 1.0 0.0985663082437276
table-0202-527 4 2 0 40 46 6034 0.16666666666666666 0.01611928269192021
table-0202-526 2 2 0 40 46 6034 0.16666666666666666 0.006850695144066089
table-0202-235 0 1 0 78 162 6816 0.3333333333333333 0.0
table-0202-710 1 3 0 18 26 941 1.0 0.023972602739726026
table-0202-606 9 2 9 123 187 1952 0.25 0.04298507462686567
table-0202-243 24 7 42 1364 689 41230 0.25 0.6251455180442375
table-0202-625 3 3 0 11 9 782 1.0 0.88558352402746
table-0202-448 2 2 0 139 199 92972 0.1 0.01742264944427756
table-0202-640 8 5 9 286 195 10860 0.3333333333333333 0.6416256157635468
table-0202-353 22 7 2 89 227 872 0.3333333333333333 5.903896103896104
table-0202-693 1 2 1 21 35 1064 0.3333333333333333 0.016006739679865205
table-0202-578 6 2 0 100 159 26439 0.16666666666666666 0.02385377942998761
table-0202-427 9 4 3 131 210 2173 1.0 1.5712209302325582
table-0202-585 9 4 0 114 263 59768 0.2 0.0044474761255115965
table-0202-867 3 5 6 129 144 1733 1.0 0.4153094462540717
table-0202-407 1 19 1 1074 1171 233662 0.0625 0.012341623650868137
table-0202-68 3 3 1 405 326 17168 0.5 0.07142857142857142
table-0202-646 7 6 0 286 321 5668 0.16666666666666666 0.09410689812699863
table-0202-355 13 6 0 89 227 872 0.3333333333333333 1.122077922077922
table-0202-11 18 8 0 10 51 1067 0.5 0.42071398920713987
table-0202-134 8 2 0 181 114 8363 0.16666666666666666 0.05585903083700441
table-0202-792 7 7 25 101 113 1643 0.5 0.18828264758497318
table-0202-701 3 3 0 19 23 1091 1.0 0.29103885804916735
table-0202-545 10 6 4 14 175 680 1.0 1.2819843342036554
table-0202-535 10 6 9 14 175 680 1.0 1.2898172323759791
table-0202-417 1 9 0 1074 1171 233662 0.0625 0.00323791647114031
table-0202-630 32 6 0 95 58 43120 1.0 17.10648148148148
table-0202-903 6 11 11 95 200 265 1.0 0.14039774413772632
table-0202-207 4 10 0 113 292 1595 0.5 0.056004791853848455
table-0202-893 12 6 0 1857 1165 222903 0.1 0.026568228617347193
table-0202-605 9 2 9 123 187 1952 0.25 0.04298507462686567
table-0202-60 2 6 0 255 414 12527 0.5 0.0026627218934911242
table-0202-388 11 4 5 608 636 84324 0.14285714285714285 0.021385907021427675
table-0202-872 2 5 4 129 144 1733 1.0 0.28338762214983715
table-0202-584 1 1 0 293 348 2948 1.0 0.03394762366634336
table-0202-959 1 2 0 184 194 35018 1.0 0.007751937984496124
table-0202-847 2 5 4 119 122 1158 1.0 0.2752902155887231
table-0202-41 4 8 0 4 18 157 1.0 0.6559139784946236
table-0202-494 6 7 4 147 195 6159 0.5 2.5579399141630903
table-0202-825 1 3 0 232 237 11392 1.0 0.015800494955263658
table-0202-332 4 1 0 354 587 31793 0.011764705882352941 0.00311871640198613
table-0202-752 4 5 4 523 623 167870 1.0 0.004328018223234624
table-0202-591 11 3 0 159 144 3167 0.5 0.13188745603751464
table-0202-365 4 4 0 298 280 10729 0.2 0.018316538233550683
table-0202-856 5 5 0 33 76 5484 0.5 0.07571857571857572
table-0202-981 1 3 0 37 65 40465 1.0 0.032
table-0202-554 3 8 0 22 67 2897 1.0 0.005800756620428752
table-0202-537 11 6 10 14 175 680 1.0 1.41644908616188
table-0202-392 10 3 5 608 636 84324 0.14285714285714285 0.018712668643749215
table-0202-793 4 7 13 101 113 1643 0.5 0.10778175313059034
table-0202-326 2 1 0 354 587 31793 0.011764705882352941 0.0012721080060732898
table-0202-315 2 6 0 354 587 31793 0.011764705882352941 0.001190036521810497
table-0202-773 1 5 2 6 23 1119 0.5 0.056100981767180924
table-0202-565 4 5 8 16 36 1746 0.16666666666666666 0.09673258813413585
table-0202-319 8 3 0 354 587 31793 0.011764705882352941 0.00623743280397226
table-0202-763 3 9 0 19 44 1792 0.5 0.06557911908646004
table-0202-671 0 1 0 138 462 12874 0.2 0.0
table-0202-445 2 5 1 139 199 92972 0.1 0.021327726043857013
table-0202-589 2 1 0 291 338 6350 1.0 0.14578005115089515
table-0202-911 10 3 0 26 42 33456 0.5 0.05252488020641356
table-0202-56 2 4 0 255 414 12527 0.5 0.0021696252465483235
table-0202-170 4 10 0 113 292 1595 0.5 0.04043126684636118
table-0202-994 6 3 0 202 422 20202 0.2 0.02247431506849315
table-0202-335 2 6 0 354 587 31793 0.011764705882352941 0.001190036521810497
table-0202-437 11 5 0 276 361 374959 0.2 0.07140224316781633
table-0202-260 13 6 23 0 0 0 0.0 568.0
table-0202-97 10 5 12 103 68 32319 0.5 0.2673766816143498
table-0202-238 17 6 23 494 314 89846 0.5 0.11275598322230447
table-0202-716 1 3 0 8 29 747 1.0 0.11199294532627865
table-0202-951 1 5 0 154 208 4797 0.05555555555555555 0.052095808383233536
table-0202-455 5 2 0 34 262 918 1.0 0.028337061894108874
table-0202-361 12 6 0 96 224 937 0.3333333333333333 0.953757225433526
table-0202-434 3 7 5 276 361 374959 0.2 0.029277025959665106
table-0202-418 11 6 0 1074 1171 233662 0.0625 0.05344908493664946
table-0202-840 2 5 4 119 122 1158 1.0 0.2703150912106136
table-0202-21 21 6 24 49 80 7710 1.0 0.31881009615384615
table-0202-852 7 3 0 33 32 1507 1.0 0.6174365647364997
table-0202-53 2 6 0 255 414 12527 0.5 0.0028599605522682445
table-0202-336 8 3 0 354 587 31793 0.011764705882352941 0.006032254093315277
table-0202-108 19 4 1 160 230 3180 0.5 2.6863309352517986
table-0202-174 4 10 0 113 292 1595 0.5 0.05121293800539083
table-0202-900 3 2 0 41 100 8433 0.5 0.0017531856666381596
table-0202-223 1 2 0 56 77 3030 0.5 0.11688311688311688
table-0202-657 5 4 1 6 7 412 0.08333333333333333 0.3553299492385787
table-0202-346 14 9 55 360 295 671 1.0 0.12628809471607103
table-0202-649 21 7 0 6 7 412 0.08333333333333333 1.4720812182741116
table-0202-382 22 7 3 191 305 1946 0.3333333333333333 5.121100917431193
table-0202-530 2 3 0 40 46 6034 0.16666666666666666 0.04372355430183357
table-0202-106 10 5 16 103 68 32319 0.5 0.3901345291479821
table-0202-814 20 7 0 65 178 2014 1.0 0.8110047846889952
table-0202-501 0 1 0 340 414 506 1.0 0.0
table-0202-975 3 4 3 25 47 1811 0.3333333333333333 0.04494750656167979
table-0202-621 1 2 0 424 413 161507 0.16666666666666666 0.0005992409614488315
table-0202-743 1 20 0 72 410 1908 0.25 0.009406846093545859
table-0202-425 18 5 13 131 210 2173 1.0 2.1061046511627906
table-0202-163 4 10 0 113 292 1595 0.5 0.053009883198562445
table-0202-622 13 3 2 424 413 161507 0.16666666666666666 0.03858445968439976
table-0202-30 6 4 0 256 344 6237 0.25 0.8988235294117647
table-0202-885 1 2 1 29 39 4643 1.0 0.033216783216783216
table-0202-798 3 3 0 76 121 4892 1.0 0.027827879412522547
table-0202-632 21 5 0 95 58 43120 1.0 12.273148148148149
table-0202-928 1 3 0 23 31 1188 1.0 0.02700072974945269
table-0202-22 0 1 0 49 80 7710 1.0 0.0
table-0202-410 3 8 8 1074 1171 233662 0.0625 0.0025340215861098074
table-0202-373 2 2 0 251 44 39991 0.5 0.024288107202680067
table-0202-247 39 6 65 0 0 0 0.0 1653.0
table-0202-832 5 4 0 543 671 3485 1.0 0.04187008688456765
table-0202-604 8 3 4 76 112 1084 1.0 0.09348591549295775
table-0202-151 4 5 0 113 292 1595 0.5 0.05810122791254867
table-0202-341 23 7 2 83 228 786 0.3333333333333333 8.019417475728156
table-0202-148 3 10 0 113 292 1595 0.5 0.04132973944294699
table-0202-491 4 2 0 25 49 10451 0.5 0.1346774193548387
table-0202-850 2 5 4 119 122 1158 1.0 0.29187396351575456
table-0202-964 1 3 0 11 23 2960 1.0 0.04902477596204533
table-0202-996 8 6 0 202 422 20202 0.2 0.022388698630136986
table-0202-540 11 6 8 14 175 680 1.0 1.4765013054830287
table-0202-577 13 2 0 100 159 26439 0.16666666666666666 0.13878562577447337
table-0202-88 10 5 16 103 68 32319 0.5 0.4400224215246637
table-0202-674 3 3 3 17 140 0 1.0 0.6041055718475073
table-0202-733 1 2 1 7 33 1189 0.5 0.013620071684587814
table-0202-949 3 3 0 218 197 12436 1.0 0.12485172004744959
table-0202-623 7 13 2 424 413 161507 0.16666666666666666 0.048305479725680806
table-0202-133 202 4 0 287 582 0 0.3333333333333333 6.608547008547008
table-0202-5 0 1 0 434 797 121 1.0 0.0
table-0202-295 4 9 4 354 587 31793 0.011764705882352941 0.019081620091099347
table-0202-559 6 3 0 28 38 2021 1.0 0.042889787308841625
table-0202-293 8 3 0 354 587 31793 0.011764705882352941 0.006196397061840863
table-0202-255 48 5 24 0 0 0 0.0 2314.0
table-0202-4 7 6 0 48 403 5686 1.0 0.031934240197861355
table-0202-196 4 10 0 113 292 1595 0.5 0.06079664570230608
table-0202-593 4 5 0 16 41 15709 0.3333333333333333 0.011867905056759546
table-0202-829 10 4 0 1290 499 64529 0.2 0.05915342502336761
table-0202-736 3 3 0 162 155 43467 0.3333333333333333 0.020778688524590163
table-0202-115 25 4 0 9157 624 107323 1.0 0.06109271523178808
table-0202-309 8 3 0 354 587 31793 0.011764705882352941 0.0060732898354466745
table-0202-571 8 3 0 89 74 4200 0.25 1.265625
table-0202-384 20 7 0 114 237 1204 0.3333333333333333 6.674157303370786
table-0202-149 4 5 0 113 292 1595 0.5 0.055705300988319856
table-0202-325 2 5 0 354 587 31793 0.011764705882352941 0.002749394722803562
table-0202-548 10 6 9 14 175 680 1.0 1.2898172323759791
table-0202-730 11 5 1 169 117 69864 0.5 0.12747688243064728
table-0202-413 4 18 20 1074 1171 233662 0.0625 0.03847958704833412
table-0202-643 4 9 0 286 195 10860 0.3333333333333333 0.18226600985221675
table-0202-114 4 3 0 9157 624 107323 1.0 0.0065279091769158
table-0202-349 3 2 0 42 52 820 0.5 0.0481651376146789
table-0202-720 46 7 0 268 77 101011 1.0 216.09826589595374
table-0202-873 2 5 4 129 144 1733 1.0 0.2915309446254072
table-0202-69 4 3 2 405 326 17168 0.5 0.08648758648758649
table-0202-272 13 5 0 552 287 9964 0.5 0.11201705970898143
table-0202-726 17 6 0 44 115 843 0.14285714285714285 1.085217391304348
table-0202-685 2 5 0 113 184 1058 0.125 0.353030303030303
table-0202-354 18 7 4 89 227 872 0.3333333333333333 5.1454545454545455
table-0202-300 8 3 0 354 587 31793 0.011764705882352941 0.0060732898354466745
table-0202-213 13 6 0 85 219 1109 0.3333333333333333 1.1986754966887416
table-0202-465 4 12 0 71 77 8031 0.5 0.04849360297152291
table-0202-453 1 5 0 209 269 2583 0.3333333333333333 0.08614232209737828
table-0202-26 1 3 0 27 38 3110 1.0 0.3212025316455696
table-0202-244 3 6 1 9 35 7441 1.0 0.19095869056897896
table-0202-688 13 9 24 113 184 1058 0.125 1.1106060606060606
table-0202-444 15 8 2 139 199 92972 0.1 0.19390207269450285
table-0202-870 3 5 6 129 144 1733 1.0 0.42833876221498374
table-0202-667 2 6 0 138 462 12874 0.2 0.006216236216976245
table-0202-359 23 7 0 96 224 937 0.3333333333333333 6.679190751445087
table-0202-71 10 4 10 156 183 185942 0.3333333333333333 0.09557408595253368
table-0202-175 4 5 0 113 292 1595 0.5 0.04941599281221923
table-0202-558 39 7 39 33 111 2724 1.0 0.24011277312240584
table-0202-171 4 5 0 113 292 1595 0.5 0.06948188080263552
table-0202-428 0 1 0 35 57 1612 1.0 0.0
table-0202-992 32 12 0 88 80 10218 0.5 0.4365798414496036
table-0202-534 10 6 2 14 175 680 1.0 1.3315926892950392
table-0202-45 1 2 1 3 29 1688 1.0 0.020719738276990186
table-0202-130 6 1 0 610 294 7759 0.1111111111111111 0.11022727272727273
table-0202-532 1 3 0 189 178 32829 1.0 0.05071622144792876
table-0202-435 1 4 0 276 361 374959 0.2 0.008003791269548734
table-0202-322 2 1 0 354 587 31793 0.011764705882352941 0.0004513931634453609
table-0202-614 11 5 1 27 34 1853 0.3333333333333333 5.470219435736677
table-0202-662 6 7 0 42 29 7949 0.5 0.3665480427046263
table-0202-156 4 10 0 113 292 1595 0.5 0.05989817310572028
table-0202-131 12 6 0 610 294 7759 0.1111111111111111 1.1136363636363635
table-0202-469 16 4 16 139 192 4864 0.5 0.5861344537815126
table-0202-277 1 3 0 15 22 1151 1.0 0.09750201450443191
table-0202-42 1 2 1 4 18 297 1.0 0.035842293906810034
table-0202-118 34 6 0 9157 624 107323 1.0 0.13344370860927152
table-0202-945 12 13 12 17 120 560 0.1 0.3273885350318471
table-0202-161 4 10 0 113 292 1595 0.5 0.06079664570230608
table-0202-75 78 8 0 19 120 1591 0.5 15.723919915700737
table-0202-188 4 5 0 113 292 1595 0.5 0.041928721174004195
table-0202-757 4 10 4 246 388 10153 0.3333333333333333 0.043916720884840596
table-0202-969 1 7 1 141 135 3160 0.5 0.04500511421752472
table-0202-447 10 6 4 139 199 92972 0.1 0.1099429258035446
table-0202-257 189 6 316 0 0 0 0.0 8506.0
table-0202-78 3 19 0 76 129 978 1.0 1.7508417508417509
table-0202-597 10 3 0 160 142 3550 0.5 0.11140235910878113
table-0202-912 22 5 21 63 405 3912 1.0 0.5327706057596823
table-0202-275 0 1 0 42141 629 527822 1.0 0.0
table-0202-820 2 2 0 87 204 1243 1.0 0.0778816199376947
table-0202-997 4 3 0 163 186 1067 0.5 0.033181126331811264
table-0202-539 11 6 10 14 175 680 1.0 1.4060052219321149
table-0202-294 2 6 0 354 587 31793 0.011764705882352941 0.0011490007796791004
table-0202-759 0 1 0 246 388 10153 0.3333333333333333 0.0
table-0202-998 1 2 0 51 62 1849 0.5 0.07756813417190776
table-0202-957 6 1 0 194 116 3497 0.2 0.09837728194726167
table-0202-306 16 8 0 354 587 31793 0.011764705882352941 0.087775452419057
table-0202-450 4 3 0 139 199 92972 0.1 0.0892159807750075
table-0202-861 2 5 4 129 144 1733 1.0 0.2980456026058632
table-0202-323 2 1 0 354 587 31793 0.011764705882352941 0.0004924289055767574
table-0202-80 3 18 0 76 129 978 1.0 1.7059483726150393
table-0202-476 6 7 6 146 193 6061 0.5 1.8922558922558923
table-0202-785 8 3 8 249 449 5861 1.0 0.11345541401273886
table-0202-650 21 7 0 6 7 412 0.08333333333333333 1.3781725888324874
table-0202-884 8 3 0 13 31 696 1.0 1.5451713395638629
table-0202-472 6 7 6 83 201 6278 0.5 2.1007462686567164
table-0202-555 9 3 0 22 67 2897 1.0 0.03114754098360656
table-0202-965 13 3 0 435 203 2828 0.3333333333333333 1.0560578661844484
table-0202-136 7 2 0 181 114 8363 0.16666666666666666 0.039647577092511016
table-0202-686 15 7 0 113 184 1058 0.125 1.1454545454545455
table-0202-219 2 3 0 122 63 9000 1.0 0.07067020570670206
table-0202-954 4 2 0 293 119 377897 1.0 0.023805866994317307
table-0202-154 4 10 0 113 292 1595 0.5 0.061096136567834684
table-0202-226 10 4 4 684 251 2909582 0.3333333333333333 0.04981904981904982
table-0202-587 15 2 1 114 263 59768 0.2 0.016534788540245565
table-0202-317 4 10 4 354 587 31793 0.011764705882352941 0.011284829086134023
table-0202-66 5 3 4 405 326 17168 0.5 0.04151404151404151
table-0202-105 0 1 0 103 68 32319 0.5 0.0
table-0202-372 11 6 0 100 232 960 0.3333333333333333 0.8033707865168539
table-0202-878 2 5 4 129 144 1733 1.0 0.2003257328990228
table-0202-209 0 1 0 8 31 1190 1.0 0.0
table-0202-834 2 5 4 119 122 1158 1.0 0.32669983416252074
table-0202-835 2 5 4 119 122 1158 1.0 0.2703150912106136
table-0202-702 8 4 0 123 144 2672 0.5 0.1305254378648874
table-0202-470 6 4 6 139 192 4864 0.5 0.10399159663865547
table-0202-909 7 4 4 11 38 20642 0.3333333333333333 3.846094354215004
table-0202-17 0 1 0 31 42 5427 1.0 0.0
table-0202-356 24 7 2 99 231 1081 0.3333333333333333 8.270114942528735
table-0202-803 2 4 0 42 51 11316 0.2 0.09055627425614489
table-0202-168 4 5 0 113 292 1595 0.5 0.0434261755016472
table-0202-432 6 3 0 22 6 702 1.0 1.9864864864864864
table-0202-158 4 10 0 113 292 1595 0.5 0.052710392333033845
table-0202-694 1 2 0 21 35 1064 0.3333333333333333 0.016849199663016005
table-0202-481 18 4 14 153 201 8395 0.5 0.6641860465116279
table-0202-199 4 5 2 113 292 1595 0.5 0.04731955675351902
table-0202-933 2 2 2 21 52 1190 0.5 0.07723577235772358
table-0202-799 5 10 20 101 207 540 1.0 0.09325044404973357
table-0202-127 72 6 0 74 1967 51234 0.125 11.093959731543624
table-0202-320 2 6 0 354 587 31793 0.011764705882352941 0.0012310722639418935
table-0202-974 2 2 0 25 47 1811 0.3333333333333333 0.02230971128608924
table-0202-908 1 2 1 54 77 30775 1.0 0.005997474747474747
table-0202-762 3 2 0 106 140 15920 1.0 0.04210049796287913
table-0202-794 4 7 13 101 113 1643 0.5 0.11404293381037567
table-0202-851 1 2 1 12 113 3566 1.0 0.017975402081362345
table-0202-387 5 10 0 92 106 248 1.0 0.05367504835589942
table-0202-681 0 1 0 53 63 2626 1.0 0.0
table-0202-754 2 3 0 25 31 2242 1.0 0.23103057757644394
table-0202-808 23 7 0 535 187 20920 0.07142857142857142 0.5467561521252796
table-0202-408 6 22 18 1074 1171 233662 0.0625 0.14298451431252934
table-0202-164 4 5 0 113 292 1595 0.5 0.05241090146750524
table-0202-995 5 6 0 202 422 20202 0.2 0.01857876712328767
table-0202-918 4 9 0 63 405 3912 1.0 0.070506454816286
table-0202-836 2 5 4 119 122 1158 1.0 0.23383084577114427
table-0202-982 1 2 1 30 38 9639 1.0 0.017690875232774673
table-0202-378 23 7 0 111 247 1219 0.3333333333333333 7.328729281767956
table-0202-216 3 2 0 204 202 66458 0.25 0.011521279097107923
table-0202-920 10 5 9 63 405 3912 1.0 0.3187686196623635
table-0202-379 21 7 0 111 247 1219 0.3333333333333333 6.883977900552487
table-0202-461 5 6 5 204 143 6379 0.5 1.243956043956044
table-0202-550 11 6 4 14 175 680 1.0 1.3929503916449086
table-0202-780 1 3 0 443 311 131499 0.5 0.017456359102244388
table-0202-826 2 3 0 15 35 2288 1.0 0.09580838323353294
table-0202-329 2 1 0 354 587 31793 0.011764705882352941 0.0006155361319709467
table-0202-897 4 3 0 78 93 5741 1.0 0.12822502424830262
table-0202-46 14 8 0 255 414 12527 0.5 0.11489151873767259
table-0202-696 18 3 0 82 90 3955 0.3333333333333333 0.11223074789682906
table-0202-301 2 5 0 354 587 31793 0.011764705882352941 0.0008617505847593254
table-0202-107 18 5 19 103 68 32319 0.5 0.726457399103139
table-0202-883 2 5 4 129 144 1733 1.0 0.24104234527687296
table-0202-259 6 6 8 0 0 0 0.0 332.0
table-0202-421 8 9 0 131 210 2173 1.0 1.944767441860465
table-0202-984 1 4 1 63 70 4813 0.5 0.012094557449147883
table-0202-204 24 12 4 113 292 1595 0.5 0.7397424378556454
table-0202-859 2 5 4 129 144 1733 1.0 0.254071661237785
table-0202-627 2 3 0 69 137 26885 1.0 0.025364431486880466
table-0202-211 23 7 0 85 219 1109 0.3333333333333333 8.781456953642385
table-0202-827 3 2 1 30 55 7081 1.0 0.035248672139063256
table-0202-232 1 3 0 16 28 1772 1.0 0.03226913834534844
table-0202-772 3 19 0 76 130 1216 1.0 2.5781758957654723
table-0202-390 15 9 24 608 636 84324 0.14285714285714285 0.033707865168539325
table-0202-81 3 18 0 76 129 978 1.0 1.7474747474747474
table-0202-907 1 3 0 34 49 1010 1.0 0.12261306532663317
table-0202-402 1 4 0 36 57 5394 0.25 0.04411764705882353
table-0202-804 1 6 0 535 187 20920 0.07142857142857142 0.028187919463087248
table-0202-919 10 5 10 63 405 3912 1.0 0.1673286991062562
table-0202-342 16 7 0 83 228 786 0.3333333333333333 5.171521035598706
table-0202-180 4 10 0 113 292 1595 0.5 0.06858340820604972
table-0202-271 80 6 133 0 0 0 0.0 3386.0
table-0202-62 6 9 0 405 326 17168 0.5 0.21204721204721205
table-0202-970 1 7 1 111 77 5736 0.5 0.07204610951008646
table-0202-210 0 1 0 8 31 1190 1.0 0.0
table-0202-601 0 1 0 0 0 0 0.0 0.0
table-0202-489 17 4 17 177 194 6092 0.5 0.750924784217016
table-0202-924 14 2 0 77 488 15621 0.25 0.0977236146240515
table-0202-352 8 6 0 107 62 99869 0.5 0.01432081432081432
table-0202-449 50 12 3 139 199 92972 0.1 0.7987383598678282
table-0202-788 4 7 14 101 113 1643 0.5 0.1346153846153846
table-0202-705 2 5 0 108 167 1102 0.14285714285714285 0.19405450041288191
table-0202-18 5 3 0 34 42 1721 1.0 0.24680306905370844
table-0202-84 13 2 8 209 320 13385 0.5 0.020460510617990934
table-0202-433 6 7 5 276 361 374959 0.2 0.08851561265862777
table-0202-830 38 4 32 1290 499 64529 0.2 0.368273467752704
table-0202-195 4 5 0 113 292 1595 0.5 0.056004791853848455
table-0202-819 4 2 0 87 204 1243 1.0 0.17757009345794392
table-0202-203 4 5 0 113 292 1595 0.5 0.05420784666067685
table-0202-471 6 9 6 83 201 6278 0.5 0.09701492537313433
table-0202-281 23 7 0 97 223 1274 0.3333333333333333 6.734536082474227
table-0202-948 10 13 0 148 77 67570 0.3333333333333333 0.20524590163934425
table-0202-543 12 6 11 14 175 680 1.0 1.597911227154047
table-0202-385 19 7 3 114 237 1204 0.3333333333333333 6.064606741573034
table-0202-692 1 2 0 5 20 916 1.0 0.03599374021909233
table-0202-347 4 2 0 226 153 6574 1.0 0.2847682119205298
table-0202-639 4 5 2 286 195 10860 0.3333333333333333 0.3805418719211823
table-0202-141 24 7 0 96 232 1487 0.3333333333333333 7.579411764705882
table-0202-140 66 2 0 11 100 1190 0.5 16.58360655737705
table-0202-89 18 5 18 103 68 32319 0.5 0.7432735426008968
table-0202-333 12 12 74 354 587 31793 0.011764705882352941 0.020969264229143584
table-0202-70 0 1 0 366 606 271 1.0 0.0
table-0202-895 3 5 0 1857 1165 222903 0.1 0.007131736226206619
table-0202-49 2 6 0 255 414 12527 0.5 0.0029585798816568047
table-0202-838 1 5 2 119 122 1158 1.0 0.18076285240464346
table-0202-866 3 5 6 129 144 1733 1.0 0.38762214983713356
table-0202-401 3 3 0 67 51 7065 0.5 0.040793825799338476
table-0202-691 1 3 0 152 132 4129 1.0 0.061153174140943505
table-0202-441 40 6 0 129 130 9880 0.25 16.96282679738562
table-0202-811 4 8 0 535 187 20920 0.07142857142857142 0.12259507829977628
table-0202-515 2 13 1 1025 1099 33466 0.125 0.07957625030795762
table-0202-507 3 7 0 81 170 78 1.0 0.11455399061032864
table-0202-452 1 5 0 209 269 2583 0.3333333333333333 0.08828250401284109
table-0202-849 2 5 4 119 122 1158 1.0 0.28524046434494194
table-0202-202 8 9 0 113 292 1595 0.5 0.14345612458820006
table-0202-802 2 3 0 42 51 11316 0.2 0.03536006899525657
table-0202-76 1 3 0 19 120 1591 0.5 0.1612223393045311
table-0202-311 8 3 0 354 587 31793 0.011764705882352941 0.00623743280397226
table-0202-113 24 3 0 9157 624 107323 1.0 0.058538315988647116
table-0202-779 11 11 8 443 311 131499 0.5 0.12993831211445073
table-0202-937 7 2 0 268 269 141442 0.25 0.006487452412399969
table-0202-647 0 1 0 35 159 2563 0.5 0.0
table-0202-973 2 2 0 127 141 4782 0.5 0.03984450923226433
table-0202-764 2 2 0 165 170 6255 0.5 0.04148936170212766
table-0202-436 1 4 0 276 361 374959 0.2 0.009688799957874783
table-0202-922 1 3 0 56 67 79247 1.0 0.02086230876216968
table-0202-419 3 19 6 1074 1171 233662 0.0625 0.0684655091506335
table-0202-813 9 4 0 65 178 2014 1.0 0.49282296650717705
table-0202-648 3 3 0 123 115 2254 1.0 0.174594877156299
table-0202-689 3 3 0 83 116 628 0.3333333333333333 0.17142857142857143
table-0202-312 2 6 0 354 587 31793 0.011764705882352941 0.001190036521810497
table-0202-85 3 2 0 209 320 13385 0.5 0.004712479121927941
table-0202-457 34 4 0 229 221 24014 1.0 0.6105635582512005
table-0202-950 16 8 49 480 215 182751 0.5 0.023481228668941978
table-0202-282 16 7 0 97 223 1274 0.3333333333333333 4.458762886597938
table-0202-77 1 3 0 26 39 1137 1.0 0.05029585798816568
table-0202-191 4 10 0 113 292 1595 0.5 0.05720275531596286
table-0202-246 16 6 23 0 0 0 0.0 1182.0
table-0202-324 2 1 0 354 587 31793 0.011764705882352941 0.0004513931634453609
table-0202-944 13 10 0 17 120 560 0.1 1.2547770700636942
table-0202-679 6 12 21 97 188 258 1.0 0.1449747998814112
table-0202-697 1 6 0 82 90 3955 0.3333333333333333 0.05546824443006379
table-0202-221 3 5 0 202 205 3376 0.5 0.639821029082774
table-0202-468 6 7 6 139 192 4864 0.5 1.7720588235294117
table-0202-659 5 4 1 6 7 412 0.08333333333333333 0.3629441624365482
table-0202-817 2 4 2 152 191 1354 1.0 0.020077220077220077
table-0202-765 12 4 1 143 158 3275 1.0 0.17960088691796008
table-0202-239 16 6 20 494 314 89846 0.5 0.08882309400444116
table-0202-7 20 7 1 75 205 1054 0.3333333333333333 7.382978723404255
table-0202-806 7 1 0 535 187 20920 0.07142857142857142 0.026845637583892617
table-0202-966 14 3 0 435 203 2828 0.3333333333333333 1.0669077757685352
table-0202-753 18 10 1 82 47 2904 0.5 1.890716803760282
table-0202-340 18 6 0 115 250 863 0.3333333333333333 1.9574468085106382
table-0202-807 4 1 0 535 187 20920 0.07142857142857142 0.009619686800894854
table-0202-302 8 3 0 354 587 31793 0.011764705882352941 0.0060732898354466745
table-0202-125 1 2 0 29 68 11105 0.25 0.01637107776261937
table-0202-16 27 2 0 240 397 9356 0.5 0.0612285206399368
table-0202-962 0 1 0 162 245 7554 0.5 0.0
table-0202-466 5 5 5 22 66 2967 0.5 0.07208480565371024
table-0202-854 14 8 28 44 56 4809 0.5 0.7266514806378133
table-0202-946 6 5 10 88 78 1147 0.5 0.11983032873807
table-0202-637 22 5 0 95 58 43120 1.0 9.87037037037037
table-0202-682 2 2 0 113 184 1058 0.125 0.10606060606060606
table-0202-414 1 32 1 1074 1171 233662 0.0625 0.04335992491787893
table-0202-728 3 8 0 44 115 843 0.14285714285714285 0.22434782608695653
table-0202-940 13 10 0 17 120 560 0.1 1.243312101910828
table-0202-978 4 3 0 82 119 503 0.3333333333333333 0.2571428571428571
table-0202-40 1 2 1 4 18 157 1.0 0.035842293906810034
table-0202-653 21 7 0 6 7 412 0.08333333333333333 1.4238578680203047
table-0202-655 21 7 0 6 7 412 0.08333333333333333 1.380710659898477
table-0202-440 40 6 0 129 130 9880 0.25 14.664624183006536
table-0202-956 5 6 3 247 68 37095 0.5 0.0693610049153468
table-0202-231 3 5 0 270 306 9440 0.125 0.08389261744966443
table-0202-633 22 5 0 95 58 43120 1.0 11.898148148148149
table-0202-553 6 3 0 6 208 2744 1.0 0.21588785046728973
table-0202-588 16 3 21 114 263 59768 0.2 0.007066848567530696
table-0202-485 15 4 9 380 200 8711 0.5 0.9224904701397713
table-0202-664 5 5 2 36 59 976 1.0 0.7257824143070045
table-0202-420 3 10 11 1074 1171 233662 0.0625 0.003754106053496011
table-0202-999 5 4 0 32 393 8413 0.1111111111111111 1.7214484679665738
table-0202-206 4 5 0 113 292 1595 0.5 0.05420784666067685
table-0202-739 10 3 0 651 351 44808 0.5 0.04429717474712243
table-0202-683 3 2 0 113 184 1058 0.125 0.1484848484848485
table-0202-460 5 9 5 204 143 6379 0.5 0.05824175824175824
table-0202-371 18 7 2 100 232 960 0.3333333333333333 5.570224719101123
table-0202-451 2 4 0 139 199 92972 0.1 0.0464103334334635
table-0202-483 6 9 5 380 200 8711 0.5 0.14993646759847523
table-0202-684 8 2 0 113 184 1058 0.125 0.1803030303030303
table-0202-214 5 5 0 204 202 66458 0.25 0.05533349008542989
table-0202-190 4 5 0 113 292 1595 0.5 0.05929919137466307
table-0202-549 11 6 1 14 175 680 1.0 1.489556135770235
table-0202-409 1 43 1 1074 1171 233662 0.0625 0.05387142186766776
table-0202-618 13 2 6 424 413 161507 0.16666666666666666 0.013482921632598708
table-0202-538 11 6 10 14 175 680 1.0 1.3903394255874673
table-0202-525 6 2 0 40 46 6034 0.16666666666666666 0.026395325408019345
table-0202-580 35 2 0 223 103 27756 0.5 0.07940074906367041
table-0202-958 14 6 0 194 116 3497 0.2 1.1683569979716024
table-0202-719 24 7 0 268 77 101011 1.0 81.67341040462428
table-0202-443 9 4 4 294 168 7433 0.5 0.1795827123695976
table-0202-240 4 3 3 494 314 89846 0.5 0.011843079200592153
table-0202-796 17 2 0 154 129 97125 1.0 0.17107461024498885
table-0202-480 6 7 5 153 201 8395 0.5 1.6037209302325581
table-0202-217 3 6 0 204 202 66458 0.25 0.01802649110431852
table-0202-783 12 12 7 249 449 5861 1.0 0.49442675159235666
table-0202-927 13 7 13 1251 864 77751 0.5 0.04345208228800803
table-0202-979 33 3 3 82 119 503 0.3333333333333333 8.468131868131868
table-0202-636 22 5 0 95 58 43120 1.0 10.36574074074074
table-0202-734 1 5 0 7 33 1189 0.5 0.03369175627240143
table-0202-986 1 3 0 160 133 51220 1.0 0.026208858187728567
table-0202-20 15 12 12 49 80 7710 1.0 0.6409254807692307
table-0202-778 24 5 0 314 350 106728 0.5 0.019311788564699724
table-0202-875 3 5 6 129 144 1733 1.0 0.38436482084690554
table-0202-863 2 5 4 129 144 1733 1.0 0.2931596091205212
table-0202-690 30 3 0 83 116 628 0.3333333333333333 5.9089285714285715
table-0202-296 8 3 0 354 587 31793 0.011764705882352941 0.006114325577578071
table-0202-318 2 6 0 354 587 31793 0.011764705882352941 0.0011079650375477041
table-0202-285 8 3 0 354 587 31793 0.011764705882352941 0.006278468546103656
table-0202-612 9 2 9 142 221 2610 0.16666666666666666 0.036036036036036036
table-0202-791 5 7 18 101 113 1643 0.5 0.17933810375670842
table-0202-955 13 13 0 293 119 377897 1.0 0.10466902165565965
table-0202-250 94 6 165 0 0 0 0.0 4301.0
table-0202-516 7 5 0 1025 1099 33466 0.125 0.037570830253757084
table-0202-629 18 4 15 12 31 1441 0.5 3.511737089201878
table-0202-925 2 2 2 48 67 20538 1.0 0.035742035742035744
table-0202-412 2 30 4 1074 1171 233662 0.0625 0.062224307836696385
table-0202-198 4 10 0 113 292 1595 0.5 0.05001497454327643
table-0202-57 2 5 0 255 414 12527 0.5 0.002465483234714004
table-0202-429 1 3 0 82 108 1940 1.0 0.05438510534051935
table-0202-145 5 9 3 22 125 229 1.0 0.214987714987715
table-0202-506 35 7 61 513 363 38144 0.3333333333333333 0.37173238812583076
table-0202-800 1 4 0 42 51 11316 0.2 0.03794739111686071
table-0202-477 13 4 13 146 193 6061 0.5 0.569023569023569
table-0202-745 9 4 0 9 19 748 0.5 0.388529886914378
table-0202-943 1 4 0 17 120 560 0.1 0.05732484076433121
table-0202-843 2 5 4 119 122 1158 1.0 0.17744610281923714
table-0202-276 3 2 0 26 76 10116 0.3333333333333333 0.08857615894039735
table-0202-12 12 4 9 222 165 74116 1.0 0.944264943457189
table-0202-709 13 8 11 317 317 21890 0.5 0.08768081884171497
table-0202-624 5 3 0 37 27 2387 1.0 0.3076923076923077
table-0202-28 2 3 0 31 41 2043 1.0 0.06513285806869734
table-0202-528 5 2 0 40 46 6034 0.16666666666666666 0.019746121297602257
table-0202-857 2 5 4 129 144 1733 1.0 0.252442996742671
table-0202-541 11 6 9 14 175 680 1.0 1.4817232375979112
table-0202-569 5 7 6 16 36 1746 0.16666666666666666 0.1951848667239897
table-0202-518 3 5 0 1025 1099 33466 0.125 0.014042867701404288
table-0202-109 3 4 0 9157 624 107323 1.0 0.00510879848628193
table-0202-848 3 5 6 119 122 1158 1.0 0.31343283582089554
table-0202-521 2 19 1 1025 1099 33466 0.125 0.1486819413648682
table-0202-858 2 5 4 129 144 1733 1.0 0.24267100977198697
table-0202-135 8 2 0 181 114 8363 0.16666666666666666 0.050220264317180616
table-0202-531 8 3 0 272 275 2521 1.0 0.429137323943662
table-0202-73 0 1 0 20 17 14212 1.0 0.0
table-0202-583 4 2 3 18 21 1303 1.0 0.12745098039215685
table-0202-279 20 7 6 147 279 1094 0.3333333333333333 4.145522388059701
table-0202-868 2 5 4 129 144 1733 1.0 0.18403908794788273
table-0202-505 8 2 7 513 363 38144 0.3333333333333333 0.02069751250079119
table-0202-225 1 3 0 15 28 73 1.0 0.07506702412868632
table-0202-249 57 6 95 0 0 0 0.0 2426.0
table-0202-24 1 8 0 79 97 1048 1.0 0.01393841166936791
table-0202-112 29 4 0 9157 624 107323 1.0 0.07254020813623463
table-0202-129 11 7 7 194 360 6069 1.0 0.6273684210526316
table-0202-446 3 3 0 139 199 92972 0.1 0.07194352658455992
table-0202-602 1 3 0 117 98 26749 1.0 0.11484098939929328
table-0202-473 22 4 22 83 201 6278 0.5 0.9502487562189055
table-0202-509 0 1 0 334 427 332 1.0 0.0
table-0202-172 4 10 0 113 292 1595 0.5 0.061096136567834684
table-0202-493 6 9 4 147 195 6159 0.5 0.2474964234620887
table-0202-143 12 6 0 96 232 1487 0.3333333333333333 0.9852941176470589
table-0202-351 4 4 0 154 111 38880 0.3333333333333333 0.019637462235649546
table-0202-877 2 5 4 129 144 1733 1.0 0.18403908794788273
table-0202-474 6 4 6 83 201 6278 0.5 0.12437810945273632
table-0202-139 1 1 0 656 162 79381 1.0 0.006573011986080681
table-0202-405 3 6 1 25 30 1267 1.0 2.096085409252669
table-0202-880 3 5 6 129 144 1733 1.0 0.2768729641693811
table-0202-519 3 20 4 1025 1099 33466 0.125 0.06479428430647943
table-0202-292 2 6 0 354 587 31793 0.011764705882352941 0.0011079650375477041
table-0202-65 6 3 5 405 326 17168 0.5 0.046601546601546605
table-0202-128 25 6 1 74 1967 51234 0.125 3.1697027804410354
table-0202-714 37 2 0 646 670 75503 0.1111111111111111 0.9387442572741195
table-0202-38 1 2 1 4 18 176 1.0 0.036231884057971016
table-0202-620 11 2 0 424 413 161507 0.16666666666666666 0.00798987948598442
table-0202-278 23 7 4 147 279 1094 0.3333333333333333 5.050373134328358
table-0202-169 4 10 0 113 292 1595 0.5 0.06798442647499252
table-0202-960 37 7 0 77 150 1619 0.3333333333333333 2.1173512154233025
table-0202-185 4 10 0 113 292 1595 0.5 0.05690326445043426
table-0202-256 46 5 16 0 0 0 0.0 3398.0
table-0202-663 4 3 0 42 34 2237 1.0 0.3047011027278003
table-0202-403 8 2 0 36 57 5394 0.25 0.42379679144385024
table-0202-675 1 4 0 261 211 96486 0.2 0.007411328745367919
table-0202-631 17 6 0 95 58 43120 1.0 8.5
table-0202-274 2 3 0 145 224 2471 1.0 0.024762351836638892
table-0202-742 7 6 6 72 410 1908 0.25 0.19545335772145284
table-0202-142 16 7 2 96 232 1487 0.3333333333333333 4.658823529411765
table-0202-750 28 2 0 1469 700 431 1.0 0.09764824270433455
table-0202-502 1 5 0 426 566 21441 0.5 0.009489441325848703
table-0202-511 1 2 0 32 38 934 1.0 0.14624505928853754
table-0202-498 6 5 12 164 196 5515 1.0 0.14135206321334504
table-0202-809 7 1 0 535 187 20920 0.07142857142857142 0.026845637583892617
table-0202-660 5 3 0 93 86 3851 0.25 0.06471816283924843
table-0202-242 22 7 41 1364 689 41230 0.25 0.540745052386496
table-0202-101 14 5 14 103 68 32319 0.5 0.492152466367713
table-0202-307 8 3 0 354 587 31793 0.011764705882352941 0.006032254093315277
table-0202-561 22 3 0 28 38 2021 1.0 0.16716470381437862
table-0202-283 13 6 0 97 223 1274 0.3333333333333333 0.9742268041237113
table-0202-703 2 2 0 108 167 1102 0.14285714285714285 0.05284888521882741
table-0202-58 2 6 0 255 414 12527 0.5 0.0027613412228796844
table-0202-15 0 1 0 349 583 191 1.0 0.0
table-0202-197 4 5 0 113 292 1595 0.5 0.05929919137466307
table-0202-801 3 5 0 42 51 11316 0.2 0.11297973264338076
table-0202-92 18 5 17 103 68 32319 0.5 0.773542600896861
table-0202-711 7 2 0 76 23 2450 0.5 0.06219151036525173
table-0202-159 3 4 0 113 292 1595 0.5 0.04103024857741839
table-0202-43 4 8 0 4 18 297 1.0 0.5555555555555556
table-0202-478 6 4 6 146 193 6061 0.5 0.1750841750841751
table-0202-579 1 3 0 100 159 26439 0.16666666666666666 0.019516728624535316
table-0202-393 9 9 19 608 636 84324 0.14285714285714285 0.03182824443423416
table-0202-776 17 4 0 74 84 91527 0.3333333333333333 0.20306513409961685
table-0202-386 23 6 0 114 237 1204 0.3333333333333333 2.1713483146067416
table-0202-821 8 2 0 87 204 1243 1.0 0.3707165109034268
table-0202-262 1 5 2 0 0 0 0.0 68.0
table-0202-467 6 9 6 139 192 4864 0.5 0.0819327731092437
table-0202-248 33 6 48 0 0 0 0.0 1550.0
table-0202-327 2 1 0 354 587 31793 0.011764705882352941 0.0006565718741023431
table-0202-673 0 1 0 18 435 1705 1.0 0.0
table-0202-556 4 16 28 22 67 2897 1.0 0.028436317780580075
table-0202-748 6 2 0 89 176 393 1.0 0.11982248520710059
table-0202-864 2 5 4 129 144 1733 1.0 0.26384364820846906
table-0202-339 22 7 0 115 250 863 0.3333333333333333 9.070921985815604
table-0202-613 1 3 0 41 57 6148 1.0 0.047697368421052634
table-0202-381 22 7 0 191 305 1946 0.3333333333333333 5.339449541284404
table-0202-54 2 6 0 255 414 12527 0.5 0.002564102564102564
table-0202-923 1 6 0 46 217 1479 1.0 0.07545164718384698
table-0202-254 5 5 5 0 0 0 0.0 258.0
table-0202-137 8 3 0 181 114 8363 0.16666666666666666 0.026255506607929517
table-0202-220 12 7 1 202 205 3376 0.5 3.3624161073825505
table-0202-896 10 5 0 1857 1165 222903 0.1 0.043694440259153235
table-0202-104 17 5 17 103 68 32319 0.5 0.5997757847533632
table-0202-890 8 5 0 1857 1165 222903 0.1 0.031013007885088643
table-0202-938 26 3 7 268 269 141442 0.25 0.07435319710978168
table-0202-902 3 4 3 95 200 265 1.0 0.05224102107450282
table-0202-496 6 4 4 147 195 6159 0.5 0.28469241773962806
table-0203-1000 17 4 6 32 393 8413 0.1111111111111111 3.7381615598885793
table-0202-87 0 1 0 103 68 32319 0.5 0.0
table-0202-609 3 5 9 142 221 2610 0.16666666666666666 0.04354354354354354
table-0202-289 8 3 0 354 587 31793 0.011764705882352941 0.005950182609052485
table-0202-575 2 2 0 100 159 26439 0.16666666666666666 0.013940520446096654
table-0202-117 32 6 0 9157 624 107323 1.0 0.12738883632923367
table-0202-64 8 3 6 405 326 17168 0.5 0.08343508343508343
table-0202-95 18 5 18 103 68 32319 0.5 0.757847533632287
table-0202-755 1 5 2 112 172 457 1.0 0.10263929618768329
table-0202-677 2 10 2 261 211 96486 0.2 0.04182106934886183
table-0202-186 4 5 0 113 292 1595 0.5 0.05690326445043426
table-0202-201 0 1 0 113 292 1595 0.5 0.0
table-0202-431 8 3 7 246 259 130404 0.5 0.01879738290580538
table-0202-698 22 3 0 300 131 104924 0.5 0.14891982717234759
table-0202-338 23 7 0 115 250 863 0.3333333333333333 9.73758865248227
table-0202-2 4 6 0 48 403 5686 1.0 0.014075798356004946
table-0202-368 18 6 0 155 279 1374 0.3333333333333333 1.1193737769080234
table-0202-39 4 8 0 4 18 176 1.0 0.6159420289855072
table-0202-828 10 4 0 1290 499 64529 0.2 0.06249165442649219
table-0202-297 2 6 0 354 587 31793 0.011764705882352941 0.0011490007796791004
table-0202-194 4 10 0 113 292 1595 0.5 0.056004791853848455
table-0202-533 12 4 3 295 1331 252209 0.5 0.1396125584502338
table-0202-479 6 9 5 153 201 8395 0.5 0.10790697674418605
table-0202-416 11 26 39 1074 1171 233662 0.0625 0.2581417175035195
table-0202-781 2 2 0 46 43 5489 0.5 0.3085399449035813
table-0202-993 8 3 0 202 422 20202 0.2 0.027868150684931505
table-0202-146 7 4 3 22 125 229 1.0 0.5687960687960688
table-0202-430 1 3 0 27 86 1642 1.0 0.01385988228593127
table-0202-595 1 3 0 180 155 16637 1.0 0.032830098250658996
table-0202-153 4 5 0 113 292 1595 0.5 0.0640910452231207
table-0202-268 26 5 20 0 0 0 0.0 1445.0
table-0202-200 8 10 0 113 292 1595 0.5 0.12398921832884097
table-0202-932 3 3 0 25 104 26937 0.5 0.2014274385408406
table-0202-370 23 7 0 100 232 960 0.3333333333333333 7.384831460674158
table-0202-568 2 4 5 16 36 1746 0.16666666666666666 0.018056749785038694
table-0202-823 6 3 0 2 20 339 1.0 0.7175925925925926
table-0202-487 6 9 6 177 194 6092 0.5 0.093711467324291
table-0202-790 4 7 13 101 113 1643 0.5 0.11583184257602862
table-0202-497 9 3 0 164 196 5515 1.0 0.13169446883230904
table-0202-905 18 4 18 74 61 283103 0.3333333333333333 0.36847767616998384
table-0202-546 10 6 4 14 175 680 1.0 1.349869451697128
table-0202-35 21 6 0 11 29 2505 0.5 3.6403823178016728
table-0202-706 10 6 20 108 167 1102 0.14285714285714285 0.32535094962840627
table-0202-567 2 3 3 16 36 1746 0.16666666666666666 0.013757523645743766
table-0202-456 2 3 2 34 262 918 1.0 0.011931394481730051
table-0202-642 4 5 0 286 195 10860 0.3333333333333333 0.35072815533980584
table-0202-222 2 3 0 23 76 2393 1.0 0.05290728129910948
table-0202-968 25 7 71 94 127 1405 1.0 0.6947107949273121
table-0202-732 0 1 0 242 164 314126 1.0 0.0
table-0202-303 2 5 0 354 587 31793 0.011764705882352941 0.0009438220690221183
table-0202-594 14 7 22 50 79 4823 1.0 0.9787350054525628
table-0202-253 104 6 176 0 0 0 0.0 5511.0
table-0202-288 2 6 0 354 587 31793 0.011764705882352941 0.0010669292954163076
table-0202-224 1 3 0 14 15 461 1.0 0.39570552147239263
table-0202-495 22 4 13 147 195 6159 0.5 1.78826895565093
table-0202-536 10 6 9 14 175 680 1.0 1.3524804177545693
table-0202-98 12 6 18 103 68 32319 0.5 0.49271300448430494
table-0202-887 3 5 1 74 77 2735 0.5 1.1043956043956045
table-0202-810 4 1 0 535 187 20920 0.07142857142857142 0.009619686800894854
table-0202-542 11 6 10 14 175 680 1.0 1.4007832898172323
table-0202-573 2 4 0 100 159 26439 0.16666666666666666 0.013940520446096654
table-0202-181 4 5 0 113 292 1595 0.5 0.039532794249775384
table-0202-990 7 3 0 187 284 14110 0.5 0.40529531568228105
table-0202-482 6 4 5 153 201 8395 0.5 0.13116279069767442
table-0202-305 2 6 0 354 587 31793 0.011764705882352941 0.001025893553284911
table-0202-805 1 6 0 535 187 20920 0.07142857142857142 0.02774049217002237
table-0202-812 7 15 15 535 187 20920 0.07142857142857142 0.08344519015659956
table-0202-29 16 17 16 256 344 6237 0.25 2.771764705882353
table-0202-616 2 3 0 120 119 791 1.0 0.013206970345460103
table-0202-389 15 3 3 608 636 84324 0.14285714285714285 0.030742241343302286
table-0202-173 4 5 0 113 292 1595 0.5 0.061695118298891884
table-0202-904 8 4 0 74 61 283103 0.3333333333333333 0.40236686390532544
table-0202-680 39 10 5 145 99 13467 0.5 1.3918053777208708
table-0202-110 0 1 0 9157 624 107323 1.0 0.0
table-0202-233 1 3 0 38 69 19111 1.0 0.02054794520547945
table-0202-729 9 5 0 44 115 843 0.14285714285714285 1.2956521739130435
table-0202-797 2 10 0 76 121 4892 1.0 0.05608520140857167
table-0202-774 18 2 0 64 71 8213 0.3333333333333333 0.7044534412955465
table-0202-971 8 3 0 287 200 4651 0.25 0.015795868772782502
table-0202-14 2 6 0 131 182 8096 1.0 0.12650073206442167
table-0202-47 2 6 0 255 414 12527 0.5 0.0027613412228796844
table-0202-833 2 6 0 26 27 1361 0.3333333333333333 0.2354596622889306
table-0202-915 8 11 2 63 405 3912 1.0 0.35302879841112217
table-0202-183 4 10 0 113 292 1595 0.5 0.06079664570230608
table-0202-258 82 6 140 0 0 0 0.0 3402.0
table-0202-921 1 3 0 43 59 1595 1.0 0.06598407281001138
table-0202-13 10 4 5 222 165 74116 1.0 0.678513731825525
table-0202-59 2 6 0 255 414 12527 0.5 0.0026627218934911242
table-0202-270 54 6 92 0 0 0 0.0 2149.0
table-0202-426 9 4 3 131 210 2173 1.0 1.5712209302325582
table-0202-761 0 1 0 17 23 8764 1.0 0.0
table-0202-310 2 6 0 354 587 31793 0.011764705882352941 0.0010669292954163076
table-0202-934 17 5 8 21 52 1190 0.5 2.3048780487804876
table-0202-334 8 3 0 354 587 31793 0.011764705882352941 0.006114325577578071
table-0202-394 9 2 0 40 61 7244 0.3333333333333333 0.7028571428571428
table-0202-415 6 26 16 1074 1171 233662 0.0625 0.1019239793524167
table-0202-879 1 5 2 129 144 1733 1.0 0.15472312703583063
table-0202-947 3 9 0 148 77 67570 0.3333333333333333 0.11357377049180328
table-0202-865 2 5 4 129 144 1733 1.0 0.26384364820846906
table-0202-321 8 3 0 354 587 31793 0.011764705882352941 0.00623743280397226
table-0202-459 1 3 0 166 63 13087 1.0 0.009728279100972828
table-0202-715 24 6 0 646 670 75503 0.1111111111111111 0.33078101071975496
table-0202-862 3 5 6 129 144 1733 1.0 0.36482084690553745
table-0202-504 4 3 0 513 363 38144 0.3333333333333333 0.02658396101019052
table-0202-513 8 4 8 514 287 14479 0.3333333333333333 0.0404044624576944
table-0202-839 2 5 4 119 122 1158 1.0 0.29850746268656714
table-0202-668 54 5 0 138 462 12874 0.2 0.2338488862576778
table-0202-79 3 19 0 76 129 978 1.0 1.8226711560044893
table-0202-901 1 3 0 13 21 1193 1.0 0.07024029574861368
table-0202-645 28 5 9 41 54 2291 0.3333333333333333 13.946031746031746
table-0202-855 3 2 1 33 76 5484 0.5 0.021235521235521235
table-0202-298 8 3 0 354 587 31793 0.011764705882352941 0.006319504288235053
table-0202-906 7 8 0 75 94 109157 0.3333333333333333 0.028049664672829436
table-0202-560 22 3 0 28 38 2021 1.0 0.17577781683951485
table-0202-33 0 1 0 7 13 460 1.0 0.0
table-0202-557 5 6 0 22 67 2897 1.0 0.04836065573770492
table-0202-552 15 5 30 7 39 730 0.5 7.744252873563219
table-0202-241 36 5 0 494 314 89846 0.5 0.12081585656715191
table-0202-475 6 9 6 146 193 6061 0.5 0.08305274971941638
table-0202-229 7 3 0 168 132 166717 1.0 0.021638330757341576
table-0202-266 116 5 78 0 0 0 0.0 5633.0
table-0202-608 6 3 0 142 221 2610 0.16666666666666666 0.13763763763763764
table-0202-760 1 3 0 10 20 937 1.0 0.19156214367160776
table-0202-67 4 3 3 405 326 17168 0.5 0.04110704110704111
table-0202-126 22 2 0 517 589 15044 0.5 0.3491556366955728
table-0202-598 3 2 0 94 40 9097 0.5 0.037379850480598074
table-0202-287 8 3 0 354 587 31793 0.011764705882352941 0.006155361319709467
table-0202-348 4 2 0 226 153 6574 1.0 0.293598233995585
table-0202-96 0 1 0 103 68 32319 0.5 0.0
table-0202-337 2 6 0 354 587 31793 0.011764705882352941 0.0011079650375477041
table-0202-176 4 10 0 113 292 1595 0.5 0.05870020964360587
table-0202-512 16 4 16 514 287 14479 0.3333333333333333 0.05507040488029081
table-0202-707 9 6 21 108 167 1102 0.14285714285714285 0.27993393889347645
table-0202-316 8 3 0 354 587 31793 0.011764705882352941 0.006319504288235053
table-0202-985 1 6 1 63 70 4813 0.5 0.017042330951072018
table-0202-700 16 4 12 39 59 11430 0.5 0.37559972583961615
table-0202-100 0 1 0 103 68 32319 0.5 0.0
table-0202-607 3 5 9 123 187 1952 0.25 0.051940298507462686
table-0202-824 2 2 0 109 37 3640 1.0 0.03825136612021858
table-0202-939 6 21 2 268 269 141442 0.25 0.07944215678657447
table-0202-422 4 9 0 131 210 2173 1.0 0.9375
table-0202-860 2 5 4 129 144 1733 1.0 0.254071661237785
table-0202-983 1 12 0 63 70 4813 0.5 0.026388125343595383
table-0202-44 0 1 0 12 21 798 1.0 0.0
table-0202-563 19 3 0 28 38 2021 1.0 0.15591492353664968
table-0202-362 6 2 5 59 96 8623 1.0 0.10475161987041037
table-0202-881 3 5 6 129 144 1733 1.0 0.28013029315960913
table-0202-738 6 2 0 96 178 389 1.0 0.13941480206540446
table-0202-124 8 3 0 29 68 11105 0.25 0.3083219645293315
table-0202-731 4 7 0 177 226 10363 1.0 0.11580381471389646
table-0202-492 0 1 0 25 49 10451 0.5 0.0
table-0202-570 2 11 0 156 187 15815 1.0 0.04174042672132675
table-0202-424 1 9 0 131 210 2173 1.0 0.22529069767441862
table-0202-345 12 9 59 360 295 671 1.0 0.09668932251699189
table-0202-510 3 4 0 334 427 332 1.0 0.46467391304347827
table-0202-871 2 5 4 129 144 1733 1.0 0.28013029315960913
table-0202-874 4 5 8 129 144 1733 1.0 0.496742671009772
table-0202-155 4 5 0 113 292 1595 0.5 0.061096136567834684
table-0202-167 4 10 0 113 292 1595 0.5 0.0437256663671758
table-0202-942 3 8 2 17 120 560 0.1 0.4229299363057325
table-0202-523 7 6 14 138 75 11427 0.5 0.06567405355493998
table-0202-977 6 6 7 36 46 1508 1.0 2.556896551724138
table-0202-23 3 5 0 49 80 7710 1.0 0.06370192307692307
table-0202-744 2 26 0 72 410 1908 0.25 0.01620067938332898
table-0202-261 40 6 64 0 0 0 0.0 1724.0
table-0202-94 11 5 19 103 68 32319 0.5 0.43946188340807174
table-0202-490 6 4 6 177 194 6092 0.5 0.12083847102342787
table-0202-980 4 4 0 120 142 58631 0.5 0.05045694426567126
table-0202-888 4 5 0 74 77 2735 0.5 1.3241758241758241
table-0202-439 2 4 2 129 130 9880 0.25 0.007761437908496732
table-0202-952 0 1 0 424 368 167293 1.0 0.0
table-0202-699 32 6 7 618 859 44122 1.0 0.2180883015467788
table-0202-411 1 32 1 1074 1171 233662 0.0625 0.05039887376818395
table-0202-935 6 2 4 268 269 141442 0.25 0.008740579597544868
table-0202-55 2 6 0 255 414 12527 0.5 0.002564102564102564
table-0202-83 1 5 0 23 68 8297 0.5 0.05420219244823386
table-0202-215 4 4 0 204 202 66458 0.25 0.030801786973900777
table-0202-19 11 3 0 49 80 7710 1.0 0.2956730769230769
table-0202-52 4 10 4 255 414 12527 0.5 0.026627218934911243
table-0202-617 1 3 0 44 19 2314 1.0 0.13419354838709677
table-0202-768 22 10 3 49 30 1043 0.5 3.9283819628647216
table-0202-144 1 3 0 45 85 6840 1.0 0.010037394213737453
table-0202-251 34 6 53 0 0 0 0.0 1613.0
table-0202-147 2 3 0 80 60 3892 1.0 0.10469314079422383
table-0202-722 4 3 0 222 396 663 1.0 0.03801765105227427
table-0202-486 6 4 5 380 200 8711 0.5 0.18043202033036848
table-0202-103 10 5 14 103 68 32319 0.5 0.32623318385650224
table-0202-376 13 6 0 101 236 882 0.3333333333333333 1.022408963585434
table-0202-377 2 2 0 253 239 46345 1.0 0.02682163611980331
table-0202-72 1 3 0 92 188 31737 1.0 0.03592814371257485
table-0202-291 8 3 0 354 587 31793 0.011764705882352941 0.0060732898354466745
table-0202-423 2 9 0 131 210 2173 1.0 0.4680232558139535
table-0202-308 2 6 0 354 587 31793 0.011764705882352941 0.001025893553284911
table-0202-718 26 5 0 268 77 101011 1.0 85.3121387283237
table-0202-391 13 8 10 608 636 84324 0.14285714285714285 0.05279645795914958
table-0202-50 2 6 0 255 414 12527 0.5 0.0028599605522682445
table-0202-438 2 6 1 276 361 374959 0.2 0.019904165130851456
table-0202-267 70 5 35 0 0 0 0.0 3484.0
table-0202-916 1 19 0 63 405 3912 1.0 0.016881827209533268
table-0202-182 4 5 0 113 292 1595 0.5 0.0673854447439353
table-0202-713 12 6 4 646 670 75503 0.1111111111111111 0.37978560490045943
table-0202-590 0 1 0 159 144 3167 0.5 0.0
table-0202-564 15 3 0 28 38 2021 1.0 0.10458780101951133
table-0202-818 3 4 3 152 191 1354 1.0 0.02702702702702703
table-0202-8 13 7 0 75 205 1054 0.3333333333333333 4.180851063829787
table-0202-930 13 7 13 795 771 42284 0.5 0.07061317677756034
table-0202-758 15 7 0 246 388 10153 0.3333333333333333 0.1343526350032531
table-0202-846 2 5 4 119 122 1158 1.0 0.21724709784411278
table-0202-782 7 2 0 46 43 5489 0.5 0.7286501377410468
table-0202-360 17 7 0 96 224 937 0.3333333333333333 5.358381502890174
table-0202-375 20 7 4 101 236 882 0.3333333333333333 6.291316526610644
table-0202-524 59 8 44 128 233 5267 0.3333333333333333 2.127842344618494
table-0202-529 2 2 0 40 46 6034 0.16666666666666666 0.006447713076768084
table-0202-406 1 3 0 401 640 20661 1.0 0.04893410852713178
table-0202-786 6 7 6 121 106 17295 0.25 0.2698952879581152
table-0202-652 5 3 0 6 7 412 0.08333333333333333 0.31725888324873097
table-0202-369 8 12 16 2457 449 35684 0.25 0.14539306846999156
table-0202-544 10 6 9 14 175 680 1.0 1.3407310704960835
table-0202-350 4 7 0 154 111 38880 0.3333333333333333 0.11238670694864049
table-0202-189 4 10 0 113 292 1595 0.5 0.06049715483677748
table-0202-463 5 4 5 204 143 6379 0.5 0.09340659340659341
table-0202-367 22 7 0 155 279 1374 0.3333333333333333 5.074363992172211
table-0202-208 0 1 0 8 31 1190 1.0 0.0
table-0202-592 3 8 0 16 41 15709 0.3333333333333333 0.012899896800825593
table-0202-894 12 6 0 1857 1165 222903 0.1 0.04899301893425745
table-0202-399 2 3 0 40 55 3311 1.0 0.05791030064070971
table-0202-499 4 3 1 164 196 5515 1.0 0.19490781387181738
table-0202-508 7 4 0 81 170 78 1.0 0.18309859154929578
table-0202-1 14 6 5 48 403 5686 1.0 0.0482287044446061
table-0202-831 4 5 0 543 671 3485 1.0 0.03657426561853538
table-0202-566 2 3 3 16 36 1746 0.16666666666666666 0.023645743766122097
table-0202-364 4 4 0 298 280 10729 0.2 0.02104327208061648
table-0202-899 2 3 0 132 197 38230 1.0 0.04842905743446067
table-0202-576 1 3 0 100 159 26439 0.16666666666666666 0.03531598513011153
table-0202-740 7 2 0 72 410 1908 0.25 0.06218970472955317
table-0202-626 1 3 0 88 108 22684 1.0 0.007051909892262488
table-0202-74 2 3 0 16 22 1113 1.0 0.20267802799756543
table-0202-286 2 6 0 354 587 31793 0.011764705882352941 0.001025893553284911
table-0202-290 2 6 0 354 587 31793 0.011764705882352941 0.0011079650375477041
table-0202-265 95 5 58 0 0 0 0.0 5522.0
table-0202-236 11 8 11 815 446 24527 1.0 0.07569721115537849
table-0202-91 11 5 16 103 68 32319 0.5 0.33856502242152464
table-0202-330 2 1 0 354 587 31793 0.011764705882352941 0.0005334646477081538
table-0202-789 3 7 9 101 113 1643 0.5 0.10599284436493739
table-0202-586 9 5 9 114 263 59768 0.2 0.0047748976807639835
table-0202-10 1 3 0 45 51 2356 1.0 0.047027027027027025
table-0202-484 6 7 5 380 200 8711 0.5 2.1918678526048283
table-0202-929 0 1 0 371 607 193 1.0 0.0
table-0202-882 2 5 4 129 144 1733 1.0 0.28501628664495116
table-0202-926 1 4 0 43 129 31776 0.25 0.010779734099892203
table-0202-581 0 1 0 147 58 11420 0.3333333333333333 0.0
table-0202-395 1 2 0 40 61 7244 0.3333333333333333 0.045714285714285714
table-0202-721 26 8 0 268 77 101011 1.0 53.63294797687861
table-0202-187 4 10 0 113 292 1595 0.5 0.041928721174004195
table-0202-615 1 2 1 9 37 1660 1.0 0.0338680926916221
table-0202-756 17 8 0 246 388 10153 0.3333333333333333 0.29017566688353935
table-0202-562 20 3 0 28 38 2021 1.0 0.15468447881877306
table-0202-717 4 5 4 268 77 101011 1.0 0.37572254335260113
table-0202-31 1 3 0 18 35 1050 1.0 0.06167199634536318
table-0202-123 3 2 0 29 68 11105 0.25 0.07708049113233288
table-0202-651 5 4 1 6 7 412 0.08333333333333333 0.3299492385786802
table-0202-363 0 1 0 431 764 196 1.0 0.0
table-0202-991 1 1 0 148 76 23456 1.0 0.004014854963364448
table-0202-953 7 8 3 293 119 377897 1.0 0.051144217478113964
table-0202-48 2 6 0 255 414 12527 0.5 0.0028599605522682445
table-0202-380 20 6 0 111 247 1219 0.3333333333333333 1.8950276243093922
table-0202-184 4 5 0 113 292 1595 0.5 0.05959868224019167
table-0202-160 4 5 0 113 292 1595 0.5 0.052710392333033845
table-0202-61 2 6 0 255 414 12527 0.5 0.0026627218934911242
table-0202-844 2 5 4 119 122 1158 1.0 0.2537313432835821
table-0202-205 4 10 0 113 292 1595 0.5 0.053608864929619644
table-0202-963 3 3 0 165 644 30401 1.0 0.012424445936870383
table-0202-661 9 5 3 148 193 9876 1.0 0.27227875423990133
table-0202-644 4 9 0 286 195 10860 0.3333333333333333 0.20024271844660194
table-0202-331 2 1 0 354 587 31793 0.011764705882352941 0.0005745003898395502
table-0202-398 3 2 0 40 43 819 0.5 0.03074670571010249
table-0202-328 2 6 0 354 587 31793 0.011764705882352941 0.0011490007796791004
table-0202-86 8 11 0 103 68 32319 0.5 0.6115470852017937
table-0202-687 15 7 0 113 184 1058 0.125 1.1409090909090909
table-0202-357 17 7 0 99 231 1081 0.3333333333333333 5.675287356321839
table-0202-727 6 6 0 44 115 843 0.14285714285714285 0.36869565217391304
table-0202-777 2 5 2 74 84 91527 0.3333333333333333 0.06826889585510275
table-0202-150 4 10 0 113 292 1595 0.5 0.05840071877807727
table-0202-454 6 10 0 27 27 1058 0.5 0.7083775185577943
table-0202-931 20 8 14 25 104 26937 0.5 1.3076923076923077
table-0202-358 12 6 0 99 231 1081 0.3333333333333333 1.0258620689655173
table-0202-735 9 3 2 162 155 43467 0.3333333333333333 0.04372950819672131
table-0202-396 4 4 0 180 199 4361 0.3333333333333333 0.49558823529411766
table-0202-366 23 7 2 155 279 1374 0.3333333333333333 5.929549902152642
table-0202-775 3 2 0 64 71 8213 0.3333333333333333 0.11046847888953153
table-0202-119 12 5 0 9157 624 107323 1.0 0.03791390728476821
table-0202-313 8 3 0 354 587 31793 0.011764705882352941 0.00623743280397226
table-0202-36 1 2 1 4 19 140 1.0 0.03558718861209965
table-0202-988 5 7 5 163 437 5402 0.5 0.11783238815374922
table-0202-654 5 4 1 6 7 412 0.08333333333333333 0.33248730964467005
table-0202-284 14 6 0 354 587 31793 0.011764705882352941 0.07632648036439739
table-0202-876 3 5 6 129 144 1733 1.0 0.3762214983713355
table-0202-669 10 5 0 138 462 12874 0.2 0.04284762820987197
table-0202-212 15 7 0 85 219 1109 0.3333333333333333 5.099337748344371
table-0202-656 21 7 0 6 7 412 0.08333333333333333 1.4289340101522843
table-0202-122 1 2 1 29 68 11105 0.25 0.01296043656207367
table-0202-737 2 2 0 96 178 389 1.0 0.0981067125645439
table-0202-344 32 7 65 175 267 7180 0.5 1.090506329113924
table-0202-725 6 9 0 44 115 843 0.14285714285714285 0.6086956521739131
table-0202-111 90 6 185 9157 624 107323 1.0 0.07760170293282877
table-0202-670 4 5 0 138 462 12874 0.2 0.021090801450455117
table-0202-771 3 19 0 76 130 1216 1.0 2.6433224755700326
table-0202-746 5 3 0 6 14 816 1.0 0.6058394160583942
table-0202-770 3 19 0 76 130 1216 1.0 2.6498371335504887
table-0202-795 4 7 13 101 113 1643 0.5 0.11180679785330948
table-0202-672 16 3 0 138 462 12874 0.2 0.021164804262561978
table-0202-228 7 2 0 235 133 87986 1.0 0.01716500553709856
table-0202-619 23 2 0 424 413 161507 0.16666666666666666 0.034989013915706774
table-0202-500 0 1 0 340 414 506 1.0 0.0
table-0202-51 2 6 0 255 414 12527 0.5 0.0027613412228796844
table-0202-25 1 3 0 30 39 6171 1.0 0.010276399716513111
table-0202-976 6 2 5 25 47 1811 0.3333333333333333 0.057414698162729656
table-0202-967 3 5 1 67 43 955 1.0 0.14206437291897892
table-0202-822 1 3 0 32 72 1475 1.0 0.028620988725065046
table-0202-343 11 6 0 83 228 786 0.3333333333333333 1.035598705501618
table-0202-383 20 6 0 191 305 1946 0.3333333333333333 1.1522935779816514
table-0202-972 6 3 0 240 100 106228 0.5 0.026343299184612166
table-0202-90 0 1 0 103 68 32319 0.5 0.0
table-0202-400 15 4 11 38 54 2555 1.0 0.3737505432420687
table-0202-116 1 5 0 9157 624 107323 1.0 0.0030037842951750235
table-0202-522 4 3 0 1025 1099 33466 0.125 0.05444690810544469
table-0202-914 1 2 0 63 405 3912 1.0 0.04816285998013903
table-0202-237 7 7 9 815 446 24527 1.0 0.03974226550587772
table-0202-741 1 2 0 72 410 1908 0.25 0.018029788345962895
table-0202-891 2 5 0 1857 1165 222903 0.1 0.0062528250715684795
table-0202-165 4 10 0 113 292 1595 0.5 0.04791853848457622
table-0202-572 11 2 0 37 49 8024 0.5 0.23606889564336372
table-0202-678 3 5 4 97 188 258 1.0 0.05277201304476727
table-0202-32 8 5 0 162 169 1177 0.5 0.6822916666666666
table-0202-889 12 5 0 1857 1165 222903 0.1 0.02933052081763849
table-0202-458 10 5 19 20 28 3080 0.5 0.18068609022556392
table-0202-6 10 2 0 45 79 2835 0.5 0.18253234750462108
table-0202-503 3 4 0 334 424 415 1.0 0.5164556962025316
table-0202-269 75 6 131 0 0 0 0.0 3260.0
table-0202-596 2 2 0 110 155 17500 1.0 0.024489795918367346
table-0202-227 6 4 0 684 251 2909582 0.3333333333333333 0.02587202587202587
table-0202-314 3 7 0 354 587 31793 0.011764705882352941 0.016783618531741148
table-0202-488 6 7 6 177 194 6092 0.5 2.0789149198520347
table-0202-299 2 6 0 354 587 31793 0.011764705882352941 0.0011079650375477041
table-0202-610 3 5 9 142 221 2610 0.16666666666666666 0.04254254254254254
table-0202-166 4 5 0 113 292 1595 0.5 0.04791853848457622
table-0202-936 23 2 0 268 269 141442 0.25 0.03659389324838785
table-0202-27 18 8 0 13 57 817 0.5 0.3727136991414707
table-0202-913 5 2 0 63 405 3912 1.0 0.0814299900695134
table-0202-37 4 8 0 4 19 140 1.0 0.6441281138790036
table-0202-816 58 1 0 41 93 5609 0.08333333333333333 0.9683343888537049
table-0202-749 28 4 30 89 176 393 1.0 1.4112426035502958
table-0202-665 0 1 0 33 86 1253 1.0 0.0
table-0202-638 22 5 0 95 58 43120 1.0 9.73611111111111
table-0202-635 26 5 0 95 58 43120 1.0 12.62037037037037
table-0202-869 3 5 6 129 144 1733 1.0 0.4234527687296417
table-0202-82 1 2 1 23 68 8297 0.5 0.011571254567600487
table-0202-514 3 3 0 74 84 12750 0.5 0.007758268681094325
table-0202-658 21 7 0 6 7 412 0.08333333333333333 1.3527918781725887
table-0202-162 4 5 0 113 292 1595 0.5 0.061096136567834684
table-0202-611 9 2 9 142 221 2610 0.16666666666666666 0.036036036036036036
table-0202-837 2 5 4 119 122 1158 1.0 0.24875621890547264
table-0202-218 1 3 0 120 151 16216 1.0 0.04672897196261682
table-0202-747 2 2 0 89 176 393 1.0 0.11538461538461539
table-0202-845 2 5 4 119 122 1158 1.0 0.17412935323383086
table-0202-551 10 6 6 14 175 680 1.0 1.3159268929503916
table-0202-723 2 3 0 222 396 663 1.0 0.01697216564833673
table-0202-120 9 5 0 9157 624 107323 1.0 0.029777672658467362
table-0202-280 21 6 0 147 279 1094 0.3333333333333333 1.2798507462686568
table-0202-641 4 5 0 286 195 10860 0.3333333333333333 0.3155339805825243
table-0202-263 10 6 16 0 0 0 0.0 653.0
table-0202-192 4 10 0 113 292 1595 0.5 0.05450733752620545
table-0202-520 4 6 0 1025 1099 33466 0.125 0.04878048780487805
table-0202-177 4 5 0 113 292 1595 0.5 0.05840071877807727
table-0202-404 1 2 0 36 57 5394 0.25 0.03074866310160428
table-0202-102 0 1 0 103 68 32319 0.5 0.0
table-0202-178 4 10 0 113 292 1595 0.5 0.05929919137466307
table-0202-892 1 5 0 1857 1165 222903 0.1 0.0021596102656822862
table-0202-704 8 2 0 108 167 1102 0.14285714285714285 0.09826589595375723
table-0202-666 5 6 0 138 462 12874 0.2 0.006734255901724265
table-0202-574 5 2 0 100 159 26439 0.16666666666666666 0.03469640644361834
table-0202-273 23 7 2 609 327 15743 0.125 0.0341078173286025
table-0202-599 13 3 0 0 0 0 0.0 1467.0
table-0202-99 18 5 18 103 68 32319 0.5 0.7001121076233184
table-0202-304 8 3 0 354 587 31793 0.011764705882352941 0.005950182609052485
table-0202-121 44 4 31 899 358 319510 1.0 0.08175738007380073
table-0202-3 6 6 0 48 403 5686 1.0 0.03531679639194006
table-0202-517 7 25 17 1025 1099 33466 0.125 0.14449371766444938
table-0202-842 2 5 4 119 122 1158 1.0 0.3150912106135987
table-0202-234 4 3 0 35 52 1603 1.0 0.33529796987557303
table-0202-853 1 2 1 44 56 4809 0.5 0.010630220197418374
table-0202-464 4 4 0 51 37 18602 0.5 0.019619412892757045
table-0202-628 1 3 0 68 93 2139 1.0 0.04713019132057863
table-0202-157 4 5 0 113 292 1595 0.5 0.05870020964360587
table-0202-252 20 6 34 0 0 0 0.0 849.0
table-0202-676 2 4 0 261 211 96486 0.2 0.01363155108523028
table-0202-462 9 4 9 204 143 6379 0.5 0.3659340659340659
table-0202-787 1 5 2 101 113 1643 0.5 0.042486583184257604
table-0202-442 28 4 16 294 168 7433 0.5 0.5726527570789866
table-0202-769 3 19 0 76 130 1216 1.0 2.6530944625407167
table-0202-784 124 4 125 249 449 5861 1.0 1.9984076433121019
table-0202-63 15 9 0 405 326 17168 0.5 0.47354497354497355
table-0202-767 1 3 0 16 28 1719 1.0 0.030322173089071383
table-0202-230 13 8 8 270 306 9440 0.125 0.465324384787472
table-0202-766 8 5 2 143 158 3275 1.0 0.13001411005845595
table-0202-815 1 2 1 57 80 46129 1.0 0.009683995922528032
table-0202-138 1 3 0 65 105 6589 1.0 0.01717320076827477
table-0202-989 1 3 0 36 45 901 1.0 0.13926499032882012
table-0202-264 22 6 32 0 0 0 0.0 1369.0
table-0202-193 4 5 0 113 292 1595 0.5 0.05720275531596286
table-0202-132 1 2 1 9 43 2990 1.0 0.0070921985815602835
table-0202-910 5 4 4 11 38 20642 0.3333333333333333 0.9566898685228151
table-0202-374 23 7 0 101 236 882 0.3333333333333333 7.1568627450980395
table-0202-179 4 5 0 113 292 1595 0.5 0.05959868224019167
table-0202-93 0 1 0 103 68 32319 0.5 0.0
table-0202-152 4 10 0 113 292 1595 0.5 0.0652890086852351
table-0202-841 2 5 4 119 122 1158 1.0 0.25870646766169153
table-0202-634 18 5 0 95 58 43120 1.0 9.537037037037036
table-0202-751 2 2 0 7 15 657 0.5 0.10557768924302789
table-0202-941 13 10 0 17 120 560 0.1 1.2464968152866243
table-0202-961 10 7 0 16 32 831 0.3333333333333333 0.5726415094339623
table-0202-695 1 3 0 21 35 1064 0.3333333333333333 0.02695871946082561
table-0202-34 2 3 0 27 48 1436 1.0 0.3049421661409043
table-0202-397 4 4 0 180 199 4361 0.3333333333333333 0.43676470588235294
