table_id rows cols nulls inlinks outlinks views table_imp table_fraction
table-0107-159 8 4 0 272 284 9205 0.3333333333333333 1.1690140845070423
table-0107-267 2 2 0 349 193 12203 0.5 0.0540084388185654
table-0107-533 0 1 0 240 582 145 1.0 0.0
table-0107-2 4 3 0 55 65 1269 1.0 0.3201844262295082
table-0107-749 2 3 0 599 590 19821 0.3333333333333333 0.036969192339716905
table-0107-915 0 1 0 168 136 16250 0.5 0.0
table-0107-238 7 7 5 513 586 79221 0.0625 0.12840043525571274
table-0107-994 1 2 1 12 23 3415 0.3333333333333333 0.015637860082304528
table-0107-703 1 2 0 53 77 4144 0.5 0.04251700680272109
table-0107-581 7 3 0 134 131 12484 1.0 0.11909262759924386
table-0107-18 0 1 0 181 44 11607 0.5 0.0
table-0107-818 0 1 0 139 210 14702 0.3333333333333333 0.0
table-0107-519 2 3 0 55 49 2757 1.0 0.15246913580246912
table-0107-468 8 4 0 57 38 6661 0.25 0.24705014749262535
table-0107-403 22 5 1 153 125 3237 1.0 0.5256166982922201
table-0107-326 6 4 6 116 97 1797 0.5 1.0780821917808219
table-0107-47 3 7 0 179 253 6928 0.14285714285714285 0.025395585075210003
table-0107-447 1 3 0 89 99 6910 1.0 0.036838790931989926
table-0107-899 6 16 13 122 99 5397 0.5 1.4930747922437673
table-0107-187 1 2 0 40 54 0 1.0 0.04472843450479233
table-0107-478 3 4 0 403 240 7010 0.08333333333333333 0.010501750291715286
table-0107-582 1 2 0 5 71 1957 0.5 0.014090520922288642
table-0107-702 3 7 0 185 489 4714 0.2 0.14483139856274185
table-0107-60 12 9 0 177 235 6140 0.125 0.16367076631977295
table-0107-934 20 27 105 1658 557 121350 0.5 0.6556200612804386
table-0107-655 1 4 1 148 195 3024 0.5 0.02857142857142857
table-0107-418 22 2 0 13 48 2616 1.0 0.6545454545454545
table-0107-951 0 1 0 19 25 466 1.0 0.0
table-0107-336 5 3 0 37 44 1621 1.0 0.2172218284904323
table-0107-544 1 3 0 23 33 155 1.0 0.055404671374253124
table-0107-100 10 5 0 164 222 3131 0.14285714285714285 0.2997442455242967
table-0107-263 1 7 1 31 59 1271 0.5 0.10238645111624327
table-0107-129 21 6 19 48 84 3945 1.0 0.8127183787561146
table-0107-169 53 4 43 315 356 48524 0.5 1.8125292630396104
table-0107-844 6 19 22 170 223 48106 0.16666666666666666 0.4921445404556167
table-0107-634 2 5 0 136 200 3232 0.5 0.07880826525708794
table-0107-257 4 4 7 140 107 1100 0.1 0.07304116865869854
table-0107-587 2 5 2 130 186 3089 0.5 0.07398334149926507
table-0107-783 3 3 0 172 188 6593 0.3333333333333333 0.06027000964320154
table-0107-719 4 2 0 167 169 35504 0.16666666666666666 0.04522613065326633
table-0107-851 14 6 0 385 428 11634 0.14285714285714285 0.5779367469879518
table-0107-168 1 4 0 11 15 5197 1.0 0.012861736334405145
table-0107-975 15 5 8 301 232 51923 0.5 0.09297212406753043
table-0107-41 6 2 3 33 91 9824 0.3333333333333333 0.027152934912817783
table-0107-730 1 25 0 395 526 20416 0.07692307692307693 0.12166172106824925
table-0107-706 4 7 8 47 64 1884 0.3333333333333333 1.0835443037974684
table-0107-452 18 9 0 359 363 5474 0.25 0.1446236170366621
table-0107-383 1 7 2 155 135 11250 0.3333333333333333 0.042965779467680605
table-0107-896 9 21 69 208 239 8589 0.25 1.0416519590540063
table-0107-620 7 22 16 200 220 12290 0.2 0.6083586113919784
table-0107-22 15 4 1 154 193 2646 1.0 0.18641936497956618
table-0107-543 16 9 6 5 45 1169 1.0 1.8790322580645162
table-0107-515 10 4 0 389 246 6076 0.09090909090909091 0.03864734299516908
table-0107-210 5 3 0 60 67 14366 1.0 0.24879227053140096
table-0107-434 2 4 0 41 52 6344 0.5 0.08148148148148149
table-0107-959 7 23 40 362 364 15544 0.3333333333333333 0.31227904784350696
table-0107-864 12 19 100 239 427 19319 0.1111111111111111 0.0764945276383895
table-0107-502 10 4 0 387 248 5964 0.09090909090909091 0.05057831797686728
table-0107-823 4 15 0 194 229 7620 0.2 0.11067510210619044
table-0107-265 1 4 1 83 48 7131 0.25 0.01968096125958152
table-0107-106 4 4 0 164 222 3131 0.14285714285714285 0.2782608695652174
table-0107-45 2 8 0 179 253 6928 0.14285714285714285 0.017190857589372926
table-0107-933 4 7 0 58 75 40282 0.5 0.041103017689906346
table-0107-228 34 4 20 34 108 15082 0.5 0.2828698935805012
table-0107-863 18 23 115 239 427 19319 0.1111111111111111 0.151369078193528
table-0107-500 23 7 0 387 248 5964 0.09090909090909091 0.23655492387113639
table-0107-162 2 4 0 8 31 894 0.5 0.042283298097251586
table-0107-471 10 3 0 403 240 7010 0.08333333333333333 0.025876861829912827
table-0107-697 5 7 8 56 63 2388 0.5 0.49429115128449097
table-0107-547 0 1 0 38 554 212 1.0 0.0
table-0107-800 1 3 0 423 480 22145 0.25 0.015090304182509506
table-0107-593 1 2 0 140 77 99202 0.16666666666666666 0.005998956703182056
table-0107-922 1 3 0 12 20 656 1.0 0.15683229813664595
table-0107-558 19 8 5 188 154 2006 0.16666666666666666 2.610441767068273
table-0107-758 11 17 52 369 480 15415 0.3333333333333333 0.4025433800808177
table-0107-588 1 4 0 130 186 3089 0.5 0.036256736893679566
table-0107-178 13 3 0 2402 451 105872 0.16666666666666666 0.06659747448538315
table-0107-282 25 5 0 43 67 23106 0.07142857142857142 2.064
table-0107-43 8 2 0 33 91 9824 0.3333333333333333 0.041661120724078265
table-0107-270 8 5 0 43 67 23106 0.07142857142857142 0.9424
table-0107-916 1 3 0 15 22 805 1.0 0.17792207792207793
table-0107-621 2 3 0 200 220 12290 0.2 0.03842264914054601
table-0107-715 1 2 0 56 70 6863 0.5 0.039401103230890466
table-0107-925 18 4 31 24 92 19945 0.07142857142857142 0.10354156419085096
table-0107-144 17 8 4 19 41 1390 0.5 0.44251577998196573
table-0107-648 1 7 0 324 343 21368 0.14285714285714285 0.0030105368790767687
table-0107-249 0 1 0 122 158 19410 0.3333333333333333 0.0
table-0107-636 2 5 3 136 200 3232 0.5 0.06198942815953868
table-0107-348 13 4 12 245 276 3138 0.5 0.37616884851723215
table-0107-674 5 13 0 6 58 7060 0.16666666666666666 4.88013698630137
table-0107-476 10 4 0 403 240 7010 0.08333333333333333 0.04983183471755096
table-0107-87 10 5 0 167 230 3194 0.14285714285714285 0.2807101727447217
table-0107-683 1 2 1 12 22 1124 1.0 0.03505535055350553
table-0107-698 1 3 0 56 63 2388 0.5 0.08230256898192198
table-0107-708 9 22 64 461 433 14629 0.25 2.499308437067773
table-0107-211 17 8 1 903 744 20133 1.0 0.07108247990309437
table-0107-174 3 9 6 116 130 2062 0.3333333333333333 0.7931034482758621
table-0107-830 8 3 0 688 397 49179 0.14285714285714285 0.08892455858747994
table-0107-65 1 6 0 143 216 1075 1.0 0.10649819494584838
table-0107-218 28 3 0 8 11 8435 1.0 21.486842105263158
table-0107-724 11 2 0 590 637 44337 0.14285714285714285 0.014048202087897924
table-0107-613 4 19 3 772 874 40080 0.125 0.12884301203029852
table-0107-694 19 10 0 30 60 2668 0.3333333333333333 1.8446298227320126
table-0107-589 2 1 1 130 186 3089 0.5 0.014208721215090642
table-0107-755 3 15 5 671 798 21744 0.07692307692307693 0.1741662255161461
table-0107-85 5 7 0 163 230 2925 0.14285714285714285 0.08204895738893926
table-0107-861 16 5 0 35 50 12473 1.0 2.364562118126273
table-0107-838 1 3 0 174 191 11010 0.2 0.08888888888888889
table-0107-872 13 23 108 532 700 38157 0.09090909090909091 0.28937358849399736
table-0107-59 8 10 0 177 235 6140 0.125 0.12362030905077263
table-0107-739 9 8 9 136 216 4748 0.3333333333333333 0.22889397905759162
table-0107-190 5 3 0 146 146 1531 0.25 0.4243243243243243
table-0107-968 2 6 0 242 358 20074 0.2 0.0026829493940234987
table-0107-564 0 1 0 271 449 207 1.0 0.0
table-0107-685 17 6 0 99 130 11255 0.5 0.26831421006178285
table-0107-869 2 2 1 13 28 4016 1.0 0.06607929515418502
table-0107-369 1 3 0 109 120 2497 0.5 0.03209876543209877
table-0107-64 5 4 0 177 235 6140 0.125 0.1901608325449385
table-0107-89 3 7 0 167 230 3194 0.14285714285714285 0.0628598848368522
table-0107-536 5 13 1 127 150 16041 1.0 0.11408152461619905
table-0107-506 10 3 0 387 248 5964 0.09090909090909091 0.028687185519179245
table-0107-716 11 4 11 62 84 2901 0.5 1.4214463840399003
table-0107-565 12 2 0 96 91 2203 0.5 0.3324324324324324
table-0107-180 22 3 0 2402 451 105872 0.16666666666666666 0.09955025082165715
table-0107-839 3 5 0 119 152 2525 1.0 0.11829652996845426
table-0107-936 18 23 26 258 300 14757 0.3333333333333333 0.3961486333860402
table-0107-518 7 4 0 55 49 2757 1.0 0.49876543209876545
table-0107-379 1 3 0 264 275 8793 1.0 0.04788418708240535
table-0107-857 13 17 66 256 312 21116 0.3333333333333333 0.42231970896640275
table-0107-910 1 2 0 96 132 25982 0.25 0.008711885500933417
table-0107-914 9 10 4 168 136 16250 0.5 0.23108552631578946
table-0107-155 1 2 1 6 13 956 1.0 0.05846153846153846
table-0107-874 4 23 15 532 700 38157 0.09090909090909091 0.10073695471294425
table-0107-673 3 6 0 6 58 7060 0.16666666666666666 2.2945205479452055
table-0107-507 5 3 0 387 248 5964 0.09090909090909091 0.014441612755668824
table-0107-131 4 4 8 150 157 1191 0.08333333333333333 0.01568627450980392
table-0107-995 1 3 0 12 23 3415 0.3333333333333333 0.018930041152263374
table-0107-840 0 1 0 8 62 1338 1.0 0.0
table-0107-107 10 5 0 167 231 3233 0.14285714285714285 0.3033367037411527
table-0107-441 22 2 0 13 4 1626 1.0 2.392857142857143
table-0107-745 3 18 0 104 131 6029 0.25 0.9189591078066914
table-0107-569 1 3 0 34 39 1426 1.0 0.09526854219948849
table-0107-814 8 21 37 534 557 83577 0.125 0.21669154390291387
table-0107-802 1 2 0 116 210 1701 1.0 0.0046520282843319685
table-0107-618 3 3 0 772 874 40080 0.125 0.025248774691816425
table-0107-251 15 6 7 15 62 4930 1.0 0.2704069347459668
table-0107-363 13 6 13 49 454 17032 0.2 1.4360587002096437
table-0107-167 8 2 7 11 15 5197 1.0 0.15541264737406216
table-0107-136 5 4 9 150 157 1191 0.08333333333333333 0.09281045751633987
table-0107-448 8 4 0 60 49 1636 1.0 0.45803108808290155
table-0107-736 20 17 126 235 384 12469 0.2 1.0207501995211492
table-0107-751 6 3 0 9 44 2767 1.0 0.399335232668566
table-0107-259 4 4 7 140 107 1100 0.1 0.0849933598937583
table-0107-343 7 4 0 58 50 160 1.0 0.37659783677482794
table-0107-525 10 4 0 368 223 4719 0.09090909090909091 0.1631767109295199
table-0107-335 3 4 0 37 44 1621 1.0 0.10453579021970234
table-0107-191 4 3 0 22 25 1216 1.0 0.22334004024144868
table-0107-120 4 4 0 172 230 3661 0.14285714285714285 0.3072100313479624
table-0107-323 14 5 0 41 48 3654 1.0 0.3739387227759321
table-0107-941 2 6 2 40 848 158729 0.02702702702702703 0.028562723741335973
table-0107-319 23 9 23 137 230 1547 1.0 0.4880952380952381
table-0107-382 12 6 0 155 135 11250 0.3333333333333333 0.31749049429657794
table-0107-153 10 4 0 12 29 602 0.5 0.1816261879619852
table-0107-537 2 11 1 127 150 16041 1.0 0.03123345685547909
table-0107-216 1 1 0 8 11 8435 1.0 0.45614035087719296
table-0107-260 5 4 9 140 107 1100 0.1 0.08897742363877822
table-0107-594 12 12 10 140 77 99202 0.16666666666666666 0.4107981220657277
table-0107-622 15 22 114 247 278 8623 0.3333333333333333 0.9983286908077994
table-0107-826 1 3 0 194 229 7620 0.2 0.0102506606871146
table-0107-417 1 3 0 1271 829 31829 0.07692307692307693 0.022417503586800575
table-0107-686 9 6 2 12 22 738 0.5 1.1573275862068966
table-0107-209 19 3 0 108 148 3643 0.5 2.348137535816619
table-0107-28 0 1 0 151 170 9658 0.5 0.0
table-0107-495 3 4 0 404 243 7613 0.08333333333333333 0.016970412454807054
table-0107-714 10 24 26 342 260 46629 0.5 0.6118221623442236
table-0107-148 1 35 0 12 23 707 0.5 0.6920583468395461
table-0107-819 8 23 7 316 400 20425 0.1 0.8389637668475407
table-0107-677 12 6 2 41 47 842 0.5 3.152892561983471
table-0107-557 2 1 1 126 228 2801 0.5 0.015272727272727273
table-0107-772 1 2 0 53 67 2527 0.5 0.07396449704142012
table-0107-535 47 11 27 684 532 1327571 0.5 0.3007166482910695
table-0107-185 0 1 0 6 11 755 1.0 0.0
table-0107-669 10 6 2 0 0 0 0.0 598.0
table-0107-690 0 1 0 164 306 22900 1.0 0.0
table-0107-266 1 1 0 57 99 2757 1.0 0.011695906432748537
table-0107-280 14 12 0 43 67 23106 0.07142857142857142 2.04
table-0107-474 10 4 0 403 240 7010 0.08333333333333333 0.052714668130963004
table-0107-8 9 4 0 478 532 2891 1.0 0.020988310308182784
table-0107-779 11 15 42 325 256 10544 0.5 0.520574330239888
table-0107-409 1 3 0 28 27 12571 0.3333333333333333 0.01267962806424345
table-0107-397 5 1 0 817 571 10043 0.07692307692307693 0.04677268475210477
table-0107-467 8 7 0 57 38 6661 0.25 0.40486725663716816
table-0107-460 4 4 8 143 98 1131 0.125 0.014796547472256474
table-0107-226 1 1 0 8 11 8435 1.0 0.45614035087719296
table-0107-598 6 3 2 22 40 2528 0.25 0.05533013648100332
table-0107-609 6 7 0 48 32 18922 0.3333333333333333 0.8110687022900763
table-0107-427 11 3 0 155 259 5782 0.25 0.3704663212435233
table-0107-287 1 4 0 201 23 4365 1.0 0.02498750624687656
table-0107-376 9 4 1 439 310 29595 0.5 0.03338669105876972
table-0107-328 6 11 25 332 159 257853 1.0 0.09387040280210157
table-0107-876 5 3 0 532 700 38157 0.09090909090909091 0.032152620943777487
table-0107-744 9 21 82 127 111 8900 0.5 0.8882007822685789
table-0107-206 0 1 0 181 36 5265 1.0 0.0
table-0107-225 1 1 0 8 11 8435 1.0 0.45614035087719296
table-0107-650 17 21 146 324 343 21368 0.14285714285714285 1.3110888108379328
table-0107-240 15 7 4 513 586 79221 0.0625 0.22225244831338412
table-0107-798 16 17 101 423 480 22145 0.25 0.5100998098859315
table-0107-924 7 2 7 24 92 19945 0.07142857142857142 0.001721593703885883
table-0107-908 7 21 64 101 168 11705 0.3333333333333333 0.23160393353679212
table-0107-355 0 1 0 28 31 4250 1.0 0.0
table-0107-487 24 7 24 404 243 7613 0.08333333333333333 0.1501512580240537
table-0107-161 5 4 0 9 28 647 0.5 0.06855439642324888
table-0107-386 8 4 8 0 0 0 0.0 3223.0
table-0107-215 1 1 0 8 11 8435 1.0 0.45614035087719296
table-0107-486 3 2 0 269 232 7335 0.2 0.038547308059891684
table-0107-567 1 3 0 1044 640 32362 0.5 0.003573342862247633
table-0107-920 1 5 2 7 18 688 1.0 0.18908382066276802
table-0107-480 10 5 0 55 70 6645 1.0 0.17314148681055155
table-0107-663 1 5 0 148 195 3024 0.5 0.026415094339622643
table-0107-871 4 15 0 532 700 38157 0.09090909090909091 0.08124331391893498
table-0107-832 10 17 50 532 696 53131 0.14285714285714285 0.2722623070600055
table-0107-483 20 2 0 269 232 7335 0.2 0.18636508442179037
table-0107-947 0 1 0 19 25 493 1.0 0.0
table-0107-366 2 7 0 79 83 1881 1.0 0.06466753585397653
table-0107-88 1 8 0 167 230 3194 0.14285714285714285 0.027351247600767754
table-0107-981 2 3 0 271 197 23260 1.0 0.06802208835341365
table-0107-601 3 5 0 139 195 2647 0.5 0.17019822282980177
table-0107-488 10 3 0 404 243 7613 0.08333333333333333 0.02766915074153324
table-0107-235 19 7 5 513 586 79221 0.0625 0.3446681175190424
table-0107-490 3 4 5 404 243 7613 0.08333333333333333 0.03674463218475614
table-0107-786 2 3 0 491 490 38412 0.3333333333333333 0.018769252811806005
table-0107-906 1 5 2 21 56 1588 1.0 0.0642548596112311
table-0107-944 6 6 6 40 848 158729 0.02702702702702703 0.08408865869449311
table-0107-695 4 7 7 30 60 2668 0.3333333333333333 0.5057351407716372
table-0107-245 3 3 0 55 63 9381 0.5 0.04214095422620489
table-0107-792 6 2 0 325 287 11107 0.2 0.005324543610547667
table-0107-371 3 2 1 7 17 6324 1.0 0.10071942446043165
table-0107-711 14 6 14 185 414 24697 0.5 1.7204301075268817
table-0107-342 4 4 0 168 237 1835 1.0 0.8843283582089553
table-0107-728 9 23 55 395 526 20416 0.07692307692307693 0.6404549950544016
table-0107-845 0 1 0 170 223 48106 0.16666666666666666 0.0
table-0107-489 24 7 0 404 243 7613 0.08333333333333333 0.3270862539659116
table-0107-42 8 4 0 33 91 9824 0.3333333333333333 0.10195660854518834
table-0107-731 3 35 6 395 526 20416 0.07692307692307693 0.47461259479063633
table-0107-364 5 3 0 79 83 1881 1.0 0.050065189048239894
table-0107-193 1 1 0 62 151 3097 1.0 0.005200367084735393
table-0107-463 5 4 9 143 98 1131 0.125 0.06535141800246609
table-0107-790 10 15 34 325 287 11107 0.2 0.3567444219066937
table-0107-163 1 3 0 18 21 1388 1.0 0.1375186846038864
table-0107-873 15 25 122 532 700 38157 0.09090909090909091 0.22221561868536788
table-0107-743 5 3 0 650 629 47112 0.2 0.12814731304021046
table-0107-357 19 11 30 49 48 2542 0.3333333333333333 0.38526746565331776
table-0107-551 6 3 0 126 228 2801 0.5 0.3098181818181818
table-0107-952 6 3 0 6 22 812 0.5 0.09194583036350677
table-0107-763 10 2 0 99 232 1470 0.5 0.03322998648541219
table-0107-77 0 1 0 168 225 3784 0.14285714285714285 0.0
table-0107-713 2 3 0 379 408 52223 0.3333333333333333 0.0297696653628857
table-0107-827 38 10 0 688 397 49179 0.14285714285714285 0.4043873729266988
table-0107-71 6 7 0 170 225 4170 0.14285714285714285 0.12005649717514125
table-0107-445 9 4 0 63 52 1723 1.0 0.6296526054590571
table-0107-657 3 5 4 148 195 3024 0.5 0.1196765498652291
table-0107-146 1 5 1 99 109 4420 0.3333333333333333 0.009093575828688765
table-0107-560 37 8 23 188 154 2006 0.16666666666666666 4.532128514056225
table-0107-440 41 5 61 10 100 2490 0.2 6.569131832797428
table-0107-777 14 6 1 48 43 1165 0.3333333333333333 1.1340341655716164
table-0107-477 10 4 0 403 240 7010 0.08333333333333333 0.04866497357402704
table-0107-140 3 9 6 209 262 7803 0.3333333333333333 0.7772277227722773
table-0107-318 26 9 23 137 230 1547 1.0 0.49074074074074076
table-0107-333 6 13 30 332 159 257853 1.0 0.1350262697022767
table-0107-854 1 12 0 117 142 17717 0.25 0.07103448275862069
table-0107-834 9 21 69 208 269 12033 0.2 0.39104399895860453
table-0107-459 3 3 5 143 98 1131 0.125 0.10727496917385944
table-0107-787 8 17 36 332 411 24470 0.3333333333333333 0.5655447298494243
table-0107-17 4 2 0 181 44 11607 0.5 0.028144458281444584
table-0107-630 2 1 1 136 200 3232 0.5 0.008169149447381067
table-0107-114 10 5 0 172 230 3661 0.14285714285714285 0.36990595611285265
table-0107-600 6 5 4 139 195 2647 0.5 0.3321941216678059
table-0107-470 24 7 24 403 240 7010 0.08333333333333333 0.14105292058480334
table-0107-399 1 8 0 817 571 10043 0.07692307692307693 0.038041783598378544
table-0107-356 1 7 1 49 48 2542 0.3333333333333333 0.01929260450160772
table-0107-771 7 3 0 704 917 37552 0.125 0.0685022234837733
table-0107-859 9 15 25 143 96 4874 0.5 1.5883854499042758
table-0107-396 5 4 4 817 571 10043 0.07692307692307693 0.050202681633925786
table-0107-767 8 22 32 704 917 37552 0.125 0.3601097549437033
table-0107-666 4 3 0 177 216 7767 0.2 0.040579157934844734
table-0107-877 14 22 101 474 503 24686 0.16666666666666666 0.9062390466175955
table-0107-450 11 7 20 61 95 2563 0.5 0.5305177111716621
table-0107-882 20 5 0 57 61 1818 1.0 3.782576866764275
table-0107-585 1 4 1 130 186 3089 0.5 0.040666340029397355
table-0107-36 10 4 0 389 232 6148 0.09090909090909091 0.05448181403134987
table-0107-165 20 10 0 152 155 1522 0.25 2.5922865013774103
table-0107-127 2 4 0 174 245 6187 0.125 0.056174334140435836
table-0107-345 2 6 0 190 239 8750 0.5 0.0037969624300559553
table-0107-954 5 4 0 860 374 57687 0.5 0.014963503649635036
table-0107-199 16 11 8 329 336 389 1.0 0.9843342036553525
table-0107-254 14 6 14 205 233 3616 1.0 0.09182127981825067
table-0107-484 3 2 0 269 232 7335 0.2 0.05097164702134438
table-0107-117 2 7 0 172 230 3661 0.14285714285714285 0.050156739811912224
table-0107-337 2 6 1 162 161 15043 0.25 0.009270879721468766
table-0107-831 1 1 0 437 477 4384 1.0 0.019374068554396422
table-0107-746 4 22 16 104 131 6029 0.25 1.379182156133829
table-0107-696 4 4 0 23 24 36991 0.5 0.010284891494394734
table-0107-850 4 5 0 385 428 11634 0.14285714285714285 0.12575301204819278
table-0107-699 8 2 0 185 489 4714 0.2 0.18629076838032063
table-0107-446 6 3 0 63 52 1723 1.0 0.4975186104218362
table-0107-637 1 5 0 136 200 3232 0.5 0.037962518020182606
table-0107-82 6 7 0 163 230 2925 0.14285714285714285 0.1214868540344515
table-0107-349 5 7 1 101 96 6866 0.3333333333333333 0.5826771653543307
table-0107-508 0 1 0 18 20 2502 1.0 0.0
table-0107-407 4 3 0 74 87 32297 0.5 0.11991117690599556
table-0107-509 24 7 24 389 246 6076 0.09090909090909091 0.10769412041946506
table-0107-21 4 3 1 154 193 2646 1.0 0.04684061615844074
table-0107-717 0 1 0 259 566 345 1.0 0.0
table-0107-700 35 12 35 185 489 4714 0.2 2.955776672194583
table-0107-983 25 18 84 376 379 22885 0.25 0.27300953648259035
table-0107-31 23 8 0 389 232 6148 0.09090909090909091 0.3860143052807792
table-0107-905 1 3 0 226 222 21055 0.3333333333333333 0.015699100572363043
table-0107-423 1 8 0 144 238 23358 0.5 0.0018788163457022077
table-0107-649 5 18 9 324 343 21368 0.14285714285714285 0.4984947315604616
table-0107-524 10 4 0 368 223 4719 0.09090909090909091 0.1675178753830439
table-0107-722 1 2 0 167 169 35504 0.16666666666666666 0.016331658291457288
table-0107-164 3 1 0 152 155 1522 0.25 0.21763085399449036
table-0107-466 7 7 12 50 54 2604 0.5 1.1006006006006006
table-0107-654 9 5 0 32 67 2429 0.5 0.23876197494473103
table-0107-511 2 4 4 389 246 6076 0.09090909090909091 0.01637798986685519
table-0107-532 0 1 0 172 186 10266 1.0 0.0
table-0107-577 20 4 0 361 564 1816 0.25 0.7691460055096419
table-0107-98 13 1 0 5 6 1204 0.2 0.7429467084639498
table-0107-95 13 1 0 5 6 1204 0.2 0.6363636363636364
table-0107-402 29 8 0 817 571 10043 0.07692307692307693 1.2139070782662924
table-0107-394 3 7 3 61 83 766 1.0 0.43485617597292725
table-0107-278 2 2 0 43 67 23106 0.07142857142857142 0.192
table-0107-344 3 3 0 58 50 160 1.0 0.20943952802359883
table-0107-462 4 4 7 143 98 1131 0.125 0.06041923551171394
table-0107-668 7 4 0 177 216 7767 0.2 0.04591350733473042
table-0107-430 2 2 0 36 55 6984 0.5 0.01935483870967742
table-0107-824 7 22 48 194 229 7620 0.2 0.21638504044205975
table-0107-837 8 22 32 174 191 11010 0.2 2.8186379928315413
table-0107-109 2 7 0 167 231 3233 0.14285714285714285 0.04196157735085945
table-0107-7 9 4 0 478 532 2891 1.0 0.01814558979808714
table-0107-143 23 4 0 12 27 829 0.5 0.37967914438502676
table-0107-726 15 23 69 590 637 44337 0.14285714285714285 0.42441036216007216
table-0107-284 53 7 95 113 457 11506 0.5 43.37
table-0107-377 1 3 0 24 62 3692 1.0 0.030086580086580085
table-0107-275 9 3 0 43 67 23106 0.07142857142857142 0.8496
table-0107-912 0 1 0 15 35 2287 1.0 0.0
table-0107-4 0 1 0 21 86 1979 1.0 0.0
table-0107-554 2 5 0 126 228 2801 0.5 0.104
table-0107-128 1 3 0 23 28 1749 1.0 0.05670757511637749
table-0107-472 23 8 0 403 240 7010 0.08333333333333333 0.33715423158761754
table-0107-329 6 5 10 332 159 257853 1.0 0.04781085814360771
table-0107-219 1 1 0 8 11 8435 1.0 0.45614035087719296
table-0107-553 1 3 0 126 228 2801 0.5 0.056
table-0107-865 17 6 0 239 427 19319 0.1111111111111111 0.07507210873602276
table-0107-735 6 23 25 97 180 16797 0.25 0.42401960784313725
table-0107-306 4 2 0 26 33 3028 1.0 0.09740714786264891
table-0107-624 2 13 1 196 208 21886 0.25 0.04802772734774715
table-0107-505 3 4 0 387 248 5964 0.09090909090909091 0.014637652747827223
table-0107-903 13 4 1 364 168 30032 0.16666666666666666 0.24574421649934527
table-0107-293 12 9 0 1154 415 115513 1.0 0.5857078245137947
table-0107-134 4 4 7 150 157 1191 0.08333333333333333 0.06535947712418301
table-0107-765 0 1 0 77 153 4933 0.3333333333333333 0.0
table-0107-499 24 7 24 387 248 5964 0.09090909090909091 0.13337254133176502
table-0107-769 1 25 0 704 917 37552 0.125 0.07011070110701106
table-0107-50 5 4 0 179 253 6928 0.14285714285714285 0.12189880836100801
table-0107-497 2 8 0 111 184 3307 1.0 0.12065136935603257
table-0107-14 5 3 0 134 196 18492 0.5 0.20711630377057885
table-0107-118 1 7 0 172 230 3661 0.14285714285714285 0.023824451410658306
table-0107-152 14 4 5 116 71 26226 0.2 0.1894891122278057
table-0107-111 2 7 0 167 231 3233 0.14285714285714285 0.03741152679474216
table-0107-718 5 2 0 66 97 3621 0.5 0.02190655485195961
table-0107-56 6 7 0 175 244 3966 0.14285714285714285 0.08108108108108109
table-0107-548 16 5 0 428 456 105621 0.5 0.06499555183421424
table-0107-682 1 3 0 5 8 500 1.0 0.43958868894601544
table-0107-661 1 4 0 148 195 3024 0.5 0.036657681940700806
table-0107-72 5 4 0 170 225 4170 0.14285714285714285 0.3064971751412429
table-0107-294 3 1 0 150 177 1768 0.3333333333333333 0.18244803695150116
table-0107-444 1 6 1 135 114 18005 0.25 0.032
table-0107-932 62 6 0 32 143 1459 0.5 18.06896551724138
table-0107-233 14 3 0 513 586 79221 0.0625 0.3457562568008705
table-0107-419 47 7 7 251 249 6750 1.0 5.030938123752495
table-0107-76 4 7 0 168 225 3784 0.14285714285714285 0.08719346049046321
table-0107-512 10 4 0 389 246 6076 0.09090909090909091 0.040709320136679626
table-0107-79 4 4 0 168 225 3784 0.14285714285714285 0.22706630336058128
table-0107-113 4 4 0 167 231 3233 0.14285714285714285 0.256319514661274
table-0107-725 2 21 15 590 637 44337 0.14285714285714285 0.08970228122180693
table-0107-237 25 6 0 513 586 79221 0.0625 0.3778563656147987
table-0107-401 4 1 0 817 571 10043 0.07692307692307693 0.013719987527284067
table-0107-464 5 4 8 143 98 1131 0.125 0.11960542540073983
table-0107-362 9 7 6 49 454 17032 0.2 1.4675052410901468
table-0107-723 13 10 2 590 637 44337 0.14285714285714285 0.12321175409202217
table-0107-738 2 3 0 235 384 12469 0.2 0.02653631284916201
table-0107-768 10 5 0 704 917 37552 0.125 0.08619547733938877
table-0107-451 13 12 2 308 332 18262 0.3333333333333333 0.15872177472600027
table-0107-662 1 5 0 148 195 3024 0.5 0.03719676549865229
table-0107-572 4 4 8 141 106 1390 0.16666666666666666 0.027210884353741496
table-0107-978 112 5 18 125 239 5729 0.5 3.3452830188679243
table-0107-212 1 1 0 8 11 8435 1.0 0.45614035087719296
table-0107-966 2 6 0 242 358 20074 0.2 0.002497918401332223
table-0107-390 8 4 8 0 0 0 0.0 2752.0
table-0107-754 4 23 36 671 798 21744 0.07692307692307693 0.2641609317098994
table-0107-196 5 7 4 244 207 44805 0.25 0.0605121024204841
table-0107-982 9 6 9 376 379 22885 0.25 0.04583425741110372
table-0107-339 22 4 0 168 237 1835 1.0 5.871268656716418
table-0107-960 17 8 0 242 358 20074 0.2 0.15977426218891663
table-0107-231 2 2 0 3 18 718 1.0 0.08530805687203792
table-0107-232 2 6 3 74 110 0 1.0 0.006539955037809115
table-0107-773 12 17 65 717 709 135220 0.3333333333333333 0.6372869060573086
table-0107-385 8 4 8 0 0 0 0.0 2620.0
table-0107-660 4 5 2 148 195 3024 0.5 0.10619946091644204
table-0107-156 0 1 0 130 109 45472 0.3333333333333333 0.0
table-0107-641 12 22 69 285 232 16316 0.25 1.8079972423302308
table-0107-501 2 4 4 387 248 5964 0.09090909090909091 0.01816637260667843
table-0107-639 1 3 0 23 40 2331 1.0 0.04748062015503876
table-0107-993 1 3 0 140 192 6731 1.0 0.06574923547400612
table-0107-243 5 4 0 3 70 23452 1.0 0.16382252559726962
table-0107-498 11 7 20 61 72 2621 0.5 1.4108681245858183
table-0107-51 6 5 0 175 244 3966 0.14285714285714285 0.12773047019622363
table-0107-413 5 1 0 1271 829 31829 0.07692307692307693 0.027080344332855093
table-0107-83 2 7 0 163 230 2925 0.14285714285714285 0.044424297370806894
table-0107-354 5 3 0 48 39 1672 1.0 0.23557692307692307
table-0107-880 16 17 80 438 454 33713 0.14285714285714285 0.39960964019008827
table-0107-592 5 5 2 140 77 99202 0.16666666666666666 0.16458007303077726
table-0107-591 11 3 3 80 78 1122 0.3333333333333333 3.122448979591837
table-0107-414 4 1 0 1271 829 31829 0.07692307692307693 0.007711621233859397
table-0107-887 6 22 16 301 223 22260 0.25 0.35625363583478764
table-0107-301 1 5 2 6 22 1098 1.0 0.19096509240246407
table-0107-23 1 3 0 120 148 5992 1.0 0.034764826175869123
table-0107-360 1 3 0 410 100 297464 1.0 0.04113110539845758
table-0107-750 1 2 0 54 67 2027 0.5 0.06948640483383686
table-0107-494 10 4 0 404 243 7613 0.08333333333333333 0.06190511325905704
table-0107-183 18 19 18 273 274 6257 0.3333333333333333 3.988732394366197
table-0107-938 4 6 3 40 848 158729 0.02702702702702703 0.04181582755731587
table-0107-68 4 7 0 170 225 4170 0.14285714285714285 0.0856873822975518
table-0107-365 15 4 1 79 83 1881 1.0 0.13924380704041722
table-0107-886 10 12 9 301 223 22260 0.25 0.20965677719604423
table-0107-759 3 3 0 369 480 15415 0.3333333333333333 0.033396719752792965
table-0107-133 4 4 8 150 157 1191 0.08333333333333333 0.01568627450980392
table-0107-632 1 4 1 136 200 3232 0.5 0.0245074483421432
table-0107-689 7 2 0 56 76 4406 0.5 0.20850367947669665
table-0107-893 6 8 0 214 231 13135 0.125 0.3261372397841172
table-0107-493 10 4 0 404 243 7613 0.08333333333333333 0.0493617649228953
table-0107-422 2 7 1 86 91 2590 0.5 0.14673452078032231
table-0107-807 5 22 17 601 483 13516 0.3333333333333333 1.5171800947867298
table-0107-604 1 5 0 139 195 2647 0.5 0.04442925495557074
table-0107-656 2 1 1 148 195 3024 0.5 0.014555256064690027
table-0107-667 6 4 0 177 216 7767 0.2 0.04572299485616308
table-0107-898 8 17 34 46 9 2061 1.0 5.902325581395349
table-0107-70 1 7 0 170 225 4170 0.14285714285714285 0.017890772128060263
table-0107-889 6 2 0 214 231 13135 0.125 0.1133384734001542
table-0107-523 10 4 0 368 223 4719 0.09090909090909091 0.17951991828396321
table-0107-295 20 10 0 150 177 1768 0.3333333333333333 2.1939953810623556
table-0107-175 1 2 0 33 39 1257 1.0 0.06233062330623306
table-0107-3 0 1 0 40 41 4885 1.0 0.0
table-0107-479 10 3 0 403 240 7010 0.08333333333333333 0.02910288969730249
table-0107-862 3 22 17 239 427 19319 0.1111111111111111 0.05069342921490379
table-0107-681 17 4 0 17 46 12886 0.3333333333333333 1.823240589198036
table-0107-937 1 2 0 46 48 1819 0.5 0.039913700107874865
table-0107-227 1 3 0 14 47 350 1.0 0.05462555066079295
table-0107-110 0 1 0 167 231 3233 0.14285714285714285 0.0
table-0107-753 22 8 0 671 798 21744 0.07692307692307693 0.5080289394741486
table-0107-317 26 9 22 137 230 1547 1.0 0.5256613756613756
table-0107-803 2 15 0 501 395 16150 0.25 0.06519197913856667
table-0107-221 1 1 0 8 11 8435 1.0 0.45614035087719296
table-0107-842 1 3 0 8 62 1338 1.0 0.07004608294930875
table-0107-522 2 4 4 368 223 4719 0.09090909090909091 0.07099080694586313
table-0107-721 1 2 0 167 169 35504 0.16666666666666666 0.03768844221105527
table-0107-931 0 1 0 120 124 4860 1.0 0.0
table-0107-727 2 3 0 590 637 44337 0.14285714285714285 0.02358551359711303
table-0107-277 2 2 0 43 67 23106 0.07142857142857142 0.1792
table-0107-27 2 2 0 151 170 9658 0.5 0.013574660633484163
table-0107-860 2 2 0 35 50 12473 1.0 0.07535641547861507
table-0107-579 1 1 0 361 564 1816 0.25 0.014325068870523415
table-0107-752 8 22 52 671 798 21744 0.07692307692307693 0.5565554967354861
table-0107-835 6 12 22 208 269 12033 0.2 0.15490757615204373
table-0107-145 1 5 1 99 109 4420 0.3333333333333333 0.008506893517160458
table-0107-921 1 3 0 9 18 966 1.0 0.20119521912350596
table-0107-108 0 1 0 167 231 3233 0.14285714285714285 0.0
table-0107-302 1 5 2 6 20 592 1.0 0.19402985074626866
table-0107-116 1 7 0 172 230 3661 0.14285714285714285 0.03197492163009404
table-0107-528 10 3 0 368 223 4719 0.09090909090909091 0.07916241062308478
table-0107-189 20 10 0 146 146 1531 0.25 2.6297297297297297
table-0107-12 1 3 0 69 127 8411 0.5 0.013782542113323124
table-0107-766 1 14 0 704 917 37552 0.125 0.031034156495411108
table-0107-784 1 16 0 491 490 38412 0.3333333333333333 0.027724049000644745
table-0107-222 1 1 0 8 11 8435 1.0 0.45614035087719296
table-0108-1000 0 1 0 81 100 6001 0.3333333333333333 0.0
table-0107-737 13 41 307 235 384 12469 0.2 0.4519154030327215
table-0107-19 1 2 1 20 73 4263 0.5 0.00504380143350146
table-0107-808 13 8 0 601 483 13516 0.3333333333333333 1.0308056872037914
table-0107-370 15 5 0 35 53 1502 0.5 0.5955583359399437
table-0107-273 1 4 0 43 67 23106 0.07142857142857142 0.1152
table-0107-692 59 4 0 91 138 3202 1.0 3.904255319148936
table-0107-866 4 3 0 239 427 19319 0.1111111111111111 0.011734955944525663
table-0107-521 23 7 0 368 223 4719 0.09090909090909091 1.0510725229826354
table-0107-359 1 3 0 49 118 14592 0.5 0.054989816700611
table-0107-352 1 3 0 33 45 1364 1.0 0.14761904761904762
table-0107-806 2 3 0 501 395 16150 0.25 0.026796151425231545
table-0107-99 1 6 0 79 316 847 1.0 0.12435233160621761
table-0107-615 16 8 0 772 874 40080 0.125 0.1522352591712461
table-0107-92 1 7 0 167 230 3194 0.14285714285714285 0.022072936660268713
table-0107-321 8 9 6 137 230 1547 1.0 0.16243386243386243
table-0107-671 2 3 0 6 58 7060 0.16666666666666666 0.886986301369863
table-0107-764 71 3 0 77 153 4933 0.3333333333333333 2.07309721175584
table-0107-101 8 8 0 164 222 3131 0.14285714285714285 0.19641943734015346
table-0107-817 11 25 183 139 210 14702 0.3333333333333333 0.32925600805871347
table-0107-552 1 5 0 126 228 2801 0.5 0.05454545454545454
table-0107-147 22 4 0 14 21 937 0.5 0.2805805114029026
table-0107-658 2 5 2 148 195 3024 0.5 0.07708894878706199
table-0107-46 5 7 0 179 253 6928 0.14285714285714285 0.03770267630396562
table-0107-958 67 6 0 18 142 1412 0.5 23.482625482625483
table-0107-884 5 23 22 189 177 7481 0.5 2.8030973451327434
table-0107-562 11 4 0 54 65 1002 0.5 0.9120879120879121
table-0107-37 3 4 0 389 232 6148 0.09090909090909091 0.018185968650129357
table-0107-733 1 3 0 8 24 652 1.0 0.07867240319606637
table-0107-879 3 3 0 45 81 5055 1.0 0.10579268292682927
table-0107-603 3 5 0 139 195 2647 0.5 0.1442241968557758
table-0107-652 1 3 0 113 137 5887 1.0 0.015798112433319654
table-0107-571 4 4 7 141 106 1390 0.16666666666666666 0.10884353741496598
table-0107-664 1 4 1 148 195 3024 0.5 0.03719676549865229
table-0107-314 0 1 0 0 0 0 0.0 0.0
table-0107-709 12 8 0 461 433 14629 0.25 1.0940525587828493
table-0107-201 2 3 0 116 109 4766 0.25 0.015481500918394122
table-0107-52 2 8 0 175 244 3966 0.14285714285714285 0.028878193261754906
table-0107-141 87 5 0 8 97 0 0.3333333333333333 15.486772486772487
table-0107-112 1 5 0 167 231 3233 0.14285714285714285 0.015672396359959553
table-0107-853 1 3 0 385 428 11634 0.14285714285714285 0.048569277108433735
table-0107-283 1 2 1 9 21 0 1.0 0.037300177619893425
table-0107-142 328 4 0 8 97 0 0.3333333333333333 39.96825396825397
table-0107-789 4 2 3 18 32 874 1.0 0.03624733475479744
table-0107-303 1 5 2 6 20 743 1.0 0.226457399103139
table-0107-841 1 3 0 8 62 1338 1.0 0.01935483870967742
table-0107-625 6 23 3 196 208 21886 0.25 0.29938933817461627
table-0107-926 11 3 7 24 92 19945 0.07142857142857142 0.10181997048696508
table-0107-633 1 4 1 136 200 3232 0.5 0.023065833733781835
table-0107-929 4 4 7 24 92 19945 0.07142857142857142 0.06960157402852926
table-0107-310 14 2 4 137 131 18032 0.5 0.12517299707827156
table-0107-242 25 5 20 513 586 79221 0.0625 0.7306855277475517
table-0107-953 76 6 0 20 201 1087 0.5 28.65695792880259
table-0107-182 0 1 0 220 209 23423 1.0 0.0
table-0107-456 1 3 1 144 321 224 1.0 0.08604651162790698
table-0107-989 3 2 0 96 107 12540 0.3333333333333333 0.1652839821314614
table-0107-741 33 8 0 650 629 47112 0.2 0.7733934611048479
table-0107-372 1 1 0 171 199 12703 1.0 0.007957559681697613
table-0107-442 15 10 9 135 114 18005 0.25 0.3058666666666667
table-0107-979 1 3 0 47 30 351 1.0 0.06332842415316642
table-0107-602 1 5 0 139 195 2647 0.5 0.05878332194121668
table-0107-836 3 3 0 208 269 12033 0.2 0.043348086435824
table-0107-151 16 4 0 116 71 26226 0.2 0.22068676716917923
table-0107-15 1 2 1 47 56 21160 1.0 0.006331222925691436
table-0107-550 3 11 2 126 228 2801 0.5 0.12654545454545454
table-0107-967 2 6 0 242 358 20074 0.2 0.002590433897677861
table-0107-999 1 2 0 81 100 6001 0.3333333333333333 0.018756698821007504
table-0107-678 1 7 2 41 47 842 0.5 0.4793388429752066
table-0107-121 10 5 0 174 245 6187 0.125 0.14455205811138014
table-0107-852 3 9 0 385 428 11634 0.14285714285714285 0.2556475903614458
table-0107-457 12 6 12 144 321 224 1.0 0.7837209302325582
table-0107-160 4 3 0 30 71 938 1.0 0.06740584301302359
table-0107-794 7 4 6 566 628 5951 0.3333333333333333 0.0956803455723542
table-0107-246 1 2 1 122 158 19410 0.3333333333333333 0.004411423264453216
table-0107-586 3 5 0 130 186 3089 0.5 0.102890739833415
table-0107-513 10 4 0 389 246 6076 0.09090909090909091 0.0317544479792624
table-0107-421 11 6 0 86 91 2590 0.5 0.6641221374045801
table-0107-805 9 25 27 501 395 16150 0.25 0.20852441327218776
table-0107-701 6 6 4 185 489 4714 0.2 0.21227197346600332
table-0107-946 18 6 1 40 848 158729 0.02702702702702703 0.36644070378551297
table-0107-340 77 4 0 168 237 1835 1.0 14.315298507462687
table-0107-449 4 3 0 60 49 1636 1.0 0.27202072538860106
table-0107-517 10 3 0 389 246 6076 0.09090909090909091 0.018498880640980323
table-0107-170 1 4 0 315 356 48524 0.5 0.0194774791647158
table-0107-540 0 1 0 119 192 37925 1.0 0.0
table-0107-516 10 3 0 389 246 6076 0.09090909090909091 0.02291740308707435
table-0107-384 7 4 7 0 0 0 0.0 743.0
table-0107-347 17 4 0 207 189 15760 0.3333333333333333 0.018937763622277698
table-0107-566 1 2 1 50 100 7247 0.5 0.004833375731366065
table-0107-881 1 3 0 438 454 33713 0.14285714285714285 0.012304820095044128
table-0107-389 13 4 13 0 0 0 0.0 3855.0
table-0107-965 2 7 0 242 358 20074 0.2 0.002867980386714775
table-0107-400 6 1 0 817 571 10043 0.07692307692307693 0.05519176800748363
table-0107-214 1 1 0 8 11 8435 1.0 0.45614035087719296
table-0107-29 1 3 0 15 83 2172 1.0 0.04891994917407878
table-0107-561 1 3 0 188 154 2006 0.16666666666666666 0.3514056224899598
table-0107-855 3 23 2 117 142 17717 0.25 0.4147126436781609
table-0107-939 5 6 3 40 848 158729 0.02702702702702703 0.07015004950872115
table-0107-288 3 3 0 56 68 3679 1.0 0.0632946379215036
table-0107-119 0 1 0 172 230 3661 0.14285714285714285 0.0
table-0107-192 3 3 0 22 38 1222 1.0 0.24932432432432433
table-0107-679 6 3 0 19 56 2795 1.0 0.16264236902050114
table-0107-24 5 2 0 248 342 10486 0.5 0.07604088755921216
table-0107-11 2 2 1 69 127 8411 0.5 0.031138335885655948
table-0107-596 3 4 1 22 40 2528 0.25 0.08815935079306529
table-0107-239 18 7 10 513 586 79221 0.0625 0.2921653971708379
table-0107-286 8 5 14 1751 222 758698 1.0 0.029723336418800782
table-0107-980 12 4 0 271 197 23260 1.0 0.3411144578313253
table-0107-644 9 22 33 371 395 53082 0.2 0.50926143024619
table-0107-102 3 7 0 164 222 3131 0.14285714285714285 0.0741687979539642
table-0107-223 1 1 0 8 11 8435 1.0 0.45614035087719296
table-0107-330 6 9 20 332 159 257853 1.0 0.07443082311733801
table-0107-900 9 16 35 27 6 1615 1.0 8.840390879478827
table-0107-184 5 4 0 273 274 6257 0.3333333333333333 0.7126760563380282
table-0107-361 9 5 2 49 454 17032 0.2 1.0146750524109014
table-0107-642 1 3 0 285 232 16316 0.25 0.040675629093416064
table-0107-26 7 3 0 132 201 19450 0.5 0.13985807214665877
table-0107-546 5 6 15 111 146 2058 0.3333333333333333 0.037505752416014726
table-0107-710 7 3 0 461 433 14629 0.25 0.6051175656984785
table-0107-229 6 3 0 55 67 16902 0.5 0.3534416086620263
table-0107-529 4 12 2 172 76 52475 0.2 0.07550849818891056
table-0107-181 32 5 26 2402 451 105872 0.16666666666666666 0.1607853312575679
table-0107-454 8 7 8 133 169 298 1.0 0.4097051597051597
table-0107-305 1 5 2 56 74 6756 1.0 0.02914798206278027
table-0107-307 4 3 0 172 187 3202 1.0 0.4001396648044693
table-0107-909 15 2 0 96 132 25982 0.25 0.22567931964322754
table-0107-858 6 23 59 256 312 21116 0.3333333333333333 0.22041515086668093
table-0107-843 5 8 17 62 23 1257 0.3333333333333333 0.4341736694677871
table-0107-503 10 4 0 387 248 5964 0.09090909090909091 0.048487224727177675
table-0107-919 7 7 0 30 140 3938 0.5 0.14042759961127307
table-0107-813 47 19 304 534 557 83577 0.125 0.8849373742617951
table-0107-720 1 2 0 167 169 35504 0.16666666666666666 0.007537688442211055
table-0107-885 2 3 0 189 177 7481 0.5 0.2721238938053097
table-0107-904 10 23 63 226 222 21055 0.3333333333333333 0.716107931316435
table-0107-304 9 3 0 185 236 8338 1.0 0.3241469816272966
table-0107-584 2 5 0 130 186 3089 0.5 0.09946104850563449
table-0107-313 4 3 0 239 106 2660 1.0 0.04626972740315639
table-0107-224 1 1 0 8 11 8435 1.0 0.45614035087719296
table-0107-894 2 5 4 7 18 581 1.0 0.3339191564147627
table-0107-135 4 4 6 150 157 1191 0.08333333333333333 0.1411764705882353
table-0107-358 4 2 0 49 118 14592 0.5 0.3054989816700611
table-0107-583 4 5 0 130 186 3089 0.5 0.17099461048505635
table-0107-520 24 7 24 368 223 4719 0.09090909090909091 0.5038304392236976
table-0107-311 25 11 12 137 131 18032 0.5 0.640781177917884
table-0107-236 13 7 0 513 586 79221 0.0625 0.205930359085963
table-0107-67 4 8 0 170 225 4170 0.14285714285714285 0.09274952919020715
table-0107-729 1 31 0 395 526 20416 0.07692307692307693 0.11935377514012528
table-0107-94 1 6 0 174 239 1000 1.0 0.1590909090909091
table-0107-627 4 3 0 340 391 41839 0.25 0.05041314641166094
table-0107-563 7 4 0 60 294 2878 1.0 0.05226480836236934
table-0107-631 2 4 2 136 200 3232 0.5 0.0557424315233061
table-0107-761 9 23 47 282 369 20062 0.25 1.1592
table-0107-950 20 23 104 362 334 13262 0.5 1.030115511551155
table-0107-617 3 6 0 772 874 40080 0.125 0.022723897222634785
table-0107-574 10 3 14 141 106 1390 0.16666666666666666 0.3129251700680272
table-0107-324 1 3 0 33 41 1652 1.0 0.04690026954177898
table-0107-647 5 3 0 371 395 53082 0.2 0.052520515826494724
table-0107-435 9 4 0 274 79 688337 0.125 0.3078838174273859
table-0107-573 2 4 2 141 106 1390 0.16666666666666666 0.3356009070294785
table-0107-757 5 3 0 671 798 21744 0.07692307692307693 0.10428798305982001
table-0107-734 11 20 93 97 180 16797 0.25 0.39835640138408307
table-0107-465 2 3 0 215 329 7279 1.0 0.035232067510548526
table-0107-299 1 5 2 6 20 737 1.0 0.22045454545454546
table-0107-138 14 3 18 150 157 1191 0.08333333333333333 0.22483660130718955
table-0107-608 4 5 0 48 32 18922 0.3333333333333333 0.41603053435114506
table-0107-207 3 2 0 9 41 1175 0.5 0.086139896373057
table-0107-171 9 9 8 22 33 1404 0.3333333333333333 0.8264248704663213
table-0107-341 22 4 0 168 237 1835 1.0 4.100746268656716
table-0107-32 3 4 5 389 232 6148 0.09090909090909091 0.03789377568102267
table-0107-281 30 6 0 43 67 23106 0.07142857142857142 3.592
table-0107-590 8 3 3 80 78 1122 0.3333333333333333 2.239795918367347
table-0107-137 5 4 7 150 157 1191 0.08333333333333333 0.19477124183006536
table-0107-775 2 3 0 717 709 135220 0.3333333333333333 0.05059847660500544
table-0107-375 6 4 7 439 310 29595 0.5 0.0484030795030109
table-0107-555 1 5 0 126 228 2801 0.5 0.05163636363636363
table-0107-74 4 8 0 168 225 3784 0.14285714285714285 0.08583106267029973
table-0107-443 8 3 0 135 114 18005 0.25 0.013333333333333334
table-0107-290 9 4 0 270 278 6539 0.3333333333333333 1.0549199084668193
table-0107-984 6 24 15 376 379 22885 0.25 0.08885931840023656
table-0107-956 3 2 0 39 51 652 0.5 0.056910569105691054
table-0107-415 29 8 0 1271 829 31829 0.07692307692307693 0.7602223816355811
table-0107-496 10 3 0 404 243 7613 0.08333333333333333 0.03261270567402051
table-0107-606 2 1 1 139 195 2647 0.5 0.01845522898154477
table-0107-927 12 4 19 24 92 19945 0.07142857142857142 0.13772749631087064
table-0107-776 10 2 0 195 430 18396 0.5 0.016307430516165625
table-0107-795 3 22 16 170 126 5566 0.3333333333333333 0.5268817204301075
table-0107-575 1 5 0 135 202 2774 0.5 0.04790874524714829
table-0107-195 1 3 0 16 67 1185 1.0 0.037643778319972114
table-0107-942 20 6 16 40 848 158729 0.02702702702702703 0.31738898621372535
table-0107-797 11 7 33 536 271 386760 0.5 0.21776050662061025
table-0107-203 3 2 1 102 98 6638 0.25 0.007550018875047188
table-0107-296 5 3 0 150 177 1768 0.3333333333333333 0.4018475750577367
table-0107-388 5 4 5 0 0 0 0.0 958.0
table-0107-928 6 3 8 24 92 19945 0.07142857142857142 0.048204623708804725
table-0107-475 10 4 0 403 240 7010 0.08333333333333333 0.045233029034250805
table-0107-367 7 2 0 463 199 162127 0.5 0.06879266211604096
table-0107-298 8 5 0 21 54 2998 0.3333333333333333 0.5613305613305614
table-0107-997 1 1 0 79 114 2793 1.0 0.005497526113249038
table-0107-707 1 5 1 53 106 3349 1.0 0.004244164274123081
table-0107-791 2 9 1 325 287 11107 0.2 0.011790060851926978
table-0107-5 3 3 0 10 41 475 1.0 0.12933333333333333
table-0107-289 18 19 18 270 278 6539 0.3333333333333333 3.242562929061785
table-0107-274 30 3 18 43 67 23106 0.07142857142857142 1.4928
table-0107-820 5 29 10 316 400 20425 0.1 0.7393663574304219
table-0107-204 33 6 0 102 98 6638 0.25 0.36409966024915064
table-0107-847 14 24 69 385 428 11634 0.14285714285714285 1.0997740963855422
table-0107-810 5 21 37 86 85 11393 0.5 1.5560704355885078
table-0107-157 24 4 0 9 30 1038 0.5 0.37316017316017314
table-0107-38 10 3 0 389 232 6148 0.09090909090909091 0.036219753462182314
table-0107-693 5 4 0 76 51 2338 0.5 1.0361663652802893
table-0107-125 2 7 0 174 245 6187 0.125 0.02009685230024213
table-0107-124 0 1 0 174 245 6187 0.125 0.0
table-0107-901 9 25 121 27 6 1615 1.0 8.231270358306189
table-0107-194 41 4 31 304 241 413240 0.25 0.27870498180449244
table-0107-176 4 3 0 215 439 276 1.0 0.06922257720979766
table-0107-556 1 3 0 126 228 2801 0.5 0.04436363636363636
table-0107-821 2 21 2 316 400 20425 0.1 0.19184316471206023
table-0107-961 2 6 0 242 358 20074 0.2 0.0030530113794060504
table-0107-793 9 4 7 566 628 5951 0.3333333333333333 0.1101511879049676
table-0107-75 1 7 0 168 225 3784 0.14285714285714285 0.017711171662125342
table-0107-856 1 3 0 117 142 17717 0.25 0.02367816091954023
table-0107-173 14 4 14 116 130 2062 0.3333333333333333 2.5268965517241377
table-0107-149 18 3 36 116 71 26226 0.2 0.09380234505862646
table-0107-974 2 4 0 86 57 18506 0.5 0.05789933081175444
table-0107-261 5 4 8 140 107 1100 0.1 0.12881806108897742
table-0107-526 5 4 0 368 223 4719 0.09090909090909091 0.0855464759959142
table-0107-16 38 4 0 66 175 7220 0.5 1.0190302398331594
table-0107-770 8 20 28 704 917 37552 0.125 0.3659759674519822
table-0107-436 1 5 1 274 79 688337 0.125 0.03900414937759336
table-0107-431 25 3 0 125 312 5586 0.5 0.1805050787438263
table-0107-559 28 8 13 188 154 2006 0.16666666666666666 3.429718875502008
table-0107-247 4 3 0 122 158 19410 0.3333333333333333 0.02275365683770606
table-0107-828 2 14 0 688 397 49179 0.14285714285714285 0.05350454788657036
table-0107-20 20 6 2 290 377 9850 0.1 1.7733241188666207
table-0107-643 2 19 1 371 395 53082 0.2 0.0917936694021102
table-0107-812 1 7 0 534 557 83577 0.125 0.0007787656564345512
table-0107-913 13 2 4 168 136 16250 0.5 0.10265899122807018
table-0107-918 3 3 0 16 29 761 1.0 0.5613048368953881
table-0107-179 20 3 0 2402 451 105872 0.16666666666666666 0.08259816640719599
table-0107-991 0 1 0 96 107 12540 0.3333333333333333 0.0
table-0107-258 4 4 7 140 107 1100 0.1 0.06640106241699867
table-0107-691 6 4 0 91 138 3202 1.0 0.23404255319148937
table-0107-93 5 4 0 167 230 3194 0.14285714285714285 0.2826295585412668
table-0107-139 18 4 18 209 262 7803 0.3333333333333333 2.757425742574257
table-0107-44 6 5 0 179 253 6928 0.14285714285714285 0.06778667708536823
table-0107-205 23 7 0 102 98 6638 0.25 0.6889392223480558
table-0107-268 0 1 0 349 193 12203 0.5 0.0
table-0107-970 2 6 0 242 358 20074 0.2 0.002497918401332223
table-0107-943 2 6 0 40 848 158729 0.02702702702702703 0.0437200091400716
table-0107-453 6 9 5 359 363 5474 0.25 0.18743220767951407
table-0107-610 13 23 83 852 771 53971 0.2 0.9283705541770058
table-0107-530 1 2 0 172 76 52475 0.2 0.022847589857899135
table-0107-166 5 3 0 152 155 1522 0.25 0.49586776859504134
table-0107-923 20 4 12 113 57 39083 0.5 0.346636626971355
table-0107-331 6 3 5 332 159 257853 1.0 0.0297723292469352
table-0107-911 1 3 0 96 132 25982 0.25 0.013275254096660444
table-0107-780 1 3 0 325 256 10544 0.5 0.025389599019436177
table-0107-822 3 3 0 316 400 20425 0.1 0.06704008401890425
table-0107-374 1 3 0 26 46 3022 1.0 0.0898379970544919
table-0107-638 1 5 0 136 200 3232 0.5 0.02739067755886593
table-0107-412 2 7 0 1271 829 31829 0.07692307692307693 0.05254662840746054
table-0107-200 3 3 0 116 109 4766 0.25 0.016531094200997114
table-0107-291 2 3 0 14 89 2061 1.0 0.026529428819947812
table-0107-705 12 6 0 47 64 1884 0.3333333333333333 1.8101265822784811
table-0107-948 2 3 0 2 35 1357 1.0 0.18714121699196326
table-0107-816 9 18 46 139 210 14702 0.3333333333333333 0.4128651604547417
table-0107-653 0 1 0 260 221 5661 0.5 0.0
table-0107-80 10 5 0 163 230 2925 0.14285714285714285 0.2660924750679964
table-0107-66 10 5 0 170 225 4170 0.14285714285714285 0.2721280602636535
table-0107-799 7 25 76 423 480 22145 0.25 0.3052519011406844
table-0107-957 25 21 234 354 364 79523 0.5 0.5310822097601718
table-0107-782 4 3 0 172 188 6593 0.3333333333333333 0.08678881388621022
table-0107-126 0 1 0 174 245 6187 0.125 0.0
table-0107-154 2 3 0 11 68 912 1.0 0.1324376199616123
table-0107-297 6 5 0 21 54 2998 0.3333333333333333 0.4331254331254331
table-0107-220 1 1 0 8 11 8435 1.0 0.45614035087719296
table-0107-103 2 7 0 164 222 3131 0.14285714285714285 0.044501278772378514
table-0107-455 0 1 0 133 169 298 1.0 0.0
table-0107-917 3 3 0 45 58 930 0.5 0.042071197411003236
table-0107-628 1 5 0 136 200 3232 0.5 0.03027390677558866
table-0107-670 12 4 0 6 58 7060 0.16666666666666666 2.6746575342465753
table-0107-406 12 2 0 74 87 32297 0.5 0.1469282013323464
table-0107-595 10 3 5 140 77 99202 0.16666666666666666 0.11997913406364111
table-0107-527 10 3 0 368 223 4719 0.09090909090909091 0.0988253319713994
table-0107-256 4 4 4 140 107 1100 0.1 0.5099601593625498
table-0107-122 1 8 0 174 245 6187 0.125 0.008716707021791767
table-0107-626 10 23 51 340 391 41839 0.25 0.43450004642094514
table-0107-25 3 6 0 248 342 10486 0.5 0.025928696085764147
table-0107-300 1 5 2 10 20 945 1.0 0.20506912442396313
table-0107-69 2 7 0 170 225 4170 0.14285714285714285 0.051789077212806026
table-0107-202 2 3 0 116 109 4766 0.25 0.0120703227499344
table-0107-883 2 5 4 7 18 549 1.0 0.41700404858299595
table-0107-262 14 3 18 140 107 1100 0.1 0.2244355909694555
table-0107-248 11 4 0 122 158 19410 0.3333333333333333 0.11191084281402368
table-0107-158 18 19 18 272 284 9205 0.3333333333333333 3.954929577464789
table-0107-346 21 7 0 207 189 15760 0.3333333333333333 0.07411552035809589
table-0107-61 5 7 0 177 235 6140 0.125 0.07442447177546516
table-0107-39 3 10 0 55 58 1720 1.0 0.2989864864864865
table-0107-461 4 4 6 143 98 1131 0.125 0.11220715166461159
table-0107-833 3 3 0 532 696 53131 0.14285714285714285 0.027217097451822086
table-0107-1 11 4 0 55 65 1269 1.0 0.6485655737704918
table-0107-892 1 20 0 214 231 13135 0.125 0.0582112567463377
table-0107-469 1 7 0 57 38 6661 0.25 0.08185840707964602
table-0107-541 59 8 0 119 192 37925 1.0 0.361615221550075
table-0107-264 4 3 4 83 48 7131 0.25 0.0145017609281127
table-0107-84 3 7 0 163 230 2925 0.14285714285714285 0.053943789664551225
table-0107-351 11 4 0 46 53 1395 1.0 0.18996222342147867
table-0107-712 10 17 56 379 408 52223 0.3333333333333333 0.6147327249022164
table-0107-672 2 3 0 6 58 7060 0.16666666666666666 1.0856164383561644
table-0107-6 9 2 0 17 74 1709 1.0 0.045786963434022256
table-0107-272 1 6 0 43 67 23106 0.07142857142857142 0.104
table-0107-623 2 3 0 247 278 8623 0.3333333333333333 0.04419684308263695
table-0107-230 23 4 19 71 72 123391 0.25 0.3249153064367108
table-0107-492 10 4 0 404 243 7613 0.08333333333333333 0.05282963181583413
table-0107-35 10 4 0 389 232 6148 0.09090909090909091 0.049079287779637805
table-0107-907 2 2 1 13 32 4577 1.0 0.0881057268722467
table-0107-473 3 4 5 403 240 7010 0.08333333333333333 0.03418216761617132
table-0107-91 1 7 0 167 230 3194 0.14285714285714285 0.02111324376199616
table-0107-34 11 4 0 389 232 6148 0.09090909090909091 0.0614061786638259
table-0107-732 7 3 0 395 526 20416 0.07692307692307693 0.12693702604681834
table-0107-665 4 4 1 107 51 70261 0.5 0.07656967840735068
table-0107-687 9 3 0 28 25 3524 0.3333333333333333 0.16507177033492823
table-0107-428 5 2 0 38 56 0 1.0 0.05291828793774319
table-0107-78 4 7 0 168 225 3784 0.14285714285714285 0.07220708446866485
table-0107-659 1 5 0 148 195 3024 0.5 0.04636118598382749
table-0107-742 12 22 87 650 629 47112 0.2 0.8598271326568959
table-0107-611 5 7 5 852 771 53971 0.2 0.10851943755169562
table-0107-704 1 3 0 19 36 1869 1.0 0.07552650689905592
table-0107-30 23 7 23 389 232 6148 0.09090909090909091 0.1513468269669761
table-0107-891 3 25 3 214 231 13135 0.125 0.4190439475713184
table-0107-395 6 4 0 817 571 10043 0.07692307692307693 0.20548799501091364
table-0107-945 1 6 0 40 848 158729 0.02702702702702703 0.017137634244801584
table-0107-788 0 1 0 332 411 24470 0.3333333333333333 0.0
table-0107-315 7 9 5 137 230 1547 1.0 0.10343915343915344
table-0107-684 6 2 0 11 13 22846 0.5 0.0803357314148681
table-0107-986 7 3 0 28 73 3774 1.0 0.22688655672163918
table-0107-458 5 4 9 143 98 1131 0.125 0.06781750924784218
table-0107-539 37 7 0 119 192 37925 1.0 0.2374747944780518
table-0107-198 4 1 0 329 336 389 1.0 0.11488250652741515
table-0107-132 2 4 1 150 157 1191 0.08333333333333333 0.19215686274509805
table-0107-612 2 3 0 852 771 53971 0.2 0.04400330851943755
table-0107-973 59 13 351 659 518 25013 0.5 2.8208809135399675
table-0107-804 6 22 16 501 395 16150 0.25 0.2773131912597788
table-0107-998 3 2 0 81 100 6001 0.3333333333333333 0.12968917470525188
table-0107-778 2 7 4 48 43 1165 0.3333333333333333 0.2956636005256242
table-0107-976 9 25 24 88 96 14811 0.5 3.885780885780886
table-0107-635 2 5 0 136 200 3232 0.5 0.07736665064872657
table-0107-325 10 6 5 124 163 4612 0.5 0.6276195593766792
table-0107-867 5 6 0 450 459 1689 1.0 0.07258238208055137
table-0107-269 5 6 0 43 67 23106 0.07142857142857142 0.8208
table-0107-292 24 4 1 1154 415 115513 1.0 0.3416252072968491
table-0107-680 9 4 4 17 46 12886 0.3333333333333333 0.7839607201309329
table-0107-614 14 22 67 771 874 40080 0.125 0.4758651418387049
table-0107-150 10 4 0 116 71 26226 0.2 0.21712730318257956
table-0107-334 2 2 0 57 90 174768 0.25 0.02234780375032109
table-0107-253 20 14 20 205 233 3616 1.0 0.1993563044301401
table-0107-987 9 4 8 217 245 5515 0.5 0.9256120527306968
table-0107-373 28 6 27 240 357 112546 0.3333333333333333 1.1016713091922006
table-0107-748 13 23 119 599 590 19821 0.3333333333333333 0.7940049958368026
table-0107-308 5 12 13 20 31 6924 0.5 0.8209959623149394
table-0107-485 11 2 0 269 232 7335 0.2 0.11245619624084104
table-0107-964 2 6 0 242 358 20074 0.2 0.002590433897677861
table-0107-381 11 6 1 10 71 369 1.0 0.7344228804902962
table-0107-988 27 9 0 122 180 3619 0.5 1.026534859521332
table-0107-890 2 23 1 214 231 13135 0.125 0.4618350038550501
table-0107-801 1 7 2 28 38 1563 0.3333333333333333 0.08352849336455893
table-0107-829 10 26 38 688 397 49179 0.14285714285714285 0.6417335473515249
table-0107-391 13 6 0 16 22 1046 0.5 1.5707070707070707
table-0107-481 10 5 0 55 70 6645 1.0 0.17218225419664268
table-0107-62 4 7 0 177 235 6140 0.125 0.052980132450331126
table-0107-815 3 3 0 534 557 83577 0.125 0.023492763969108963
table-0107-607 0 1 0 19 50 8429 1.0 0.0
table-0107-57 5 4 0 175 244 3966 0.14285714285714285 0.24250277674935208
table-0107-969 2 6 0 242 358 20074 0.2 0.002497918401332223
table-0107-48 4 7 0 179 253 6928 0.14285714285714285 0.034577065833170544
table-0107-392 1 2 0 16 28 1898 0.5 0.04171779141104295
table-0107-955 0 1 0 20 34 2069 1.0 0.0
table-0107-568 0 1 0 1044 640 32362 0.5 0.0
table-0107-897 1 3 0 208 239 8589 0.25 0.049064595834804096
table-0107-186 1 1 0 233 246 8254 1.0 0.0008777429467084639
table-0107-115 1 8 0 172 230 3661 0.14285714285714285 0.030721003134796237
table-0107-97 13 1 0 5 6 1204 0.2 0.9247648902821317
table-0107-429 4 2 0 36 55 6984 0.5 0.026928471248246846
table-0107-177 36 5 28 2402 451 105872 0.16666666666666666 0.35253416363950874
table-0107-123 2 7 0 174 245 6187 0.125 0.021065375302663437
table-0107-252 1 2 1 54 99 5062 1.0 0.004001684919966301
table-0107-996 1 3 0 12 23 3415 0.3333333333333333 0.022222222222222223
table-0107-234 8 4 3 513 586 79221 0.0625 0.3337867247007617
table-0107-368 2 2 2 53 101 16664 0.3333333333333333 0.023010546500479387
table-0107-888 2 3 0 301 223 22260 0.25 0.021873182082606166
table-0107-426 22 4 0 155 259 5782 0.25 1.2687823834196892
table-0107-491 10 4 0 404 243 7613 0.08333333333333333 0.05592857669888585
table-0107-312 0 1 0 456 492 4506 1.0 0.0
table-0107-482 11 5 0 55 70 6645 1.0 0.18752997601918464
table-0107-640 7 19 30 285 232 16316 0.25 0.8259220958290244
table-0107-33 10 4 0 389 232 6148 0.09090909090909091 0.05866686957845077
table-0107-848 13 5 0 385 428 11634 0.14285714285714285 0.2217620481927711
table-0107-902 8 3 0 364 168 30032 0.16666666666666666 0.17939764295067656
table-0107-514 10 4 0 389 246 6076 0.09090909090909091 0.036231884057971016
table-0107-570 1 7 0 79 116 1270 0.5 0.020893183598850874
table-0107-676 1 3 0 17 25 1947 1.0 0.05434782608695652
table-0107-53 5 7 0 175 244 3966 0.14285714285714285 0.07515734912995187
table-0107-250 0 1 0 15 62 4930 1.0 0.0
table-0107-605 1 5 0 139 195 2647 0.5 0.05536568694463431
table-0107-531 18 12 0 172 76 52475 0.2 0.20507105043187518
table-0107-849 7 19 46 385 428 11634 0.14285714285714285 0.35805722891566266
table-0107-868 4 6 0 450 459 1689 1.0 0.04609088951109196
table-0107-10 7 3 0 75 95 6100 1.0 0.12816027985371284
table-0107-740 20 9 20 136 216 4748 0.3333333333333333 0.5320680628272252
table-0107-538 0 1 0 119 192 37925 1.0 0.0
table-0107-619 1 15 0 200 220 12290 0.2 0.06100438153016515
table-0107-542 1 3 0 59 29 1757 1.0 0.026240458015267174
table-0107-130 4 4 7 150 157 1191 0.08333333333333333 0.06143790849673202
table-0107-13 1 3 0 22 14 1914 1.0 0.06931818181818182
table-0107-96 13 1 0 5 6 1204 0.2 0.9216300940438872
table-0107-781 1 2 1 27 35 1047 1.0 0.02428909952606635
table-0107-104 3 7 0 164 222 3131 0.14285714285714285 0.0639386189258312
table-0107-870 1 17 0 532 700 38157 0.09090909090909091 0.02193034589326043
table-0107-425 2 4 0 155 259 5782 0.25 0.10621761658031088
table-0107-73 10 5 0 168 225 3784 0.14285714285714285 0.2647593097184378
table-0107-760 8 23 50 282 369 20062 0.25 0.8048
table-0107-576 2 1 1 135 202 2774 0.5 0.028136882129277566
table-0107-350 3 3 0 39 94 2491 1.0 0.2988394584139265
table-0107-646 12 9 0 371 395 53082 0.2 0.3035169988276671
table-0107-255 4 4 8 140 107 1100 0.1 0.014608233731739707
table-0107-197 0 1 0 175 163 8072 1.0 0.0
table-0107-504 10 4 0 387 248 5964 0.09090909090909091 0.04325949160295367
table-0107-213 1 1 0 8 11 8435 1.0 0.45614035087719296
table-0107-63 7 7 0 177 235 6140 0.125 0.09113844213181961
table-0107-217 1 1 0 8 11 8435 1.0 0.45614035087719296
table-0107-785 6 23 20 491 490 38412 0.3333333333333333 0.22164911526613654
table-0107-578 11 4 0 361 564 1816 0.25 0.43636363636363634
table-0107-387 11 4 10 0 0 0 0.0 2172.0
table-0107-895 14 5 1 208 239 8589 0.25 0.5192375573596894
table-0107-825 1 20 0 194 229 7620 0.2 0.01825898934892288
table-0107-930 1 2 1 24 92 19945 0.07142857142857142 0.019675356615838663
table-0107-977 1 3 0 12 13 190 1.0 0.03739837398373984
table-0107-962 2 7 0 242 358 20074 0.2 0.024239060042557128
table-0107-420 12 2 0 85 20 1872 0.5 0.32100108813928185
table-0107-992 1 1 0 331 273 23873 1.0 0.0010263929618768328
table-0107-971 4 2 4 228 255 8581 0.5 0.01747311827956989
table-0107-963 4 10 0 242 358 20074 0.2 0.026089369969469887
table-0107-105 2 7 0 164 222 3131 0.14285714285714285 0.04194373401534527
table-0107-271 5 4 0 43 67 23106 0.07142857142857142 0.624
table-0107-54 2 7 0 175 244 3966 0.14285714285714285 0.031469825990373936
table-0107-439 26 7 63 10 100 2490 0.2 4.906752411575563
table-0107-241 4 7 0 513 586 79221 0.0625 0.05984766050054407
table-0107-935 33 9 0 258 300 14757 0.3333333333333333 0.21617348091258187
table-0107-353 6 4 0 48 39 1672 1.0 0.26479289940828404
table-0107-972 9 24 19 98 122 8906 0.5 0.6871177015755329
table-0107-416 33 13 6 1271 829 31829 0.07692307692307693 1.4797345767575323
table-0107-9 58 4 0 478 532 2891 1.0 0.04370350690754517
table-0107-756 1 26 0 671 798 21744 0.07692307692307693 0.10940532909828833
table-0107-398 4 1 0 817 571 10043 0.07692307692307693 0.0134081696289367
table-0107-285 5 9 0 46 64 3031 0.3333333333333333 0.12832011038289065
table-0107-616 5 21 4 771 874 40080 0.125 0.2080053467993465
table-0107-990 1 2 0 96 107 12540 0.3333333333333333 0.02169751116783663
table-0107-208 1 2 0 9 41 1175 0.5 0.02266839378238342
table-0107-86 4 4 0 163 230 2925 0.14285714285714285 0.22665457842248413
table-0107-545 2 4 2 111 146 2058 0.3333333333333333 0.009203865623561895
table-0107-645 2 22 6 371 395 53082 0.2 0.09273153575615475
table-0107-408 1 2 0 28 27 12571 0.3333333333333333 0.027895181741335588
table-0107-55 2 6 0 175 244 3966 0.14285714285714285 0.03480192521288412
table-0107-424 15 6 0 23 72 1742 0.3333333333333333 2.8816199376947043
table-0107-309 1 3 0 20 31 6924 0.5 0.11978465679676985
table-0107-762 1 3 0 282 369 20062 0.25 0.0304
table-0107-675 2 3 0 6 58 7060 0.16666666666666666 0.9965753424657534
table-0107-172 1 3 2 22 33 1404 0.3333333333333333 0.009067357512953367
table-0107-405 7 2 5 74 87 32297 0.5 0.06846780162842339
table-0107-322 10 9 10 137 230 1547 1.0 0.14179894179894179
table-0107-809 5 3 0 601 483 13516 0.3333333333333333 0.3631516587677725
table-0107-338 12 9 0 162 161 15043 0.25 0.03951257034128173
table-0107-534 17 2 7 684 532 1327571 0.5 0.05492991022208222
table-0107-438 0 1 0 13 20 1556 1.0 0.0
table-0107-811 1 2 0 10 70 693 1.0 0.0511770726714432
table-0107-510 23 7 0 389 246 6076 0.09090909090909091 0.19023211971250148
table-0107-949 0 1 0 20 30 666 1.0 0.0
table-0107-320 28 9 27 137 230 1547 1.0 0.4962962962962963
table-0107-433 2 4 1 33 40 1901 0.5 0.18935269207501512
table-0107-597 6 4 0 22 40 2528 0.25 0.10955367023238657
table-0107-580 4 4 0 361 564 1816 0.25 0.18292011019283747
table-0107-393 3 2 1 55 82 10937 1.0 0.026845637583892617
table-0107-651 4 3 0 324 343 21368 0.14285714285714285 0.11615654791771199
table-0107-244 7 2 0 0 0 0 0.0 200.0
table-0107-49 3 7 0 179 253 6928 0.14285714285714285 0.02266067591326431
table-0107-404 14 7 11 154 125 3237 1.0 1.1707779886148009
table-0107-940 3 6 1 40 848 158729 0.02702702702702703 0.056363774849569656
table-0107-599 14 5 18 89 115 1538 1.0 1.2608695652173914
table-0107-40 1 3 0 55 58 1720 1.0 0.10472972972972973
table-0107-796 1 3 0 170 126 5566 0.3333333333333333 0.043424317617866005
table-0107-688 6 3 0 28 25 3524 0.3333333333333333 0.05263157894736842
table-0107-378 5 5 10 174 173 12452 0.5 0.5897435897435898
table-0107-410 3 7 0 1271 829 31829 0.07692307692307693 0.09397417503586801
table-0107-432 4 2 0 125 312 5586 0.5 0.015096449538719598
table-0107-846 3 22 17 385 428 11634 0.14285714285714285 0.4796686746987952
table-0107-411 1 7 0 1271 829 31829 0.07692307692307693 0.03156384505021521
table-0107-90 2 7 0 167 230 3194 0.14285714285714285 0.044145873320537425
table-0107-279 16 3 0 43 67 23106 0.07142857142857142 1.7168
table-0107-276 15 3 0 43 67 23106 0.07142857142857142 1.5648
table-0107-549 1 5 0 126 228 2801 0.5 0.05309090909090909
table-0107-81 4 8 0 163 230 2925 0.14285714285714285 0.08703535811423391
table-0107-629 1 5 0 136 200 3232 0.5 0.035079288803459875
table-0107-332 6 13 30 332 159 257853 1.0 0.10805604203152364
table-0107-58 6 5 0 177 235 6140 0.125 0.11163670766319773
table-0107-875 4 6 0 532 700 38157 0.09090909090909091 0.02371330084393201
table-0107-437 12 16 6 40 33 1361 0.5 0.6001195457262403
table-0107-327 1 2 0 11 35 2809 0.5 0.03875968992248062
table-0107-747 10 7 18 58 60 1401 0.5 1.8161888701517706
table-0107-878 2 12 5 474 503 24686 0.16666666666666666 0.07202944269190326
table-0107-380 44 6 0 55 147 6094 0.5 2.4939866369710466
table-0107-188 3 1 0 146 146 1531 0.25 0.21351351351351353
table-0107-316 13 9 9 137 230 1547 1.0 0.23809523809523808
table-0107-774 8 25 89 717 709 135220 0.3333333333333333 0.5458832063837504
table-0107-985 1 3 0 17 17 2103 1.0 0.0915805022156573
