table_id rows cols nulls inlinks outlinks views table_imp table_fraction
table-0110-330 82 4 0 208 216 158998 1.0 0.25725396350583307
table-0110-203 20 4 0 105 165 975 0.125 2.8474820143884894
table-0110-588 2 4 0 91 141 1161 0.25 0.41324503311258276
table-0110-290 5 2 0 540 687 14318 0.1 0.07228915662650602
table-0110-62 0 1 0 619 683 116025 1.0 0.0
table-0110-49 3 2 0 90 115 7174 0.3333333333333333 0.12362971985383678
table-0110-684 1 3 0 18 28 921 1.0 0.10437452033768227
table-0110-749 1 4 0 25 62 8213 0.16666666666666666 0.006009389671361502
table-0110-795 2 2 0 71 80 5310 0.3333333333333333 0.11785216178521618
table-0110-615 203 4 0 354 329 8464 0.5 41.289308176100626
table-0110-928 2 2 0 55 71 15655 0.5 0.03787878787878788
table-0110-982 3 3 0 20 38 819 1.0 0.5508982035928144
table-0110-389 7 3 0 248 1355 10221 0.5 0.744578313253012
table-0110-977 11 4 0 98 80 20204 0.25 0.08051072885263344
table-0110-417 8 5 0 277 117 220817 0.5 0.11047650130548303
table-0110-955 43 3 0 62 80 2952 0.5 0.3680555555555556
table-0110-699 105 4 105 179 696 1797 1.0 38.03365384615385
table-0110-944 3 2 0 53 66 7266 0.5 0.048405466970387244
table-0110-80 5 2 0 831 709 76250 1.0 0.011037037037037036
table-0110-637 22 3 0 11 470 1199 1.0 0.18877248468076696
table-0110-839 0 1 0 135 157 12347 0.2 0.0
table-0110-183 6 5 0 1608 735 134 1.0 0.014046605157321979
table-0110-777 20 6 0 42 76 97639 1.0 1.3353941267387945
table-0110-342 8 3 0 248 1355 10221 0.5 0.7024096385542169
table-0110-967 6 2 0 718 296 37766 0.1111111111111111 0.010890912337082663
table-0110-704 109 4 109 170 598 1449 1.0 28.137809187279153
table-0110-646 2 3 0 11 470 1199 1.0 0.017592409567108124
table-0110-743 2 3 0 25 62 8213 0.16666666666666666 0.0092018779342723
table-0110-620 2 3 0 11 470 1199 1.0 0.024510772880015814
table-0110-50 1 2 0 90 115 7174 0.3333333333333333 0.021315468940316686
table-0110-807 4 3 0 33 88 139 1.0 0.31563762261973455
table-0110-52 4 2 0 128 141 9462 0.3333333333333333 0.23677248677248677
table-0110-816 150 5 0 106 407 1389 0.5 11.789017341040463
table-0110-341 5 3 0 248 1355 10221 0.5 0.5180722891566265
table-0110-504 1 3 0 46 48 1341 1.0 0.10957960027567196
table-0110-346 8 3 0 248 1355 10221 0.5 0.7819277108433735
table-0110-432 2 2 0 114 136 26880 0.3333333333333333 0.02540106951871658
table-0110-402 11 3 0 248 1355 10221 0.5 1.1614457831325302
table-0110-633 20 3 0 11 470 1199 1.0 0.13777426368847598
table-0110-179 1 3 0 244 396 13669 1.0 0.009826452175291227
table-0110-309 2 4 0 106 17 0 0.5 0.030721966205837174
table-0110-978 1 4 0 98 80 20204 0.25 0.01489625820180883
table-0110-29 3 2 0 74 98 7600 0.3333333333333333 0.09639126305792972
table-0110-106 19 5 23 26 23 1125 0.5 1.896135265700483
table-0110-444 8 4 0 521 544 12381 0.1111111111111111 0.45164075993091535
table-0110-596 10 2 0 305 264 172925 0.2 0.010777084515031198
table-0110-538 1 2 0 82 109 19687 0.3333333333333333 0.017275559331634098
table-0110-72 10 2 7 118 149 64782 0.3333333333333333 0.06340425531914894
table-0110-440 10 4 0 521 544 12381 0.1111111111111111 0.6433506044905009
table-0110-697 122 4 122 179 696 1797 1.0 41.50961538461539
table-0110-166 3 3 1 184 226 6330 1.0 0.007892204042348411
table-0110-300 6 9 6 89 148 108115 0.1 0.04399472063352398
table-0110-499 5 4 16 63 170 952 0.14285714285714285 0.09391471011020604
table-0110-235 27 4 0 12084 957 875021 0.08333333333333333 0.37328222866224176
table-0110-782 16 6 0 42 76 97639 1.0 1.0793405461102525
table-0110-487 10 3 0 423 313 51998 0.3333333333333333 0.029318455311235093
table-0110-36 2 2 0 115 112 20539 0.3333333333333333 0.08526740665993945
table-0110-447 10 8 2 521 544 12381 0.1111111111111111 1.2271157167530224
table-0110-753 1 1 0 169 154 14180 1.0 0.0014966859097712208
table-0110-366 6 3 0 248 1355 10221 0.5 0.5698795180722892
table-0110-197 8 4 8 301 233 8823 0.2 0.17263364394310937
table-0110-96 16 5 0 185 295 10294 0.3333333333333333 0.20762868781631896
table-0110-694 77 4 77 172 537 1309 1.0 24.837962962962962
table-0110-436 1 2 0 99 110 4915 0.3333333333333333 0.0236275191104934
table-0110-641 22 3 14 11 470 1199 1.0 0.2668511563550109
table-0110-130 5 7 9 247 433 594 1.0 0.324435318275154
table-0110-492 2 2 0 24 60 2093 0.5 0.027092600080873434
table-0110-81 6 4 0 18 22 19007 0.5 0.12173179645768907
table-0110-897 1 2 0 117 118 16889 0.2 0.02256608639587363
table-0110-595 6 2 4 305 264 172925 0.2 0.02316127812440915
table-0110-275 1 2 1 46 54 5248 1.0 0.038
table-0110-228 0 1 0 146 94 37038 1.0 0.0
table-0110-286 10 4 0 540 687 14318 0.1 0.27090178897407813
table-0110-885 41 2 1 4 44 489 0.5 150.47058823529412
table-0110-563 4 2 0 68 100 7938 0.25 0.09250398724082935
table-0110-398 9 3 0 248 1355 10221 0.5 0.7903614457831325
table-0110-367 7 3 0 248 1355 10221 0.5 0.463855421686747
table-0110-612 19 5 2 92 156 37837 0.3333333333333333 0.0847145488029466
table-0110-531 2 3 0 40 35 36699 0.5 0.038312048861743477
table-0110-974 11 4 0 718 296 37766 0.1111111111111111 0.02201987740284473
table-0110-553 6 4 12 10 26 827 0.5 2.1102362204724407
table-0110-390 9 3 0 248 1355 10221 0.5 0.8120481927710843
table-0110-458 8 4 3 52 79 3103 1.0 0.06293842556508183
table-0110-959 2 5 0 150 250 3315 0.3333333333333333 0.13013698630136986
table-0110-780 16 6 0 42 76 97639 1.0 1.0963420917053066
table-0110-549 14 4 0 16 48 3744 0.3333333333333333 0.07272499687069721
table-0110-598 2 3 0 305 264 172925 0.2 0.020041595764794858
table-0110-339 5 3 0 248 1355 10221 0.5 0.37710843373493974
table-0110-863 24 3 1 18 99 38285 0.1111111111111111 1.3534591194968553
table-0110-315 14 3 0 50 91 580 0.2 0.7074954296160878
table-0110-494 1 3 0 25 24 1848 1.0 0.029909365558912385
table-0110-28 6 7 6 336 370 874 1.0 1.0568181818181819
table-0110-311 1 2 1 76 110 5812 1.0 0.010399562123700055
table-0110-851 36 5 0 527 861 29964 1.0 0.22087405909448377
table-0110-326 6 6 0 49 93 623 0.2 0.35495495495495494
table-0110-648 9 3 0 11 470 1199 1.0 0.09685708638070765
table-0110-862 3 6 0 18 99 38285 0.1111111111111111 0.5270440251572327
table-0110-301 13 9 12 89 148 108115 0.1 0.10143925586072529
table-0110-98 32 5 26 12 11 1357 0.5 3.8016528925619837
table-0110-664 1 3 0 138 94 2150 1.0 0.06954887218045112
table-0110-619 1 3 0 11 470 1199 1.0 0.014232061672267246
table-0110-186 7 4 0 1608 735 134 1.0 0.015643482375207
table-0110-238 14 4 0 12084 957 875021 0.08333333333333333 0.20220622604468544
table-0110-32 26 13 0 205 186 91998 0.3333333333333333 0.40280837004405284
table-0110-232 14 8 30 651 335 829 1.0 0.1837968561064087
table-0110-809 1 2 1 32 61 11595 1.0 0.006657323055360897
table-0110-554 15 2 0 102 108 52396 0.25 0.27837380011293056
table-0110-264 0 1 0 24 23 573 1.0 0.0
table-0110-8 11 4 0 22 102 391 1.0 1.868421052631579
table-0110-74 2 2 0 118 149 64782 0.3333333333333333 0.0274468085106383
table-0110-66 2 2 0 85 171 2748 0.3333333333333333 0.011609664261060559
table-0110-245 20 8 22 12084 957 875021 0.08333333333333333 0.18453772085631484
table-0110-490 1 3 0 13 21 1043 1.0 0.1676300578034682
table-0110-834 1 2 0 70 154 7769 0.5 0.0022410039697784608
table-0110-884 1 1 0 347 287 25200 1.0 0.003351206434316354
table-0110-991 1 2 0 31 38 316 1.0 0.11616161616161616
table-0110-692 91 4 91 172 537 1309 1.0 30.73611111111111
table-0110-529 2 4 0 3273 352 273684 0.2 0.0047636307150623934
table-0110-169 25 11 0 177 111 393891 0.25 0.11319746584230211
table-0110-441 10 4 0 521 544 12381 0.1111111111111111 0.5984455958549223
table-0110-593 10 3 0 1000 449 35012 0.5 0.04678214692122898
table-0110-526 3 2 0 61 79 3857 0.5 0.16457461645746166
table-0110-603 3 2 0 220 135 6110 0.5 0.10062240663900415
table-0110-276 1 11 0 26 32 8060 0.2 0.1312
table-0110-202 1 2 0 16 31 2324 0.3333333333333333 0.025830258302583026
table-0110-347 7 3 0 248 1355 10221 0.5 0.6253012048192771
table-0110-680 1 3 0 6 42 1456 1.0 0.012238832065740012
table-0110-783 16 6 0 42 76 97639 1.0 1.0891293147861927
table-0110-751 4 3 0 12 158 4285 0.5 0.0446182819064175
table-0110-672 15 9 0 56 67 2818 0.5 0.9851657940663177
table-0110-965 6 4 0 391 439 1958 0.5 1.21160409556314
table-0110-691 81 4 81 172 537 1309 1.0 27.46759259259259
table-0110-91 5 7 5 113 131 200 1.0 1.243421052631579
table-0110-318 1 3 0 50 57 27197 1.0 0.531055900621118
table-0110-138 8 7 16 247 433 594 1.0 0.45585215605749485
table-0110-184 7 4 0 1608 735 134 1.0 0.01534776437189496
table-0110-720 8 6 8 466 113 2610 0.3333333333333333 0.9553571428571429
table-0110-570 8 4 3 130 238 3435 0.05 0.5841726618705037
table-0110-744 5 4 0 25 62 8213 0.16666666666666666 0.02676056338028169
table-0110-414 7 4 0 277 117 220817 0.5 0.06657963446475196
table-0110-625 23 3 0 11 470 1199 1.0 0.19924886341174144
table-0110-740 2 2 0 180 205 8311 0.25 0.07678328032712403
table-0110-464 45 4 39 267 217 284565 0.3333333333333333 0.28231197771587746
table-0110-907 1 12 0 105 84 9914 0.2 0.014474975466143278
table-0110-79 4 7 0 831 709 76250 1.0 0.04651851851851852
table-0110-930 17 3 0 429 519 50103 0.3333333333333333 0.04611497157296273
table-0110-226 1 2 0 18 32 4016 0.3333333333333333 0.03100088573959256
table-0110-845 6 3 0 5 25 2001 0.25 0.39285714285714285
table-0110-545 5 2 4 12 35 3434 1.0 0.15393794749403342
table-0110-90 6 3 0 22 31 788 1.0 0.36281929990539263
table-0110-252 9 4 8 369 327 52172 0.2 0.1217880085653105
table-0110-148 11 4 0 21 38 2255 0.3333333333333333 0.30386740331491713
table-0110-688 0 1 0 16 56 1015 1.0 0.0
table-0110-876 0 1 0 110 118 11817 0.3333333333333333 0.0
table-0110-159 5 5 2 96 89 19192 0.5 0.11425111021396851
table-0110-306 2 7 4 122 419 10675 0.16666666666666666 0.0015143554717680873
table-0110-760 2 3 0 56 158 2079 0.5 0.05038022813688213
table-0110-448 3 12 12 521 544 12381 0.1111111111111111 0.0768566493955095
table-0110-55 3 2 0 67 91 3722 0.3333333333333333 0.22937625754527163
table-0110-373 10 3 0 248 1355 10221 0.5 0.9180722891566265
table-0110-68 1 1 0 248 236 13947 1.0 0.010808376491781131
table-0110-478 8 10 0 38 191 178 1.0 0.7421731123388582
table-0110-135 6 7 10 247 433 594 1.0 0.3788501026694045
table-0110-781 16 6 0 42 76 97639 1.0 1.0515198351365276
table-0110-958 4 5 0 150 250 3315 0.3333333333333333 0.22534246575342465
table-0110-236 20 4 0 12084 957 875021 0.08333333333333333 0.2939141815462279
table-0110-587 7 9 7 3125 2267 2608583 0.5 0.03918235704323571
table-0110-804 6 7 10 342 305 725 1.0 0.1568428184281843
table-0110-855 63 6 10 527 861 29964 1.0 0.7338501291989664
table-0110-632 20 3 0 11 470 1199 1.0 0.14054160901363905
table-0110-712 3 9 3 112 97 10257 0.5 0.14783281733746131
table-0110-948 7 2 0 1404 487 86958 0.3333333333333333 0.005936245410561713
table-0110-922 9 5 0 87 68 6580 0.25 0.20801658604008294
table-0110-887 12 10 0 57 135 234 1.0 2.684931506849315
table-0110-737 9 3 9 78 96 411 1.0 0.1439621830683283
table-0110-127 6 7 12 247 433 594 1.0 0.36344969199178645
table-0110-846 6 3 0 5 25 2001 0.25 0.4079173838209983
table-0110-591 5 4 0 33 56 4529 0.5 0.10666066606660667
table-0110-199 10 6 26 301 233 8823 0.2 0.47229033840117707
table-0110-920 2 2 0 54 64 12405 0.5 0.03989071038251366
table-0110-883 2 1 1 148 246 307 1.0 0.014934289127837515
table-0110-814 3 2 0 103 121 6133 0.5 0.07792207792207792
table-0110-644 10 3 0 11 470 1199 1.0 0.17908677604269618
table-0110-950 13 4 13 1404 487 86958 0.3333333333333333 0.01914696496585801
table-0110-662 6 6 0 169 394 38591 0.14285714285714285 0.250271444082519
table-0110-993 10 3 0 188 210 58186 0.5 0.00859699397625592
table-0110-820 7 5 0 18 19 3493 0.3333333333333333 0.5625668449197861
table-0110-996 1 3 0 134 132 3913 1.0 0.1197954711468225
table-0110-613 19 4 0 92 156 37837 0.3333333333333333 0.03248618784530387
table-0110-470 0 1 0 10 38 778 0.16666666666666666 0.0
table-0110-606 12 2 0 32 115 8623 0.3333333333333333 1.8157894736842106
table-0110-942 2 2 0 52 62 13435 0.5 0.0330188679245283
table-0110-910 7 5 3 151 246 3902 0.3333333333333333 0.3552346570397112
table-0110-718 11 2 5 18 33 2545 1.0 0.26977248104008666
table-0110-111 48 2 0 248 189 73491 0.5 0.20413930679079045
table-0110-163 3 5 7 77 214 1043 0.5 1.1142857142857143
table-0110-412 7 3 0 248 1355 10221 0.5 0.5048192771084338
table-0110-201 3 2 0 16 31 2324 0.3333333333333333 0.14981549815498155
table-0110-601 4 5 0 53 122 5731 0.3333333333333333 0.10785859040756586
table-0110-836 17 9 17 135 157 12347 0.2 0.20211078574914593
table-0110-785 20 6 0 42 76 97639 1.0 1.2385368366821226
table-0110-575 24 4 3 130 238 3435 0.05 1.646043165467626
table-0110-377 12 3 0 248 1355 10221 0.5 1.0795180722891566
table-0110-456 10 4 0 52 79 3103 1.0 0.05787217459080281
table-0110-933 3 2 0 77 59 44309 0.5 0.04095904095904096
table-0110-850 0 1 0 527 861 29964 1.0 0.0
table-0110-206 1 4 0 1116 272 23441 1.0 0.006325867669687126
table-0110-484 2 2 0 23 43 1947 0.5 0.03236994219653179
table-0110-289 4 3 0 540 687 14318 0.1 0.09346476816356335
table-0110-838 16 1 0 135 157 12347 0.2 0.03294289897510981
table-0110-288 10 4 0 540 687 14318 0.1 0.27309236947791166
table-0110-550 24 4 0 16 48 3744 0.3333333333333333 0.12554762798848418
table-0110-905 1 3 0 19 256 8049 0.5 0.1592920353982301
table-0110-446 5 2 0 521 544 12381 0.1111111111111111 0.15716753022452504
table-0110-113 0 1 0 71 109 17775 0.3333333333333333 0.0
table-0110-985 169 27 1173 20 1418 30338 0.1 41.779411764705884
table-0110-195 0 1 0 97 82 1520 1.0 0.0
table-0110-693 73 4 73 172 537 1309 1.0 24.550925925925927
table-0110-945 3 3 0 52 43 5810 0.25 0.26795895096921324
table-0110-713 1 3 0 8 9 1658 1.0 0.55
table-0110-819 2 3 0 18 19 3493 0.3333333333333333 0.08449197860962566
table-0110-639 6 9 0 11 470 1199 1.0 0.05930025696778019
table-0110-932 2 2 1 77 59 44309 0.5 0.03146853146853147
table-0110-150 12 4 0 110 140 10288 0.25 0.10389425810119386
table-0110-565 0 1 0 26 34 3026 1.0 0.0
table-0110-803 16 2 0 93 174 2114 0.5 0.175056502979248
table-0110-338 3 3 0 248 1355 10221 0.5 0.363855421686747
table-0110-685 1 3 0 8 34 960 1.0 0.06724303554274735
table-0110-670 6 3 0 19 30 1019 0.3333333333333333 0.6749049429657795
table-0110-681 3 3 0 73 84 1893 1.0 0.3573735199138859
table-0110-21 12 6 0 17 43 1028 0.14285714285714285 0.10933703575147519
table-0110-651 6 3 0 555 489 63440 0.5 0.01824683353941784
table-0110-878 8 3 0 38 50 4980 0.5 0.19110718492343934
table-0110-521 26 6 0 281 202 204165 0.5 1.0518272425249169
table-0110-669 9 11 30 19 30 1019 0.3333333333333333 1.7243346007604563
table-0110-936 1 2 0 56 64 8043 0.5 0.014925373134328358
table-0110-164 1 3 0 87 111 4814 1.0 0.008865526439667346
table-0110-652 47 5 74 34 119 804 0.5 44.07017543859649
table-0110-895 2 1 1 145 235 3286 0.3333333333333333 0.03788748564867968
table-0110-467 7 6 0 10 38 778 0.16666666666666666 0.14722445695897024
table-0110-571 8 4 3 130 238 3435 0.05 0.49928057553956834
table-0110-172 4 3 0 289 119 1238021 0.2 0.025547148319908876
table-0110-278 3 11 0 26 32 8060 0.2 0.4448
table-0110-273 1 3 0 59 72 5159 1.0 0.04010538641686183
table-0110-248 10 13 0 18 37 5109 0.5 0.3711484593837535
table-0110-623 2 3 0 11 470 1199 1.0 0.026092113065823284
table-0110-249 1 3 0 201 261 16587 1.0 0.009104330708661417
table-0110-507 13 4 0 279 350 14158 0.3333333333333333 0.13058516270205406
table-0110-937 3 2 0 56 64 8043 0.5 0.05515898767034393
table-0110-272 67 4 44 24 42 5759 0.5 1.5533550103458469
table-0110-57 1 5 2 6 18 573 1.0 0.2205240174672489
table-0110-299 6 9 6 89 148 108115 0.1 0.04468606624347935
table-0110-724 3 3 0 64 88 14754 1.0 0.037078373015873016
table-0110-911 4 5 1 151 246 3902 0.3333333333333333 0.19494584837545126
table-0110-860 4 3 0 147 140 9392 1.0 0.17066666666666666
table-0110-509 3 3 2 279 350 14158 0.3333333333333333 0.008682148655325758
table-0110-420 5 5 1 277 117 220817 0.5 0.07098563968668407
table-0110-560 7 4 0 44 95 39025 0.3333333333333333 0.07680046370091291
table-0110-789 4 3 0 50 40 6891 0.25 0.04593899301727306
table-0110-457 3 5 0 52 79 3103 1.0 0.09002338269680436
table-0110-59 1 3 0 10 24 447 1.0 0.6286764705882353
table-0110-650 1 3 0 147 95 3756 1.0 0.038397328881469114
table-0110-131 6 7 12 247 433 594 1.0 0.3593429158110883
table-0110-998 4 6 4 131 158 20002 0.2 0.046090640647066375
table-0110-438 1 17 0 38 26 14628 0.3333333333333333 0.004884004884004884
table-0110-363 9 3 0 248 1355 10221 0.5 0.8096385542168675
table-0110-966 1 6 0 718 296 37766 0.1111111111111111 0.0003570790930191037
table-0110-443 10 4 0 521 544 12381 0.1111111111111111 0.5958549222797928
table-0110-333 1 3 0 87 84 11579 1.0 0.01594816845252928
table-0110-496 8 7 7 249 211 38656 0.25 0.062050544483254574
table-0110-218 3 9 0 3 11 5601 0.3333333333333333 0.026442307692307692
table-0110-421 1 2 1 25 43 10403 0.3333333333333333 0.007973143096936634
table-0110-27 7 7 7 336 370 874 1.0 1.3333333333333333
table-0110-716 1 3 0 17 15 1419 1.0 0.17647058823529413
table-0110-888 5 2 0 228 215 10763 0.3333333333333333 0.09684155572957452
table-0110-112 1 2 1 36 54 8951 1.0 0.01181592039800995
table-0110-520 26 6 0 281 202 204165 0.5 3.202325581395349
table-0110-34 16 4 1 75 92 212410 0.25 0.2379885993485342
table-0110-105 11 2 0 55 221 1608 0.16666666666666666 0.18442770003588088
table-0110-900 1 2 0 117 118 16889 0.2 0.029013539651837523
table-0110-174 1 5 0 68 205 953 0.5 0.24025974025974026
table-0110-833 5 2 4 70 154 7769 0.5 0.009092073248815469
table-0110-419 5 4 0 277 117 220817 0.5 0.05695169712793734
table-0110-559 4 3 0 44 95 39025 0.3333333333333333 0.022170699898565426
table-0110-219 14 15 0 3 11 5601 0.3333333333333333 0.11442307692307692
table-0110-698 164 4 164 179 696 1797 1.0 58.78846153846154
table-0110-30 1 2 0 74 98 7600 0.3333333333333333 0.016619183285849954
table-0110-614 34 5 28 201 259 36241 0.5 0.28413033640066376
table-0110-283 3 10 10 540 687 14318 0.1 0.031033223804308143
table-0110-371 8 3 0 248 1355 10221 0.5 0.6518072289156627
table-0110-474 1 2 0 27 78 39974 0.3333333333333333 0.003687445127304653
table-0110-428 8 4 9 249 112 6228 0.5 0.010163528568636393
table-0110-345 7 3 0 248 1355 10221 0.5 0.655421686746988
table-0110-256 0 1 0 634 812 517 1.0 0.0
table-0110-622 1 3 0 11 470 1199 1.0 0.012650721486459775
table-0110-269 6 6 0 50 91 884 0.2 0.37109375
table-0110-543 2 2 1 46 78 12455 1.0 0.016671376094942073
table-0110-281 1 3 0 389 215 277118 0.3333333333333333 0.008415484491464294
table-0110-234 6 9 0 12084 957 875021 0.08333333333333333 0.08909039917733944
table-0110-805 23 4 1 5 69 537 0.3333333333333333 4.367088607594937
table-0110-710 11 4 3 220 250 2409 0.16666666666666666 0.7013388259526262
table-0110-927 1 2 0 55 71 15655 0.5 0.01584022038567493
table-0110-611 16 7 7 125 230 5381 0.25 0.0638604435753615
table-0110-423 4 4 0 25 43 10403 0.3333333333333333 0.07763323541754091
table-0110-866 7 4 0 18 99 38285 0.1111111111111111 0.9371069182389937
table-0110-352 5 3 0 248 1355 10221 0.5 0.44096385542168676
table-0110-337 15 3 0 248 1355 10221 0.5 1.4048192771084338
table-0110-213 13 4 13 1372 648 139299 0.14285714285714285 0.04712622435778969
table-0110-678 1 3 0 14 31 1232 1.0 0.07863247863247863
table-0110-13 1 2 1 116 146 11247 0.5 0.0032674118658641443
table-0110-952 1 2 0 52 73 5503 0.5 0.01688374336710082
table-0110-302 10 10 20 89 148 108115 0.1 0.08365281880460058
table-0110-714 2 11 2 4 9 500 0.5 0.4276315789473684
table-0110-161 8 4 0 20 76 512 1.0 0.7835051546391752
table-0110-909 2 5 1 151 246 3902 0.3333333333333333 0.096028880866426
table-0110-231 6 3 0 651 335 829 1.0 0.02484335495218204
table-0110-305 11 7 24 122 419 10675 0.16666666666666666 0.007757208641097753
table-0110-813 10 2 0 7 25 164 1.0 0.29567519858781993
table-0110-880 42 3 0 10 377 14573 1.0 31.475247524752476
table-0110-821 25 4 22 94 86 202268 0.3333333333333333 0.5534991324465008
table-0110-401 11 3 0 248 1355 10221 0.5 0.9759036144578314
table-0110-69 1 3 0 17 37 2120 1.0 0.03876739562624255
table-0110-842 9 5 0 41 26 4263 0.3333333333333333 0.5770142180094787
table-0110-322 12 6 12 165 184 9270 0.3333333333333333 0.3382663847780127
table-0110-762 23 4 1 160 118 1516916 0.25 0.6571201272871917
table-0110-502 3 2 6 63 170 952 0.14285714285714285 0.0
table-0110-175 18 2 0 22 58 4982 1.0 0.7042723631508678
table-0110-44 2 2 0 89 112 3713 0.3333333333333333 0.12175792507204611
table-0110-798 1 3 0 297 123 6233 1.0 0.01310344827586207
table-0110-361 9 3 0 248 1355 10221 0.5 0.8493975903614458
table-0110-990 3 3 0 34 44 1391 1.0 0.13503649635036497
table-0110-528 9 4 0 3273 352 273684 0.2 0.027675658882617925
table-0110-241 13 7 0 12084 957 875021 0.08333333333333333 0.10236514910722633
table-0110-445 11 4 0 521 544 12381 0.1111111111111111 0.6925734024179621
table-0110-859 5 3 0 32 43 1625 1.0 0.4177304964539007
table-0110-540 1 3 0 24 66 17670 0.3333333333333333 0.02348091055744757
table-0110-125 7 7 15 247 433 594 1.0 0.3942505133470226
table-0110-121 6 7 12 247 433 594 1.0 0.351129363449692
table-0110-562 5 5 1 76 107 4437 0.3333333333333333 0.007793472966390648
table-0110-491 2 2 1 24 60 2093 0.5 0.026283865750101092
table-0110-725 4 3 0 78 131 2271 1.0 0.12838491295938104
table-0110-303 1 9 1 89 148 108115 0.1 0.009364590534850104
table-0110-146 76 5 0 1283 323 909757 0.2 0.6185842232173614
table-0110-190 22 13 68 248 207 6332 0.3333333333333333 0.6089893478825669
table-0110-362 9 3 0 248 1355 10221 0.5 0.9228915662650602
table-0110-406 11 3 11 248 1355 10221 0.5 1.0120481927710843
table-0110-156 6 4 0 98 94 4851 0.2 0.23494188094399437
table-0110-970 8 7 0 718 296 37766 0.1111111111111111 0.07540320180920074
table-0110-630 10 3 0 11 470 1199 1.0 0.08835738288199249
table-0110-147 4 3 0 1283 323 909757 0.2 0.03944195659662418
table-0110-141 6 7 12 247 433 594 1.0 0.351129363449692
table-0110-723 17 13 0 49 52 6555 0.5 0.5038728088055442
table-0110-872 1 5 0 26 19 2767 0.5 0.06002554278416347
table-0110-47 1 2 0 64 94 4716 0.3333333333333333 0.06216696269982238
table-0110-70 6 7 6 336 388 647 1.0 0.9858156028368794
table-0110-319 4 3 0 50 57 27197 1.0 0.30667701863354035
table-0110-282 10 4 0 540 687 14318 0.1 0.2738225629791895
table-0110-343 4 3 0 248 1355 10221 0.5 0.372289156626506
table-0110-926 2 3 0 211 251 3997 1.0 0.08556029642937346
table-0110-259 5 4 4 74 109 4350 1.0 0.0952704231726635
table-0110-356 7 3 0 248 1355 10221 0.5 0.6168674698795181
table-0110-89 1 3 0 30 89 1553 1.0 0.03548053737512918
table-0110-508 3 3 2 279 350 14158 0.3333333333333333 0.008682148655325758
table-0110-293 17 8 0 747 667 86952 1.0 0.9272101033295063
table-0110-518 26 6 0 281 202 204165 0.5 2.1292358803986713
table-0110-93 0 1 0 185 295 10294 0.3333333333333333 0.0
table-0110-658 2 7 0 169 394 38591 0.14285714285714285 0.08469055374592833
table-0110-962 9 5 0 1800 602 912472 1.0 0.017214896391827272
table-0110-261 2 3 0 74 109 4350 1.0 0.0343969223806291
table-0110-869 7 5 0 18 99 38285 0.1111111111111111 0.6830188679245283
table-0110-527 8 4 0 3273 352 273684 0.2 0.0513125873763786
table-0110-395 7 3 0 248 1355 10221 0.5 0.6445783132530121
table-0110-76 1 2 0 831 709 76250 1.0 0.0017037037037037038
table-0110-133 13 7 31 247 433 594 1.0 0.74435318275154
table-0110-224 0 1 0 86 161 4663 1.0 0.0
table-0110-943 1 2 0 53 66 7266 0.5 0.013097949886104784
table-0110-433 2 3 0 114 136 26880 0.3333333333333333 0.21702317290552584
table-0110-758 12 5 0 115 150 949 1.0 0.6769865841073271
table-0110-642 52 6 0 11 470 1199 1.0 0.9049219213283257
table-0110-291 10 8 2 540 687 14318 0.1 0.5505658999634904
table-0110-921 7 3 0 87 68 6580 0.25 0.16931582584657912
table-0110-605 1 6 0 18 29 2689 0.5 0.05926860025220681
table-0110-675 5 2 0 109 111 29653 0.3333333333333333 0.0234375
table-0110-616 28 4 13 95 111 406893 0.25 0.30991818000399124
table-0110-579 8 4 3 130 238 3435 0.05 0.5151079136690647
table-0110-396 11 3 0 248 1355 10221 0.5 1.0409638554216867
table-0110-154 6 4 0 98 94 4851 0.2 0.06657273687918282
table-0110-429 0 1 0 81 67 4486 1.0 0.0
table-0110-510 3 4 0 279 350 14158 0.3333333333333333 0.024775887626173502
table-0110-940 3 3 0 26 45 1114 1.0 0.13810316139767054
table-0110-126 8 7 18 247 433 594 1.0 0.486652977412731
table-0110-466 21 6 5 10 38 778 0.16666666666666666 0.5277554304102977
table-0110-94 14 2 3 185 295 10294 0.3333333333333333 0.09060609801259104
table-0110-296 5 11 5 89 148 108115 0.1 0.09597134058198731
table-0110-728 1 2 0 93 100 16947 0.3333333333333333 0.017793594306049824
table-0110-263 5 2 0 17 65 6117 1.0 0.10188261351052048
table-0110-392 7 3 0 248 1355 10221 0.5 0.636144578313253
table-0110-537 1 2 0 82 109 19687 0.3333333333333333 0.006230529595015576
table-0110-902 1 2 1 37 74 18087 0.25 0.008410801239486499
table-0110-212 3 2 0 1372 648 139299 0.14285714285714285 0.006406702396353108
table-0111-1000 0 1 0 131 158 20002 0.2 0.0
table-0110-465 5 7 0 10 38 778 0.16666666666666666 0.1415929203539823
table-0110-210 3 2 0 1372 648 139299 0.14285714285714285 0.009794862317501386
table-0110-449 7 3 3 174 243 2537 0.25 1.8932135728542914
table-0110-523 1 6 0 281 202 204165 0.5 0.12425249169435217
table-0110-986 28 23 328 20 1418 30338 0.1 5.782085561497326
table-0110-489 1 2 0 38 29 126 1.0 0.006715328467153284
table-0110-848 7 3 0 527 861 29964 1.0 0.032917649702280644
table-0110-469 3 5 0 10 38 778 0.16666666666666666 0.2904263877715205
table-0110-145 3 4 0 1283 323 909757 0.2 0.02040992077161557
table-0110-925 3 2 0 5 4 769 1.0 0.7391304347826086
table-0110-501 3 8 3 63 170 952 0.14285714285714285 0.01820795400095831
table-0110-370 10 3 0 248 1355 10221 0.5 0.7891566265060241
table-0110-631 10 3 0 11 470 1199 1.0 0.09290373591618897
table-0110-425 6 6 0 51 89 583 0.2 0.380859375
table-0110-766 13 7 0 71 135 2704 0.125 1.119047619047619
table-0110-431 3 2 0 114 136 26880 0.3333333333333333 0.10427807486631016
table-0110-609 1 3 0 125 230 5381 0.25 0.0030875315185509185
table-0110-355 13 3 0 248 1355 10221 0.5 1.1024096385542168
table-0110-171 6 7 9 289 119 1238021 0.2 0.04588723456187454
table-0110-181 3 4 0 1608 735 134 1.0 0.006831085876508162
table-0110-14 3 3 0 116 146 11247 0.5 0.07257093723129837
table-0110-649 1 3 0 11 470 1199 1.0 0.014034394149041313
table-0110-689 44 17 142 294 304 55752 0.5 0.5475589225589226
table-0110-566 42 4 18 130 238 3435 0.05 2.628776978417266
table-0110-706 77 4 77 170 598 1449 1.0 18.67844522968198
table-0110-912 2 5 0 151 246 3902 0.3333333333333333 0.09458483754512635
table-0110-867 1 5 1 18 99 38285 0.1111111111111111 0.1459119496855346
table-0110-976 3 4 2 98 80 20204 0.25 0.03316190813974109
table-0110-321 7 6 15 165 184 9270 0.3333333333333333 0.12558139534883722
table-0110-506 13 5 23 48 47 2371 1.0 1.0765306122448979
table-0110-934 1 2 1 26 65 6276 0.5 0.011343283582089553
table-0110-722 1 3 0 68 86 876 1.0 0.07229647630619684
table-0110-378 7 3 0 248 1355 10221 0.5 0.5963855421686747
table-0110-403 11 3 0 248 1355 10221 0.5 1.106024096385542
table-0110-294 3 7 3 209 142 18837 1.0 0.04380310577204805
table-0110-695 55 4 55 172 537 1309 1.0 18.805555555555557
table-0110-582 36 4 18 130 238 3435 0.05 2.5467625899280577
table-0110-313 6 6 0 50 91 580 0.2 0.34552102376599636
table-0110-437 0 1 0 99 110 4915 0.3333333333333333 0.0
table-0110-95 13 2 0 185 295 10294 0.3333333333333333 0.09949388964325392
table-0110-83 15 14 0 473 252 314481 0.25 0.0507821355701655
table-0110-853 9 5 0 527 861 29964 1.0 0.06561060554993821
table-0110-61 4 3 0 7 17 825 1.0 0.7318840579710145
table-0110-471 33 3 2 29 14 3665 0.5 0.1300543863797588
table-0110-666 8 4 2 5 13 1854 0.3333333333333333 0.1290824261275272
table-0110-101 3 3 0 25 26 2238 0.5 0.2192846034214619
table-0110-387 16 3 0 248 1355 10221 0.5 1.4542168674698794
table-0110-667 29 4 0 40 427 4421 0.3333333333333333 0.4878592114056583
table-0110-279 2 3 0 58 58 2476 1.0 0.0786630654962863
table-0110-178 0 1 0 78 84 1225 1.0 0.0
table-0110-828 17 6 0 995 481 80606 0.09090909090909091 0.017413837781808758
table-0110-4 1 3 0 14 21 1609 1.0 0.13463241806908768
table-0110-1 0 1 0 23 23 1522 1.0 0.0
table-0110-103 11 3 8 90 206 3810 0.5 1.1343963553530751
table-0110-408 10 3 10 248 1355 10221 0.5 0.9204819277108434
table-0110-411 6 3 0 248 1355 10221 0.5 0.608433734939759
table-0110-770 5 9 0 71 135 2704 0.125 0.9273809523809524
table-0110-10 10 4 0 391 442 1761 0.5 1.4724220623501199
table-0110-827 12 2 0 995 481 80606 0.09090909090909091 0.03373931070225447
table-0110-551 18 20 9 906 479 475867 0.2 0.11480206540447505
table-0110-64 1 4 0 85 171 2748 0.3333333333333333 0.015688735487919672
table-0110-696 8 4 8 179 696 1797 1.0 2.6153846153846154
table-0110-997 68 6 68 131 158 20002 0.2 0.6970086018744384
table-0110-938 1 2 1 53 69 6381 0.5 0.008962264150943396
table-0110-857 36 3 0 527 861 29964 1.0 0.11448151893045726
table-0110-267 0 1 0 25 24 544 1.0 0.0
table-0110-687 1 3 0 7 28 220 1.0 0.06634146341463415
table-0110-556 1 2 0 102 108 52396 0.25 0.017221908526256352
table-0110-583 0 1 0 220 332 5146 0.25 0.0
table-0110-137 5 7 9 247 433 594 1.0 0.29774127310061604
table-0110-100 1 5 0 25 26 2238 0.5 0.07309486780715396
table-0110-674 5 3 0 50 43 7147 1.0 0.1664516129032258
table-0110-460 4 5 0 52 79 3103 1.0 0.11593920498830865
table-0110-792 4 2 0 30 28 3187 0.5 0.17937219730941703
table-0110-995 3 3 0 68 71 4738 1.0 0.20744356314826112
table-0110-3 16 13 0 14 41 943 0.5 0.8064903846153846
table-0110-405 9 3 0 248 1355 10221 0.5 0.9144578313253012
table-0110-243 12 7 0 12084 957 875021 0.08333333333333333 0.09815836215761428
table-0110-759 72 6 79 235 377 57236 1.0 0.18875717514675514
table-0110-600 5 5 0 305 264 172925 0.2 0.037530724144450744
table-0110-180 2 4 0 1608 735 134 1.0 0.0040513366453749705
table-0110-771 3 3 0 247 330 5878 0.3333333333333333 0.12428078250863062
table-0110-904 6 3 0 66 121 1127 1.0 0.08951658234963462
table-0110-187 9 4 0 1608 735 134 1.0 0.018925952211970666
table-0110-475 7 2 0 129 237 18228 1.0 0.04380053908355795
table-0110-144 16 5 0 1283 323 909757 0.2 0.10368584223217361
table-0110-764 3 10 0 23 67 2400 0.5 0.15489467162329615
table-0110-871 4 4 0 18 99 38285 0.1111111111111111 0.31446540880503143
table-0110-733 0 1 0 95 112 4942 0.3333333333333333 0.0
table-0110-802 2 3 0 12 33 569 1.0 0.1539670070699136
table-0110-482 2 3 0 95 290 17919 0.3333333333333333 0.08674803836094158
table-0110-498 16 3 25 63 170 952 0.14285714285714285 0.1379971250598946
table-0110-63 2 3 0 65 104 1937 1.0 0.09498295177788602
table-0110-285 12 4 0 540 687 14318 0.1 0.3136181087988317
table-0110-868 29 6 0 18 99 38285 0.1111111111111111 2.509433962264151
table-0110-329 66 5 0 208 216 158998 1.0 0.18572377158034528
table-0110-435 2 2 0 99 110 4915 0.3333333333333333 0.11744266851980542
table-0110-182 5 4 0 1608 735 134 1.0 0.01242015613910575
table-0110-23 10 4 0 17 43 1028 0.14285714285714285 0.12044429017702186
table-0110-924 1 2 0 5 4 769 1.0 0.2
table-0110-280 13 7 1 389 215 277118 0.3333333333333333 0.025967780716518393
table-0110-790 9 4 0 207 186 134854 0.3333333333333333 1.4452554744525548
table-0110-381 1 3 0 248 1355 10221 0.5 0.0746987951807229
table-0110-794 1 2 0 56 68 3182 1.0 0.020316027088036117
table-0110-360 9 3 0 248 1355 10221 0.5 0.8891566265060241
table-0110-505 3 3 0 33 38 1130 1.0 0.2985185185185185
table-0110-222 2 3 0 12 32 3257 0.3333333333333333 0.036282622533418206
table-0110-268 6 6 0 50 91 884 0.2 0.37109375
table-0110-404 11 3 0 248 1355 10221 0.5 1.0879518072289156
table-0110-621 2 3 0 11 470 1199 1.0 0.028859458390986362
table-0110-750 0 1 0 47 136 1106 1.0 0.0
table-0110-654 4 7 0 129 171 2849 0.25 0.18593371059013744
table-0110-987 45 6 0 72 147 3415 0.5 27.83783783783784
table-0110-372 9 3 0 248 1355 10221 0.5 0.827710843373494
table-0110-384 12 3 0 248 1355 10221 0.5 1.2120481927710844
table-0110-580 8 4 3 130 238 3435 0.05 0.5280575539568345
table-0110-534 4 5 0 35 107 1982 1.0 0.18665811417575368
table-0110-514 2 3 1 98 140 15397 0.3333333333333333 0.09390862944162437
table-0110-503 5 8 5 63 170 952 0.14285714285714285 0.03162434115955918
table-0110-964 6 3 0 43 29 7350 0.5 0.23096774193548386
table-0110-75 0 1 0 118 149 64782 0.3333333333333333 0.0
table-0110-899 0 1 0 117 118 16889 0.2 0.0
table-0110-577 8 4 3 130 238 3435 0.05 0.5266187050359712
table-0110-923 2 3 0 87 68 6580 0.25 0.025915687629578438
table-0110-488 3 2 0 423 313 51998 0.3333333333333333 0.024286183130948474
table-0110-336 6 3 0 248 1355 10221 0.5 0.591566265060241
table-0110-810 0 1 0 333 236 21734 0.5 0.0
table-0110-461 1 3 0 52 79 3103 1.0 0.022213561964146533
table-0110-727 2 2 0 93 100 16947 0.3333333333333333 0.08591764107778342
table-0110-215 25 10 25 89 127 2175 0.3333333333333333 1.85
table-0110-320 24 7 42 165 184 9270 0.3333333333333333 0.6274841437632135
table-0110-973 34 3 31 718 296 37766 0.1111111111111111 0.0708801999642921
table-0110-719 14 5 0 466 113 2610 0.3333333333333333 8.071428571428571
table-0110-41 2 2 0 89 112 11757 0.3333333333333333 0.10065515187611673
table-0110-832 19 2 0 995 481 80606 0.09090909090909091 0.035034983156258095
table-0110-382 14 3 0 248 1355 10221 0.5 1.2879518072289156
table-0110-748 1 3 0 25 62 8213 0.16666666666666666 0.00215962441314554
table-0110-383 13 3 0 248 1355 10221 0.5 1.236144578313253
table-0110-409 11 3 11 248 1355 10221 0.5 1.044578313253012
table-0110-732 1 2 0 95 112 4942 0.3333333333333333 0.02390710382513661
table-0110-349 10 3 0 248 1355 10221 0.5 0.9385542168674699
table-0110-915 1 1 0 50 101 2705 1.0 0.01033532384014699
table-0110-542 5 4 2 25 33 15460 0.5 0.13936170212765958
table-0110-578 8 4 3 130 238 3435 0.05 0.5611510791366906
table-0110-266 0 1 0 21 21 539 1.0 0.0
table-0110-24 2 3 0 17 43 1028 0.14285714285714285 0.11315515446025685
table-0110-636 20 3 0 11 470 1199 1.0 0.15200632536074324
table-0110-51 0 1 0 90 115 7174 0.3333333333333333 0.0
table-0110-7 11 4 0 22 102 391 1.0 1.9325657894736843
table-0110-136 7 7 13 247 433 594 1.0 0.4209445585215606
table-0110-830 24 6 18 995 481 80606 0.09090909090909091 0.08525524747343871
table-0110-143 13 3 13 69 267 51389 0.3333333333333333 0.3417402269861286
table-0110-914 2 1 1 151 246 3902 0.3333333333333333 0.018050541516245487
table-0110-208 16 5 7 1372 648 139299 0.14285714285714285 0.09228115567054765
table-0110-969 1 7 0 718 296 37766 0.1111111111111111 0.0005951318216985063
table-0110-334 22 3 0 248 1355 10221 0.5 2.986746987951807
table-0110-426 14 3 0 51 89 583 0.2 0.86328125
table-0110-434 1 3 0 114 136 26880 0.3333333333333333 0.04634581105169341
table-0110-335 6 3 0 248 1355 10221 0.5 0.672289156626506
table-0110-56 1 2 0 67 91 3722 0.3333333333333333 0.035211267605633804
table-0110-99 27 4 6 29 43 24934 0.5 1.3277002204261572
table-0110-604 5 5 0 13 105 3446 0.3333333333333333 0.2141150523800772
table-0110-92 45 10 0 132 174 2596 0.5 0.9579606440071556
table-0110-668 5 6 0 40 427 4421 0.3333333333333333 0.061038093116507014
table-0110-114 52 6 127 51 836 6202 0.3333333333333333 0.10491124541950221
table-0110-919 3 3 0 95 91 7469 1.0 0.09986504723346828
table-0110-379 12 3 0 248 1355 10221 0.5 1.033734939759036
table-0110-493 6 2 0 30 57 6785 0.3333333333333333 0.0952175786299009
table-0110-388 6 3 0 248 1355 10221 0.5 0.5879518072289157
table-0110-808 13 13 0 122 151 2277 1.0 0.14542230104189757
table-0110-736 1 1 0 97 144 5807 1.0 0.006435331230283912
table-0110-882 44 4 0 10 377 14573 1.0 40.475247524752476
table-0110-107 5 3 0 39 29 0 1.0 0.05805350028457598
table-0110-548 22 4 58 6 27 616 0.5 4.365853658536586
table-0110-227 0 1 0 146 94 37038 1.0 0.0
table-0110-17 4 4 0 17 15 316 1.0 1.4324786324786325
table-0110-994 2 3 0 17 23 3681 1.0 0.17367168913560665
table-0110-574 10 6 1 130 238 3435 0.05 0.7294964028776978
table-0110-702 26 4 26 179 696 1797 1.0 8.798076923076923
table-0110-324 3 4 0 112 122 9268 0.3333333333333333 0.11748633879781421
table-0110-980 5 3 0 59 94 2260 1.0 0.07351882945550492
table-0110-277 4 11 0 26 32 8060 0.2 0.6144
table-0110-886 12 10 0 57 135 234 1.0 3.036529680365297
table-0110-979 2 4 0 98 80 20204 0.25 0.023408405745699593
table-0110-87 4 2 0 15 46 5513 0.3333333333333333 0.06962785114045618
table-0110-253 7 3 0 369 327 52172 0.2 0.09100642398286937
table-0110-176 1 3 0 275 355 3476 1.0 0.1426332288401254
table-0110-677 15 2 0 7 12 959 0.5 0.21799746514575413
table-0110-972 8 3 0 718 296 37766 0.1111111111111111 0.027435576980301135
table-0110-73 7 2 0 118 149 64782 0.3333333333333333 0.06382978723404255
table-0110-364 9 3 0 248 1355 10221 0.5 0.7518072289156627
table-0110-397 8 3 0 248 1355 10221 0.5 0.8265060240963855
table-0110-200 0 1 0 90 98 2337 1.0 0.0
table-0110-369 7 3 0 248 1355 10221 0.5 0.8289156626506025
table-0110-168 11 5 0 177 111 393891 0.25 0.033585222502099076
table-0110-541 1 1 0 681 444 21879 1.0 0.0033345033345033347
table-0110-250 11 8 25 369 327 52172 0.2 0.35974304068522484
table-0110-221 1 2 0 12 32 3257 0.3333333333333333 0.03882877148313176
table-0110-956 4 5 3 150 250 3315 0.3333333333333333 0.18287671232876712
table-0110-167 12 7 0 177 111 393891 0.25 0.027936798717655142
table-0110-118 6 7 10 247 433 594 1.0 0.35831622176591377
table-0110-317 9 8 10 34 42 33753 0.5 0.15285412262156448
table-0110-442 10 4 0 521 544 12381 0.1111111111111111 0.6519861830742659
table-0110-906 1 9 0 105 84 9914 0.2 0.017909715407262022
table-0110-799 3 3 0 388 376 1974 1.0 0.314509122502172
table-0110-779 14 6 0 42 76 97639 1.0 0.9242658423493045
table-0110-557 20 8 8 35 46 13821 1.0 0.46712891628145864
table-0110-840 1 3 0 119 125 2221 1.0 0.026262626262626262
table-0110-495 8 7 8 249 211 38656 0.25 0.08485720156153688
table-0110-656 1 3 0 13 25 4386 1.0 0.08502994011976048
table-0110-233 12 2 0 39 107 19432 0.3333333333333333 0.16728624535315986
table-0110-849 2 3 0 527 861 29964 1.0 0.020784181552634534
table-0110-60 4 3 0 36 33 1633 1.0 0.07759232954545454
table-0110-610 1 3 0 125 230 5381 0.25 0.0028816960839808574
table-0110-193 3 3 0 22 30 1382 0.3333333333333333 0.02198557196839574
table-0110-992 9 3 0 30 18 46192 0.5 0.042789223454833596
table-0110-746 3 4 2 25 62 8213 0.16666666666666666 0.009859154929577466
table-0110-858 35 3 0 527 861 29964 1.0 0.1680710032580609
table-0110-775 19 11 0 20 8 1852 1.0 4.670454545454546
table-0110-284 9 4 0 540 687 14318 0.1 0.2132165023731289
table-0110-188 8 4 0 1608 735 134 1.0 0.01981310622190679
table-0110-119 6 7 12 247 433 594 1.0 0.3347022587268994
table-0110-829 5 7 0 995 481 80606 0.09090909090909091 0.00658201606633843
table-0110-768 3 8 0 71 135 2704 0.125 0.3630952380952381
table-0110-856 7 2 3 527 861 29964 1.0 0.019098977642961465
table-0110-796 1 2 0 71 80 5310 0.3333333333333333 0.024407252440725245
table-0110-134 0 1 0 247 433 594 1.0 0.0
table-0110-295 7 10 11 89 148 108115 0.1 0.106404374332223
table-0110-391 7 3 0 248 1355 10221 0.5 0.727710843373494
table-0110-122 6 7 12 247 433 594 1.0 0.3624229979466119
table-0110-254 6 2 0 83 107 2769 1.0 0.021262766945218198
table-0110-157 1 9 0 225 94 6609 0.3333333333333333 0.014940239043824702
table-0110-244 10 7 0 12084 957 875021 0.08333333333333333 0.08432270730111247
table-0110-170 21 5 35 289 119 1238021 0.2 0.11707753640875437
table-0110-660 3 7 1 169 394 38591 0.14285714285714285 0.1248642779587405
table-0110-211 3 2 0 1372 648 139299 0.14285714285714285 0.00868600997967104
table-0110-77 19 11 16 831 709 76250 1.0 0.08
table-0110-772 5 2 0 247 330 5878 0.3333333333333333 0.1852704257767549
table-0110-287 9 4 0 540 687 14318 0.1 0.2289156626506024
table-0110-374 8 3 0 248 1355 10221 0.5 0.7204819277108434
table-0110-380 14 3 0 248 1355 10221 0.5 1.1650602409638555
table-0110-485 2 2 1 23 58 2537 0.5 0.04573804573804574
table-0110-116 18 2 0 51 836 6202 0.3333333333333333 0.019392756864797984
table-0110-530 21 2 0 3273 352 273684 0.2 0.03640035209444416
table-0110-88 2 3 0 19 35 1054 1.0 0.11145239139973673
table-0110-229 19 10 19 117 132 2248 0.5 0.5447822514379622
table-0110-717 0 1 0 8 24 1862 1.0 0.0
table-0110-903 1 3 0 17 25 738 1.0 0.279296875
table-0110-951 1 2 0 52 73 5503 0.5 0.011095031355523395
table-0110-270 13 3 0 50 91 884 0.2 0.61328125
table-0110-480 14 2 0 95 290 17919 0.3333333333333333 0.17393199651264168
table-0110-413 6 5 4 277 117 220817 0.5 0.060704960835509136
table-0110-350 8 3 0 248 1355 10221 0.5 0.7518072289156627
table-0110-747 1 5 0 25 62 8213 0.16666666666666666 0.005164319248826291
table-0110-53 3 2 0 128 141 9462 0.3333333333333333 0.06812169312169312
table-0110-564 2 3 0 46 167 5498 1.0 0.06888633754305395
table-0110-5 0 1 0 18 19 972 1.0 0.0
table-0110-257 1 3 0 152 156 2654 1.0 0.15592203898050974
table-0110-132 7 7 13 247 433 594 1.0 0.406570841889117
table-0110-957 8 5 0 150 250 3315 0.3333333333333333 0.4184931506849315
table-0110-19 17 4 9 95 87 17055 0.5 0.8846358320042531
table-0110-204 1 4 0 1116 272 23441 1.0 0.013164643528808343
table-0110-634 5 3 0 11 470 1199 1.0 0.04230084997034987
table-0110-524 2 3 2 281 202 204165 0.5 0.18604651162790697
table-0110-468 6 4 0 10 38 778 0.16666666666666666 0.1423974255832663
table-0110-711 19 4 6 220 250 2409 0.16666666666666666 1.68692070030896
table-0110-701 21 4 21 179 696 1797 1.0 8.163461538461538
table-0110-755 1 3 0 120 186 1474 1.0 0.053551912568306013
table-0110-890 14 1 0 6 18 1165 1.0 0.17966991747936983
table-0110-599 3 5 0 305 264 172925 0.2 0.022404991491775383
table-0110-214 1 2 0 42 52 2133 0.5 0.0234375
table-0110-935 3 2 0 26 65 6276 0.5 0.05432835820895522
table-0110-274 1 3 0 23 45 1971 1.0 0.032419687592101384
table-0110-628 1 19 0 11 470 1199 1.0 0.016604071950978454
table-0110-729 0 1 0 93 100 16947 0.3333333333333333 0.0
table-0110-947 3 3 1 52 43 5810 0.25 0.08551881413911061
table-0110-608 2 3 0 14 24 1295 1.0 0.15625
table-0110-12 6 7 6 336 386 779 1.0 0.7505285412262156
table-0110-207 2 2 0 21 48 4102 0.5 0.02959135744480977
table-0110-774 7 2 0 4 8 1238 0.3333333333333333 0.5483630952380952
table-0110-988 5 9 0 203 108 47185 0.1 0.1892812887236679
table-0110-304 2 6 4 122 419 10675 0.16666666666666666 0.0012207559415273357
table-0110-415 7 4 0 277 117 220817 0.5 0.06331592689295039
table-0110-552 5 3 0 906 479 475867 0.2 0.0028399311531841654
table-0110-424 6 6 0 51 89 583 0.2 0.3671875
table-0110-151 3 4 1 110 140 10288 0.25 0.03297328027288232
table-0110-124 9 7 19 247 433 594 1.0 0.49794661190965095
table-0110-129 7 7 15 247 433 594 1.0 0.43121149897330596
table-0110-721 1 3 0 105 144 10073 1.0 0.06470248411322935
table-0110-246 19 8 20 12084 957 875021 0.08333333333333333 0.17911563989903712
table-0110-416 7 4 0 277 117 220817 0.5 0.06674281984334203
table-0110-767 1 1 0 71 135 2704 0.125 0.02142857142857143
table-0110-532 4 3 0 28 36 1021 1.0 0.6614645858343338
table-0110-765 1 1 0 71 135 2704 0.125 0.02142857142857143
table-0110-189 0 1 0 77 77 993 1.0 0.0
table-0110-149 3 3 0 21 38 2255 0.3333333333333333 0.047997237569060776
table-0110-307 3 7 6 122 419 10675 0.16666666666666666 0.0022097227802330252
table-0110-297 3 10 3 89 148 108115 0.1 0.016655144239834076
table-0110-831 8 2 0 995 481 80606 0.09090909090909091 0.011972013474993522
table-0110-479 10 4 0 38 191 178 1.0 0.6519337016574586
table-0110-357 7 3 0 248 1355 10221 0.5 0.6590361445783133
table-0110-271 3 5 6 157 282 6605 1.0 0.14118107156824403
table-0110-892 4 5 3 145 235 3286 0.3333333333333333 0.2927669345579793
table-0110-230 8 4 7 651 335 829 1.0 0.04452017148510498
table-0110-643 12 4 0 11 470 1199 1.0 0.15754101601106937
table-0110-963 10 6 10 169 87 1916 0.5 0.3609706774519717
table-0110-354 10 3 0 248 1355 10221 0.5 0.9722891566265061
table-0110-43 0 1 0 89 112 11757 0.3333333333333333 0.0
table-0110-861 8 6 3 18 99 38285 0.1111111111111111 1.4377358490566037
table-0110-535 7 2 0 81 92 6051 0.5 0.45911047345767575
table-0110-102 4 4 0 14 13 3988 0.5 0.1956928838951311
table-0110-673 1 3 0 33 51 2707 1.0 0.07688083470620538
table-0110-462 10 3 4 857 485 214816 0.3333333333333333 0.03407535808776571
table-0110-941 1 2 0 52 62 13435 0.5 0.013561320754716982
table-0110-893 2 5 0 145 235 3286 0.3333333333333333 0.17336394948335246
table-0110-683 1 3 0 8 6 1711 1.0 0.4966442953020134
table-0110-801 1 2 0 116 78 4811 0.3333333333333333 0.015283842794759825
table-0110-223 2 2 0 73 182 2391 0.5 0.17317073170731706
table-0110-327 15 3 0 49 93 623 0.2 0.7513513513513513
table-0110-39 45 6 0 19 7 5233 1.0 1.8581879572312887
table-0110-191 3 7 3 248 207 6332 0.3333333333333333 0.0753442452585087
table-0110-573 2 4 0 130 238 3435 0.05 0.26762589928057556
table-0110-258 8 3 1 25 85 728 1.0 1.9474789915966386
table-0110-908 1 3 0 105 84 9914 0.2 0.03483807654563297
table-0110-898 1 2 0 117 118 16889 0.2 0.02256608639587363
table-0110-617 9 8 0 11 470 1199 1.0 0.08855505040521842
table-0110-153 2 2 0 98 94 4851 0.2 0.06481155336386052
table-0110-705 92 4 92 170 598 1449 1.0 22.243816254416963
table-0110-843 1 2 0 24 29 6144 1.0 0.017843289371605897
table-0110-939 1 2 0 53 69 6381 0.5 0.01650943396226415
table-0110-344 9 3 0 248 1355 10221 0.5 0.9180722891566265
table-0110-450 23 7 42 174 243 2537 0.25 4.002994011976048
table-0110-916 1 3 0 37 107 5454 1.0 0.01181470463238419
table-0110-989 5 9 0 203 108 47185 0.1 0.1926889714993804
table-0110-331 4 3 0 28 51 2284 1.0 0.3174711080897349
table-0110-735 10 5 0 6 26 992 0.5 0.10722989439480098
table-0110-847 1 2 1 42 53 134866 0.5 0.002872531418312388
table-0110-547 10 2 10 360 74 51260 0.5 0.024164408310749775
table-0110-707 4 3 2 220 250 2409 0.16666666666666666 0.20185375901132852
table-0110-676 2 3 0 109 111 29653 0.3333333333333333 0.1814903846153846
table-0110-788 8 5 0 50 40 6891 0.25 0.21389195148842338
table-0110-826 14 2 0 995 481 80606 0.09090909090909091 0.0338947913967349
table-0110-741 1 2 0 180 205 8311 0.25 0.01590186278964107
table-0110-255 7 3 0 83 107 2769 1.0 0.039925719591457756
table-0110-9 1 3 0 29 32 1400 1.0 0.12438162544169612
table-0110-823 1 3 0 32 55 18274 1.0 0.017703528238374268
table-0110-376 1 3 0 248 1355 10221 0.5 0.15421686746987953
table-0110-260 2 3 0 74 109 4350 1.0 0.0343969223806291
table-0110-58 1 2 0 144 94 876 1.0 3.253229974160207
table-0110-45 1 2 0 89 112 3713 0.3333333333333333 0.02521613832853026
table-0110-476 25 4 0 38 191 178 1.0 3.1878453038674035
table-0110-773 9 2 0 4 8 1238 0.3333333333333333 0.19866071428571427
table-0110-120 7 7 15 247 433 594 1.0 0.40349075975359344
table-0110-298 5 11 15 89 148 108115 0.1 0.036012821318584624
table-0110-757 23 5 0 115 150 949 1.0 1.0464396284829722
table-0110-97 5 7 0 185 295 10294 0.3333333333333333 0.02765090729539563
table-0110-999 3 4 0 131 158 20002 0.2 0.03338040826807036
table-0110-726 9 3 0 27 34 1352 0.5 0.024653979238754325
table-0110-251 19 4 15 369 327 52172 0.2 0.35653104925053536
table-0110-351 7 3 0 248 1355 10221 0.5 0.653012048192771
table-0110-638 21 3 0 11 470 1199 1.0 0.1733544178691441
table-0110-703 156 4 156 170 598 1449 1.0 39.897526501766784
table-0110-877 1 2 1 29 82 1630 1.0 0.021517553793884484
table-0110-194 1 2 1 35 53 13328 1.0 0.02392947103274559
table-0110-65 4 2 0 85 171 2748 0.3333333333333333 0.025258864135550674
table-0110-949 14 4 14 1404 487 86958 0.3333333333333333 0.017705795559825686
table-0110-453 5 7 0 52 79 3103 1.0 0.03721745908028059
table-0110-655 4 7 0 129 171 2849 0.25 0.1608730800323363
table-0110-793 9 4 0 99 96 79049 0.5 0.05375472717450027
table-0110-31 0 1 0 74 98 7600 0.3333333333333333 0.0
table-0110-817 0 1 0 15 19 3278 1.0 0.0
table-0110-477 4 8 0 38 191 178 1.0 0.1694290976058932
table-0110-738 5 4 3 78 96 411 1.0 0.20025784271594327
table-0110-585 34 6 62 581 260 43502 0.5 0.7120264803236483
table-0110-968 1 6 0 718 296 37766 0.1111111111111111 0.0005356186395286556
table-0110-811 1 2 0 9 27 795 1.0 0.023
table-0110-393 9 3 0 248 1355 10221 0.5 0.891566265060241
table-0110-348 6 3 0 248 1355 10221 0.5 0.5084337349397591
table-0110-16 9 9 11 17 15 316 1.0 1.4666666666666666
table-0110-483 2 2 1 23 43 1947 0.5 0.03699421965317919
table-0110-418 7 4 0 277 117 220817 0.5 0.06266318537859007
table-0110-385 22 3 0 248 1355 10221 0.5 2.148192771084337
table-0110-25 8 5 6 17 43 1028 0.14285714285714285 0.1391877820201319
table-0110-117 15 4 11 397 389 7164 1.0 0.08048355478109344
table-0110-472 0 1 0 0 0 0 0.0 0.0
table-0110-217 5 15 0 3 11 5601 0.3333333333333333 0.0405448717948718
table-0110-539 1 3 0 14 28 527 1.0 0.11290322580645161
table-0110-225 3 2 0 18 32 4016 0.3333333333333333 0.17980513728963685
table-0110-589 2 4 0 91 141 1161 0.25 0.43443708609271525
table-0110-165 4 3 1 184 226 6330 1.0 0.013089509143407122
table-0110-742 6 3 0 87 103 4123 1.0 0.6422466422466423
table-0110-800 2 2 0 116 78 4811 0.3333333333333333 0.07379912663755459
table-0110-38 0 1 0 115 112 20539 0.3333333333333333 0.0
table-0110-975 5 2 0 718 296 37766 0.1111111111111111 0.016782717371897876
table-0110-602 1 3 0 80 116 4650 0.3333333333333333 0.08345921450151057
table-0110-870 2 3 0 18 99 38285 0.1111111111111111 0.14339622641509434
table-0110-35 7 4 7 75 92 212410 0.25 0.0889657980456026
table-0110-913 1 5 0 151 246 3902 0.3333333333333333 0.04909747292418772
table-0110-142 15 16 0 69 267 51389 0.3333333333333333 4.51702395964691
table-0110-645 12 3 0 11 470 1199 1.0 0.1350069183633129
table-0110-572 8 4 0 130 238 3435 0.05 0.9841726618705036
table-0110-519 26 6 0 281 202 204165 0.5 3.902325581395349
table-0110-237 14 4 0 12084 957 875021 0.08333333333333333 0.18042441806113863
table-0110-513 2 2 0 98 140 15397 0.3333333333333333 0.03553299492385787
table-0110-240 26 7 0 12084 957 875021 0.08333333333333333 0.20529120314106758
table-0110-983 1 1 0 107 132 9253 1.0 0.0009856378484933823
table-0110-40 1 3 0 13 38 1984 1.0 0.06315789473684211
table-0110-15 2 2 1 10 19 1209 1.0 0.030778515389257695
table-0110-42 1 2 0 89 112 11757 0.3333333333333333 0.02084574151280524
table-0110-209 19 6 11 1372 648 139299 0.14285714285714285 0.05932360007392349
table-0110-109 11 3 0 326 123 789565 0.5 0.04243443688355379
table-0110-71 7 7 7 336 388 647 1.0 1.0460992907801419
table-0110-198 12 9 12 301 233 8823 0.2 0.33545855811672387
table-0110-394 9 3 0 248 1355 10221 0.5 0.8313253012048193
table-0110-960 1 5 0 150 250 3315 0.3333333333333333 0.05547945205479452
table-0110-533 2 3 0 34 27 1407 1.0 0.03222137983320698
table-0110-971 6 3 0 718 296 37766 0.1111111111111111 0.01815152056180444
table-0110-852 5 10 0 527 861 29964 1.0 0.027637344118638354
table-0110-806 25 4 0 5 69 537 0.3333333333333333 4.936708860759493
table-0110-961 2 1 1 150 250 3315 0.3333333333333333 0.017123287671232876
table-0110-682 0 1 0 89 98 13018 1.0 0.0
table-0110-665 8 2 0 5 13 1854 0.3333333333333333 0.07102125453602903
table-0110-647 2 3 0 11 470 1199 1.0 0.028464123344534492
table-0110-430 1 3 0 10 8 642 1.0 0.4836795252225519
table-0110-663 4 3 0 49 87 1128 1.0 0.17246127366609296
table-0110-812 2 3 0 132 165 21651 1.0 0.016453382084095063
table-0110-310 1 3 0 18 36 3197 1.0 0.04788045135712107
table-0110-332 3 5 2 87 84 11579 1.0 0.08023922252678795
table-0110-439 6 2 0 38 26 14628 0.3333333333333333 0.009980357806444762
table-0110-873 19 7 24 40 55 2578 0.5 1.9056429232192413
table-0110-837 0 1 0 135 157 12347 0.2 0.0
table-0110-463 103 4 87 267 217 284565 0.3333333333333333 0.7566852367688023
table-0110-797 6 10 0 3 5 722 1.0 1.7488584474885844
table-0110-984 1 3 0 14 48 732 1.0 0.16554054054054054
table-0110-20 4 7 0 17 43 1028 0.14285714285714285 0.054842068726136756
table-0110-140 7 7 15 247 433 594 1.0 0.406570841889117
table-0110-139 8 7 18 247 433 594 1.0 0.4527720739219713
table-0110-525 3 3 0 47 98 3460 1.0 0.04660529344073648
table-0110-340 5 3 0 248 1355 10221 0.5 0.4927710843373494
table-0110-576 8 4 3 130 238 3435 0.05 0.6776978417266187
table-0110-607 32 3 0 32 115 8623 0.3333333333333333 3.549122807017544
table-0110-328 14 3 0 208 216 158998 1.0 0.022908366533864542
table-0110-629 24 5 0 11 470 1199 1.0 0.43763589642221784
table-0110-410 11 3 19 248 1355 10221 0.5 0.42891566265060244
table-0110-786 20 6 0 42 76 97639 1.0 1.3992787223080887
table-0110-776 10 9 10 42 76 97639 1.0 0.4162802679031427
table-0110-568 8 4 3 130 238 3435 0.05 0.637410071942446
table-0110-454 20 6 0 52 79 3103 1.0 0.09957131722525331
table-0110-671 1 3 0 8 10 610 1.0 0.4935064935064935
table-0110-497 1 2 0 0 0 0 0.0 23.0
table-0110-715 1 3 0 12 31 1959 1.0 0.026149131767109295
table-0110-709 20 4 0 220 250 2409 0.16666666666666666 2.1709577754891862
table-0110-123 7 7 13 247 433 594 1.0 0.40143737166324434
table-0110-661 2 6 0 169 394 38591 0.14285714285714285 0.07980456026058631
table-0110-731 2 2 0 95 112 4942 0.3333333333333333 0.11543715846994536
table-0110-918 3 2 0 39 128 16186 0.5 0.024518388791593695
table-0110-686 1 3 0 5 11 606 1.0 0.38875878220140514
table-0110-889 14 1 0 6 18 1165 1.0 0.1811702925731433
table-0110-954 2 2 0 52 60 5349 0.5 0.03939223410241981
table-0110-177 0 1 0 78 84 1225 1.0 0.0
table-0110-581 8 4 3 130 238 3435 0.05 0.6129496402877698
table-0110-791 55 5 54 207 186 134854 0.3333333333333333 11.771289537712896
table-0110-33 10 5 0 205 186 91998 0.3333333333333333 0.10710352422907489
table-0110-128 11 7 25 247 433 594 1.0 0.6694045174537988
table-0110-265 17 3 2 38 49 9671 0.5 0.3072236727589208
table-0110-37 1 2 0 115 112 20539 0.3333333333333333 0.017154389505549948
table-0110-427 20 2 1 249 112 6228 0.5 0.04716919669033813
table-0110-22 7 6 0 17 43 1028 0.14285714285714285 0.07254425546685178
table-0110-981 3 3 0 12 51 1246 1.0 0.10620525059665871
table-0110-312 1 3 0 46 34 3879 1.0 0.04924242424242424
table-0110-18 8 5 0 44 79 11903 1.0 0.10001251721116536
table-0110-558 4 2 1 44 95 39025 0.3333333333333333 0.01695406462831474
table-0110-359 11 3 0 248 1355 10221 0.5 0.9253012048192771
table-0110-597 4 8 0 305 264 172925 0.2 0.017867271695972773
table-0110-567 24 4 3 130 238 3435 0.05 1.6158273381294963
table-0110-11 7 7 7 336 386 779 1.0 0.9281183932346723
table-0110-314 6 6 0 50 91 580 0.2 0.35283363802559414
table-0110-455 7 6 0 52 79 3103 1.0 0.034294621979735
table-0110-626 2 3 0 11 470 1199 1.0 0.03202213876260131
table-0110-85 2 4 0 15 46 5513 0.3333333333333333 0.037815126050420166
table-0110-26 0 1 0 17 43 1028 0.14285714285714285 0.0
table-0110-511 4 4 0 279 350 14158 0.3333333333333333 0.034587421472435945
table-0110-516 31 3 0 16 101 6173 0.3333333333333333 2.680763983628922
table-0110-512 2 2 0 98 140 15397 0.3333333333333333 0.0983502538071066
table-0110-400 6 3 0 248 1355 10221 0.5 0.42048192771084336
table-0110-205 2 4 0 1116 272 23441 1.0 0.016755000854846984
table-0110-86 15 2 0 15 46 5513 0.3333333333333333 0.234093637454982
table-0110-891 7 5 4 145 235 3286 0.3333333333333333 0.5763490241102182
table-0110-308 4 6 13 122 419 10675 0.16666666666666666 0.0016379763266062984
table-0110-841 4 3 0 41 26 4263 0.3333333333333333 0.08886255924170616
table-0110-473 12 2 0 27 78 39974 0.3333333333333333 0.09815627743634768
table-0110-152 7 6 0 110 140 10288 0.25 0.06807845366685616
table-0110-555 1 2 0 102 108 52396 0.25 0.006775832862789385
table-0110-739 2 2 0 180 205 8311 0.25 0.029077691958200817
table-0110-734 11 2 0 61 123 22048 0.3333333333333333 0.015963203463203464
table-0110-561 2 3 0 44 95 39025 0.3333333333333333 0.038979857991595424
table-0110-590 6 6 0 91 141 1161 0.25 0.376158940397351
table-0110-659 5 7 0 169 394 38591 0.14285714285714285 0.20738327904451684
table-0110-854 10 4 10 527 861 29964 1.0 0.042916526233007526
table-0110-825 15 2 0 995 481 80606 0.09090909090909091 0.039751230888831306
table-0110-730 5 4 0 571 652 2798 0.5 0.3412322274881517
table-0110-818 3 3 0 60 67 2856 1.0 0.18661181750186986
table-0110-500 6 8 6 63 170 952 0.14285714285714285 0.03881169142309535
table-0110-896 2 2 0 117 118 16889 0.2 0.10896196002578981
table-0110-815 2 3 0 12 26 903 1.0 0.5269978401727862
table-0110-586 13 2 0 330 314 19534 0.5 0.11043607398406913
table-0110-375 10 3 0 248 1355 10221 0.5 0.980722891566265
table-0110-155 4 3 0 98 94 4851 0.2 0.043677351179992954
table-0110-946 5 5 0 52 43 5810 0.25 0.41391106043329534
table-0110-48 0 1 0 64 94 4716 0.3333333333333333 0.0
table-0110-679 88 4 2 18 132 30153 0.5 4.2002762430939224
table-0110-196 75 10 68 85 178 2065 0.3333333333333333 3.7554697554697554
table-0110-881 46 4 0 10 377 14573 1.0 71.99339933993399
table-0110-399 11 3 0 248 1355 10221 0.5 1.0734939759036144
table-0110-627 1 1 0 11 470 1199 1.0 0.005732358173552086
table-0110-864 3 4 0 18 99 38285 0.1111111111111111 0.39119496855345914
table-0110-745 4 4 2 25 62 8213 0.16666666666666666 0.014460093896713615
table-0110-481 2 2 0 95 290 17919 0.3333333333333333 0.015257192676547515
table-0110-216 2 3 0 59 93 5985 1.0 0.20765472312703584
table-0110-160 2 3 0 10 24 929 1.0 0.14925373134328357
table-0110-592 1 4 0 114 157 373589 0.3333333333333333 0.05528255528255528
table-0110-84 4 5 0 474 252 314481 0.25 0.012242121967807754
table-0110-242 12 7 0 12085 957 875021 0.08333333333333333 0.0925493128914649
table-0110-422 2 3 0 25 43 10403 0.3333333333333333 0.016365925304238357
table-0110-756 0 1 0 19 74 1639 1.0 0.0
table-0110-752 4 4 3 55 69 2114 1.0 0.048108767648596826
table-0110-653 1 6 0 27 20 2227 0.5 0.18564356435643564
table-0110-929 4 2 0 429 519 50103 0.3333333333333333 0.0056189114605845
table-0110-536 8 2 0 82 109 19687 0.3333333333333333 0.17105635797224583
table-0110-323 4 2 0 112 122 9268 0.3333333333333333 0.06479313036690086
table-0110-657 38 6 6 169 394 38591 0.14285714285714285 1.5770901194353963
table-0110-953 1 2 1 52 60 5349 0.5 0.010692177827799663
table-0110-316 2 2 0 36 40 11013 0.5 0.0625
table-0110-54 0 1 0 128 141 9462 0.3333333333333333 0.0
table-0110-262 2 2 0 17 31 2967 0.5 0.056210964607911175
table-0110-700 96 4 96 179 696 1797 1.0 32.71153846153846
table-0110-784 16 6 0 42 76 97639 1.0 1.1524987120041217
table-0110-879 3 2 0 144 159 11370 0.3333333333333333 0.11538461538461539
table-0110-6 1 3 0 81 98 3613 1.0 0.09776833156216791
table-0110-894 1 5 0 145 235 3286 0.3333333333333333 0.10677382319173363
table-0110-192 4 3 0 22 30 1382 0.3333333333333333 0.03916180006870491
table-0110-515 8 2 0 16 101 6173 0.3333333333333333 0.7612551159618008
table-0110-778 20 6 0 42 76 97639 1.0 1.3060278207109737
table-0110-108 15 4 1 39 29 0 1.0 0.17188389299943085
table-0110-584 2 5 2 220 332 5146 0.25 0.0048354467854147135
table-0110-247 1 3 0 156 167 8061 1.0 0.09482129832239242
table-0110-353 11 3 0 248 1355 10221 0.5 1.0433734939759036
table-0110-365 10 3 0 248 1355 10221 0.5 0.8349397590361446
table-0110-865 3 4 0 18 99 38285 0.1111111111111111 0.46037735849056605
table-0110-594 21 2 3 218 285 2949 1.0 0.38904109589041097
table-0110-486 4 2 0 23 58 2537 0.5 0.08038808038808039
table-0110-173 1 2 1 10 27 10499 1.0 0.014318010550113038
table-0110-761 33 4 25 160 118 1516916 0.25 0.5381861575178998
table-0110-407 12 3 12 248 1355 10221 0.5 1.1265060240963856
table-0110-46 2 2 0 64 94 4716 0.3333333333333333 0.30017761989342806
table-0110-452 11 6 0 174 243 2537 0.25 0.6506986027944112
table-0110-546 2 2 2 8 25 1587 1.0 0.015706806282722512
table-0110-708 3 3 0 220 250 2409 0.16666666666666666 0.16683831101956745
table-0110-690 130 4 130 164 293 1351 1.0 52.1
table-0110-158 0 1 0 15 56 894 1.0 0.0
table-0110-162 22 4 0 20 76 512 1.0 1.2384020618556701
table-0110-2 17 11 54 17 34 1336 0.5 3.3603603603603602
table-0110-544 1 1 0 310 158 17993 1.0 0.013748854262144821
table-0110-875 1 2 0 110 118 11817 0.3333333333333333 0.011842563566701497
table-0110-874 2 2 0 110 118 11817 0.3333333333333333 0.05886450714036921
table-0110-931 5 3 0 429 519 50103 0.3333333333333333 0.013066462745619576
table-0110-640 2 3 0 11 470 1199 1.0 0.015022731765170983
table-0110-822 39 4 1 94 86 202268 0.3333333333333333 1.8640832851359168
table-0110-901 1 3 0 51 48 4886 1.0 0.04387229660144181
table-0110-82 2 7 1 32 31 3947 1.0 0.2544229149115417
table-0110-844 6 3 0 5 25 2001 0.25 0.40017211703958694
table-0110-110 18 3 0 326 123 789565 0.5 0.06147258964752657
table-0110-624 1 3 0 11 470 1199 1.0 0.014627396718719115
table-0110-635 7 1 0 11 470 1199 1.0 0.03221980628582724
table-0110-368 10 3 0 248 1355 10221 0.5 0.9602409638554217
table-0110-386 21 3 0 248 1355 10221 0.5 1.9012048192771085
table-0110-917 1 2 0 39 128 16186 0.5 0.008056042031523642
table-0110-754 11 3 11 0 0 0 0.0 220.0
table-0110-835 0 1 0 60 64 18072 1.0 0.0
table-0110-787 4 5 0 50 40 6891 0.25 0.16244027930907753
table-0110-104 1 2 1 4 21 1520 1.0 0.025885558583106268
table-0110-239 25 7 0 12085 957 875021 0.08333333333333333 0.19332523137328222
table-0110-824 2 3 0 10 24 500 1.0 0.23418319169027385
table-0110-220 12 3 0 408 298 66576 0.5 0.05684863873606997
table-0110-459 8 4 3 52 79 3103 1.0 0.060989867498051444
table-0110-67 1 1 0 86 114 6329 1.0 0.0009819048954972647
table-0110-451 23 7 42 174 243 2537 0.25 3.8602794411177643
table-0110-522 13 6 0 281 202 204165 0.5 1.0332225913621262
table-0110-618 2 3 0 11 470 1199 1.0 0.025696778019371418
table-0110-769 4 8 0 71 135 2704 0.125 0.6761904761904762
table-0110-569 8 4 3 130 238 3435 0.05 0.6302158273381295
table-0110-292 3 2 0 181 203 7186 0.5 0.0744153082919915
table-0110-358 12 3 0 248 1355 10221 0.5 1.0710843373493977
table-0110-325 6 6 0 49 93 623 0.2 0.34594594594594597
table-0110-517 1 2 1 51 65 30181 1.0 0.0030177890724269376
table-0110-185 9 4 0 1608 735 134 1.0 0.02010882422521883
table-0110-78 14 6 22 831 709 76250 1.0 0.0697037037037037
table-0110-115 56 6 131 51 836 6202 0.3333333333333333 0.09717793746728216
table-0110-763 1 1 0 5 34 2743 0.5 0.007700477960701009
