table_id rows cols nulls inlinks outlinks views table_imp table_fraction
table-0004-935 7 4 0 43 129 842 0.5 3.537117903930131
table-0004-850 21 7 10 36 139 966 0.3333333333333333 3.9375
table-0004-218 26 5 65 8 40 5205 1.0 2.7292110874200426
table-0004-294 2 3 0 92 138 210946 1.0 0.02859154929577465
table-0004-849 52 3 0 61 87 1088 0.5 28.72093023255814
table-0004-561 4 3 0 202 267 2764 1.0 0.15615070358601907
table-0004-672 20 6 0 38 134 63376 0.1111111111111111 6.840304182509506
table-0004-535 1 3 0 137 163 2459 1.0 0.07600239377618193
table-0004-442 1 2 1 64 88 12457 1.0 0.02923076923076923
table-0004-540 1 2 0 29 38 4971 0.25 0.016796394920114706
table-0004-306 25 4 0 11 46 3708 0.5 3.9003690036900367
table-0004-573 1 3 0 190 130 1971 0.5 0.013531799729364006
table-0004-523 4 4 0 846 556 961572 0.14285714285714285 0.03762755102040816
table-0004-551 11 4 0 68 69 211882 0.3333333333333333 0.17809992234015015
table-0004-768 5 3 0 125 226 5725 0.5 0.07951482479784366
table-0004-769 2 3 0 7 18 88 1.0 0.4676258992805755
table-0004-479 1 3 0 36 74 3382 1.0 0.013975775322773859
table-0004-636 0 1 0 31 35 11839 0.3333333333333333 0.0
table-0004-527 9 6 5 51 31 2236 0.25 1.030612244897959
table-0004-186 12 4 0 53 58 3128 0.5 0.47058823529411764
table-0004-778 4 6 8 16 61 663 0.5 0.08097165991902834
table-0004-81 6 8 18 161 203 11887 0.25 0.05596935518195361
table-0004-715 5 3 5 258 255 16430 0.5 0.030171746866780133
table-0004-611 15 4 0 105 122 4406 0.5 1.070886075949367
table-0004-242 1 4 0 71 669 146981 0.030303030303030304 0.1588785046728972
table-0004-511 7 2 0 40 31 109 1.0 0.07073170731707316
table-0004-298 4 9 3 75 196 3104 1.0 0.27
table-0004-187 16 9 28 259 188 5660 1.0 0.7003109980209217
table-0004-29 15 2 1 105 86 1177 0.5 0.19217944831767203
table-0004-469 28 11 20 122 185 57113 0.09090909090909091 0.8037002195045468
table-0004-833 6 9 0 46 84 758 0.14285714285714285 0.15282846715328466
table-0004-698 3 7 3 271 426 1800 0.2 0.4762684124386252
table-0004-95 13 3 0 146 430 7302 0.125 0.32911782850092536
table-0004-995 2 2 0 103 111 25372 0.25 0.03367983367983368
table-0004-612 8 2 0 9 119 742 0.5 0.24174372523117568
table-0004-344 0 0 0 1967 576 263859 0.041666666666666664 0.0
table-0004-293 7 2 0 59 80 18246 0.25 0.21717171717171718
table-0004-633 7 4 7 143 149 4422 0.3333333333333333 0.07983682983682984
table-0004-996 7 2 0 103 111 25372 0.25 0.06403326403326404
table-0004-41 5 7 10 266 186 3389 0.25 0.050558406278297614
table-0004-273 25 2 0 29 436 2557 1.0 0.5132828336711832
table-0004-49 60 5 0 75 178 454 1.0 18.31801470588235
table-0004-572 1 2 1 190 130 1971 0.5 0.012855209742895805
table-0004-459 14 6 0 90 136 1463 0.5 1.0338983050847457
table-0004-774 4 4 0 1411 438 235066 0.3333333333333333 0.03606333072713057
table-0004-986 2 4 0 46 93 4033 0.14285714285714285 0.017723453017570664
table-0004-556 1 1 0 105 185 2015 0.16666666666666666 0.5769230769230769
table-0004-40 1 1 0 266 186 3389 0.25 0.006338665861756716
table-0004-445 1 3 0 40 22 1045 0.5 0.13149847094801223
table-0004-152 0 1 0 51 75 2601 0.5 0.0
table-0004-83 12 3 12 31 27 5636 0.5 0.15294646873594242
table-0004-679 6 10 5 128 150 16064 1.0 0.5007411799584939
table-0004-639 2 3 0 320 200 959943 0.16666666666666666 0.01716199246546672
table-0004-987 5 5 2 46 93 4033 0.14285714285714285 0.05103132161955691
table-0004-6 15 13 2 425 219 477295 1.0 0.1003485332558815
table-0004-470 11 11 8 122 185 57113 0.09090909090909091 0.36688617121354655
table-0004-68 6 10 0 429 303 5136 0.16666666666666666 0.35577797998180166
table-0004-953 8 3 0 318 269 11598 1.0 0.09341239541873121
table-0004-200 17 12 38 2147 779 254233 0.06666666666666667 0.05001106439477761
table-0004-641 7 5 0 320 200 959943 0.16666666666666666 0.23377982419422352
table-0004-786 18 4 19 350 198 14840 1.0 0.629080118694362
table-0004-759 38 8 23 57 114 1004 0.25 6.6425
table-0004-933 4 7 1 87 154 13190 0.3333333333333333 0.008288383107485857
table-0004-788 6 2 0 70 92 145 1.0 0.1755158822165546
table-0004-209 2 3 0 126 161 5976 1.0 0.1838088918380889
table-0004-223 10 4 0 168 91 336855 0.16666666666666666 0.15316275764036957
table-0004-125 9 3 2 1405 425 127845 0.1111111111111111 0.07951273532668882
table-0004-250 48 6 23 71 669 146981 0.030303030303030304 9.304405874499333
table-0004-491 8 2 0 67 243 3882 0.16666666666666666 0.057997118155619594
table-0004-328 3 3 0 305 281 7791 1.0 0.05313736574335783
table-0004-536 26 4 8 291 233 25259 1.0 3.7788461538461537
table-0004-150 1 2 0 87 111 1309 0.5 0.004127358490566038
table-0004-16 17 11 70 106 120 4192 0.3333333333333333 0.2905405405405405
table-0004-871 21 4 21 132 185 1078 0.25 5.024590163934426
table-0004-878 6 15 6 57 101 1249 1.0 0.7371900826446282
table-0004-552 90 6 0 72 447 31928 0.5 2.871523178807947
table-0004-268 30 7 0 130 141 5298 0.5 1.7886862509555532
table-0004-357 9 7 19 1967 576 263859 0.041666666666666664 0.0976951531822062
table-0004-776 4 6 8 16 61 663 0.5 0.08097165991902834
table-0004-377 21 3 0 25 113 1568 0.14285714285714285 3.6718092566619918
table-0004-437 2 3 0 45 14 1292 0.5 0.71875
table-0004-772 1 3 0 29 42 1147 1.0 0.07011915673693858
table-0004-161 6 5 4 110 1072 111039 0.038461538461538464 0.48337388483373883
table-0004-494 6 3 4 67 243 3882 0.16666666666666666 0.0792507204610951
table-0004-684 27 3 0 402 444 100781 0.5 0.12778176597272076
table-0004-45 13 8 0 75 178 454 1.0 5.490808823529412
table-0004-318 10 5 0 2187 512 258632 0.1 0.07707129094412331
table-0004-220 26 5 65 8 40 5205 1.0 2.7547974413646057
table-0004-266 1 6 0 286 226 6766 1.0 0.03329506314580941
table-0004-736 1 4 0 1033 258 431841 0.5 0.0011987625676720805
table-0004-313 13 2 0 2187 512 258632 0.1 0.08033199940714392
table-0004-600 12 11 0 24 137 941 0.08333333333333333 0.5395449620801733
table-0004-980 5 3 0 361 354 13736 0.2 0.03227688119774451
table-0004-853 52 3 0 62 87 1036 0.5 25.558139534883722
table-0004-649 2 2 2 337 377 7680 1.0 0.007294278550262138
table-0004-742 4 3 4 27 37 933 0.5 0.06018237082066869
table-0004-226 1 2 0 34 58 4560 1.0 0.016974169741697416
table-0004-25 7 2 5 205 750 56669 0.06666666666666667 0.09042553191489362
table-0004-214 5 3 0 151 142 4359 1.0 0.8359375
table-0004-359 1 1 0 1967 576 263859 0.041666666666666664 0.003888836194631509
table-0004-393 27 16 24 72 161 8627 1.0 10.316998468606432
table-0004-394 1 3 0 85 249 15283 1.0 0.03332275468105363
table-0004-212 1 3 0 128 149 2605 1.0 0.06784492588369441
table-0004-836 16 4 8 46 84 758 0.14285714285714285 0.5666058394160584
table-0004-978 22 8 14 361 354 13736 0.2 0.3126579817227299
table-0004-194 4 2 0 2147 779 254233 0.06666666666666667 0.003946300804012687
table-0004-709 15 3 0 23 42 4541 0.5 1.5342789598108748
table-0004-906 8 3 0 41 143 1101 0.5 3.268867924528302
table-0004-429 3 3 0 1787 477 98815 0.08333333333333333 0.017399710004833254
table-0004-515 4 2 0 15 31 4402 1.0 0.10039525691699605
table-0004-197 12 6 0 2147 779 254233 0.06666666666666667 0.02179685771188316
table-0004-498 1 3 0 169 179 3490 1.0 0.039631021523744446
table-0004-595 12 5 0 24 137 941 0.08333333333333333 0.5958829902491874
table-0004-455 65 6 54 1458 464 109270 0.1111111111111111 0.11052702520555331
table-0004-277 1 4 1 73 91 12215 1.0 0.026027397260273973
table-0004-873 20 6 69 132 185 1078 0.25 5.0
table-0004-221 26 5 65 8 40 5205 1.0 2.720682302771855
table-0004-332 8 4 0 38 115 4665 0.2 0.19708029197080293
table-0004-846 6 3 6 242 278 16708 1.0 0.15570672713529857
table-0004-106 0 1 0 103 136 5455 0.3333333333333333 0.0
table-0004-140 9 4 0 161 261 7821 1.0 0.04537296690970275
table-0004-904 2 2 2 42 80 17624 0.5 0.02634011090573013
table-0004-425 75 9 59 1787 477 98815 0.08333333333333333 0.2461736748831964
table-0004-134 2 3 0 122 179 2475 1.0 0.1717116125481563
table-0004-766 0 1 0 18 22 1615 1.0 0.0
table-0004-285 2 2 2 52 73 5183 1.0 0.0764525993883792
table-0004-869 1 14 0 270 140 168569 0.5 0.007333394444953708
table-0004-533 11 4 11 356 214 14548 1.0 1.0
table-0004-356 13 13 7 1967 576 263859 0.041666666666666664 0.10699042018400835
table-0004-241 5 4 3 71 669 146981 0.030303030303030304 0.6622162883845126
table-0004-924 9 3 0 48 142 775 0.5 3.8443396226415096
table-0004-720 9 6 0 136 73 35090 1.0 0.25827455236028213
table-0004-791 8 5 3 234 217 322160 0.5 0.03417760146475435
table-0004-99 236 3 1 146 430 7302 0.125 8.38062924120913
table-0004-382 2 2 2 57 72 2511 1.0 0.14124293785310735
table-0004-764 8 6 0 24 73 1431 1.0 0.6730345334313005
table-0004-372 1 4 2 1967 576 263859 0.041666666666666664 0.005880679123589111
table-0004-188 2 2 2 60 80 7490 1.0 0.005521650682941005
table-0004-324 1 2 1 57 83 3297 1.0 0.01471727343144849
table-0004-257 3 4 2 71 669 146981 0.030303030303030304 0.27636849132176233
table-0004-616 27 4 20 56 114 2348 0.3333333333333333 2.096614950634697
table-0004-528 7 4 0 51 31 2236 0.25 0.358843537414966
table-0004-89 5 4 5 32 47 8340 0.25 0.12664277180406214
table-0004-792 5 4 0 140 150 31257 1.0 0.014163175743068024
table-0004-467 9 7 4 122 185 57113 0.09090909090909091 0.42521166509877706
table-0004-361 10 5 0 1967 576 263859 0.041666666666666664 0.04306174713079768
table-0004-76 7 2 0 129 180 7310 0.16666666666666666 0.12903930131004368
table-0004-82 3 22 23 12 31 928 0.5 0.15423728813559323
table-0004-631 1 3 0 135 127 3061 1.0 0.03748958622604832
table-0004-798 22 8 14 274 280 10332 0.2 0.18653206378341172
table-0004-390 12 4 0 2 34 569 0.2 1.523489932885906
table-0004-922 7 5 7 55 31 1373 0.5 1.317817014446228
table-0004-840 4 2 2 113 167 59853 0.25 0.02972765630993479
table-0004-381 26 4 0 62 34 1346 1.0 2.1842105263157894
table-0004-412 19 4 8 1471 345 1427548 1.0 0.053395743943137
table-0004-109 19 3 3 7 32 0 0.5 1.5241935483870968
table-0004-975 3 1 0 100 41 16587 1.0 0.010486390004462293
table-0004-661 12 3 0 9 332 4339 1.0 0.09243166376994785
table-0004-963 41 4 0 123 269 900 1.0 0.26830398517145504
table-0004-47 15 2 0 75 178 454 1.0 0.5863970588235294
table-0004-670 30 5 0 38 134 63376 0.1111111111111111 3.4689480354879594
table-0004-456 10 5 0 1458 464 109270 0.1111111111111111 0.06415959024127241
table-0004-236 3 4 1 71 669 146981 0.030303030303030304 0.27903871829105475
table-0004-44 0 1 0 23 30 1752 1.0 0.0
table-0004-264 5 4 2 71 669 146981 0.030303030303030304 0.7129506008010681
table-0004-746 2 4 0 7 20 4607 0.125 0.1678048780487805
table-0004-430 5 3 0 135 179 1808 0.5 0.5722222222222222
table-0004-249 8 5 8 71 669 146981 0.030303030303030304 1.2790387182910548
table-0004-472 15 5 0 122 185 57113 0.09090909090909091 0.2618375666353089
table-0004-816 0 1 0 91 56 4951 1.0 0.0
table-0004-462 0 1 0 98 170 22052 1.0 0.0
table-0004-314 15 2 0 2187 512 258632 0.1 0.08285163776493257
table-0004-812 48 16 0 24 116 1552 1.0 1.6193990511333685
table-0004-596 6 3 0 24 137 941 0.08333333333333333 0.4723726977248104
table-0004-960 3 4 0 123 269 900 1.0 0.02432808155699722
table-0004-902 1 2 0 64 107 5226 0.3333333333333333 0.05760963026655202
table-0004-485 4 6 0 287 299 1612 0.3333333333333333 0.9304556354916067
table-0004-474 17 16 96 353 207 17947 0.25 0.39428979300499645
table-0004-898 3 3 0 37 47 3174 1.0 0.0817353033637221
table-0004-834 5 4 0 46 84 758 0.14285714285714285 0.2071167883211679
table-0004-544 1 2 1 13 29 1616 1.0 0.0024739583333333332
table-0004-484 9 3 0 316 362 17749 1.0 0.06389982110912343
table-0004-692 1 2 1 23 24 1989 1.0 0.026912181303116147
table-0004-74 4 3 0 33 57 2843 1.0 0.2741652021089631
table-0004-189 6 9 5 2147 779 254233 0.06666666666666667 0.004351995279191561
table-0004-693 11 4 0 37 32 16257 0.5 0.13473139902326917
table-0004-261 1 5 1 71 669 146981 0.030303030303030304 0.14419225634178906
table-0004-284 25 3 3 97 95 20442 0.5 0.24907063197026022
table-0004-946 11 4 0 1260 802 183959 0.0625 0.01070105391892378
table-0004-413 3 3 0 61 70 5264 1.0 0.613265306122449
table-0004-939 3 3 0 37 82 742 0.5 1.6384976525821595
table-0004-433 13 6 41 40 51 2287 0.3333333333333333 1.7152777777777777
table-0004-972 7 4 0 199 216 1899 0.3333333333333333 3.6666666666666665
table-0004-574 8 3 0 132 146 18494 1.0 0.03988874806365301
table-0004-97 33 3 0 146 430 7302 0.125 1.1508328192473782
table-0004-581 1 3 0 20 38 2554 1.0 0.0941385435168739
table-0004-710 30 5 30 110 50 2430 0.5 4.934108527131783
table-0004-288 1 2 1 53 71 4488 1.0 0.06506849315068493
table-0004-950 1 2 1 43 55 5916 1.0 0.012566137566137565
table-0004-553 5 4 2 55 70 62414 1.0 0.06716036772216548
table-0004-680 3 10 6 128 150 16064 1.0 0.15327601541654315
table-0004-252 1 4 0 71 669 146981 0.030303030303030304 0.17623497997329773
table-0004-192 12 9 0 2147 779 254233 0.06666666666666667 0.02511617614516486
table-0004-274 14 1 0 29 436 2557 1.0 0.035314200362744054
table-0004-593 2 3 0 24 137 941 0.08333333333333333 0.20260021668472372
table-0004-887 18 15 22 75 173 35099 0.09090909090909091 0.6080191502094554
table-0004-405 4 4 0 2 35 424 0.2 0.43089430894308944
table-0004-811 43 4 0 24 116 1552 1.0 0.4944649446494465
table-0004-627 11 4 0 248 292 647 1.0 0.4059962523422861
table-0004-349 8 1 6 1967 576 263859 0.041666666666666664 0.004742483164184767
table-0004-741 2 6 1 269 405 2084 0.5 0.1988400994200497
table-0004-830 49 4 29 562 233 17399 1.0 1.4416135881104033
table-0004-389 4 4 0 2 34 569 0.2 0.35570469798657717
table-0004-819 20 7 22 34 120 1014 0.5 5.2536873156342185
table-0004-537 54 8 41 29 128 2969 1.0 3.189814814814815
table-0004-452 9 11 5 1458 464 109270 0.1111111111111111 0.1752257716673406
table-0004-604 11 4 6 376 216 20039 1.0 1.0231884057971015
table-0004-896 1 3 0 34 54 17420 1.0 0.02212166918049271
table-0004-609 51 3 11 26 164 4126 0.5 0.32233211868818323
table-0004-287 2 2 1 61 88 20909 1.0 0.016816816816816817
table-0004-123 3 2 0 193 184 2889 0.5 0.1531413612565445
table-0004-354 4 2 0 1967 576 263859 0.041666666666666664 0.011097410604192354
table-0004-210 12 4 12 77 58 7920 0.5 0.09904258831297458
table-0004-984 4 3 0 46 93 4033 0.14285714285714285 0.029488158899923605
table-0004-36 7 8 1 266 178 13926 0.2 0.30011723329425555
table-0004-181 9 5 0 110 1072 111039 0.038461538461538464 1.0932684509326844
table-0004-530 0 1 0 67 131 2298 1.0 0.0
table-0004-954 1 2 1 42 61 8201 1.0 0.01582014987510408
table-0004-618 8 10 0 56 114 2348 0.3333333333333333 0.304654442877292
table-0004-876 7 4 0 66 104 1256 0.5 1.0828025477707006
table-0004-810 88 3 0 24 116 1552 1.0 1.9620453347390616
table-0004-729 24 3 3 1033 258 431841 0.5 0.21380510440835268
table-0004-716 5 3 5 258 255 16430 0.5 0.030171746866780133
table-0004-146 4 7 0 54 177 16984 0.2 0.02164024810475534
table-0004-606 21 4 10 398 247 24345 1.0 1.6395027624309393
table-0004-613 1 2 1 39 54 5848 1.0 0.049868766404199474
table-0004-814 43 15 0 24 116 1552 1.0 1.5682656826568266
table-0004-387 3 7 0 2 34 569 0.2 0.2986577181208054
table-0004-916 2 2 0 63 108 4563 0.3333333333333333 0.038001407459535536
table-0004-237 25 4 2 71 669 146981 0.030303030303030304 3.923898531375167
table-0004-414 2 3 0 34 21 989 0.5 0.38372093023255816
table-0004-730 8 4 0 1033 258 431841 0.5 0.04918793503480278
table-0004-585 23 4 1 379 262 28107 1.0 1.0295698924731183
table-0004-56 1 3 0 129 121 8694 1.0 0.00733397807865893
table-0004-10 7 10 11 208 311 959 1.0 0.18863361547763
table-0004-378 14 3 0 25 113 1568 0.14285714285714285 2.429172510518934
table-0004-43 6 3 2 21 166 878 1.0 0.04908338261383797
table-0004-594 10 11 0 24 137 941 0.08333333333333333 0.4387865655471289
table-0004-784 38 4 1 400 585 24598 1.0 6.99746192893401
table-0004-388 12 7 0 2 34 569 0.2 1.4630872483221478
table-0004-147 3 7 0 54 177 16984 0.2 0.010613370089593384
table-0004-300 4 9 4 75 196 3104 1.0 0.14666666666666667
table-0004-374 7 9 6 1967 576 263859 0.041666666666666664 0.010528312624490183
table-0004-829 16 6 0 63 77 816 0.5 8.568181818181818
table-0004-248 7 5 3 71 669 146981 0.030303030303030304 1.4819759679572764
table-0004-640 2 3 1 320 200 959943 0.16666666666666666 0.022603599832565928
table-0004-3 10 5 0 99 135 5440 1.0 0.03651001685077701
table-0004-482 1 2 0 39 54 24543 1.0 0.017467248908296942
table-0004-119 12 6 37 127 369 5438 0.1 0.17572175494430553
table-0004-255 2 5 1 71 669 146981 0.030303030303030304 0.369826435246996
table-0004-628 23 5 0 38 143 7556 0.3333333333333333 0.30998057309373483
table-0004-723 12 2 0 90 188 3761 0.125 0.12033898305084746
table-0004-175 21 5 18 110 1072 111039 0.038461538461538464 1.5750202757502028
table-0004-331 8 4 0 38 115 4665 0.2 0.16749903956972723
table-0004-525 15 4 1 207 168 14271 1.0 1.2623762376237624
table-0004-725 15 3 0 584 425 119866 0.25 0.06721852569811913
table-0004-481 1 2 1 39 54 24543 1.0 0.016593886462882096
table-0004-157 1 3 0 131 315 9379 0.3333333333333333 0.004167135938731839
table-0004-763 17 5 17 24 73 1431 1.0 1.1440117560617193
table-0004-122 9 6 38 84 138 4505 0.5 0.1901441190144119
table-0004-913 3 7 0 223 412 32978 0.25 0.013128947555177064
table-0004-108 10 2 0 264 331 13866 0.5 0.034122562674094706
table-0004-174 4 5 4 110 1072 111039 0.038461538461538464 0.23276561232765614
table-0004-521 37 7 25 846 556 961572 0.14285714285714285 0.32536139455782315
table-0004-52 3 3 0 81 167 14704 0.25 0.022322302721754454
table-0004-597 10 4 0 24 137 941 0.08333333333333333 1.4138678223185266
table-0004-638 47 4 18 320 200 959943 0.16666666666666666 0.6793637505232315
table-0004-124 1 3 0 20 37 2011 1.0 0.08741258741258741
table-0004-691 22 8 0 565 158 288169 0.25 0.09248497491680326
table-0004-37 16 2 1 266 186 3389 0.25 0.08994868699064293
table-0004-821 1 3 0 147 234 2099 1.0 0.12192723697148476
table-0004-142 10 8 0 54 177 16984 0.2 0.10337698139214335
table-0004-545 1 1 0 439 312 46598 1.0 0.00416720927204063
table-0004-625 16 11 14 248 292 647 1.0 0.5452841973766396
table-0004-998 106 4 197 19 753 35599 0.5 0.43742098609355246
table-0004-133 1 6 0 327 337 1951 1.0 0.045146726862302484
table-0004-548 13 3 0 16 37 2419 0.5 0.5907216494845361
table-0004-346 1 5 2 1967 576 263859 0.041666666666666664 0.008062221379114104
table-0004-948 1 2 1 5 15 1545 1.0 0.06031746031746032
table-0004-925 7 3 0 41 137 706 0.5 2.782608695652174
table-0004-888 5 4 4 75 173 35099 0.09090909090909091 0.10293237582286056
table-0004-103 0 1 0 107 114 4756 1.0 0.0
table-0004-50 1 1 0 75 178 454 1.0 0.025735294117647058
table-0004-893 0 1 0 14 46 4221 1.0 0.0
table-0004-501 1 2 1 14 14 1162 1.0 0.029503105590062112
table-0004-173 4 5 4 110 1072 111039 0.038461538461538464 0.23438767234387672
table-0004-765 13 5 0 99 153 4265 0.25 0.1265569737044441
table-0004-493 18 3 1 67 243 3882 0.16666666666666666 0.348342939481268
table-0004-499 9 2 0 277 283 13471 0.25 0.23076923076923078
table-0004-750 34 4 0 7 20 4607 0.125 6.022439024390244
table-0004-179 16 5 16 110 1072 111039 0.038461538461538464 1.099756690997567
table-0004-557 10 5 7 845 615 1272853 1.0 0.04603379152348225
table-0004-263 1 5 1 71 669 146981 0.030303030303030304 0.14152202937249667
table-0004-436 0 1 0 253 236 20950 1.0 0.0
table-0004-793 20 7 0 30 60 1299 0.3333333333333333 0.20507214691735898
table-0004-956 7 4 0 123 269 900 1.0 0.04610750695088044
table-0004-336 6 4 15 38 115 4665 0.2 0.051863234729158665
table-0004-804 8 3 8 41 51 5083 1.0 0.16247275609272835
table-0004-222 14 4 4 168 91 336855 0.16666666666666666 0.1437455579246624
table-0004-439 8 7 0 30 53 5439 1.0 0.16251482799525505
table-0004-339 1 4 0 197 222 2283 0.25 0.008259212198221092
table-0004-111 0 1 0 127 369 5438 0.1 0.0
table-0004-563 1 2 0 191 136 2242 1.0 0.01572112098427888
table-0004-989 1 3 0 46 93 4033 0.14285714285714285 0.023834988540870895
table-0004-555 18 9 0 35 39 1462 0.5 1.895320197044335
table-0004-695 3 2 0 7 23 1668 1.0 0.12313432835820895
table-0004-905 3 3 0 42 80 17624 0.5 0.04805914972273567
table-0004-352 7 9 5 1967 576 263859 0.041666666666666664 0.014796547472256474
table-0004-373 7 9 6 1967 576 263859 0.041666666666666664 0.010528312624490183
table-0004-415 21 8 57 286 104 74703 1.0 0.1604500937695353
table-0004-727 6 5 0 22 51 1996 0.3333333333333333 0.11137683635121284
table-0004-201 10 16 20 2147 779 254233 0.06666666666666667 0.06848860367337907
table-0004-841 4 2 0 113 167 59853 0.25 0.02032988108937476
table-0004-205 1 3 0 305 338 2444 1.0 0.10333863275039745
table-0004-208 2 3 0 161 180 38552 1.0 0.016405203749760858
table-0004-480 1 3 0 179 461 3874 1.0 0.03970125786163522
table-0004-643 9 4 4 2498 782 113036 0.1 0.032589587559161595
table-0004-734 1 4 0 1033 258 431841 0.5 0.002822892498066512
table-0004-32 15 6 0 643 374 46424 0.3333333333333333 0.09593466750426277
table-0004-432 19 9 8 40 51 2287 0.3333333333333333 5.756944444444445
table-0004-532 8 6 0 36 122 748 0.5 0.581039755351682
table-0004-909 6 7 0 223 412 32978 0.25 0.024803065786672344
table-0004-634 90 5 176 143 149 4422 0.3333333333333333 0.6131993006993007
table-0004-942 2 4 2 359 278 834 0.5 0.9605263157894737
table-0004-973 4 2 0 230 297 11014 0.3333333333333333 0.012629533678756476
table-0004-845 2 3 0 6 21 4950 0.5 0.14684287812041116
table-0004-368 7 10 0 1967 576 263859 0.041666666666666664 0.03556862373138575
table-0004-940 1 2 1 60 69 33893 1.0 0.013748191027496382
table-0004-151 5 4 3 359 281 775 0.5 1.8113207547169812
table-0004-955 1 2 1 49 80 12142 1.0 0.015472312703583062
table-0004-722 135 4 135 90 188 3761 0.125 6.989830508474577
table-0004-54 5 4 0 81 167 14704 0.25 0.03407088310162522
table-0004-865 7 7 0 35 148 1090 0.3333333333333333 1.583132530120482
table-0004-825 5 2 3 108 164 61232 1.0 0.12468193384223919
table-0004-92 8 3 0 394 365 22979 0.25 0.10663905784910056
table-0004-838 7 10 0 217 278 13456 0.5 0.02222464320732106
table-0004-26 68 4 44 205 750 56669 0.06666666666666667 1.5301418439716312
table-0004-408 1 2 1 5 73 2758 1.0 0.008144475920679886
table-0004-891 4 7 3 75 173 35099 0.09090909090909091 0.1331538001196888
table-0004-601 10 11 0 24 137 941 0.08333333333333333 0.4875406283856988
table-0004-795 15 4 0 204 201 19604 1.0 1.9117147707979627
table-0004-959 5 4 0 123 269 900 1.0 0.042632066728452274
table-0004-738 3 2 0 36 51 7520 0.3333333333333333 0.11347517730496454
table-0004-520 32 4 26 224 154 702470 0.3333333333333333 0.3663861723902661
table-0004-164 16 5 15 110 1072 111039 0.038461538461538464 1.1630170316301702
table-0004-136 2 8 4 352 280 747 0.3333333333333333 0.7770114942528735
table-0004-708 0 1 0 123 188 11561 1.0 0.0
table-0004-860 9 5 0 25 58 2512 0.2 0.6267880364109233
table-0004-398 4 4 0 1 34 529 0.2 0.35333333333333333
table-0004-30 1 3 0 122 118 1573 1.0 0.07319391634980989
table-0004-58 22 4 34 11 47 106 1.0 5.238888888888889
table-0004-98 65 3 0 146 430 7302 0.125 2.1024059222702034
table-0004-717 5 3 5 258 255 16430 0.5 0.030171746866780133
table-0004-363 8 1 5 1967 576 263859 0.041666666666666664 0.00834677036896519
table-0004-837 16 4 0 278 173 12815 1.0 1.6725806451612903
table-0004-854 17 3 17 215 215 14706 1.0 0.38288288288288286
table-0004-329 14 1 0 154 230 10448 0.25 0.20671609245529873
table-0004-514 1 2 1 55 93 4133 1.0 0.01170671595810228
table-0004-777 4 6 8 16 61 663 0.5 0.08097165991902834
table-0004-677 20 3 8 38 134 63376 0.1111111111111111 5.306717363751584
table-0004-943 18 7 33 1260 802 183959 0.0625 0.025160965432898096
table-0004-418 3 2 3 48 122 14280 0.25 0.014997973246858533
table-0004-17 28 6 0 106 120 4192 0.3333333333333333 0.28631756756756754
table-0004-665 6 5 6 83 120 1196 0.5 0.6619385342789598
table-0004-678 5 3 0 128 150 16064 1.0 0.019270678920841982
table-0004-675 12 7 4 38 134 63376 0.1111111111111111 16.584283903675537
table-0004-534 24 4 39 384 259 15982 1.0 0.761049723756906
table-0004-660 16 5 0 9 332 4339 1.0 0.129404329277927
table-0004-376 22 3 0 25 113 1568 0.14285714285714285 4.035063113604488
table-0004-70 6 10 0 389 302 4315 0.16666666666666666 0.33551136363636364
table-0004-96 61 3 2 146 430 7302 0.125 2.2106724244293647
table-0004-265 6 4 3 71 669 146981 0.030303030303030304 0.6582109479305741
table-0004-487 6 5 0 114 92 72128 0.5 0.17739780924392198
table-0004-928 13 2 6 14 36 3003 1.0 0.3807531380753138
table-0004-271 13 3 0 8 25 727 0.5 2.075117370892019
table-0004-712 5 3 5 258 255 16430 0.5 0.02645830109856104
table-0004-937 25 5 1 40 53 11824 0.5 0.49363404874499817
table-0004-870 1 3 0 270 140 168569 0.5 0.011275093959116326
table-0004-839 43 4 14 344 210 19020 1.0 1.8414141414141414
table-0004-964 39 4 0 123 269 900 1.0 0.25857275254865614
table-0004-492 15 5 0 67 243 3882 0.16666666666666666 0.34420028818443804
table-0004-851 6 7 3 36 139 966 0.3333333333333333 1.0732758620689655
table-0004-341 7 9 5 1967 576 263859 0.041666666666666664 0.014796547472256474
table-0004-131 8 4 0 1405 425 127845 0.1111111111111111 0.09036544850498339
table-0004-751 10 4 0 7 20 4607 0.125 1.410731707317073
table-0004-281 2 5 0 40 79 7465 0.3333333333333333 0.06727062451811873
table-0004-295 27 13 0 52 54 2586 0.5 0.9167709637046307
table-0004-578 1 10 0 29 42 1155 0.5 0.05509964830011723
table-0004-629 10 4 0 38 143 7556 0.3333333333333333 0.09895580378824673
table-0004-697 4 6 0 271 426 1800 0.2 0.27168576104746317
table-0004-110 4 5 8 127 369 5438 0.1 0.05478517844964765
table-0004-145 31 8 100 54 177 16984 0.2 0.2551343900758098
table-0004-674 12 6 0 38 134 63376 0.1111111111111111 4.816223067173637
table-0004-79 5 4 0 129 180 7310 0.16666666666666666 0.08995633187772925
table-0004-667 1 2 0 20 24 6660 1.0 0.02297383535417996
table-0004-421 3 10 2 8 46 774 0.25 0.5114155251141552
table-0004-396 3 7 0 1 34 529 0.2 0.2966666666666667
table-0004-571 10 7 3 112 151 5118 0.5 0.3450479233226837
table-0004-874 32 8 18 113 215 25286 0.5 0.644999032694912
table-0004-65 83 5 0 12 150 667 0.5 5.256627783669141
table-0004-311 9 12 0 11 150 17781 1.0 0.3954834973943254
table-0004-771 1 2 0 33 40 3452 1.0 0.010300044782803403
table-0004-15 0 1 0 106 120 4192 0.3333333333333333 0.0
table-0004-154 0 1 0 180 239 6399 0.3333333333333333 0.0
table-0004-166 12 5 4 110 1072 111039 0.038461538461538464 0.9464720194647201
table-0004-724 11 3 2 584 425 119866 0.25 0.017027296065384816
table-0004-767 2 3 0 78 120 2048 0.5 0.025753768844221106
table-0004-343 7 1 6 1967 576 263859 0.041666666666666664 0.0023712415820923835
table-0004-799 5 3 0 274 280 10332 0.2 0.019043248824136744
table-0004-740 43 3 1 269 405 2084 0.5 2.807787903893952
table-0004-420 3 3 0 40 22 1024 0.5 0.43543543543543545
table-0004-969 41 4 5 452 266 34389 1.0 1.205503512880562
table-0004-116 1 5 2 127 369 5438 0.1 0.011820868379177086
table-0004-546 2 3 0 0 0 0 0.0 110.0
table-0004-936 1 2 1 11 35 2985 1.0 0.029320987654320986
table-0004-319 12 5 0 2187 512 258632 0.1 0.09159626500666963
table-0004-13 16 13 98 80 110 4187 0.3333333333333333 1.7406143344709897
table-0004-73 5 8 0 398 292 4604 0.16666666666666666 0.08248175182481751
table-0004-903 8 3 0 45 149 976 0.5 3.201005025125628
table-0004-842 2 3 0 113 167 59853 0.25 0.04986574606827771
table-0004-877 9 6 0 66 104 1256 0.5 0.6369426751592356
table-0004-577 2 2 0 160 202 2239 0.5 0.06401384083044982
table-0004-971 7 6 6 199 216 1899 0.3333333333333333 0.8333333333333334
table-0004-790 25 4 0 375 223 71947 1.0 0.59692724807953
table-0004-392 56 6 35 72 161 8627 1.0 12.075038284839204
table-0004-243 6 4 2 71 669 146981 0.030303030303030304 1.2616822429906542
table-0004-599 10 4 0 24 137 941 0.08333333333333333 1.180931744312026
table-0004-283 18 3 1 357 327 34063 0.25 0.13488835394704077
table-0004-694 2 6 0 192 152 22376 0.5 0.02053231939163498
table-0004-587 9 4 0 198 441 33221 1.0 0.017532663822926814
table-0004-48 6 16 1 75 178 454 1.0 1.7536764705882353
table-0004-272 159 2 0 29 436 2557 1.0 3.243571962018564
table-0004-198 11 5 0 2147 779 254233 0.06666666666666667 0.019104521649332448
table-0004-422 23 10 22 8 46 774 0.25 4.068493150684931
table-0004-458 12 4 0 90 136 1463 0.5 3.7288135593220337
table-0004-184 2 4 2 342 485 862 0.5 0.17291414752116083
table-0004-826 12 7 12 85 160 3208 1.0 0.3244236551954561
table-0004-803 21 4 21 497 387 24044 1.0 1.3516666666666666
table-0004-664 14 2 0 163 173 1658 0.5 0.10210696920583469
table-0004-196 10 5 0 2147 779 254233 0.06666666666666667 0.016744117430109905
table-0004-411 2 2 0 16 9 2022 0.3333333333333333 0.06520726595249185
table-0004-779 4 6 8 16 61 663 0.5 0.08097165991902834
table-0004-929 9 3 0 39 155 946 0.5 3.114678899082569
table-0004-807 3 2 0 151 168 4453 0.16666666666666666 0.01019003029468466
table-0004-785 5 4 0 35 21 5048 1.0 0.02633113097551496
table-0004-101 3 12 0 11 37 1122 0.5 0.09115138592750532
table-0004-739 1 2 0 36 51 7520 0.3333333333333333 0.012002182214948172
table-0004-794 4 9 3 152 330 1962 1.0 0.05496828752642706
table-0004-323 14 7 14 998 375 25156 0.25 0.6693503609106052
table-0004-513 1 3 0 92 86 1993 1.0 0.0583996966249526
table-0004-579 0 1 0 29 42 1155 0.5 0.0
table-0004-460 1 2 0 14 20 2816 0.5 0.08597285067873303
table-0004-801 1 3 0 274 280 10332 0.2 0.015716416198233336
table-0004-115 5 5 10 127 369 5438 0.1 0.059786315071607185
table-0004-11 2 2 0 0 0 0 0.0 80.0
table-0004-866 10 6 0 35 148 1090 0.3333333333333333 0.6963855421686747
table-0004-402 1 2 0 216 279 4043 0.5 0.006918573709419904
table-0004-781 8 5 0 10 40 1030 1.0 0.6318719554627696
table-0004-312 9 8 0 11 150 17781 1.0 0.2918355529820498
table-0004-335 6 4 3 38 115 4665 0.2 0.13753361505954667
table-0004-141 10 8 0 54 177 16984 0.2 0.09965541006202619
table-0004-979 5 3 0 361 354 13736 0.2 0.03227688119774451
table-0004-632 3 6 8 15 28 263 1.0 0.09388335704125178
table-0004-927 9 3 0 40 161 895 0.5 4.045454545454546
table-0004-566 10 7 16 69 66 2770 1.0 0.10746056221088839
table-0004-782 1 1 0 116 194 1827 0.16666666666666666 0.4702194357366771
table-0004-360 10 5 0 1967 576 263859 0.041666666666666664 0.03945745992601726
table-0004-27 1 2 0 205 750 56669 0.06666666666666667 0.014893617021276596
table-0004-447 3 3 0 535 517 37881 0.3333333333333333 0.05152730638691762
table-0004-489 13 4 3 1043 557 569153 0.2 0.016672057396571495
table-0004-128 14 6 23 1405 425 127845 0.1111111111111111 0.3811738648947951
table-0004-371 0 0 0 1967 576 263859 0.041666666666666664 0.0
table-0004-180 4 5 4 110 1072 111039 0.038461538461538464 0.26682887266828875
table-0004-944 23 6 12 1260 802 183959 0.0625 0.048847163771087374
table-0004-490 15 7 12 1043 557 569153 0.2 0.04434120379899439
table-0004-486 1 4 0 287 299 1612 0.3333333333333333 0.07673860911270983
table-0004-227 1 2 1 41 66 8310 0.5 0.038
table-0004-348 7 9 6 1967 576 263859 0.041666666666666664 0.010907711277624965
table-0004-796 17 4 13 239 198 18746 1.0 1.1342657342657343
table-0004-206 12 4 0 345 300 59607 0.5 0.10619710619710619
table-0004-714 5 3 5 258 255 16389 0.5 0.030171746866780133
table-0004-446 2 7 0 535 517 37807 0.3333333333333333 0.047516198704103674
table-0004-182 18 8 45 203 255 6952 0.5 0.046453959332121014
table-0004-993 1 4 0 122 141 1442 1.0 0.5402597402597402
table-0004-431 1 2 1 65 99 18761 1.0 0.02464332036316472
table-0004-434 2 3 0 40 51 2279 0.3333333333333333 0.9513888888888888
table-0004-80 6 4 0 161 203 11858 0.25 0.08980634177484571
table-0004-617 10 10 0 56 114 2341 0.3333333333333333 0.346262341325811
table-0004-90 8 4 1 15 39 11500 1.0 0.06726838332890894
table-0004-598 2 4 0 24 137 938 0.08333333333333333 0.2903575297941495
table-0004-419 2 3 0 19 39 1055 1.0 0.26711409395973157
table-0004-476 2 2 2 44 66 28521 1.0 0.044859813084112146
table-0004-301 4 5 4 75 196 3101 1.0 2.5733333333333333
table-0004-789 10 2 0 70 92 144 1.0 0.28750289821469976
table-0004-897 9 3 0 49 118 1348 0.5 3.969543147208122
table-0004-952 5 4 4 318 269 11529 1.0 0.0350905694094712
table-0004-307 22 4 0 11 46 3707 0.5 3.5424354243542435
table-0004-681 0 1 0 33 28 1437 1.0 0.0
table-0004-718 2 3 2 258 255 16389 0.5 0.011759244932693796
table-0004-216 26 5 65 8 40 5196 1.0 2.1876332622601278
table-0004-202 9 15 7 2147 779 253871 0.06666666666666667 0.05237146861400015
table-0004-441 1 3 0 33 14 637 0.5 0.1640625
table-0004-658 14 3 0 9 332 4331 1.0 0.08374150734713225
table-0004-345 0 0 0 1967 576 263428 0.041666666666666664 0.0
table-0004-619 9 10 0 56 114 2341 0.3333333333333333 0.34978843441466856
table-0004-105 9 3 9 103 136 5451 0.3333333333333333 0.07502168256721596
table-0004-882 16 2 0 105 111 13961 0.5 0.08373919874312648
table-0004-696 5 3 0 638 704 7816 1.0 0.13942628418945963
table-0004-159 15 5 0 110 1072 110815 0.038461538461538464 1.1824817518248176
table-0004-831 6 7 0 46 84 754 0.14285714285714285 0.1322992700729927
table-0004-550 11 4 5 68 69 211442 0.3333333333333333 0.17758219000776598
table-0004-495 5 3 0 67 243 3875 0.16666666666666666 0.10572766570605187
table-0004-570 1 3 0 21 29 1032 1.0 0.14575411913814956
table-0004-787 5 2 0 70 92 144 1.0 0.13818687688383954
table-0004-195 6 7 5 2147 779 253871 0.06666666666666667 0.061444272331636796
table-0004-683 45 6 24 245 349 17662 1.0 0.35957575234974565
table-0004-526 1 3 0 36 68 7374 1.0 0.029866117404737384
table-0004-385 1 2 1 56 80 4157 1.0 0.013296011196641007
table-0004-624 16 4 1 248 292 645 1.0 1.146783260462211
table-0004-728 1 4 0 22 51 1989 0.3333333333333333 0.01742398360095661
table-0004-947 1 21 0 1260 802 183540 0.0625 0.0005035790079493544
table-0004-863 0 1 0 267 147 101672 0.2 0.0
table-0004-647 2 5 0 2498 782 112820 0.1 0.0012846517917511832
table-0004-510 16 11 0 35 57 4107 0.5 0.8233670653173873
table-0004-342 8 1 6 1967 576 263428 0.041666666666666664 0.004742483164184767
table-0004-12 0 1 0 80 110 4163 0.3333333333333333 0.0
table-0004-668 92 5 0 77 82 55757 1.0 11.69284064665127
table-0004-126 5 9 5 1405 425 127554 0.1111111111111111 0.011517165005537098
table-0004-967 6 4 0 123 269 897 1.0 0.04610750695088044
table-0004-590 3 3 0 111 110 103138 0.16666666666666666 0.06639146886824905
table-0004-930 0 1 0 23 62 1363 1.0 0.0
table-0004-559 3 3 0 845 615 1270223 1.0 0.010166093928980527
table-0004-682 3 2 2 49 79 14693 1.0 0.009609517998779744
table-0004-844 67 4 0 286 236 20202 1.0 2.712978369384359
table-0004-815 85 7 0 24 116 1547 1.0 1.9994728518713758
table-0004-808 21 15 40 151 168 4439 0.16666666666666666 0.4750757367116497
table-0004-951 6 2 0 15 23 2266 1.0 0.4178498985801217
table-0004-743 7 2 0 147 87 172522 1.0 0.008692528735632183
table-0004-207 1 4 1 338 279 843 0.5 0.1076923076923077
table-0004-87 9 4 3 32 47 8316 0.25 0.17025089605734767
table-0004-9 1 2 1 7 15 4226 1.0 0.03145695364238411
table-0004-144 5 6 5 54 177 16939 0.2 0.15286009648518264
table-0004-185 2 3 0 39 54 6408 1.0 0.12151667428049337
table-0004-282 10 3 0 357 327 33986 0.25 0.07777870009130904
table-0004-384 1 2 1 80 94 8231 1.0 0.01153612629022465
table-0004-549 4 3 0 113 134 2332 1.0 0.2217391304347826
table-0004-20 7 13 1 213 205 27249 1.0 0.082104758480163
table-0004-688 2 7 0 6 26 7166 0.5 0.049338146811071
table-0004-997 1 2 0 103 111 25308 0.25 0.007484407484407485
table-0004-974 14 2 0 230 297 10995 0.3333333333333333 0.07383419689119171
table-0004-215 26 5 65 8 40 5196 1.0 2.298507462686567
table-0004-711 1 1 0 258 255 16389 0.5 0.0061890762803651555
table-0004-907 2 2 1 49 65 26465 1.0 0.01092896174863388
table-0004-621 1 3 0 409 452 4066 1.0 0.03153638814016173
table-0004-965 1 4 0 123 269 897 1.0 0.010658016682113068
table-0004-155 1 3 0 96 97 3325 1.0 0.08467459762071379
table-0004-848 21 4 0 257 257 13465 1.0 1.2493887530562346
table-0004-85 1 2 1 54 69 21972 1.0 0.010882016036655211
table-0004-737 7 6 9 356 322 582 1.0 0.12143040905582711
table-0004-584 1 3 0 31 32 2389 1.0 0.1276923076923077
table-0004-892 7 3 0 118 101 4543 1.0 0.35399218313791175
table-0004-321 12 7 12 998 375 25114 0.25 0.417823431426985
table-0004-938 12 2 0 18 23 3568 0.5 0.11651993785603314
table-0004-516 27 4 0 429 201 18817 1.0 3.0680061823802163
table-0004-822 5 4 0 47 50 2271 1.0 0.1998572448251249
table-0004-463 6 9 1 122 185 56978 0.09090909090909091 0.32235810598933834
table-0004-500 1 3 0 277 283 13446 0.25 0.070201643017177
table-0004-780 5 7 9 16 61 661 0.5 0.24493927125506074
table-0004-278 5 4 0 329 188 129331 0.09090909090909091 0.051837888784165884
table-0004-60 1 3 0 77 85 15153 1.0 0.009018524536886579
table-0004-427 10 5 0 1787 477 98655 0.08333333333333333 0.07024327372321572
table-0004-309 16 8 9 11 150 17743 1.0 1.2982049797336421
table-0004-409 1 3 0 68 71 2621 0.2 0.07097591888466413
table-0004-347 7 9 6 1967 576 263428 0.041666666666666664 0.010907711277624965
table-0004-296 4 9 2 75 196 3101 1.0 0.45666666666666667
table-0004-138 0 1 0 176 229 5814 0.3333333333333333 0.0
table-0004-465 6 7 0 122 185 56978 0.09090909090909091 0.31922232674819695
table-0004-881 4 3 0 130 97 12575 1.0 0.06568712186689715
table-0004-355 9 2 0 1967 576 263428 0.041666666666666664 0.028739447974959687
table-0004-567 8 7 11 69 66 2765 1.0 0.08267109476930376
table-0004-820 5 6 0 34 120 1012 0.5 0.3392330383480826
table-0004-732 2 4 0 1033 258 430962 0.5 0.005027068832173241
table-0004-646 2 5 0 2498 782 112820 0.1 0.0012846517917511832
table-0004-885 4 4 0 75 173 35002 0.09090909090909091 0.08527827648114901
table-0004-386 1 3 0 40 59 2091 1.0 0.06102693602693603
table-0004-449 9 7 0 1458 464 109072 0.1111111111111111 0.06442916835152986
table-0004-608 40 4 0 420 279 51240 1.0 1.4509545753785384
table-0004-920 20 5 28 108 57 3294 0.3333333333333333 3.5786802030456855
table-0004-932 5 3 0 65 75 27449 0.5 0.052136522440204246
table-0004-251 1 5 1 71 669 146689 0.030303030303030304 0.056074766355140186
table-0004-982 22 4 37 19 71 3412 0.5 0.493573264781491
table-0004-867 7 4 0 89 116 1005 0.5 1.9191564147627416
table-0004-72 6 10 0 398 292 4586 0.16666666666666666 0.41751824817518246
table-0004-748 9 4 0 7 20 4595 0.125 1.3882926829268292
table-0004-806 2 4 0 151 168 4439 0.16666666666666666 0.029468465987331313
table-0004-538 4 2 0 29 38 4960 0.25 0.06636624334289226
table-0004-258 2 4 0 71 669 146689 0.030303030303030304 0.24966622162883845
table-0004-977 23 8 18 361 354 13699 0.2 0.35718452265214856
table-0004-259 5 4 2 71 669 146689 0.030303030303030304 0.5674232309746329
table-0004-100 14 2 3 146 430 7287 0.125 0.1971005552128316
table-0004-401 1 2 1 55 82 0 1.0 0.013828238719068414
table-0004-171 14 5 16 110 1072 110815 0.038461538461538464 1.013787510137875
table-0004-395 3 3 0 56 77 14954 1.0 0.3541147132169576
table-0004-921 15 2 4 108 57 3294 0.3333333333333333 1.4077834179357023
table-0004-886 3 2 0 75 173 35002 0.09090909090909091 0.05535607420706164
table-0004-992 4 13 4 122 141 1442 1.0 0.7480519480519481
table-0004-859 5 8 6 25 58 2508 0.2 0.1553966189856957
table-0004-985 4 3 0 46 93 4005 0.14285714285714285 0.03009931245225363
table-0004-990 0 1 0 122 141 1442 1.0 0.0
table-0004-926 9 3 0 36 162 840 0.5 3.4771573604060912
table-0004-823 1 3 0 47 50 2271 1.0 0.043897216274089934
table-0004-121 1 3 0 145 409 3553 1.0 0.028985507246376812
table-0004-981 1 3 0 361 354 13699 0.2 0.025471514680147772
table-0004-397 12 7 0 1 34 529 0.2 1.4533333333333334
table-0004-983 17 2 0 112 138 1471 0.5 0.429731925264013
table-0004-705 14 2 0 16 69 1227 1.0 0.5437430786267996
table-0004-362 7 3 0 1967 576 263428 0.041666666666666664 0.025988807739732524
table-0004-399 12 4 0 1 34 529 0.2 1.5133333333333334
table-0004-949 1 2 1 53 79 24969 1.0 0.0039231881065455295
table-0004-304 3 5 3 11 46 3707 0.5 0.2767527675276753
table-0004-576 6 4 0 285 356 3303 1.0 0.16843501326259946
table-0004-21 3 13 1 213 205 27249 1.0 0.030324823205082105
table-0004-444 0 1 0 168 184 2707 1.0 0.0
table-0004-818 8 4 5 49 71 8709 0.3333333333333333 0.44823906083244397
table-0004-297 4 5 2 75 196 3101 1.0 2.8933333333333335
table-0004-915 1 2 1 63 108 4551 0.3333333333333333 0.013370865587614356
table-0004-630 17 5 0 156 142 44489 1.0 0.08763966480446927
table-0004-317 6 7 6 2187 512 258204 0.1 0.24099599822143175
table-0004-451 6 7 6 1458 464 109072 0.1111111111111111 0.15851192883137888
table-0004-270 28 7 0 125 152 4151 0.5 1.6265692336518642
table-0004-232 7 8 0 206 254 48600 1.0 0.08313187241675116
table-0004-315 67 9 58 2187 512 258204 0.1 0.17355861864532385
table-0004-448 8 11 5 1458 464 109072 0.1111111111111111 0.14894190591723952
table-0004-461 1 2 1 12 32 1636 1.0 0.011363636363636364
table-0004-253 5 4 1 71 669 146689 0.030303030303030304 0.5300400534045394
table-0004-326 1 1 0 1056 206 62904 0.3333333333333333 0.0004831384674847811
table-0004-783 1 3 0 117 149 2887 1.0 0.1226468910439247
table-0004-735 1 4 0 1033 258 430962 0.5 0.002358855375096674
table-0004-687 6 2 6 16 38 13863 1.0 0.02083971805087343
table-0004-589 14 4 13 111 110 103138 0.16666666666666666 0.18197454420364637
table-0004-308 1 2 0 21 48 19891 0.5 0.006717289719626168
table-0004-706 9 2 4 16 69 1227 1.0 0.23477297895902546
table-0004-334 8 4 0 38 115 4652 0.2 0.1847867844794468
table-0004-424 1 2 1 9 17 4712 1.0 0.0328719723183391
table-0004-426 24 4 0 1787 477 98655 0.08333333333333333 0.8036088287417432
table-0004-240 2 5 2 71 669 146689 0.030303030303030304 0.33377837116154874
table-0004-861 1 2 1 26 32 1923 1.0 0.019527235354573486
table-0004-120 3 5 6 127 369 5429 0.1 0.039554444191861785
table-0004-203 1 3 0 112 97 2978 1.0 0.08489857250187828
table-0004-213 1 3 0 6 44 1060 1.0 0.061733615221987316
table-0004-468 23 7 17 122 185 56978 0.09090909090909091 0.5324553151458138
table-0004-305 25 3 0 11 46 3707 0.5 3.5018450184501844
table-0004-322 33 7 38 998 375 25114 0.25 1.317046085508051
table-0004-508 3 7 3 1603 548 364385 1.0 0.00606028481571787
table-0004-519 2 2 2 47 59 6221 1.0 0.019382192610539067
table-0004-71 5 8 0 389 302 4302 0.16666666666666666 0.06789772727272728
table-0004-539 4 3 0 29 38 4960 0.25 0.1360098320360508
table-0004-130 54 4 108 1405 425 127554 0.1111111111111111 0.07596899224806201
table-0004-707 5 4 3 16 69 1227 1.0 0.3964562569213732
table-0004-910 4 5 0 223 412 32891 0.25 0.017316017316017316
table-0004-754 13 4 0 127 376 33790 1.0 0.06356373740882251
table-0004-770 2 2 0 18 54 3054 0.5 0.062458908612754764
table-0004-292 7 2 0 59 80 18193 0.25 0.2196969696969697
table-0004-464 45 3 1 122 185 56978 0.09090909090909091 0.6732518030730636
table-0004-286 51 8 32 23 109 11722 1.0 6.226018396846255
table-0004-302 6 7 1 133 170 5307 1.0 0.10038860103626943
table-0004-46 43 17 172 75 178 454 1.0 6.448529411764706
table-0004-290 149 7 149 120 264 21114 0.25 3.784627702161729
table-0004-721 1 2 1 90 188 3755 0.125 0.015819209039548022
table-0004-817 9 3 1 49 71 8709 0.3333333333333333 0.7054429028815368
table-0004-55 5 2 0 48 51 32109 0.5 0.08020477815699659
table-0004-379 11 3 0 25 113 1564 0.14285714285714285 1.9845722300140252
table-0004-117 1 3 1 127 369 5429 0.1 0.009547624460104568
table-0004-614 2 3 2 89 120 21138 0.5 0.020053475935828877
table-0004-856 36 4 1 292 219 379303 0.16666666666666666 0.2510567296996663
table-0004-75 2 3 2 420 473 21116 1.0 0.016200621393697292
table-0004-28 3 3 3 205 750 56594 0.06666666666666667 0.038652482269503546
table-0004-423 4 5 0 8 46 772 0.25 0.4977168949771689
table-0004-623 2 8 0 15 25 2222 0.5 0.13736263736263737
table-0004-918 9 3 0 41 154 863 0.5 3.62396694214876
table-0004-726 9 2 5 22 51 1989 0.3333333333333333 0.10112743423300308
table-0004-59 4 7 0 9 13 2560 0.5 0.6005434782608695
table-0004-899 2 2 1 64 107 5212 0.3333333333333333 0.05417024935511608
table-0004-655 10 3 0 9 332 4331 1.0 0.07852741349344289
table-0004-895 0 1 0 19 171 1077 1.0 0.0
table-0004-435 0 1 0 168 35 2824 1.0 0.0
table-0004-512 1 5 2 155 69 1985 1.0 0.2883435582822086
table-0004-337 1 4 0 197 222 2277 0.25 0.014612452350698857
table-0004-999 15 4 0 305 277 20165 1.0 1.2876712328767124
table-0004-238 3 5 2 71 669 146689 0.030303030303030304 0.40720961281708945
table-0004-654 17 7 12 9 332 4331 1.0 0.5833465002370043
table-0004-199 10 6 0 2147 779 253871 0.06666666666666667 0.015895847163826804
table-0004-689 0 1 0 10 13 1207 1.0 0.0
table-0004-42 7 8 1 266 186 3378 0.25 0.2704497434349532
table-0004-502 20 7 24 33 111 802 0.5 5.3562874251497
table-0004-364 10 11 24 1967 576 263428 0.041666666666666664 0.07388788769799867
table-0004-690 1 2 0 9 18 1700 1.0 0.026096033402922755
table-0004-758 20 8 5 57 114 1003 0.25 3.7
table-0004-488 22 14 0 1043 557 568036 0.2 0.04128318974389132
table-0004-269 32 7 0 128 144 4809 0.5 1.5995511082016272
table-0004-370 0 0 0 1967 576 263428 0.041666666666666664 0.0
table-0004-802 2 6 4 99 23 2751 0.5 0.08686730506155951
table-0004-380 15 3 0 25 113 1564 0.14285714285714285 2.514726507713885
table-0004-78 1 4 0 129 180 7299 0.16666666666666666 0.01943231441048035
table-0004-509 9 3 1 35 39 86952 0.5 0.025646845211075804
table-0004-107 11 5 31 103 136 5451 0.3333333333333333 0.11209887250650477
table-0004-564 8 7 16 69 66 2765 1.0 0.06914956707389397
table-0004-276 1 2 1 73 91 12159 1.0 0.013013698630136987
table-0004-506 1 3 0 34 25 1021 1.0 0.11000991080277503
table-0004-889 12 3 0 75 173 35002 0.09090909090909091 0.12327947336923997
table-0004-228 1 3 0 310 347 2518 1.0 0.12515262515262515
table-0004-941 10 5 2 9 88 7958 1.0 0.12171108470548295
table-0004-976 1 1 0 71 89 19692 1.0 0.001585791309863622
table-0004-34 8 4 11 266 178 13891 0.2 0.025456372466923463
table-0004-745 33 4 0 7 20 4595 0.125 3.5053658536585366
table-0004-428 10 5 0 1787 477 98655 0.08333333333333333 0.06879329788947962
table-0004-805 3 2 0 151 168 4439 0.16666666666666666 0.04571743321399064
table-0004-911 17 7 16 223 412 32891 0.25 0.06521893407139309
table-0004-504 1 2 0 67 97 26054 1.0 0.013522884882108182
table-0004-958 1 4 0 123 269 897 1.0 0.0057924003707136235
table-0004-700 11 9 0 1489 270 819586 1.0 0.018221347965627913
table-0004-66 15 6 0 130 130 222139 0.2 0.2618433773767322
table-0004-588 6 4 2 111 110 103138 0.16666666666666666 0.1912624699002408
table-0004-478 2 3 0 96 137 7672 1.0 0.05230572160546541
table-0004-224 0 1 0 168 91 336131 0.16666666666666666 0.0
table-0004-483 4 1 0 114 50 31539 0.3333333333333333 0.24888888888888888
table-0004-824 1 2 0 19 39 2082 0.5 0.03849597135183527
table-0004-450 6 9 6 1458 464 109072 0.1111111111111111 0.009570022914139371
table-0004-968 20 4 0 123 269 897 1.0 0.1561631139944393
table-0004-651 33 8 35 1291 1035 325412 0.25 0.09273812706050076
table-0004-358 9 7 19 1967 576 263428 0.041666666666666664 0.10319643365266053
table-0004-406 12 4 0 2 35 424 0.2 1.829268292682927
table-0004-912 4 10 0 223 412 32891 0.25 0.009828968845362288
table-0004-63 2 3 0 810 344 2300237 0.25 0.0046829055795549425
table-0004-256 2 4 1 71 669 146689 0.030303030303030304 0.27903871829105475
table-0004-229 5 4 0 24 60 2042 0.3333333333333333 0.19977298524404086
table-0004-703 5 2 0 150 420 44960 0.125 0.3732394366197183
table-0004-233 31 4 1 71 669 146689 0.030303030303030304 4.564753004005341
table-0004-353 0 0 0 1967 576 263428 0.041666666666666664 0.0
table-0004-1 0 1 0 22 29 5665 1.0 0.0
table-0004-327 0 1 0 1056 206 62904 0.3333333333333333 0.0
table-0004-917 4 5 0 63 108 4551 0.3333333333333333 0.3216045038705137
table-0004-400 1 3 1 21 18 866 0.5 0.05263157894736842
table-0004-211 1 3 0 305 331 2609 1.0 0.11402073104200763
table-0004-457 10 5 0 1458 464 109072 0.1111111111111111 0.06348564496562879
table-0004-747 10 4 0 7 20 4595 0.125 0.9502439024390243
table-0004-648 0 1 0 2498 782 112820 0.1 0.0
table-0004-163 22 5 16 110 1072 110815 0.038461538461538464 1.6796431467964315
table-0004-330 15 1 0 154 230 10418 0.25 0.19058002616659397
table-0004-262 1 5 0 71 669 146689 0.030303030303030304 0.22429906542056074
table-0004-8 12 3 0 425 219 476752 1.0 0.04952076677316294
table-0004-299 4 5 3 75 196 3101 1.0 2.7133333333333334
table-0004-333 8 4 0 38 115 4652 0.2 0.1698040722243565
table-0004-657 11 3 0 9 332 4331 1.0 0.06730921156580819
table-0004-4 6 5 0 99 135 5431 1.0 0.31342445234974725
table-0004-31 3 2 0 317 365 127002 0.5 0.015321207777080906
table-0004-102 188 9 10 211 295 8930 0.5 25.251190476190477
table-0004-23 1 2 0 7 17 1513 1.0 0.022482893450635387
table-0004-132 1 3 0 159 213 2342 1.0 0.03976721629485936
table-0004-303 1 2 1 54 70 3200 1.0 0.06884057971014493
table-0004-713 5 3 5 258 255 16389 0.5 0.030171746866780133
table-0004-410 5 2 0 16 9 2021 0.3333333333333333 0.15556590591523056
table-0004-471 9 12 6 122 185 56978 0.09090909090909091 0.5446848541862653
table-0004-669 7 8 14 38 134 63146 0.1111111111111111 0.376425855513308
table-0004-994 2 2 2 103 111 25308 0.25 0.014553014553014554
table-0004-755 15 3 0 127 376 33790 1.0 0.027903207132106055
table-0004-24 1 3 1 31 24 9261 1.0 0.14180206794682423
table-0004-38 3 6 6 266 186 3378 0.25 0.01992152127980682
table-0004-847 2 3 0 30 25 1498 1.0 0.17204301075268819
table-0004-653 1 2 0 17 26 5203 1.0 0.05032822757111598
table-0004-351 0 0 0 1967 576 263428 0.041666666666666664 0.0
table-0004-178 7 5 3 110 1072 110815 0.038461538461538464 0.49878345498783455
table-0004-749 8 4 0 7 20 4595 0.125 1.56
table-0004-663 19 3 0 9 332 4331 1.0 0.17885921946595038
table-0004-225 19 5 29 84 112 15529 0.5 0.2297172912557528
table-0004-568 1 8 0 827 676 92466 1.0 0.009088165263758007
table-0004-797 22 6 18 274 280 10292 0.2 0.19616840656189055
table-0004-320 39 11 0 2187 512 258204 0.1 0.31643693493404473
table-0004-167 1 5 0 110 1072 110815 0.038461538461538464 0.05190592051905921
table-0004-505 5 3 0 39 24 1733 0.5 0.375
table-0004-531 20 7 19 36 122 746 0.5 5.434250764525994
table-0004-542 6 2 0 29 38 4960 0.25 0.05366653011061041
table-0004-934 9 10 1 87 154 13148 0.3333333333333333 0.016050519668464675
table-0004-112 9 3 9 127 369 5429 0.1 0.06887929074789725
table-0004-701 126 7 0 150 420 44960 0.125 9.299295774647888
table-0004-143 5 6 5 54 177 16939 0.2 0.17670572019297037
table-0004-204 48 2 0 10 1029 9877 1.0 0.06796449388548136
table-0004-518 36 4 0 482 329 22217 1.0 3.160544217687075
table-0004-879 1 3 1 57 101 1247 1.0 0.16859504132231404
table-0004-367 66 12 56 1967 576 263428 0.041666666666666664 0.24347908564924595
table-0004-158 0 1 0 18 31 1737 1.0 0.0
table-0004-603 10 11 0 24 137 938 0.08333333333333333 0.41386782231852653
table-0004-129 7 5 0 1405 425 127554 0.1111111111111111 0.07286821705426356
table-0004-832 6 7 0 46 84 754 0.14285714285714285 0.1332116788321168
table-0004-880 8 3 0 95 91 2279 0.5 0.153315649867374
table-0004-254 1 4 1 71 669 146689 0.030303030303030304 0.0787716955941255
table-0004-497 0 1 0 407 212 201923 1.0 0.0
table-0004-137 5 10 3 176 229 5814 0.3333333333333333 0.08516801853997683
table-0004-731 3 4 0 1033 258 430962 0.5 0.009048723897911833
table-0004-383 2 2 1 60 97 20697 1.0 0.02414833980163864
table-0004-104 28 2 0 40 105 6971 0.5 1.7131182795698925
table-0004-988 5 5 4 46 93 4005 0.14285714285714285 0.04919786096256684
table-0004-762 3 5 0 20 22 1220 0.5 0.12345679012345678
table-0004-375 18 3 0 25 113 1564 0.14285714285714285 3.2131837307152877
table-0004-39 8 4 13 266 186 3378 0.25 0.02112888620585572
table-0004-18 38 5 36 26 129 2677 0.5 5.730952380952381
table-0004-118 0 1 0 127 369 5429 0.1 0.0
table-0004-404 12 7 0 2 35 424 0.2 1.7317073170731707
table-0004-659 14 3 0 9 332 4331 1.0 0.15278875019750354
table-0004-626 16 17 16 248 292 645 1.0 0.7751405371642723
table-0004-267 30 7 0 127 168 5666 0.5 1.5697455230914232
table-0004-7 9 13 1 425 219 476752 1.0 0.05823409817020041
table-0004-800 5 3 0 274 280 10292 0.2 0.019043248824136744
table-0004-139 12 3 4 10 23 1079 0.5 1.2147887323943662
table-0004-858 1 3 0 18 27 2193 1.0 0.07985697258641239
table-0004-247 4 4 1 71 669 146689 0.030303030303030304 0.41255006675567424
table-0004-569 31 5 6 827 676 92466 1.0 0.16734296924779504
table-0004-153 5 10 3 180 239 6384 0.3333333333333333 0.1182033096926714
table-0004-51 6 2 2 81 167 14669 0.25 0.041315841002545525
table-0004-852 6 6 0 36 139 962 0.3333333333333333 0.3103448275862069
table-0004-473 15 8 15 353 207 17929 0.25 0.17830121341898644
table-0004-970 23 4 35 345 229 19625 1.0 0.98
table-0004-316 6 9 6 2187 512 258204 0.1 0.011264265599525715
table-0004-5 3 3 3 18 24 5422 1.0 0.19273743016759776
table-0004-176 5 5 2 110 1072 110815 0.038461538461538464 0.42254663422546634
table-0004-757 20 8 5 57 114 1003 0.25 3.6925
table-0004-900 3 2 0 64 107 5212 0.3333333333333333 0.07136715391229578
table-0004-620 11 7 0 56 114 2341 0.3333333333333333 0.5458392101551481
table-0004-57 2 3 0 166 391 10878 1.0 0.07346938775510205
table-0004-642 23 7 1 2498 782 112820 0.1 0.04374577417173766
table-0004-230 6 5 0 24 60 2042 0.3333333333333333 0.16503972758229285
table-0004-127 5 6 5 1405 425 127554 0.1111111111111111 0.24031007751937986
table-0004-148 1 3 0 0 0 0 0.0 120.0
table-0004-702 4 2 0 150 420 44960 0.125 0.24647887323943662
table-0004-289 2 2 0 120 264 21114 0.25 0.03362690152121697
table-0004-350 7 1 6 1967 576 263428 0.041666666666666664 0.0023712415820923835
table-0004-671 26 6 2 38 134 63146 0.1111111111111111 4.56020278833967
table-0004-162 9 5 4 110 1072 110815 0.038461538461538464 0.635036496350365
table-0004-275 1 3 0 496 678 6215 1.0 0.09580552907530981
table-0004-235 16 5 10 71 669 146689 0.030303030303030304 2.4833110814419226
table-0004-610 1 2 1 105 122 4398 0.5 0.021518987341772152
table-0004-685 1 1 0 481 324 92181 1.0 0.002241681260945709
table-0004-19 2 4 2 151 130 7085 0.5 0.08027410670582477
table-0004-440 8 4 0 30 53 5422 1.0 0.28113879003558717
table-0004-231 10 6 10 63 77 3813 1.0 0.43842364532019706
table-0004-775 9 4 0 109 47 74146 0.5 0.8984126984126984
table-0004-517 32 2 0 890 736 170049 0.5 0.021012179033707435
table-0004-957 15 4 0 123 269 897 1.0 0.11353104726598702
table-0004-752 73 6 39 402 480 3520 0.3333333333333333 3.616474291710388
table-0004-583 1 3 0 13 16 4120 1.0 0.21515151515151515
table-0004-93 3 3 0 2149 530 281069 1.0 0.006017988552739166
table-0004-945 22 6 5 1260 802 183540 0.0625 0.06792921117945398
table-0004-843 13 4 0 337 309 13706 1.0 0.8219814241486069
table-0004-753 6 3 6 56 88 2190 0.5 0.042178085248828386
table-0004-543 1 3 0 582 252 16418 0.3333333333333333 0.010009099181073703
table-0004-165 1 5 0 110 1072 110815 0.038461538461538464 0.05596107055961071
table-0004-169 36 5 27 110 1072 110815 0.038461538461538464 3.2716950527169506
table-0004-719 9 7 11 361 343 800 1.0 0.09027923577577157
table-0004-862 38 3 0 267 147 101672 0.2 2.8342391304347827
table-0004-591 12 5 0 111 110 103138 0.16666666666666666 0.45098039215686275
table-0004-908 1 1 0 22 29 2520 1.0 0.04219745222929936
table-0004-33 16 2 1 266 178 13891 0.2 0.0929492547312008
table-0004-86 9 6 8 459 407 14367 0.5 0.09235303749795316
table-0004-246 1 4 1 71 669 146689 0.030303030303030304 0.16955941255006676
table-0004-605 1 3 0 25 16 2155 1.0 0.05116696588868941
table-0004-676 10 7 2 38 134 63146 0.1111111111111111 11.596958174904943
table-0004-662 10 3 0 9 332 4331 1.0 0.07742139358508453
table-0004-325 2 1 0 1056 206 62904 0.3333333333333333 0.007247077012271717
table-0004-582 1 2 1 188 126 2618 1.0 0.006629448709002094
table-0004-637 6 3 0 21 61 3103 1.0 0.16
table-0004-160 4 5 2 110 1072 110815 0.038461538461538464 0.27412814274128144
table-0004-53 6 4 0 81 167 14669 0.25 0.057372234188368905
table-0004-190 6 2 0 2147 779 253871 0.06666666666666667 0.01748174374861695
table-0004-149 1 3 0 59 86 3469 1.0 0.05749128919860627
table-0004-183 1 2 1 26 57 8705 1.0 0.01270053475935829
table-0004-607 18 17 2 423 778 7699 0.5 2.628390596745027
table-0004-67 10 5 2 130 130 222139 0.2 0.15839510151466324
table-0004-744 4 4 0 7 20 4595 0.125 0.5853658536585366
table-0004-931 5 2 4 65 75 27449 0.5 0.038968019349637194
table-0004-403 3 7 0 2 35 424 0.2 0.35365853658536583
table-0004-417 12 4 12 48 122 14289 0.25 0.09566274827725983
table-0004-894 14 3 0 43 143 1784 0.5 2.5625
table-0004-260 1 5 1 71 669 146689 0.030303030303030304 0.19225634178905207
table-0004-170 20 5 12 110 1072 110815 0.038461538461538464 1.5466342254663423
table-0004-35 1 2 0 266 178 13891 0.2 0.01708256573438285
table-0004-69 5 8 0 429 303 5135 0.16666666666666666 0.07249014255383682
table-0004-191 63 8 55 2147 779 253871 0.06666666666666667 0.03031644169063952
table-0004-733 1 4 0 1033 258 430962 0.5 0.004408352668213457
table-0004-686 0 1 0 481 324 92181 1.0 0.0
table-0004-883 5 14 3 75 173 35002 0.09090909090909091 0.28934769599042487
table-0004-622 1 3 0 517 359 232558 1.0 0.004528122020972355
table-0004-193 1 20 0 2147 779 253871 0.06666666666666667 0.0014752526370140886
table-0004-961 17 4 0 123 269 897 1.0 0.11654309545875811
table-0004-466 3 6 0 122 185 56978 0.09090909090909091 0.14048291000313579
table-0004-14 24 6 0 80 110 4163 0.3333333333333333 1.1399317406143346
table-0004-2 12 4 0 8 180 1321 0.5 0.8057366362451108
table-0004-529 33 4 47 397 234 21800 1.0 1.0707656612529002
table-0004-962 25 4 0 123 269 897 1.0 0.16311399443929564
table-0004-644 9 4 3 2498 782 112820 0.1 0.034584178498985804
table-0004-340 6 3 0 236 259 27583 1.0 0.06491382563844508
table-0004-652 4 9 4 1291 1035 325412 0.25 0.003403724494341976
table-0004-575 1 3 0 25 71 1813 1.0 0.01592356687898089
table-0004-172 8 5 4 110 1072 110815 0.038461538461538464 0.8978102189781022
table-0004-914 9 3 0 37 152 1032 0.5 4.743718592964824
table-0004-291 7 2 0 59 80 18193 0.25 0.21843434343434343
table-0004-704 23 3 1 16 69 1227 1.0 1.495016611295681
table-0004-586 21 4 3 198 441 33202 1.0 0.022873072918416015
table-0004-562 1 3 0 22 13 2114 1.0 0.3563636363636364
table-0004-22 0 1 0 18 24 5969 1.0 0.0
table-0004-890 15 4 0 75 173 35002 0.09090909090909091 0.4919210053859964
table-0004-699 2 7 2 271 426 1801 0.2 0.2995090016366612
table-0004-77 2 2 0 129 180 7299 0.16666666666666666 0.0425764192139738
table-0004-666 1 2 1 16 33 6100 1.0 0.031879194630872486
table-0004-857 2 2 0 10 56 6876 0.5 0.02312673450508788
table-0004-503 3 6 0 33 111 802 0.5 0.20059880239520958
table-0004-602 10 11 0 24 137 938 0.08333333333333333 0.4528710725893825
table-0004-635 4 2 0 31 35 11852 0.3333333333333333 0.08577712609970674
table-0004-217 26 5 65 8 40 5196 1.0 1.9637526652452026
table-0004-828 34 4 17 309 271 35326 1.0 1.1561021759697256
table-0004-656 15 3 0 9 332 4331 1.0 0.1049138884499921
table-0004-338 1 3 0 197 222 2277 0.25 0.010800508259212199
table-0004-761 1 3 0 254 40 77616 1.0 0.0191747572815534
table-0004-864 21 7 2 35 148 1092 0.3333333333333333 5.267469879518072
table-0004-991 4 13 4 122 141 1442 1.0 0.7012987012987013
table-0004-453 5 9 5 1458 464 109072 0.1111111111111111 0.007009030866693624
table-0004-416 43 9 34 163 110 1903 0.5 2.737962962962963
table-0004-827 23 5 2 84 133 950 0.5 9.892441860465116
table-0004-650 4 11 8 1291 1035 325412 0.25 0.005274881938875524
table-0004-94 76 3 0 146 430 7287 0.125 2.6853793954349165
table-0004-62 44 4 8 810 344 2300237 0.25 0.15003448651395795
table-0004-541 3 3 0 29 38 4960 0.25 0.1302744776730848
table-0004-64 27 3 8 65 108 1867 1.0 0.49948849104859333
table-0004-454 5 6 5 1458 464 109072 0.1111111111111111 0.14624612481466506
table-0004-135 2 4 2 353 280 749 0.3333333333333333 0.29195402298850576
table-0004-560 1 3 0 845 615 1270223 1.0 0.007373997709049255
table-0004-855 52 3 0 63 90 1111 0.5 26.290697674418606
table-0004-554 1 3 0 33 45 2407 1.0 0.10584958217270195
table-0004-547 2 2 2 122 176 39726 0.25 0.013624751632131706
table-0004-923 5 2 0 55 31 1379 0.5 0.5120385232744783
table-0004-280 1 4 0 40 79 7476 0.3333333333333333 0.015034695451040863
table-0004-443 8 4 3 67 39 17169 0.5 0.31754111198120594
table-0004-407 5 6 3 280 300 6168 1.0 0.16
table-0004-872 11 6 33 132 185 1076 0.25 2.7745901639344264
table-0005-1000 86 7 16 1750 292 4970 0.25 3.8964341898269534
table-0004-84 1 2 0 59 60 2830 0.5 0.024853801169590642
table-0004-809 4 13 4 151 168 4439 0.16666666666666666 0.0886808041861746
table-0004-919 9 3 0 38 183 902 0.5 4.235294117647059
table-0004-91 106 2 0 394 365 22977 0.25 0.36676588585479486
table-0004-773 6 7 6 1411 438 235100 0.3333333333333333 0.09001172791243159
table-0004-868 11 6 0 89 116 1005 0.5 1.0615114235500878
table-0004-496 0 1 0 647 727 99437 1.0 0.0
table-0004-813 97 16 583 24 116 1547 1.0 3.0832894043226147
table-0004-219 26 5 65 8 40 5196 1.0 2.901918976545842
table-0004-477 2 2 0 44 66 28521 1.0 0.0514018691588785
table-0004-835 5 4 0 46 84 754 0.14285714285714285 0.20346715328467152
table-0004-558 6 5 2 845 615 1270223 1.0 0.043599656357388314
table-0004-901 4 5 0 64 107 5212 0.3333333333333333 0.29664660361135
table-0004-366 5 9 0 1967 576 263428 0.041666666666666664 0.023238167504505358
table-0004-615 1 3 0 16 31 1240 1.0 0.0921619293712317
table-0004-114 4 5 8 127 369 5429 0.1 0.047965446692430094
table-0004-565 9 7 14 69 66 2765 1.0 0.10141145771557347
table-0004-760 0 1 0 19 24 945 1.0 0.0
table-0004-168 5 5 2 110 1072 110815 0.038461538461538464 0.34306569343065696
table-0004-580 1 2 0 190 129 3019 1.0 0.01452020202020202
table-0004-756 9 3 0 127 376 33790 1.0 0.03172397823318282
table-0004-156 4 3 0 125 144 9771 1.0 0.2179023508137432
table-0004-522 8 7 1 846 556 962045 0.14285714285714285 0.07748724489795919
table-0004-365 8 9 15 1967 576 263428 0.041666666666666664 0.03386132979227924
table-0004-239 11 4 2 71 669 146689 0.030303030303030304 1.7650200267022698
table-0004-507 1 8 1 1603 548 364385 1.0 0.002084879324357751
table-0004-966 2 4 0 123 269 897 1.0 0.01737720111214087
table-0004-884 1 3 0 75 173 35002 0.09090909090909091 0.01765409934171155
table-0004-438 4 11 3 37 98 1061 0.5 0.18738404452690166
table-0004-177 8 5 4 110 1072 110815 0.038461538461538464 0.5466342254663422
table-0004-391 2 2 1 72 161 8640 1.0 0.17917304747320062
table-0004-875 3 3 0 113 215 25268 0.5 0.057651383246275875
table-0004-61 28 4 17 810 344 2300237 0.25 0.06044215341053472
table-0004-234 20 5 4 71 669 146689 0.030303030303030304 3.6555407209612816
table-0004-592 39 4 23 342 221 30849 1.0 2.1153846153846154
table-0004-88 6 4 7 32 47 8316 0.25 0.16188769414575865
table-0004-113 2 5 4 127 369 5429 0.1 0.01750397817685838
table-0004-673 22 6 0 38 134 63146 0.1111111111111111 11.166032953105196
table-0004-524 6 5 0 846 556 962045 0.14285714285714285 0.06611394557823129
table-0004-279 1 2 1 53 71 3540 1.0 0.05637982195845697
table-0004-310 11 16 0 11 150 17743 1.0 1.3647944412275623
table-0004-645 9 4 3 2498 782 112820 0.1 0.03488843813387424
table-0004-244 51 5 29 71 669 146689 0.030303030303030304 8.550066755674232
table-0004-369 7 1 5 1967 576 263428 0.041666666666666664 0.005975528786872806
table-0004-245 1 4 0 71 669 146689 0.030303030303030304 0.15353805073431243
table-0004-475 6 3 0 353 207 17929 0.25 0.034261241970021415
