table_id rows cols nulls inlinks outlinks views table_imp table_fraction
table-0108-202 1 2 0 16 20 37833 0.25 0.023224950232249502
table-0108-691 4 4 0 347 410 9235 0.125 0.21281840591618734
table-0108-139 9 3 0 4 298 534 1.0 0.32051282051282054
table-0108-736 12 4 12 167 427 1641 1.0 3.151750972762646
table-0108-176 20 4 0 132 88 317791 0.14285714285714285 0.657196261682243
table-0108-431 1 4 1 160 428 18814 0.07142857142857142 0.006939555466157096
table-0108-203 0 1 0 16 20 37833 0.25 0.0
table-0108-649 9 2 0 10 214 357 1.0 0.19116465863453816
table-0108-655 42 5 78 108 99 2598 1.0 2.6025039123630673
table-0108-497 7 4 7 166 285 1259 1.0 2.6467391304347827
table-0108-240 2 2 0 34 50 6882 0.3333333333333333 0.25
table-0108-446 17 7 12 33 183 973 1.0 8.290748898678414
table-0108-2 91 5 144 330 272 43003 0.3333333333333333 2.047418335089568
table-0108-420 10 2 0 32 56 3336 0.3333333333333333 0.7698334965719883
table-0108-354 132 4 132 166 287 979 1.0 59.392638036809814
table-0108-946 1 5 0 143 215 2855 0.5 0.025729836714497772
table-0108-35 1 5 0 128 214 2741 0.5 0.03695532266960838
table-0108-695 9 4 2 85 80 2520 0.5 2.955922865013774
table-0108-920 2 3 0 245 257 13987 0.3333333333333333 0.033787191124558746
table-0108-19 3 2 0 18 17 12977 1.0 0.2222222222222222
table-0108-879 1 3 0 36 43 1841 0.2 0.06575682382133995
table-0108-103 10 4 0 65 75 14281 0.125 0.06524564595788926
table-0108-763 40 4 40 171 662 2881 1.0 13.52073732718894
table-0108-645 50 5 49 48 316 5344 0.1 1.491778774289985
table-0108-837 1 13 0 255 113 6862 0.2 0.11797752808988764
table-0108-435 16 17 16 157 239 1073 0.5 0.2951146560319043
table-0108-583 6 4 0 250 497 4561 0.2 0.34827144686299616
table-0108-283 4 5 2 15 22 706 0.5 1.106100795755968
table-0108-55 1 4 0 125 234 2856 0.5 0.035443037974683546
table-0108-125 0 1 0 7 13 670 1.0 0.0
table-0108-875 1 15 0 33 45 2985 0.5 0.28549019607843135
table-0108-369 7 5 6 35 40 2158 1.0 0.6985611510791367
table-0108-641 16 5 14 48 316 5344 0.1 0.44005979073243645
table-0108-338 3 4 0 332 273 239900 0.3333333333333333 0.009213879631444814
table-0108-259 11 3 0 1162 621 319695 0.5 0.007656903765690376
table-0108-696 1 2 0 30 57 4749 1.0 0.01499348109517601
table-0108-933 2 4 0 1178 344 30621 0.1 0.10490626246509772
table-0108-732 3 4 3 167 427 1641 1.0 0.8093385214007782
table-0108-417 19 3 0 1012 1029 497049 0.2 0.007518329812352429
table-0108-650 4 2 1 45 88 18539 0.5 0.20588235294117646
table-0108-228 2 2 0 41 52 7428 0.3333333333333333 0.16391852570320078
table-0108-197 3 2 2 10 36 1674 0.5 0.07681564245810056
table-0108-652 0 1 0 621 797 489 1.0 0.0
table-0108-377 4 4 7 129 107 940 0.2 0.13577586206896552
table-0108-207 3 2 0 83 109 10783 0.3333333333333333 0.09160649819494585
table-0108-169 1 5 0 140 222 2825 0.5 0.0468564650059312
table-0108-972 1 3 0 294 534 12969 0.1111111111111111 0.016098926738217452
table-0108-745 165 4 165 167 526 1457 1.0 63.89325842696629
table-0108-637 1 5 0 131 188 2943 0.5 0.0479951397326853
table-0108-83 1 3 0 23 56 2010 1.0 0.0859704641350211
table-0109-1000 1 14 0 28 31 2187 0.5 0.5917667238421955
table-0108-148 1 3 2 118 160 5285 1.0 0.007130730050933786
table-0108-866 4 3 0 276 447 6044 0.14285714285714285 0.1471091344509066
table-0108-700 7 1 0 49 87 2026 0.3333333333333333 0.37320574162679426
table-0108-168 2 4 2 140 222 2825 0.5 0.06820877817319099
table-0108-820 3 14 1 52 64 2898 0.5 0.614014933946008
table-0108-855 4 8 4 164 140 30662 0.3333333333333333 0.06762811537384486
table-0108-310 3 6 2 25 25 197 1.0 0.912621359223301
table-0108-368 1 2 1 65 72 1313 1.0 0.011610297829379102
table-0108-26 6 6 0 98 134 22200 0.25 0.01951066005821729
table-0108-351 37 4 37 172 472 1683 1.0 12.134529147982063
table-0108-797 0 1 0 185 268 3049 0.14285714285714285 0.0
table-0108-963 8 22 67 5 5 549 1.0 13.237864077669903
table-0108-978 4 5 0 147 196 6761 0.5 0.21642429426860565
table-0108-235 0 1 0 53 52 33911 0.25 0.0
table-0108-970 1 21 0 294 534 12969 0.1111111111111111 0.12645823611759216
table-0108-613 10 7 8 309 283 23379 0.25 0.023300351101180977
table-0108-984 1 21 0 399 338 8094 0.25 0.2608695652173913
table-0108-84 5 15 19 54 68 2878 0.5 1.8674698795180722
table-0108-725 1 4 1 167 427 1641 1.0 0.21011673151750973
table-0108-586 28 11 14 250 497 4561 0.2 1.8079385403329065
table-0108-968 18 10 102 86 117 1379 0.3333333333333333 2.152097902097902
table-0108-8 0 1 0 70 84 6909 0.3333333333333333 0.0
table-0108-902 2 18 12 199 275 9399 0.1111111111111111 0.0430943129636171
table-0108-397 4 3 0 717 520 0 0.3333333333333333 0.023143683702989394
table-0108-159 30 4 0 241 402 1137 1.0 1.8878504672897196
table-0108-265 49 8 0 89 210 1218 0.25 14.203252032520325
table-0108-857 2 16 0 58 112 2466 0.3333333333333333 1.3899821109123434
table-0108-136 5 3 0 4 298 534 1.0 0.2326007326007326
table-0108-628 18 11 0 80 45 2168 0.3333333333333333 1.8392721758908264
table-0108-496 88 4 88 166 285 1259 1.0 35.04347826086956
table-0108-728 1 4 1 167 427 1641 1.0 0.2723735408560311
table-0108-959 17 4 5 67 72 246126 0.2 0.6384217335058214
table-0108-434 16 12 19 157 239 1073 0.5 0.33848454636091724
table-0108-601 59 7 107 125 325 1567 0.3333333333333333 28.514150943396228
table-0108-668 1 1 0 7 10 5233 1.0 0.13316790736145576
table-0108-329 3 5 0 11 27 709 0.5 1.0438144329896908
table-0108-7 1 2 0 70 84 6909 0.3333333333333333 0.029635901778154106
table-0108-807 3 22 18 55 216 3544 0.1111111111111111 0.9038189533239038
table-0108-438 10 9 0 35 455 5297 1.0 0.4263565891472868
table-0108-188 0 1 0 62 71 3165 0.3333333333333333 0.0
table-0108-173 14 5 0 176 132 24804 0.25 2.7133243606998656
table-0108-28 2 2 2 84 96 100374 0.5 0.01609657947686117
table-0108-189 5 6 0 10 21 617 0.5 1.0884615384615384
table-0108-579 1 2 0 9 27 1558 0.25 0.04088785046728972
table-0108-256 73 19 751 30 6 747 1.0 8.738805970149254
table-0108-481 1 5 0 86 523 15034 0.16666666666666666 0.020876826722338204
table-0108-783 2 15 1 28 46 2040 0.5 1.7757731958762886
table-0108-758 2 15 0 662 745 40736 0.1111111111111111 0.09168296330380767
table-0108-339 20 6 0 332 273 239900 0.3333333333333333 0.1828072926877083
table-0108-719 8 20 51 35 66 2441 0.3333333333333333 2.697928026172301
table-0108-577 27 13 1 250 492 4752 0.2 0.7801822323462415
table-0108-720 1 22 0 35 66 2441 0.3333333333333333 0.6368593238822247
table-0108-658 1 1 0 7 10 5233 1.0 0.11745244003308519
table-0108-733 25 4 25 167 427 1641 1.0 7.832684824902723
table-0108-831 19 2 0 177 246 16310 0.3333333333333333 0.26781970649895176
table-0108-13 1 5 2 7 18 605 1.0 0.19438877755511022
table-0108-872 3 23 5 109 151 5254 0.16666666666666666 0.6993243243243243
table-0108-747 14 7 0 204 265 2823 0.16666666666666666 0.8005115089514067
table-0108-960 1 13 0 23 47 2194 0.5 0.13041733547351525
table-0108-156 30 4 0 241 402 1137 1.0 1.5809968847352025
table-0108-629 10 3 0 80 72 2323 0.25 0.049723756906077346
table-0108-505 8 4 8 166 321 1473 1.0 2.639810426540284
table-0108-288 11 3 0 83 48 1296 0.1111111111111111 0.056842105263157895
table-0108-738 2 4 2 167 427 1641 1.0 0.5525291828793775
table-0108-85 3 17 13 14 5 998 1.0 3.66260162601626
table-0108-315 1 2 1 7 20 1439 1.0 0.017335766423357664
table-0108-11 1 1 0 128 139 8764 1.0 0.008465608465608466
table-0108-854 2 16 1 22 4 13373 1.0 3.195744680851064
table-0108-582 21 14 0 250 497 4561 0.2 0.49167733674775926
table-0108-716 2 14 1 22 43 1662 0.5 1.2916666666666667
table-0108-669 1 1 0 7 10 5233 1.0 0.12076095947063689
table-0108-638 1 4 0 131 188 2943 0.5 0.043134872417982986
table-0108-826 0 1 0 89 73 18854 0.3333333333333333 0.0
table-0108-52 1 5 0 125 234 2856 0.5 0.03333333333333333
table-0108-487 1 4 1 172 545 2051 1.0 0.3804878048780488
table-0108-506 23 4 23 166 321 1473 1.0 7.464454976303317
table-0108-895 1 5 1 120 166 4745 0.125 0.0030778701138811943
table-0108-6 2 2 0 70 84 6909 0.3333333333333333 0.14309906858594412
table-0108-238 1 2 0 65 89 14235 0.25 0.022595222724338282
table-0108-305 12 2 0 5115 667 111250 0.08333333333333333 0.005059546975947692
table-0108-251 24 4 7 0 0 0 0.0 1250.0
table-0108-165 3 5 0 140 222 2825 0.5 0.15243179122182682
table-0108-850 6 3 0 161 224 2502 0.5 0.4091666666666667
table-0108-25 6 2 0 98 134 22200 0.25 0.04098812052552907
table-0108-470 3 9 2 197 172 59522 0.5 0.11136964569011105
table-0108-304 2 3 0 5115 667 111250 0.08333333333333333 0.006849848213590722
table-0108-436 14 19 14 35 455 5297 1.0 2.143410852713178
table-0108-386 3 3 0 6 210 4498 1.0 0.10712654179990863
table-0108-587 28 11 16 250 497 4561 0.2 1.6525821596244132
table-0108-527 0 1 0 29 67 4049 1.0 0.0
table-0108-592 37 7 91 124 144 1231 0.3333333333333333 35.42982456140351
table-0108-482 4 3 0 40 66 7660 0.5 0.027002700270027002
table-0108-714 1 3 0 15 15 8229 1.0 0.3805147058823529
table-0108-423 4 4 6 138 108 3251 0.2 0.2043222003929273
table-0108-405 11 5 2 1044 1010 707955 1.0 0.011143462149285336
table-0108-511 6 4 6 166 321 1473 1.0 2.1516587677725116
table-0108-324 3 5 2 51 54 899 0.5 1.188118811881188
table-0108-146 2 3 0 4 298 534 1.0 0.07051282051282051
table-0108-900 1 3 0 241 284 3120 0.5 0.05284831846259437
table-0108-908 8 3 0 30 48 4645 1.0 0.4944382647385984
table-0108-415 35 7 31 1012 1029 497049 0.2 0.2115073940598981
table-0108-903 1 3 0 199 275 9399 0.1111111111111111 0.011391734369480749
table-0108-542 1 2 0 49 65 3568 0.3333333333333333 0.03333333333333333
table-0108-349 133 4 133 172 472 1683 1.0 45.869955156950674
table-0108-987 6 17 5 96 225 9788 0.16666666666666666 1.2093139709564347
table-0108-412 9 10 24 26 31 1621 0.3333333333333333 0.9141104294478528
table-0108-199 1 2 0 57 79 4580 0.3333333333333333 0.02562225475841874
table-0108-982 2 15 0 40 61 3105 0.5 0.7094736842105264
table-0108-690 9 4 0 347 410 9235 0.125 0.5234182415776499
table-0108-956 1 14 0 173 168 3231 0.5 0.665314401622718
table-0108-247 1 2 0 83 86 7941 0.3333333333333333 0.025510204081632654
table-0108-167 1 5 0 140 222 2825 0.5 0.05812574139976275
table-0108-281 36 4 26 541 490 53784 0.2 0.12864973710705896
table-0108-129 10 3 0 4 298 534 1.0 0.42857142857142855
table-0108-171 1 5 0 140 222 2825 0.5 0.0468564650059312
table-0108-832 3 2 0 177 246 16310 0.3333333333333333 0.037211740041928724
table-0108-926 2 3 0 110 127 3884 0.25 0.19346938775510203
table-0108-16 1 5 2 7 19 565 1.0 0.1742957746478873
table-0108-53 1 5 0 125 234 2856 0.5 0.03080168776371308
table-0108-863 190 4 273 12 322 10713 0.5 1.9410400794965221
table-0108-101 17 6 49 364 416 14947 1.0 0.42668863261943984
table-0108-273 13 7 25 175 229 1274 0.5 0.883356070941337
table-0108-674 20 7 1 19 58 2357 0.5 2.0905109489051097
table-0108-988 0 1 0 96 225 9788 0.16666666666666666 0.0
table-0108-673 1 2 0 33 45 7697 0.5 0.0329512893982808
table-0108-38 1 5 0 128 214 2741 0.5 0.03309431880860452
table-0108-953 1 5 0 143 215 2855 0.5 0.029688273132112815
table-0108-216 0 1 0 94 104 4850 0.3333333333333333 0.0
table-0108-145 7 3 1 4 298 534 1.0 0.2893772893772894
table-0108-977 1 5 0 147 196 6761 0.5 0.08212147134302823
table-0108-874 1 2 1 16 26 4104 1.0 0.017055655296229804
table-0108-179 4 5 0 132 88 317791 0.14285714285714285 0.12822429906542057
table-0108-852 1 3 0 82 162 5245 0.5 0.15849673202614378
table-0108-760 192 4 192 168 564 1401 1.0 75.41304347826087
table-0108-345 5 4 5 9 18 3376 0.5 0.17785939139559287
table-0108-584 10 3 10 250 497 4561 0.2 0.20187793427230047
table-0108-185 0 1 0 51 62 3295 0.3333333333333333 0.0
table-0108-325 2 5 1 9 17 483 0.5 0.8586956521739131
table-0108-949 3 10 2 143 215 2855 0.5 0.05541810984661059
table-0108-80 0 1 0 60 51 22268 1.0 0.0
table-0108-317 8 6 6 83 75 4052 1.0 0.11673847654662223
table-0108-938 7 5 0 1178 344 30621 0.1 0.4543278819305943
table-0108-480 8 5 0 86 523 15034 0.16666666666666666 0.12359081419624217
table-0108-919 5 14 17 245 257 13987 0.3333333333333333 0.3000504286434695
table-0108-1 13 4 5 330 272 43003 0.3333333333333333 0.2191780821917808
table-0108-552 11 9 15 282 420 16081 0.07692307692307693 0.021212802638482874
table-0108-100 0 1 0 25 48 1939 0.5 0.0
table-0108-160 33 5 26 241 402 1137 1.0 2.0919003115264796
table-0108-426 16 3 0 417 319 58064 0.25 0.005286574195236849
table-0108-881 7 4 6 36 43 1841 0.2 0.6811414392059554
table-0108-214 2 2 0 94 104 4850 0.3333333333333333 0.10840282232200128
table-0108-294 5 2 0 83 48 1296 0.1111111111111111 0.010040485829959514
table-0108-461 11 3 0 811 700 185427 0.3333333333333333 0.0022310756972111555
table-0108-112 1 5 0 135 311 3424 0.5 0.04826732673267327
table-0108-374 52 4 0 161 118 68783 0.3333333333333333 12.314524555903866
table-0108-122 9 5 3 135 311 3424 0.5 0.3712871287128713
table-0108-308 13 4 13 103 261 5699 0.3333333333333333 0.537
table-0108-836 2 15 2 53 43 2298 0.5 1.4400826446280992
table-0108-441 10 3 5 35 455 5297 1.0 0.3846899224806202
table-0108-433 16 3 0 157 239 1073 0.5 0.28913260219341974
table-0108-520 7 4 7 171 638 1585 1.0 1.9128787878787878
table-0108-776 10 16 39 103 109 3566 0.5 5.579591836734694
table-0108-12 0 1 0 16 32 127 1.0 0.0
table-0108-57 1 5 0 125 234 2856 0.5 0.03080168776371308
table-0108-871 2 23 1 109 151 5254 0.16666666666666666 1.2939189189189189
table-0108-911 1 15 0 32 44 2911 0.5 0.29644921552436004
table-0108-550 2 7 0 1488 22 19545 0.16666666666666666 0.03844454264250994
table-0108-519 3 4 3 171 638 1585 1.0 0.7613636363636364
table-0108-56 2 1 1 125 234 2856 0.5 0.0189873417721519
table-0108-563 6 19 0 282 420 16081 0.07692307692307693 0.017689828348699498
table-0108-31 2 2 0 50 112 8076 0.5 0.060790273556231005
table-0108-880 9 4 12 36 43 1841 0.2 0.5173697270471465
table-0108-275 2 5 2 13 19 572 0.5 1.035897435897436
table-0108-343 10 10 9 185 156 39015 0.14285714285714285 0.27231329690346084
table-0108-92 11 8 0 1569 568 214264 0.2 0.01787465940054496
table-0108-936 7 2 0 1178 344 30621 0.1 0.17550857598723574
table-0108-181 1 3 0 132 88 317791 0.14285714285714285 0.045233644859813085
table-0108-689 7 4 0 347 410 9235 0.125 0.4026294165981923
table-0108-33 2 5 0 128 214 2741 0.5 0.08604522890237176
table-0108-534 262 4 262 167 638 1493 1.0 91.20192307692308
table-0108-241 1 2 0 34 50 6882 0.3333333333333333 0.051775147928994084
table-0108-336 16 4 0 61 85 161821 0.25 0.3579581483830057
table-0108-882 3 16 1 38 136 2296 0.3333333333333333 0.9982832618025751
table-0108-772 1 3 0 24 43 7215 1.0 0.03294691885295912
table-0108-812 2 18 0 57 135 3668 0.125 0.8111002921129503
table-0108-843 5 22 36 287 331 23482 0.16666666666666666 0.22495112414467253
table-0108-546 1 2 0 46 58 3106 0.3333333333333333 0.02921535893155259
table-0108-858 2 14 8 92 94 4882 0.5 0.12836807320793087
table-0108-951 1 5 0 143 215 2855 0.5 0.03809995051954478
table-0108-952 1 4 1 143 215 2855 0.5 0.029193468579910935
table-0108-685 52 4 0 28 305 976 1.0 2.2916666666666665
table-0108-845 3 15 9 287 331 23482 0.16666666666666666 0.06329423264907136
table-0108-74 2 5 3 135 186 2851 0.5 0.07677165354330709
table-0108-570 10 3 10 250 492 4752 0.2 0.26594533029612755
table-0108-429 1 1 0 160 428 18814 0.07142857142857142 0.0012068792115055818
table-0108-849 24 10 34 425 283 204751 1.0 0.39574688796680496
table-0108-643 49 5 47 48 316 5344 0.1 1.2795216741405082
table-0108-210 1 2 0 102 115 5746 0.3333333333333333 0.01818181818181818
table-0108-624 2 1 1 136 209 3203 0.5 0.01401141670991178
table-0108-131 3 3 0 4 298 534 1.0 0.11996336996336997
table-0108-816 5 16 15 75 75 2871 0.5 2.5008025682182984
table-0108-192 0 1 0 83 87 7747 0.3333333333333333 0.0
table-0108-554 2 3 0 282 420 16081 0.07692307692307693 0.0017240086950003747
table-0108-507 7 4 7 166 321 1473 1.0 2.203791469194313
table-0108-225 2 2 0 59 100 3794 0.3333333333333333 0.04197349042709867
table-0108-561 14 5 0 282 420 16081 0.07692307692307693 0.07060939959523274
table-0108-402 2 2 0 9 18 920 1.0 0.0817391304347826
table-0108-182 0 1 0 23 42 2007 1.0 0.0
table-0108-660 1 1 0 7 10 5233 1.0 0.09842845326716294
table-0108-476 1 2 0 47 59 4754 0.3333333333333333 0.02779984114376489
table-0108-648 1 5 1 48 316 5344 0.1 0.021823617339312408
table-0108-49 1 4 0 125 234 2856 0.5 0.036286919831223625
table-0108-286 4 3 0 47 68 6295 0.2 0.10174953959484347
table-0108-602 17 7 14 125 325 1567 0.3333333333333333 1.0330188679245282
table-0108-868 15 4 0 0 0 0 0.0 496.0
table-0108-239 0 1 0 65 89 14235 0.25 0.0
table-0108-737 42 4 42 167 427 1641 1.0 11.933852140077821
table-0108-318 5 3 0 23 31 1423 1.0 0.41209476309226933
table-0108-560 9 4 0 282 420 16081 0.07692307692307693 0.043774829473052994
table-0108-175 5 5 2 176 132 24804 0.25 0.765814266487214
table-0108-774 1 5 0 11 22 2432 0.5 0.01982023507720673
table-0108-819 1 3 0 16 8 821 0.5 0.07708779443254818
table-0108-859 1 3 0 92 94 4882 0.5 0.029232333502796137
table-0108-320 6 4 4 37 41 1644 1.0 0.24154135338345864
table-0108-43 2 6 0 170 194 15057 0.3333333333333333 0.03884795713328868
table-0108-106 12 5 0 65 75 14281 0.125 0.0703145308032233
table-0108-529 1 2 0 42 59 2806 0.3333333333333333 0.043316831683168314
table-0108-253 18 3 0 29 6 747 1.0 4.348258706467662
table-0108-630 4 7 4 80 72 2323 0.25 0.3322809786898185
table-0108-494 25 4 25 172 545 2051 1.0 9.278048780487804
table-0108-195 1 2 0 55 78 2955 0.3333333333333333 0.052552552552552555
table-0108-355 4 3 0 15 255 21815 1.0 0.24552058111380146
table-0108-183 3 2 0 51 62 3295 0.3333333333333333 0.17452830188679244
table-0108-9 0 1 0 15 35 108 1.0 0.0
table-0108-675 16 7 14 119 91 7199 1.0 1.200225606316977
table-0108-657 1 1 0 7 10 5233 1.0 0.0934656741108354
table-0108-636 2 5 0 131 188 2943 0.5 0.0905224787363305
table-0108-910 1 15 0 98 44 6825 0.5 0.22533333333333333
table-0108-212 3 2 0 85 111 4439 0.3333333333333333 0.08275580921320831
table-0108-222 25 6 0 116 457 19399 0.25 0.20419847328244276
table-0108-503 7 4 7 166 321 1473 1.0 2.3649289099526065
table-0108-744 211 4 212 167 526 1457 1.0 83.41573033707866
table-0108-312 4 3 0 156 192 9625 1.0 1.2247899159663866
table-0108-707 2 3 0 4 16 712 0.14285714285714285 0.2645939086294416
table-0108-201 3 2 0 16 20 37833 0.25 0.13470471134704712
table-0108-220 2 3 0 130 172 4852 1.0 0.09841590832490732
table-0108-975 4 5 0 147 196 6761 0.5 0.2566295979469632
table-0108-348 1 3 0 28 38 1118 1.0 0.03183989083466
table-0108-36 3 5 0 128 214 2741 0.5 0.13623827909542197
table-0108-697 2 2 0 52 74 14925 1.0 0.042420461634435434
table-0108-605 4 5 6 143 191 2619 0.5 0.1885676741130092
table-0108-653 61 6 66 81 223 8789 1.0 1.5598487339690892
table-0108-118 8 5 2 135 311 3424 0.5 0.40284653465346537
table-0108-233 1 2 0 53 52 33911 0.25 0.020091848450057407
table-0108-834 1 17 0 43 41 1950 0.5 0.2865731462925852
table-0108-545 2 2 0 46 58 3106 0.3333333333333333 0.14106844741235391
table-0108-509 3 4 3 166 321 1473 1.0 1.028436018957346
table-0108-803 2 3 0 29 20 14520 1.0 0.07637835103692463
table-0108-451 3 3 0 219 126 9649 1.0 0.03253968253968254
table-0108-302 14 4 0 5115 667 111250 0.08333333333333333 0.01401105316416284
table-0108-344 7 9 7 185 156 39015 0.14285714285714285 0.12006678809957498
table-0108-246 2 2 0 83 86 7941 0.3333333333333333 0.12317784256559766
table-0108-596 9 2 5 133 234 57230 1.0 0.0417989417989418
table-0108-671 1 3 0 19 35 1169 0.3333333333333333 0.08501440922190202
table-0108-540 1 2 0 63 66 4304 0.3333333333333333 0.023240371845949535
table-0108-967 3 3 1 86 117 1379 0.3333333333333333 0.3479020979020979
table-0108-365 13 4 13 171 522 1252 1.0 3.851063829787234
table-0108-257 7 2 0 29 6 747 1.0 0.48009950248756217
table-0108-4 4 15 4 100 63 3640 0.5 1.6311475409836065
table-0108-488 3 4 3 172 545 2051 1.0 1.0731707317073171
table-0108-432 1 4 1 160 428 18814 0.07142857142857142 0.0052298099165241875
table-0108-985 2 3 0 399 338 8094 0.25 0.12342215988779803
table-0108-299 4 3 0 5115 667 111250 0.08333333333333333 0.009574219662177941
table-0108-573 26 11 16 250 492 4752 0.2 2.2830296127562644
table-0108-558 12 5 0 282 420 16081 0.07692307692307693 0.05404392474327262
table-0108-335 10 4 9 61 85 161821 0.25 0.11984781230183894
table-0108-521 9 4 9 171 638 1585 1.0 2.3257575757575757
table-0108-670 3 3 0 54 72 9353 1.0 0.6147144240077445
table-0108-530 33 4 33 167 638 1493 1.0 11.379807692307692
table-0108-891 22 2 0 601 190 93058 0.3333333333333333 0.025603428829235282
table-0108-266 16 11 0 89 210 1218 0.25 0.642901813633521
table-0108-152 6 2 3 218 184 115135 0.5 0.009807806617792748
table-0108-923 2 15 1 110 127 3884 0.25 0.5461224489795918
table-0108-366 1 3 0 112 133 30478 1.0 0.010193584588048256
table-0108-289 6 4 0 83 48 1296 0.1111111111111111 0.08923076923076922
table-0108-163 2 1 1 140 222 2825 0.5 0.020759193357058125
table-0108-464 10 3 0 330 166 22529 0.5 0.06431259685632057
table-0108-703 10 7 23 68 62 1858 0.5 1.088167053364269
table-0108-929 3 14 1 40 52 2408 0.5 2.870879120879121
table-0108-553 2 6 0 282 420 16081 0.07692307692307693 0.011168578067611123
table-0108-748 13 7 0 204 265 2823 0.16666666666666666 0.639386189258312
table-0108-375 1 4 0 161 118 68783 0.3333333333333333 0.040229885057471264
table-0108-155 13 6 13 416 54 80203 0.5 0.4791075050709939
table-0108-611 2 1 1 143 191 2619 0.5 0.024967148488830485
table-0108-867 7 5 0 349 116 31056 0.25 1.027027027027027
table-0108-59 1 5 0 125 234 2856 0.5 0.03670886075949367
table-0108-710 2 2 0 4 16 712 0.14285714285714285 0.17385786802030456
table-0108-706 2 3 0 4 16 712 0.14285714285714285 0.17766497461928935
table-0108-82 1 3 0 97 73 13945 1.0 0.04674977738201247
table-0108-360 199 4 199 169 478 1197 1.0 68.85046728971963
table-0108-686 1 2 0 28 42 3121 1.0 0.04831932773109244
table-0108-341 6 6 6 185 156 39015 0.14285714285714285 0.031876138433515486
table-0108-538 29 4 29 171 456 1344 1.0 10.934782608695652
table-0108-444 57 8 0 35 455 5297 1.0 1.1695736434108528
table-0108-825 2 16 1 89 73 18854 0.3333333333333333 0.4517543859649123
table-0108-878 3 3 0 36 43 1841 0.2 0.4305210918114144
table-0108-77 2 1 1 135 186 2851 0.5 0.019028871391076115
table-0108-626 0 1 0 23 51 5110 1.0 0.0
table-0108-913 1 22 0 80 102 8751 0.25 0.06917019987886129
table-0108-818 7 17 15 68 102 3814 0.5 4.757894736842105
table-0108-610 1 5 0 143 191 2619 0.5 0.051248357424441525
table-0108-853 1 13 0 57 52 2801 0.5 0.12152902993148215
table-0108-408 10 11 0 85 124 7010 0.3333333333333333 0.23007654209815398
table-0108-486 3 4 3 172 545 2051 1.0 1.102439024390244
table-0108-693 9 8 0 347 410 9235 0.125 1.019720624486442
table-0108-713 0 1 0 60 85 17110 0.3333333333333333 0.0
table-0108-535 176 4 176 171 456 1344 1.0 70.3586956521739
table-0108-130 4 3 0 4 298 534 1.0 0.25824175824175827
table-0108-731 27 4 27 167 427 1641 1.0 7.680933852140078
table-0108-153 1 1 0 203 222 7498 1.0 0.012348668280871672
table-0108-894 2 22 0 120 166 4745 0.125 0.3576485072329948
table-0108-334 10 4 19 301 284 36053 0.16666666666666666 0.37327188940092165
table-0108-634 1 5 0 131 188 2943 0.5 0.03523693803159174
table-0108-533 37 4 38 167 638 1493 1.0 11.961538461538462
table-0108-143 6 3 0 4 298 534 1.0 0.25274725274725274
table-0108-395 16 8 0 279 207 87753 0.16666666666666666 0.060586907449209935
table-0108-536 86 4 86 171 456 1344 1.0 32.744565217391305
table-0108-459 4 4 6 0 0 0 0.0 1924.0
table-0108-718 1 18 0 23 46 1680 0.3333333333333333 0.2493150684931507
table-0108-665 1 1 0 7 10 5233 1.0 0.08684863523573201
table-0108-581 5 5 0 250 497 4561 0.2 0.12206572769953052
table-0108-51 2 5 0 125 234 2856 0.5 0.0540084388185654
table-0108-14 1 5 2 7 16 809 1.0 0.2234762979683973
table-0108-869 5 19 16 500 151 17855 0.16666666666666666 0.3128745233339386
table-0108-58 2 5 0 125 234 2856 0.5 0.0759493670886076
table-0108-314 1 3 0 146 124 8935 1.0 0.010027808207634617
table-0108-759 10 3 0 662 745 40736 0.1111111111111111 0.11376969975842632
table-0108-242 2 2 0 76 108 656 1.0 0.027239263803680983
table-0108-969 5 19 30 105 108 6498 0.5 1.6689895470383276
table-0108-383 19 6 0 286 221 7379 0.3333333333333333 5.7975308641975305
table-0108-567 5 5 0 250 492 4752 0.2 0.16343963553530752
table-0108-877 1 3 0 70 94 5633 0.3333333333333333 0.19210526315789472
table-0108-779 2 22 16 95 92 3612 0.2 0.5709598031173093
table-0108-177 3 4 0 132 88 317791 0.14285714285714285 0.06467289719626168
table-0108-452 6 13 3 159 261 1146 1.0 0.47279042840602087
table-0108-839 2 14 1 56 49 3064 0.5 0.3422140560404226
table-0108-478 10 4 0 82 309 6563 1.0 0.04162889851277403
table-0108-440 12 3 7 35 455 5297 1.0 0.41472868217054265
table-0108-712 4 17 14 60 85 17110 0.3333333333333333 0.46772408705274804
table-0108-269 6 16 4 114 157 10763 1.0 0.0794261721483555
table-0108-60 2 5 0 125 234 2856 0.5 0.07341772151898734
table-0108-70 4 5 0 135 186 2851 0.5 0.1968503937007874
table-0108-800 1 14 0 32 50 2913 0.5 0.2567783094098884
table-0108-424 10 3 14 138 108 3251 0.2 0.3005893909626719
table-0108-786 2 18 1 42 51 3005 0.5 1.768
table-0108-29 5 3 0 84 96 100374 0.5 0.03822937625754527
table-0108-597 17 2 0 133 234 57230 1.0 0.10105820105820106
table-0108-87 16 9 36 1569 568 214264 0.2 0.24506811989100818
table-0108-393 7 4 0 279 207 87753 0.16666666666666666 0.01959367945823928
table-0108-458 0 1 0 18 22 2412 1.0 0.0
table-0108-249 10 6 0 114 224 37233 0.3333333333333333 0.5496607032695867
table-0108-751 6 4 0 204 265 2823 0.16666666666666666 0.9194373401534527
table-0108-88 6 16 12 1569 568 214264 0.2 0.03596730245231607
table-0108-18 1 2 1 73 102 8877 1.0 0.0158465387823186
table-0108-659 1 1 0 7 10 5233 1.0 0.15715467328370555
table-0108-627 6 4 5 107 98 1283 0.5 0.6339044183949504
table-0108-190 2 2 0 83 87 7747 0.3333333333333333 0.27704918032786885
table-0108-764 49 4 49 171 662 2881 1.0 15.672811059907835
table-0108-140 3 3 0 4 298 534 1.0 0.16941391941391942
table-0108-47 4 9 19 503 231 278146 0.5 0.027190332326283987
table-0108-935 16 4 0 1178 344 30621 0.1 0.5939369764658955
table-0108-873 2 6 0 109 151 5254 0.16666666666666666 0.36486486486486486
table-0108-313 1 3 0 156 192 9625 1.0 0.21218487394957983
table-0108-981 2 1 1 147 196 6761 0.5 0.0504704875962361
table-0108-468 72 6 0 325 406 20787 0.3333333333333333 1.1907945487271792
table-0108-261 1 3 0 272 194 8919 1.0 0.0046193387051958875
table-0108-741 1 4 1 167 427 1641 1.0 0.2801556420233463
table-0108-93 20 9 0 1569 568 214264 0.2 0.07618528610354224
table-0108-172 11 2 0 34 60 8148 0.5 0.3043863535666814
table-0108-865 2 21 4 276 447 6044 0.14285714285714285 0.34690386589120764
table-0108-91 16 8 0 1569 568 214264 0.2 0.15029972752043597
table-0108-989 3 17 14 17 4 522 1.0 6.281045751633987
table-0108-358 40 4 40 169 478 1197 1.0 12.985981308411215
table-0108-771 1 3 0 63 81 7056 0.3333333333333333 0.035685645549318364
table-0108-513 39 4 39 171 638 1585 1.0 10.950757575757576
table-0108-848 43 10 25 425 283 204751 1.0 4.0682918395574
table-0108-609 2 5 0 143 191 2619 0.5 0.10972404730617609
table-0108-282 18 4 0 2 28 3177 1.0 2.004424778761062
table-0108-142 7 3 0 4 298 534 1.0 0.32234432234432236
table-0108-822 0 1 0 42 126 5326 0.3333333333333333 0.0
table-0108-337 4 5 0 18 40 924 0.5 1.1978260869565218
table-0108-268 0 1 0 43 561 113435 1.0 0.0
table-0108-755 13 19 56 662 745 40736 0.1111111111111111 0.5748303232485908
table-0108-170 1 4 0 140 222 2825 0.5 0.0498220640569395
table-0108-887 6 17 10 98 120 4943 0.5 1.7936857562408224
table-0108-300 12 9 12 5115 667 111250 0.08333333333333333 0.08344360551101425
table-0108-356 2 5 0 47 62 2380 0.3333333333333333 0.26528258362168394
table-0108-662 1 1 0 7 10 5233 1.0 0.10587262200165426
table-0108-717 1 14 0 23 46 1680 0.3333333333333333 0.43424657534246575
table-0108-594 20 7 16 407 335 525 1.0 0.19847856154910096
table-0108-413 5 3 0 26 31 1621 0.3333333333333333 0.2822085889570552
table-0108-615 1 7 1 65 54 1665 0.3333333333333333 0.1008174386920981
table-0108-184 1 2 0 51 62 3295 0.3333333333333333 0.02358490566037736
table-0108-477 0 1 0 47 59 4754 0.3333333333333333 0.0
table-0108-32 5 5 0 128 214 2741 0.5 0.1836734693877551
table-0108-893 5 17 14 120 166 4745 0.125 0.5078485687903971
table-0108-830 18 5 8 177 246 16310 0.3333333333333333 0.7133123689727463
table-0108-557 6 7 0 282 420 16081 0.07692307692307693 0.04017689828348699
table-0108-768 193 4 193 171 662 2881 1.0 64.72350230414746
table-0108-746 5 5 0 204 265 2823 0.16666666666666666 0.36445012787723785
table-0108-870 2 22 0 500 151 17855 0.16666666666666666 0.21554385327764664
table-0108-293 2 6 0 83 48 1296 0.1111111111111111 0.01862348178137652
table-0108-742 25 4 25 167 427 1641 1.0 6.684824902723736
table-0108-287 6 3 0 47 68 6295 0.2 0.14318600368324125
table-0108-205 1 2 0 89 112 3773 0.3333333333333333 0.022742040285899934
table-0108-326 12 7 43 40 224 4134 0.25 0.08235294117647059
table-0108-815 9 21 57 484 527 19570 0.2 0.6926512383272432
table-0108-791 4 16 3 76 140 2171 0.3333333333333333 2.220877458396369
table-0108-524 6 4 6 171 638 1585 1.0 1.446969696969697
table-0108-443 57 8 0 35 455 5297 1.0 0.7374031007751938
table-0108-371 1 2 1 15 33 10440 1.0 0.006278916060806345
table-0108-606 2 5 0 143 191 2619 0.5 0.10775295663600526
table-0108-603 1 3 0 23 23 954 1.0 0.6349206349206349
table-0108-362 70 4 70 171 522 1252 1.0 22.8
table-0108-828 4 17 24 66 92 5603 0.2 0.6339444115907746
table-0108-580 1 2 0 9 27 1558 0.25 0.04088785046728972
table-0108-575 29 11 13 250 492 4752 0.2 2.5028473804100226
table-0108-612 0 1 0 19 16 1087 1.0 0.0
table-0108-734 18 4 18 167 427 1641 1.0 4.883268482490273
table-0108-472 3 3 0 111 146 2090 1.0 0.12185066422354558
table-0108-50 1 5 0 125 234 2856 0.5 0.0350210970464135
table-0108-664 1 1 0 7 10 5233 1.0 0.12076095947063689
table-0108-367 5 3 0 209 117 212850 1.0 0.014900852023077216
table-0108-418 7 9 6 1012 1029 497049 0.2 0.18708835590903442
table-0108-941 1 17 0 36 37 2847 0.5 0.9412997903563941
table-0108-589 29 11 18 250 497 4561 0.2 1.827998292787025
table-0108-785 1 3 0 50 72 2179 0.5 0.08505917159763314
table-0108-457 4 3 0 32 34 877 1.0 0.31413612565445026
table-0108-372 0 1 0 19 19 2287 1.0 0.0
table-0108-90 11 16 27 1569 568 214264 0.2 0.0653950953678474
table-0108-267 9 4 6 89 210 1218 0.25 0.6585365853658537
table-0108-221 25 5 0 116 457 19399 0.25 0.18959508795220711
table-0108-296 1 2 1 12 28 3496 1.0 0.014084507042253521
table-0108-523 5 4 5 171 638 1585 1.0 1.3106060606060606
table-0108-403 14 3 0 1044 1010 707955 1.0 0.01876654314452091
table-0108-924 1 22 0 110 127 3884 0.25 0.49142857142857144
table-0108-793 0 1 0 185 268 3049 0.14285714285714285 0.0
table-0108-352 72 4 72 172 472 1683 1.0 23.704035874439462
table-0108-278 5 4 4 28 83 6949 0.5 0.3243574051407589
table-0108-407 24 4 0 1044 1010 707955 1.0 0.040629962943356274
table-0108-621 2 5 0 136 209 3203 0.5 0.06434872859366891
table-0108-990 8 5 0 37 71 8237 0.5 0.1395971041863393
table-0108-456 10 6 10 8 15 787 0.5 2.546511627906977
table-0108-333 10 3 0 301 284 36053 0.16666666666666666 0.26359447004608294
table-0108-379 10 3 15 129 107 940 0.2 0.21982758620689655
table-0108-590 25 11 15 250 497 4561 0.2 1.5825864276568502
table-0108-922 6 15 22 127 132 6611 0.16666666666666666 0.27365020766035997
table-0108-757 1 16 0 662 745 40736 0.1111111111111111 0.04313815713792707
table-0108-309 14 4 14 103 261 5699 0.3333333333333333 0.5805
table-0108-677 1 2 1 22 42 3007 1.0 0.017608897126969416
table-0108-236 3 2 0 65 89 14235 0.25 0.15106520335700452
table-0108-3 17 11 0 70 85 3110 0.5 0.3093607305936073
table-0108-219 4 6 4 21 22 3161 0.3333333333333333 0.05278737049827331
table-0108-701 27 6 0 49 87 2026 0.3333333333333333 1.791866028708134
table-0108-422 4 4 8 138 108 3251 0.2 0.03143418467583497
table-0108-804 1 15 0 20 41 1521 0.5 0.3457142857142857
table-0108-72 1 4 1 135 186 2851 0.5 0.04330708661417323
table-0108-291 3 2 0 83 48 1296 0.1111111111111111 0.00631578947368421
table-0108-48 4 10 0 503 231 278146 0.5 0.028952668680765358
table-0108-234 1 2 0 53 52 33911 0.25 0.020091848450057407
table-0108-331 6 3 5 301 284 36053 0.16666666666666666 0.08847926267281106
table-0108-974 1 4 0 147 196 6761 0.5 0.09238665526090675
table-0108-76 1 5 0 135 186 2851 0.5 0.05249343832020997
table-0108-442 70 9 54 35 455 5297 1.0 1.5397286821705427
table-0108-381 8 4 8 43 51 1218 0.5 0.7700084245998315
table-0108-119 4 5 3 135 311 3424 0.5 0.18007425742574257
table-0108-998 0 1 0 348 510 13661 0.3333333333333333 0.0
table-0108-811 2 23 1 57 135 3668 0.125 1.1528724440116844
table-0108-40 2 1 1 128 214 2741 0.5 0.018753447324875896
table-0108-46 1 14 0 35 74 2917 0.14285714285714285 0.07369381702030572
table-0108-642 16 5 13 48 316 5344 0.1 0.44424514200298953
table-0108-178 3 3 0 132 88 317791 0.14285714285714285 0.0811214953271028
table-0108-770 3 22 32 63 81 7056 0.3333333333333333 0.3279871692060946
table-0108-948 1 4 1 143 215 2855 0.5 0.01632855022266205
table-0108-678 9 9 0 28 305 976 1.0 2.0
table-0108-847 3 3 0 32 91 5738 1.0 0.042134160897588924
table-0108-151 0 1 0 118 160 5285 1.0 0.0
table-0108-37 2 5 1 128 214 2741 0.5 0.07060121345835632
table-0108-562 11 6 0 282 420 16081 0.07692307692307693 0.064762761412188
table-0108-578 3 2 0 9 27 1558 0.25 0.2733644859813084
table-0108-547 0 1 0 46 58 3106 0.3333333333333333 0.0
table-0108-111 2 5 3 135 311 3424 0.5 0.06497524752475248
table-0108-191 1 2 0 83 87 7747 0.3333333333333333 0.05737704918032787
table-0108-414 3 2 0 43 66 2937 0.5 0.21448467966573817
table-0108-401 1 1 0 394 307 51737 1.0 0.0021085925144965737
table-0108-500 8 8 2 13 43 1117 0.5 0.1068942286099259
table-0108-958 12 4 3 154 139 6629 0.5 0.8937888198757764
table-0108-382 1 4 0 159 107 82600 0.5 0.023092369477911646
table-0108-773 1 17 0 38 46 2820 0.5 0.9059080962800875
table-0108-285 3 5 0 47 68 6295 0.2 0.12569060773480664
table-0108-892 6 15 13 63 72 2872 0.5 1.44263698630137
table-0108-711 2 2 0 4 16 712 0.14285714285714285 0.15038071065989847
table-0108-709 2 2 0 4 16 712 0.14285714285714285 0.16370558375634517
table-0108-243 0 1 0 282 246 65678 0.25 0.0
table-0108-97 9 4 7 191 166 122673 0.3333333333333333 0.05404683465408245
table-0108-394 4 5 3 279 207 87753 0.16666666666666666 0.02293453724604966
table-0108-905 2 15 1 107 119 3524 0.5 0.48421807747489237
table-0108-598 12 2 0 133 234 57230 1.0 0.05432098765432099
table-0108-117 1 3 0 135 311 3424 0.5 0.043316831683168314
table-0108-756 3 23 18 662 745 40736 0.1111111111111111 0.15242148855400897
table-0108-591 26 13 0 250 497 4561 0.2 0.5650874946649594
table-0108-514 75 4 75 171 638 1585 1.0 20.071969696969695
table-0108-955 2 5 0 143 215 2855 0.5 0.05492330529440871
table-0108-327 12 3 0 40 224 4134 0.25 0.05526960784313725
table-0108-389 29 5 46 28 203 4623 0.16666666666666666 0.3431698531449155
table-0108-392 18 6 0 94 241 2063 1.0 6.3421686746987955
table-0108-96 5 4 0 191 166 122673 0.3333333333333333 0.028314486688629684
table-0108-17 15 6 7 96 81 5713 1.0 0.8080438756855576
table-0108-258 23 5 0 42 53 2652 0.5 1.3437939110070258
table-0108-209 3 2 0 102 115 5746 0.3333333333333333 0.10855614973262032
table-0108-42 1 2 0 98 112 3358 0.3333333333333333 0.01098901098901099
table-0108-86 13 10 77 1569 568 214264 0.2 0.028773841961852863
table-0108-942 1 16 0 19 64 2286 0.5 0.0301510989010989
table-0108-698 8 3 0 14 40 2048 1.0 0.1588785046728972
table-0108-474 113 4 101 144 220 85 1.0 7.6058252427184465
table-0108-116 2 5 2 135 311 3424 0.5 0.08849009900990099
table-0108-66 1 3 0 11 24 1009 1.0 0.1944990176817289
table-0108-663 1 1 0 7 10 5233 1.0 0.08684863523573201
table-0108-688 4 4 0 347 410 9235 0.125 0.21774856203779785
table-0108-161 5 6 5 241 402 1137 1.0 1.2959501557632398
table-0108-851 10 21 37 82 162 5245 0.5 7.122549019607843
table-0108-75 1 5 0 135 186 2851 0.5 0.049868766404199474
table-0108-614 7 3 0 65 54 1665 0.3333333333333333 0.05994550408719346
table-0108-994 1 3 0 21 66 2764 0.5 0.09908409658617819
table-0108-135 9 3 0 4 298 534 1.0 0.4551282051282051
table-0108-607 1 5 0 143 191 2619 0.5 0.06241787122207622
table-0108-699 7 3 0 49 87 2026 0.3333333333333333 0.9090909090909091
table-0108-462 6 5 2 176 227 6556 0.25 0.027866984357194653
table-0108-568 23 14 0 250 492 4752 0.2 0.7209567198177677
table-0108-471 1 1 0 69 105 1608 1.0 0.014894859813084112
table-0108-808 1 3 0 55 216 3544 0.1111111111111111 0.07213578500707214
table-0108-126 6 5 4 35 38 969 1.0 0.8093065693430657
table-0108-599 0 1 0 133 234 57230 1.0 0.0
table-0108-600 40 7 54 50 150 968 0.5 38.82
table-0108-311 1 2 1 9 24 2233 1.0 0.017179023508137433
table-0108-63 2 5 0 125 234 2856 0.5 0.04810126582278481
table-0108-147 5 3 0 4 298 534 1.0 0.21245421245421245
table-0108-27 13 4 0 98 134 22200 0.25 0.03650381559279364
table-0108-98 13 7 24 93 88 2463 0.3333333333333333 1.2834479111581174
table-0108-916 3 14 9 205 182 3443 0.5 0.5200583515681984
table-0108-272 3 5 0 65 57 41423 0.3333333333333333 0.09365757476174827
table-0108-39 1 4 2 128 214 2741 0.5 0.0253723110865968
table-0108-284 3 5 0 47 68 6295 0.2 0.14825046040515655
table-0108-150 0 0 0 118 160 5285 1.0 0.0
table-0108-532 97 4 97 167 638 1493 1.0 32.86538461538461
table-0108-180 11 6 3 132 88 317791 0.14285714285714285 0.15401869158878503
table-0108-510 24 4 24 166 321 1473 1.0 8.156398104265403
table-0108-833 7 3 1 177 246 16310 0.3333333333333333 0.41823899371069184
table-0108-361 217 4 217 171 522 1252 1.0 71.30212765957447
table-0108-912 1 14 0 80 102 8751 0.25 0.039491217443973346
table-0108-328 9 5 19 43 44 1895 1.0 0.81421647819063
table-0108-232 2 2 0 53 52 33911 0.25 0.09701492537313433
table-0108-516 34 4 34 171 638 1585 1.0 9.420454545454545
table-0108-991 2 15 1 41 95 2512 0.3333333333333333 0.7232905982905983
table-0108-724 5 4 5 167 427 1641 1.0 1.3891050583657587
table-0108-120 2 5 0 135 311 3424 0.5 0.12004950495049505
table-0108-115 2 1 1 135 311 3424 0.5 0.01547029702970297
table-0108-644 36 5 29 48 316 5344 0.1 1.0986547085201794
table-0108-248 0 1 0 83 86 7941 0.3333333333333333 0.0
table-0108-889 1 2 0 8 22 409 0.5 0.06744868035190615
table-0108-961 1 3 0 23 47 2194 0.5 0.056179775280898875
table-0108-292 8 2 0 83 48 1296 0.1111111111111111 0.04194331983805668
table-0108-254 18 7 0 29 6 747 1.0 4.669154228855722
table-0108-996 8 17 21 348 510 13661 0.3333333333333333 0.5813627254509018
table-0108-21 1 2 0 18 17 12977 1.0 0.05601469237832874
table-0108-950 3 3 0 143 215 2855 0.5 0.06382978723404255
table-0108-896 2 3 0 120 166 4745 0.125 0.08525700215450908
table-0108-359 69 4 69 169 478 1197 1.0 23.850467289719628
table-0108-993 3 16 1 21 66 2764 0.5 0.9750208159866778
table-0108-943 2 15 0 36 53 2861 0.5 0.517524235645041
table-0108-378 4 4 7 129 107 940 0.2 0.10344827586206896
table-0108-78 16 5 1 16 31 1300 0.5 1.551304347826087
table-0108-330 11 7 46 301 284 36053 0.16666666666666666 0.8709677419354839
table-0108-743 9 4 9 167 427 1641 1.0 2.5914396887159534
table-0108-322 0 1 0 23 51 1441 1.0 0.0
table-0108-661 24 5 60 7 10 5233 1.0 0.369727047146402
table-0108-99 6 4 5 93 88 2463 0.3333333333333333 0.3812797461660497
table-0108-303 14 4 0 5115 667 111250 0.08333333333333333 0.014945123375107028
table-0108-559 12 5 0 282 420 16081 0.07692307692307693 0.055992804137620866
table-0108-196 0 1 0 55 78 2955 0.3333333333333333 0.0
table-0108-127 10 6 0 99 225 6680 0.25 0.23361227336122734
table-0108-396 1 3 0 116 163 1263 1.0 0.03264925373134328
table-0108-957 1 3 0 173 168 3231 0.5 0.2738336713995943
table-0108-489 93 4 94 172 545 2051 1.0 33.926829268292686
table-0108-694 3 11 11 347 410 9235 0.125 0.030402629416598194
table-0108-323 8 5 0 82 128 2493 0.3333333333333333 0.9311740890688259
table-0108-631 6 4 5 112 99 1408 0.5 0.7633196721311475
table-0108-271 9 4 6 65 57 41423 0.3333333333333333 0.17318435754189945
table-0108-158 36 4 0 241 402 1137 1.0 2.3271028037383177
table-0108-750 7 8 0 204 265 2823 0.16666666666666666 0.3631713554987212
table-0108-479 1 3 0 52 44 24379 0.5 0.13750310250682551
table-0108-340 0 1 0 17 27 1480 1.0 0.0
table-0108-73 4 5 6 135 186 2851 0.5 0.14698162729658792
table-0108-608 1 5 0 143 191 2619 0.5 0.05059132720105125
table-0108-543 4 6 2 44 47 4778 1.0 0.1685189971568881
table-0108-71 2 5 0 135 186 2851 0.5 0.09120734908136482
table-0108-132 4 3 0 4 298 534 1.0 0.19322344322344323
table-0108-244 0 1 0 282 246 65678 0.25 0.0
table-0108-41 3 2 0 98 112 3358 0.3333333333333333 0.07598116169544741
table-0108-708 2 3 0 4 16 712 0.14285714285714285 0.2652284263959391
table-0108-633 2 5 0 131 188 2943 0.5 0.10145808019441069
table-0108-121 1 5 0 135 311 3424 0.5 0.055074257425742575
table-0108-654 5 4 0 72 130 766 0.5 0.27798861480075904
table-0108-406 10 5 2 1044 1010 707955 1.0 0.01127580730545262
table-0108-966 2 3 0 22 28 1264 1.0 0.22031571722717913
table-0108-276 1 2 1 11 19 2225 1.0 0.030595813204508857
table-0108-347 3 4 0 28 38 1118 1.0 0.05958608141914942
table-0108-388 25 5 46 28 203 4623 0.16666666666666666 0.2734829592684954
table-0108-427 3 9 2 417 319 58064 0.25 0.056006281078251764
table-0108-387 26 5 47 28 203 4623 0.16666666666666666 0.2966195622055971
table-0108-215 1 2 0 94 104 4850 0.3333333333333333 0.02245028864656831
table-0108-928 1 3 0 37 48 2040 0.5 0.16729559748427672
table-0108-518 188 4 189 171 638 1585 1.0 49.503787878787875
table-0108-297 7 3 3 5115 667 111250 0.08333333333333333 0.008951506188215148
table-0108-999 2 2 2 40 110 7346 0.5 0.034031413612565446
table-0108-62 1 5 0 125 234 2856 0.5 0.032489451476793246
table-0108-705 35 3 0 51 137 8546 0.3333333333333333 0.11633611325250544
table-0108-823 23 6 0 71 43 3969 0.3333333333333333 0.6628146925299215
table-0108-585 28 11 16 250 497 4561 0.2 1.8164746052069995
table-0108-980 1 5 0 147 196 6761 0.5 0.06672369546621043
table-0108-899 3 3 0 264 129 4990 1.0 0.28876508820798513
table-0108-364 52 4 52 171 522 1252 1.0 15.731914893617022
table-0108-549 2 3 0 1488 22 19545 0.16666666666666666 0.015908086610693768
table-0108-841 2 22 2 38 69 2813 0.3333333333333333 1.8139904610492845
table-0108-157 34 4 0 241 402 1137 1.0 1.9813084112149533
table-0108-992 4 25 43 41 95 2512 0.3333333333333333 1.5021367521367521
table-0108-687 9 4 0 347 410 9235 0.125 0.5110928512736237
table-0108-829 10 3 0 42 29 1706 1.0 1.4371727748691099
table-0108-548 2 6 0 1488 22 19545 0.16666666666666666 0.03225806451612903
table-0108-792 5 7 0 185 268 3049 0.14285714285714285 0.22083879423328964
table-0108-684 9 7 0 28 305 976 1.0 1.3011006289308176
table-0108-780 1 20 0 95 92 3612 0.2 0.12715340442986053
table-0108-766 7 4 7 171 662 2881 1.0 2.47926267281106
table-0108-306 4 3 0 5115 667 111250 0.08333333333333333 0.019693313614073324
table-0108-81 3 18 2 40 66 7219 0.5 0.9010169491525424
table-0108-453 3 3 0 21 21 965 1.0 0.23423423423423423
table-0108-44 5 3 0 27 30 4688 1.0 0.06614785992217899
table-0108-907 51 3 0 6 525 233 1.0 5.004474272930649
table-0108-525 14 4 14 171 638 1585 1.0 3.5416666666666665
table-0108-363 27 4 27 171 522 1252 1.0 8.451063829787234
table-0108-455 1 3 0 84 102 9533 1.0 0.04557069846678024
table-0108-906 73 3 0 3 147 572 0.5 44.76744186046512
table-0108-450 10 3 14 151 110 1209 0.2 0.326271186440678
table-0108-491 30 4 30 172 545 2051 1.0 10.629268292682926
table-0108-475 2 2 0 47 59 4754 0.3333333333333333 0.13423351866560762
table-0108-252 6 4 1 112 149 1364 1.0 0.019957193266616532
table-0108-842 3 23 18 287 331 23482 0.16666666666666666 0.15994623655913978
table-0108-932 5 21 34 140 345 4461 0.16666666666666666 1.3805374001452433
table-0108-141 5 3 0 4 298 534 1.0 0.2619047619047619
table-0108-672 10 5 27 19 35 1169 0.3333333333333333 0.8573487031700289
table-0108-835 3 16 11 178 186 4682 0.5 0.6880530973451328
table-0108-802 1 3 0 53 73 3807 0.5 0.10348071495766697
table-0108-898 6 9 12 164 100 5703 0.5 2.37029702970297
table-0108-400 10 4 0 717 520 0 0.3333333333333333 0.16885245901639345
table-0108-593 17 7 14 124 144 1231 0.3333333333333333 2.008771929824561
table-0108-24 1 5 2 9 22 1223 1.0 0.0614115490375802
table-0108-569 6 4 0 250 492 4752 0.2 0.45558086560364464
table-0108-208 1 2 0 83 109 10783 0.3333333333333333 0.0157942238267148
table-0108-739 2 4 2 167 427 1641 1.0 0.48638132295719844
table-0108-962 6 18 36 5 5 549 1.0 7.810679611650485
table-0108-781 2 7 0 95 92 3612 0.2 0.20754716981132076
table-0108-754 14 7 0 662 745 40736 0.1111111111111111 0.212929943632808
table-0108-499 13 4 13 166 285 1259 1.0 5.125
table-0108-986 17 4 17 168 647 1986 1.0 0.5851428571428572
table-0108-947 2 1 1 143 215 2855 0.5 0.009896091044037604
table-0108-799 1 21 0 44 51 3580 0.3333333333333333 0.5070422535211268
table-0108-640 7 5 5 48 316 5344 0.1 0.16920777279521673
table-0108-204 2 2 0 89 112 3773 0.3333333333333333 0.10981156595191682
table-0108-838 6 10 10 255 113 6862 0.2 0.44141252006420545
table-0108-531 59 4 59 167 638 1493 1.0 20.115384615384617
table-0108-495 45 4 45 172 545 2051 1.0 15.682926829268293
table-0108-805 5 16 31 107 144 46946 0.2 0.24158653846153846
table-0108-931 1 3 0 31 48 1686 0.5 0.14666666666666667
table-0108-965 1 15 0 11 6 687 1.0 1.4280575539568345
table-0108-765 56 4 56 171 662 2881 1.0 17.764976958525345
table-0108-279 5 4 3 541 490 53784 0.2 0.01661259648730283
table-0108-817 1 15 0 24 32 1697 0.5 1.1818181818181819
table-0108-909 2 15 1 24 45 2437 0.5 1.5247747747747749
table-0108-128 5 3 0 4 298 534 1.0 0.18864468864468864
table-0108-280 2 4 0 541 490 53784 0.2 0.006320617518738114
table-0108-124 6 5 0 126 183 93396 1.0 0.017618688277174447
table-0108-971 5 5 2 294 534 12969 0.1111111111111111 0.09846010265982268
table-0108-726 45 4 45 167 427 1641 1.0 12.762645914396888
table-0108-198 2 2 0 57 79 4580 0.3333333333333333 0.12371888726207907
table-0108-564 5 3 0 347 119 2298 0.2 0.05506783719074222
table-0108-262 3 5 5 162 113 20221 0.3333333333333333 0.024734299516908212
table-0108-979 2 5 0 147 196 6761 0.5 0.11976047904191617
table-0108-787 1 15 0 54 67 14745 0.3333333333333333 0.23481308411214954
table-0108-964 4 3 0 5 5 549 1.0 1.854368932038835
table-0108-682 9 8 0 28 305 976 1.0 1.5605345911949686
table-0108-918 1 13 0 45 34 2670 0.5 0.34216335540838855
table-0108-454 16 3 0 7 20 7255 0.5 0.9786620530565168
table-0108-551 2 3 0 1488 22 19545 0.16666666666666666 0.015908086610693768
table-0108-277 5 5 0 14 27 826 0.5 1.089171974522293
table-0108-109 4 5 6 135 311 3424 0.5 0.14603960396039603
table-0108-64 1 5 0 125 234 2856 0.5 0.02911392405063291
table-0108-939 43 11 0 1178 344 30621 0.1 0.9094535301156761
table-0108-298 13 4 1 5115 667 111250 0.08333333333333333 0.10204717054565268
table-0108-806 1 19 0 55 216 3544 0.1111111111111111 0.3161244695898161
table-0108-639 2 1 1 131 188 2943 0.5 0.019441069258809233
table-0108-973 1 4 1 147 196 6761 0.5 0.0718562874251497
table-0108-795 0 1 0 185 268 3049 0.14285714285714285 0.0
table-0108-798 6 4 0 185 268 3049 0.14285714285714285 0.4895150720838794
table-0108-138 8 3 0 4 298 534 1.0 0.3901098901098901
table-0108-89 10 8 0 1569 568 214264 0.2 0.08866485013623979
table-0108-572 29 11 17 250 492 4752 0.2 2.519362186788155
table-0108-425 23 16 89 417 319 58064 0.25 0.13499084009421616
table-0108-885 15 4 0 7 22 726 0.5 2.196551724137931
table-0108-22 0 1 0 18 17 12977 1.0 0.0
table-0108-722 5 19 29 123 216 4591 0.3333333333333333 0.5089115213239974
table-0108-735 12 4 12 167 427 1641 1.0 3.2062256809338523
table-0108-595 16 7 33 212 274 1177 0.5 0.24713547517411819
table-0108-515 50 4 50 171 638 1585 1.0 13.590909090909092
table-0108-373 0 1 0 47 68 10503 1.0 0.0
table-0108-231 1 3 0 276 228 27422 1.0 0.011417910447761194
table-0108-245 0 1 0 282 246 65678 0.25 0.0
table-0108-307 3 4 3 103 261 5699 0.3333333333333333 0.097
table-0108-20 1 2 0 18 17 12977 1.0 0.03213957759412305
table-0108-789 2 22 1 130 127 3940 0.2 1.362214199759326
table-0108-632 5 5 1 131 188 2943 0.5 0.24787363304981774
table-0108-883 3 15 2 220 268 21142 0.125 0.1186742297853409
table-0108-821 2 15 1 42 126 5326 0.3333333333333333 0.9210526315789473
table-0108-133 3 3 0 4 298 534 1.0 0.1227106227106227
table-0108-490 43 4 43 172 545 2051 1.0 15.946341463414635
table-0108-385 43 7 85 110 284 1440 0.3333333333333333 22.008438818565402
table-0108-761 226 4 227 168 564 1401 1.0 87.3695652173913
table-0108-69 16 2 0 93 154 3192 0.5 1.5816876122082586
table-0108-517 66 4 66 171 638 1585 1.0 17.66287878787879
table-0108-721 8 3 0 48 72 6422 1.0 0.37853949329359166
table-0108-54 2 5 0 125 234 2856 0.5 0.0759493670886076
table-0108-528 2 2 0 42 59 2806 0.3333333333333333 0.20915841584158415
table-0108-888 1 14 0 39 63 1933 0.3333333333333333 0.4661134163208852
table-0108-250 7 5 4 114 224 37233 0.3333333333333333 0.34855027760641577
table-0108-769 50 4 50 171 662 2881 1.0 16.17511520737327
table-0108-925 10 8 0 110 127 3884 0.25 1.173061224489796
table-0108-229 1 2 0 41 52 7428 0.3333333333333333 0.03394762366634336
table-0108-937 7 2 0 1178 344 30621 0.1 0.17630634224172317
table-0108-844 9 21 51 287 331 23482 0.16666666666666666 0.1760752688172043
table-0108-667 1 1 0 7 10 5233 1.0 0.10669975186104218
table-0108-164 1 5 0 140 222 2825 0.5 0.045077105575326216
table-0108-620 1 4 1 136 209 3203 0.5 0.048261546445251685
table-0108-107 7 3 0 400 335 29457 1.0 0.06469317977325895
table-0108-217 1 2 0 94 104 4850 0.3333333333333333 0.0391276459268762
table-0108-616 3 3 0 32 28 1612 1.0 0.2522596548890715
table-0108-186 4 2 0 62 71 3165 0.3333333333333333 0.18567807351077312
table-0108-430 1 4 0 160 428 18814 0.07142857142857142 0.007744141607160817
table-0108-319 1 3 0 384 379 14790 1.0 0.013611615245009074
table-0108-376 8 4 4 164 142 12020 0.5 0.27643400138217
table-0108-676 4 4 0 68 98 710 0.5 0.14697060587882424
table-0108-255 0 1 0 29 6 747 1.0 0.0
table-0108-508 16 4 16 166 321 1473 1.0 5.62085308056872
table-0108-782 1 16 0 27 35 1652 0.5 0.8514644351464435
table-0108-473 13 11 0 54 43 1686 0.3333333333333333 1.5106167846309404
table-0108-762 96 4 96 171 662 2881 1.0 32.47926267281106
table-0108-410 5 4 0 377 12 81170 1.0 0.056957588503329826
table-0108-827 16 4 0 21 52 9402 0.5 0.028626630172274996
table-0108-856 7 12 0 164 140 30662 0.3333333333333333 0.08681041725007001
table-0108-775 1 14 0 23 28 1684 0.5 0.8839779005524862
table-0108-290 5 3 0 83 48 1296 0.1111111111111111 0.017813765182186234
table-0108-522 11 4 11 171 638 1585 1.0 2.977272727272727
table-0108-604 4 7 3 29 48 1474 0.25 0.3383838383838384
table-0108-556 7 10 0 282 420 16081 0.07692307692307693 0.052020088449141744
table-0108-702 15 6 0 49 87 2026 0.3333333333333333 1.186602870813397
table-0108-200 0 1 0 57 79 4580 0.3333333333333333 0.0
table-0108-692 8 4 0 347 410 9235 0.125 0.4387838948233361
table-0108-930 1 17 0 31 48 1686 0.5 0.47555555555555556
table-0108-15 1 2 0 45 70 7139 1.0 0.013601419278533412
table-0108-416 29 13 91 1012 1029 497049 0.2 0.1978377034919846
table-0108-790 5 7 0 130 127 3940 0.2 0.8363417569193743
table-0108-619 2 5 0 136 209 3203 0.5 0.09548521017125065
table-0108-463 10 5 20 176 227 6556 0.25 0.03568838702993888
table-0108-218 13 3 2 21 22 3161 0.3333333333333333 0.5273803650715343
table-0108-134 7 3 0 4 298 534 1.0 0.2673992673992674
table-0108-187 1 2 0 62 71 3165 0.3333333333333333 0.022179974651457542
table-0108-65 29 4 16 380 333 19966 0.5 0.5176900251084228
table-0108-467 0 1 0 325 406 20787 0.3333333333333333 0.0
table-0108-512 58 4 58 166 321 1473 1.0 18.180094786729857
table-0108-840 1 13 0 42 27 2586 0.5 0.6531914893617021
table-0108-108 1 3 0 30 36 2369 1.0 0.06494661921708185
table-0108-904 2 21 4 47 63 3541 0.5 0.8596802841918295
table-0108-752 2 16 2 34 52 1741 0.5 1.886977886977887
table-0108-237 1 2 0 65 89 14235 0.25 0.014202711426726921
table-0108-666 1 1 0 7 10 5233 1.0 0.12655086848635236
table-0108-484 3 8 0 40 66 7660 0.5 0.15841584158415842
table-0108-617 6 5 4 136 209 3203 0.5 0.2418266735858848
table-0108-67 5 4 5 47 43 1288 0.5 0.5370196813495782
table-0108-45 33 10 62 27 30 4688 1.0 7.956225680933852
table-0108-123 5 5 3 135 311 3424 0.5 0.2073019801980198
table-0108-409 9 3 0 85 124 7010 0.3333333333333333 0.11931562359297614
table-0108-945 1 5 0 143 215 2855 0.5 0.0326571004453241
table-0108-34 1 5 0 128 214 2741 0.5 0.038058466629895205
table-0108-810 1 15 0 40 86 4893 0.3333333333333333 0.32145684877276326
table-0108-864 2 17 3 44 46 2118 0.5 1.4333333333333333
table-0108-526 10 4 10 171 638 1585 1.0 2.9015151515151514
table-0108-777 8 14 25 148 79 4348 0.5 4.6
table-0108-353 41 4 41 172 472 1683 1.0 13.753363228699552
table-0108-137 4 3 0 4 298 534 1.0 0.1575091575091575
table-0108-814 5 17 9 71 75 2758 0.5 2.6058823529411765
table-0108-193 2 3 0 83 87 7747 0.3333333333333333 0.7983606557377049
table-0108-263 4 5 10 162 113 20221 0.3333333333333333 0.020676328502415457
table-0108-398 6 3 0 717 520 0 0.3333333333333333 0.03837994214079074
table-0108-809 7 15 14 126 129 4744 0.5 0.3360232408005165
table-0108-995 3 16 0 55 59 3921 0.5 0.5134443021766966
table-0108-801 3 18 1 53 73 3807 0.5 1.3621825023518344
table-0108-681 9 8 0 28 305 976 1.0 1.6179245283018868
table-0108-788 7 19 19 130 127 3940 0.2 3.1985559566787005
table-0108-5 11 3 0 329 419 16476 1.0 0.2627416520210896
table-0108-61 1 5 0 125 234 2856 0.5 0.035443037974683546
table-0108-846 13 6 0 287 331 23482 0.16666666666666666 0.187316715542522
table-0108-448 4 4 8 151 110 1209 0.2 0.025423728813559324
table-0108-860 1 14 0 39 37 2199 0.5 0.8081023454157783
table-0108-944 1 5 0 143 215 2855 0.5 0.025729836714497772
table-0108-144 3 3 0 4 298 534 1.0 0.1282051282051282
table-0108-295 4 6 6 83 48 1296 0.1111111111111111 0.01862348178137652
table-0108-226 24 4 50 10 34 642 0.5 5.79054054054054
table-0108-404 17 3 0 1044 1010 707955 1.0 0.009555320275277925
table-0108-493 73 4 73 172 545 2051 1.0 26.902439024390244
table-0108-346 14 6 6 80 81 3489 1.0 0.1957927478104281
table-0108-501 2 2 0 50 154 3944 0.5 0.0740578439964943
table-0108-79 4 2 3 29 68 11923 1.0 0.01609105180533752
table-0108-794 0 1 0 185 268 3049 0.14285714285714285 0.0
table-0108-174 5 5 0 176 132 24804 0.25 0.7187079407806191
table-0108-539 3 2 0 63 66 4304 0.3333333333333333 0.12815405046480743
table-0108-113 1 3 0 135 311 3424 0.5 0.04950495049504951
table-0108-391 22 5 43 28 203 4623 0.16666666666666666 0.24092546411748406
table-0108-390 27 5 47 28 203 4623 0.16666666666666666 0.30465502909393183
table-0108-983 1 14 0 45 30 1855 0.5 0.6645569620253164
table-0108-571 22 11 11 250 492 4752 0.2 2.0039863325740317
table-0108-813 2 16 0 28 40 2029 0.5 1.271523178807947
table-0108-213 1 2 0 85 111 4439 0.3333333333333333 0.014268242967794538
table-0108-264 1 3 0 14 40 865 1.0 0.03187160940325497
table-0108-914 2 2 2 46 72 9576 1.0 0.012375386730835339
table-0108-656 3 3 0 18 76 1160 1.0 0.0685512367491166
table-0108-997 7 25 74 348 510 13661 0.3333333333333333 0.533066132264529
table-0108-778 4 15 2 95 92 3612 0.2 1.066447908121411
table-0108-411 5 4 0 377 12 81170 1.0 0.05327725201542236
table-0108-901 5 23 5 199 275 9399 0.1111111111111111 0.2596255740021194
table-0108-647 9 5 8 48 316 5344 0.1 0.25351270553064276
table-0108-224 3 2 0 59 100 3794 0.3333333333333333 0.1723122238586156
table-0108-439 12 3 8 35 455 5297 1.0 0.37112403100775193
table-0108-149 0 1 0 118 160 5285 1.0 0.0
table-0108-211 0 1 0 102 115 5746 0.3333333333333333 0.0
table-0108-465 0 1 0 25 42 3798 1.0 0.0
table-0108-646 21 5 18 48 316 5344 0.1 0.6310911808669656
table-0108-380 36 14 0 10 32 802 0.3333333333333333 3.255614973262032
table-0108-749 10 9 1 204 265 2823 0.16666666666666666 0.5754475703324808
table-0108-537 13 4 13 171 456 1344 1.0 4.603260869565218
table-0108-437 9 18 9 35 455 5297 1.0 1.244186046511628
table-0108-683 9 8 0 28 305 976 1.0 1.6933962264150944
table-0108-227 5 2 0 76 248 2385 1.0 0.007979347570992725
table-0108-270 5 3 5 73 50 33725 0.3333333333333333 0.04996186117467582
table-0108-651 1 3 0 45 88 18539 0.5 0.05263157894736842
table-0108-727 18 4 18 167 427 1641 1.0 5.439688715953308
table-0108-555 0 1 0 282 420 16081 0.07692307692307693 0.0
table-0108-166 2 5 0 140 222 2825 0.5 0.10142348754448399
table-0108-114 1 3 0 135 311 3424 0.5 0.05754950495049505
table-0108-934 7 4 0 1178 344 30621 0.1 0.34343837255684084
table-0108-679 9 8 0 28 305 976 1.0 1.8073899371069182
table-0108-576 32 11 20 250 492 4752 0.2 2.7391799544419135
table-0108-110 3 5 3 135 311 3424 0.5 0.12685643564356436
table-0108-544 38 12 0 234 421 4504 0.5 1.3223360252117393
table-0108-332 15 2 12 301 284 36053 0.16666666666666666 0.14101382488479264
table-0108-680 9 8 0 28 305 976 1.0 1.5794025157232705
table-0108-504 14 4 14 166 321 1473 1.0 5.113744075829384
table-0108-466 1 3 0 12 21 979 1.0 0.08038585209003216
table-0108-622 1 4 0 136 209 3203 0.5 0.02542812662169175
table-0108-421 1 3 0 7 19 1027 1.0 0.15301724137931033
table-0108-301 12 4 0 5115 667 111250 0.08333333333333333 0.010274772320386082
table-0108-370 5 5 5 49 41 73814 0.5 0.021083242457288258
table-0108-704 43 3 0 51 137 8546 0.3333333333333333 0.14682178148433667
table-0108-154 6 4 5 35 44 1229 0.5 0.5056634304207119
table-0108-876 1 13 0 70 94 5633 0.3333333333333333 0.41973684210526313
table-0108-102 13 4 0 188 191 20199 0.5 0.0352035203520352
table-0108-428 1 3 0 417 319 58064 0.25 0.006699816801884324
table-0108-897 12 4 12 164 100 5703 0.5 2.6831683168316833
table-0108-206 0 1 0 89 112 3773 0.3333333333333333 0.0
table-0108-796 1 7 0 185 268 3049 0.14285714285714285 0.03211009174311927
table-0108-890 15 4 0 8 22 409 0.5 1.7683284457478006
table-0108-342 6 8 6 185 156 39015 0.14285714285714285 0.10336976320582877
table-0108-915 2 16 1 30 47 2210 0.5 0.45109321058688145
table-0108-574 28 11 13 250 492 4752 0.2 2.5814350797266514
table-0108-954 3 5 0 143 215 2855 0.5 0.08659079663532905
table-0108-105 11 5 0 65 75 14281 0.125 0.06095658955029894
table-0108-730 7 4 7 167 427 1641 1.0 1.8560311284046693
table-0108-10 1 2 0 54 76 9466 1.0 0.011681056373793804
table-0108-94 0 1 0 306 170 61567 1.0 0.0
table-0108-316 17 5 17 78 162 1562 0.5 1.0070643642072215
table-0108-862 47 7 50 363 276 20821 0.5 0.44978858350951373
table-0108-492 65 4 65 172 545 2051 1.0 23.46829268292683
table-0108-321 2 3 0 37 41 1644 1.0 0.13392857142857142
table-0108-927 1 22 0 37 48 2040 0.5 0.7433962264150943
table-0108-940 7 4 0 1178 344 30621 0.1 0.26326286398085363
table-0108-30 1 2 1 50 112 8076 0.5 0.019250253292806486
table-0108-824 2 13 7 71 43 3969 0.3333333333333333 0.1522905489063145
table-0108-886 3 21 1 42 78 3127 0.5 1.5388349514563107
table-0108-753 6 15 9 662 745 40736 0.1111111111111111 0.21718624180375015
table-0108-618 2 5 2 136 209 3203 0.5 0.09029579657498703
table-0108-976 2 5 0 147 196 6761 0.5 0.13686911890504705
table-0108-350 38 4 39 172 472 1683 1.0 12.730941704035875
table-0108-784 1 16 0 50 72 2179 0.5 0.28846153846153844
table-0108-921 13 7 24 65 78 1731 0.5 0.6165947729002791
table-0108-23 10 14 0 88 116 10938 0.5 0.23254401942926534
table-0108-861 14 6 0 80 107 1130 0.5 5.611486486486487
table-0108-384 5 4 0 215 138 2449 0.5 0.7166666666666667
table-0108-274 9 5 6 34 46 2281 0.5 1.1261884183232498
table-0108-194 2 2 0 55 78 2955 0.3333333333333333 0.25375375375375375
table-0108-419 4 2 0 32 56 3336 0.3333333333333333 0.0930460333006856
table-0108-715 1 15 0 18 35 1423 0.5 1.196969696969697
table-0108-485 12 4 12 172 545 2051 1.0 4.3707317073170735
table-0108-447 60 7 48 33 183 973 1.0 32.12775330396476
table-0108-541 2 2 0 49 65 3568 0.3333333333333333 0.16095238095238096
table-0108-68 1 3 0 61 31 2436 1.0 0.05338645418326693
table-0108-162 1 5 0 140 222 2825 0.5 0.05397390272835113
table-0108-399 10 4 0 717 520 0 0.3333333333333333 0.1721311475409836
table-0108-723 2 14 0 106 121 29283 0.5 0.07008086253369272
table-0108-917 1 3 0 205 182 3443 0.5 0.11159737417943107
table-0108-223 49 6 0 116 457 19399 0.25 0.37487553932957185
table-0108-625 17 4 7 8 82 8229 0.5 0.16225999370475291
table-0108-588 27 11 11 250 497 4561 0.2 1.9150661545027743
table-0108-729 5 4 5 167 427 1641 1.0 1.2373540856031129
table-0108-884 1 3 0 220 268 21142 0.125 0.01590479368257146
table-0108-445 10 3 0 232 154 20497 0.5 0.051928133216476775
table-0108-449 4 4 7 151 110 1209 0.2 0.1016949152542373
table-0108-767 25 4 25 171 662 2881 1.0 8.672811059907835
table-0108-498 15 4 15 166 285 1259 1.0 6.092391304347826
table-0108-740 11 4 11 167 427 1641 1.0 2.933852140077821
table-0108-623 1 5 0 136 209 3203 0.5 0.03217436429683446
table-0108-357 44 4 44 169 478 1197 1.0 15.233644859813085
table-0108-260 31 3 11 121 120 25573 0.5 0.48404001905669364
table-0108-95 10 5 2 17 28 4823 0.5 1.012012012012012
table-0108-104 14 4 0 65 75 14281 0.125 0.08253184299454121
table-0108-635 1 5 0 131 188 2943 0.5 0.04070473876063183
table-0108-566 8 6 20 347 119 2298 0.2 0.10534716679968077
table-0108-565 9 5 17 347 119 2298 0.2 0.7581803671189146
table-0108-230 0 1 0 41 52 7428 0.3333333333333333 0.0
table-0108-483 20 10 20 40 66 7660 0.5 2.4275427542754278
table-0108-460 29 15 0 811 700 185427 0.3333333333333333 0.112
table-0108-469 1 3 0 28 134 7014 1.0 0.024478267691824887
table-0108-502 9 4 0 88 198 1652 0.5 1.5569620253164558
