table_id rows cols nulls inlinks outlinks views table_imp table_fraction
table-0407-943 35 8 31 149 133 3962 0.5 6.464183381088826
table-0407-572 12 5 21 363 647 59813 0.16666666666666666 0.031693933022206265
table-0407-333 1 6 0 51 78 1077 0.14285714285714285 0.04390243902439024
table-0407-299 1 2 0 19 36 3448 0.25 0.19823788546255505
table-0407-660 4 4 0 261 295 4266 0.06666666666666667 0.035125858123569796
table-0407-231 4 4 0 103 68 29327 1.0 0.10506329113924051
table-0407-364 2 4 0 49 71 3624 1.0 0.06819984139571768
table-0407-836 4 3 4 38 58 13804 0.5 0.062264525084275234
table-0407-794 6 3 0 570 417 10444 1.0 0.008432919954904172
table-0407-73 2 2 0 9 16 1746 1.0 0.060133630289532294
table-0407-735 17 4 17 53 19 1317 0.16666666666666666 0.9492481203007519
table-0407-582 24 4 0 584 552 10386 0.5 8.015673981191222
table-0407-815 18 3 0 245 112 69142 0.3333333333333333 0.11913119789381307
table-0407-430 2 5 0 251 248 6943 0.25 0.06087437742114001
table-0407-480 1 3 0 98 116 12976 1.0 0.01785481558712368
table-0407-854 6 3 0 51 105 4861 0.16666666666666666 0.038501406782170886
table-0407-708 2 1 0 241 243 3211 0.5 0.03938115330520394
table-0407-432 16 2 0 173 223 38292 0.25 0.1062894809118374
table-0407-320 5 3 0 10 29 1668 0.5 0.1257568700512343
table-0407-181 9 3 4 6 46 1558 0.013333333333333334 0.23624595469255663
table-0407-954 6 5 0 565 788 5676 0.125 0.172147001934236
table-0407-573 14 8 65 363 647 59813 0.16666666666666666 0.07210626185958255
table-0407-436 1 3 0 90 101 8369 1.0 0.014802188929756885
table-0407-885 1 2 1 11 26 939 1.0 0.015019762845849802
table-0407-159 3 2 0 6 46 1558 0.013333333333333334 0.037037037037037035
table-0407-71 1 2 1 35 94 8040 0.5 0.008735632183908045
table-0407-535 5 4 4 14 26 3548 0.25 1.115566037735849
table-0407-871 1 2 1 7 27 930 1.0 0.008407079646017699
table-0407-971 6 10 16 103 110 634 1.0 0.48743718592964824
table-0407-817 0 1 0 68 72 2658 0.5 0.0
table-0407-846 1 2 0 17 38 1560 0.3333333333333333 0.03431372549019608
table-0407-205 10 2 0 31 6 1926 1.0 0.2844574780058651
table-0407-269 2 3 0 130 172 21451 0.3333333333333333 0.052605581625092615
table-0407-411 6 4 0 169 193 18406 0.5 0.6435719784449576
table-0407-881 0 1 0 109 172 40418 1.0 0.0
table-0407-119 10 4 0 6 47 449 1.0 0.534504391468005
table-0407-309 1 3 0 327 395 40496 1.0 0.0024370755093887334
table-0407-335 0 1 0 68 104 809 1.0 0.0
table-0407-750 10 3 12 67 98 2029 1.0 0.22181198523146833
table-0407-850 8 5 8 19 246 841 1.0 0.05782540745702166
table-0407-696 1 3 0 49 80 25294 1.0 0.052060737527114966
table-0407-96 7 4 0 53 53 742 1.0 0.40726817042606517
table-0407-890 4 4 0 462 136 73614 0.5 0.024853213222874607
table-0407-810 4 3 0 596 382 54668 0.2 0.012440489684878712
table-0407-369 1 4 0 49 71 3624 1.0 0.01586042823156225
table-0407-457 1 3 0 31 36 939 1.0 0.06295081967213115
table-0407-756 7 3 0 30 1053 15476 0.038461538461538464 0.5744822979291917
table-0407-896 1 3 0 19 34 838 1.0 0.1399276236429433
table-0407-214 13 9 0 153 230 23218 0.16666666666666666 0.31027466937945064
table-0407-108 2 7 0 73 105 1235 0.1111111111111111 0.10114632501685772
table-0407-129 13 3 0 180 71 17335 0.125 0.567530695770805
table-0407-934 3 5 0 59 41 8145 1.0 0.01415497254423429
table-0407-462 8 2 0 99 158 807 0.16666666666666666 0.09474522292993631
table-0407-548 3 7 3 85 132 1535 0.125 0.17515274949083504
table-0407-641 3 7 4 82 138 1196 0.125 0.1015572105619499
table-0407-529 2 11 0 73 246 1678 0.3333333333333333 0.08099688473520249
table-0407-307 11 2 0 13 13 4568 1.0 0.0631296171927468
table-0407-114 5 4 0 6 42 529 1.0 0.34034653465346537
table-0407-343 28 5 11 44 193 1138 1.0 6.461215932914046
table-0407-732 1 1 0 232 345 8447 0.5 0.0005657175183858194
table-0407-879 2 3 0 234 352 64361 1.0 0.03647898493259318
table-0407-671 24 4 11 161 162 38856 0.5 0.45309681298857485
table-0407-46 3 7 4 55 72 1274 0.125 0.10088616223585549
table-0407-30 8 2 2 257 39 5631 0.5 0.031126871552403467
table-0407-345 9 4 3 24 34 1021 0.5 1.4726224783861672
table-0407-216 1 2 0 25 32 803 0.5 0.12804878048780488
table-0407-975 6 4 6 561 407 21852 0.2 0.033990895295902886
table-0407-348 6 8 6 188 257 2697 1.0 2.3333333333333335
table-0407-325 7 3 1 242 266 68961 0.16666666666666666 0.05564784053156146
table-0407-802 4 9 4 63 62 2411 1.0 0.0891089108910891
table-0407-692 3 3 0 18 27 1197 1.0 0.5307068366164542
table-0407-613 7 6 3 84 123 1201 0.125 0.23687752355316286
table-0407-754 3 2 0 22 62 3909 1.0 0.07549962990377498
table-0407-367 2 4 0 49 71 3624 1.0 0.056304520222045996
table-0407-476 3 5 1 268 319 66199 0.08333333333333333 0.17510259917920656
table-0407-956 6 5 6 320 246 7694 0.25 0.09531215285492113
table-0407-951 44 5 0 565 788 5676 0.125 1.22856221792392
table-0407-41 2 2 0 55 72 1274 0.125 0.051806407634628494
table-0407-27 11 4 0 5 49 375 1.0 0.532058492688414
table-0407-117 6 4 0 6 43 480 1.0 0.4713541666666667
table-0407-748 3 7 3 81 126 1217 0.125 0.17364864864864865
table-0407-566 15 8 73 79 88 1474 0.3333333333333333 0.8056206088992974
table-0407-472 6 5 1 268 319 66199 0.08333333333333333 0.2082763337893297
table-0407-140 1 2 0 6 46 1558 0.013333333333333334 0.027328299172959366
table-0407-486 1 1 0 276 207 16780 1.0 0.0205840114887506
table-0407-777 30 3 0 7 26 3438 0.1111111111111111 0.2980952380952381
table-0407-849 2 4 0 28 61 7761 0.3333333333333333 0.018870941947865025
table-0407-882 1 2 0 7 28 1095 1.0 0.01619718309859155
table-0407-961 6 10 17 103 110 634 1.0 0.4798994974874372
table-0407-909 9 6 5 95 121 3754 1.0 0.2905405405405405
table-0407-470 2 3 0 164 211 31094 0.2 0.01331040631766654
table-0407-969 6 10 19 103 110 634 1.0 0.2537688442211055
table-0407-542 2 2 0 85 132 1535 0.125 0.05974202308214528
table-0407-125 5 3 3 98 72 4222 1.0 0.04794952681388013
table-0407-288 1 3 0 158 151 127163 0.25 0.0028412600370599137
table-0407-767 7 3 0 30 1053 15476 0.038461538461538464 0.3974615898463594
table-0407-40 5 3 3 673 333 23672 0.2 0.015070422535211268
table-0407-824 1 3 0 59 104 1116 0.16666666666666666 0.06615776081424936
table-0407-772 2 2 0 35 55 7719 0.5 0.022218424200991283
table-0407-56 11 7 32 41 73 992 0.25 0.6121019108280255
table-0407-988 15 9 68 569 494 85060 0.5 0.05069162594218504
table-0407-886 1 2 1 54 74 2557 1.0 0.015912897822445562
table-0407-328 4 6 0 51 78 1077 0.14285714285714285 0.1701219512195122
table-0407-474 1 5 1 268 319 66199 0.08333333333333333 0.01709986320109439
table-0407-75 4 2 0 33 61 6866 0.5 0.07030223390275953
table-0407-83 3 2 0 29 71 4089 0.5 0.03001111522786217
table-0407-686 4 7 0 83 128 1307 0.1111111111111111 0.17262306136210384
table-0407-901 0 1 0 81 147 1646 1.0 0.0
table-0407-338 1 5 0 418 375 3174 0.3333333333333333 0.03611349957007739
table-0407-768 7 3 0 30 1053 15476 0.038461538461538464 0.36138944555778224
table-0407-74 1 2 0 33 61 6866 0.5 0.015111695137976347
table-0407-400 1 2 1 19 30 5402 1.0 0.019250253292806486
table-0407-504 80 4 81 98 221 410 1.0 4.761044176706827
table-0407-274 1 4 0 165 173 814 0.5 0.13970588235294118
table-0407-889 0 1 0 108 99 38041 0.2 0.0
table-0407-667 1 3 0 79 105 6664 1.0 0.04850421144350857
table-0407-650 1 4 0 36 34 2933 0.5 0.005355908776779544
table-0407-973 6 10 14 103 110 634 1.0 0.48743718592964824
table-0407-85 0 1 0 105 135 18084 1.0 0.0
table-0407-308 3 3 0 11 18 1317 1.0 0.24144144144144145
table-0407-191 1 2 0 6 46 1558 0.013333333333333334 0.025170801869830995
table-0407-61 2 2 0 32 37 1236 1.0 0.06228373702422145
table-0407-578 30 8 30 163 282 2498 1.0 12.933660933660933
table-0407-385 3 5 0 45 89 1894 0.5 0.05492362690932727
table-0407-603 3 3 0 14 27 625 1.0 0.37881508078994613
table-0407-783 2 6 0 27 106 689 0.5 0.041928721174004195
table-0407-672 3 5 4 8 12 833 0.5 0.6336633663366337
table-0407-77 13 4 0 52 218 612 0.5 1.3539769277474196
table-0407-622 1 5 2 60 89 328 1.0 0.23308270676691728
table-0407-136 4 2 0 6 46 1558 0.013333333333333334 0.04890327220424308
table-0407-940 2 5 4 4 6 328 1.0 0.3273381294964029
table-0407-680 1 2 1 28 53 2252 0.5 0.01021505376344086
table-0407-579 21 8 21 163 282 2498 1.0 8.609336609336609
table-0407-580 19 8 19 163 282 2498 1.0 8.004914004914005
table-0407-81 6 3 0 88 97 20754 1.0 0.16441040256501604
table-0407-664 3 5 8 261 295 4266 0.06666666666666667 0.014988558352402747
table-0407-154 1 2 0 6 46 1558 0.013333333333333334 0.019417475728155338
table-0407-467 5 2 0 164 211 31094 0.2 0.016303655585275762
table-0407-160 2 2 0 6 46 1558 0.013333333333333334 0.03380079108234448
table-0407-105 8 7 0 73 105 1235 0.1111111111111111 0.2939986513823331
table-0407-405 18 4 0 24 130 13764 0.125 1.0719199499687304
table-0407-822 8 2 0 5 5 115 1.0 1.407185628742515
table-0407-305 1 2 1 80 131 1710 1.0 0.008644222020018199
table-0407-446 12 14 15 130 150 20707 0.5 0.15484958736356375
table-0407-557 20 19 165 734 435 35863 0.25 0.17497403946002077
table-0407-707 11 8 0 241 243 3211 0.5 1.5436005625879043
table-0407-526 2 4 2 11 43 4503 0.2 0.016556914393226718
table-0407-200 3 3 0 29 48 863 0.3333333333333333 0.12648221343873517
table-0407-995 48 8 30 44 141 7181 0.5 0.4590426597236131
table-0407-907 1 2 1 31 50 6265 1.0 0.015127388535031847
table-0407-203 3 6 0 18 47 1124 0.5 1.5331230283911672
table-0407-106 6 7 4 73 105 1235 0.1111111111111111 0.2191503708698584
table-0407-630 2 5 4 74 98 1577 1.0 0.1894353369763206
table-0407-965 1 1 1 103 110 634 1.0 0.0
table-0407-788 8 2 0 845 581 1359 1.0 0.003160085296611258
table-0407-442 6 7 0 8 39 674 0.5 2.005524861878453
table-0407-247 74 5 16 168 239 461 1.0 7.21307072515667
table-0407-109 2 7 0 73 105 1235 0.1111111111111111 0.09912339851652056
table-0407-265 6 6 0 197 381 1898 0.058823529411764705 0.5112485939257593
table-0407-487 2 2 0 104 162 923 0.14285714285714285 0.09749303621169916
table-0407-738 10 2 0 67 34 18577 0.14285714285714285 1.3828715365239295
table-0407-765 7 3 0 30 1053 15476 0.038461538461538464 0.4248496993987976
table-0407-856 1 3 0 51 105 4861 0.16666666666666666 0.011254257367096105
table-0407-167 7 3 3 6 46 1558 0.013333333333333334 0.104638619201726
table-0407-426 3 13 1 151 131 18704 1.0 0.031466666666666664
table-0407-835 64 8 50 322 483 82433 0.125 1.1853401889274184
table-0407-278 1 2 0 17 35 1482 0.5 0.024208566108007448
table-0407-625 2 12 4 119 122 718 1.0 0.18797327394209354
table-0407-936 3 2 0 91 108 20817 0.5 0.025257249766136577
table-0407-206 1 2 0 31 6 1926 1.0 0.0469208211143695
table-0407-775 9 4 0 7 26 3438 0.1111111111111111 0.24857142857142858
table-0407-729 1 9 0 21 54 1987 0.25 0.008335317932841153
table-0407-45 3 7 0 55 72 1274 0.125 0.11724608043626449
table-0407-646 14 4 0 59 174 1557 0.3333333333333333 2.067622950819672
table-0407-636 2 2 0 82 138 1196 0.125 0.04265402843601896
table-0407-651 7 4 0 36 34 2933 0.5 0.07014512785072564
table-0407-131 16 4 0 180 71 17335 0.125 0.8328785811732605
table-0407-146 1 2 0 6 46 1558 0.013333333333333334 0.023732470334412083
table-0407-900 1 3 0 56 69 4625 0.5 0.3081395348837209
table-0407-714 5 4 1 42 78 3988 0.25 0.0664119119778627
table-0407-992 88 13 263 593 525 33768 0.3333333333333333 0.4286312615178422
table-0407-543 8 5 0 85 132 1535 0.125 0.2987101154107264
table-0407-48 1 3 0 175 33 5218 1.0 0.07722513089005235
table-0407-852 6 10 6 353 256 67671 0.5 0.012305739265750732
table-0407-310 8 5 0 1247 286 24814 0.5 0.38398486759142497
table-0407-697 1 6 0 59 119 4118 0.16666666666666666 0.12845849802371542
table-0407-37 5 3 4 673 333 23672 0.2 0.008309859154929577
table-0407-128 5 5 5 180 71 17335 0.125 0.09959072305593451
table-0407-438 20 9 0 41 54 3136 0.5 0.9486266531027467
table-0407-395 2 2 0 9 8 127 1.0 0.0712166172106825
table-0407-398 3 3 0 408 480 20762 0.25 0.02085675034344948
table-0407-255 21 7 33 197 381 1898 0.058823529411764705 0.38863892013498313
table-0407-171 1 2 0 6 46 1558 0.013333333333333334 0.02696871628910464
table-0407-295 48 5 36 79 126 1655 0.3333333333333333 6.810707456978967
table-0407-737 16 4 16 53 19 1317 0.16666666666666666 0.8157894736842105
table-0407-34 0 1 0 405 239 173091 0.25 0.0
table-0407-908 3 6 0 22 49 1074 0.5 0.05759162303664921
table-0407-848 3 2 0 28 61 7761 0.3333333333333333 0.017591556053094516
table-0407-94 5 5 12 143 260 1566 0.3333333333333333 0.21656686626746507
table-0407-323 4 2 0 242 266 68961 0.16666666666666666 0.01294296788482835
table-0407-91 13 4 0 54 53 722 1.0 0.7911051212938005
table-0407-931 16 2 0 1339 628 237499 0.3333333333333333 0.0569188820722563
table-0407-289 0 1 0 158 151 127163 0.25 0.0
table-0407-93 10 5 0 143 260 1566 0.3333333333333333 0.3403193612774451
table-0407-311 5 7 5 80 152 724 0.14285714285714285 0.04836309523809524
table-0407-185 1 2 0 6 46 1558 0.013333333333333334 0.03631787126932758
table-0407-86 13 4 0 56 55 778 1.0 0.6612090680100756
table-0407-144 6 3 5 6 46 1558 0.013333333333333334 0.19093851132686085
table-0407-353 3 3 0 7 69 1937 0.5 0.012077825113092362
table-0407-321 23 2 0 242 266 68961 0.16666666666666666 0.10105204872646734
table-0407-454 1 3 0 106 122 14320 1.0 0.07653061224489796
table-0407-520 6 2 0 90 197 406 1.0 0.16330645161290322
table-0407-559 7 3 0 62 57 2057 0.3333333333333333 0.5235091743119266
table-0407-356 15 5 0 215 291 11327 0.25 0.5844292477643346
table-0407-990 1 3 0 18 38 4818 1.0 0.032595325953259535
table-0407-655 2 5 3 27 24 2665 1.0 0.23591549295774647
table-0407-360 5 4 4 124 255 3429 0.5 0.18211206896551724
table-0407-623 22 10 0 119 122 718 1.0 0.4552338530066815
table-0407-514 1 6 0 543 623 6187 0.1111111111111111 0.04442065828204442
table-0407-156 1 2 0 6 46 1558 0.013333333333333334 0.025530384753685725
table-0407-465 65 4 0 570 665 159364 0.3333333333333333 0.11136110542942206
table-0407-515 25 3 0 543 623 6187 0.1111111111111111 0.36071715279636074
table-0407-918 24 2 0 241 189 112027 0.16666666666666666 0.15570719602977667
table-0407-774 1 4 0 283 293 983 0.3333333333333333 0.051675977653631286
table-0407-979 3 5 1 12 22 909 1.0 0.5308151093439364
table-0407-938 22 8 21 143 118 3089 0.5 4.832191780821918
table-0407-370 2 4 0 49 71 3624 1.0 0.06423473433782712
table-0407-503 6 2 0 98 221 410 1.0 0.16265060240963855
table-0407-97 1 3 0 163 68 53407 1.0 0.06314375279892522
table-0407-513 1 6 0 543 623 6187 0.1111111111111111 0.05137811078405138
table-0407-898 82 2 0 320 356 135516 0.25 6.383625730994152
table-0407-948 13 2 0 565 788 5676 0.125 0.16215344938749193
table-0407-5 9 4 0 8 45 564 1.0 0.45038167938931295
table-0407-874 8 3 0 129 7 5968 1.0 2.6194690265486726
table-0407-60 7 5 0 241 137 520478 0.3333333333333333 0.09115281501340483
table-0407-116 28 5 110 117 214 81587 0.5 0.010766644051797883
table-0407-169 4 2 0 6 46 1558 0.013333333333333334 0.08917655519597267
table-0407-639 7 7 4 82 138 1196 0.125 0.25727826675693977
table-0407-830 2 3 0 719 396 156850 0.5 0.00881656996531717
table-0407-110 3 7 3 73 105 1235 0.1111111111111111 0.16857720836142953
table-0407-577 12 8 12 163 282 2498 1.0 5.636363636363637
table-0407-67 5 8 10 192 344 2847 0.125 0.29266409266409266
table-0407-211 5 3 0 209 149 333058 0.5 0.09849781327248526
table-0407-536 12 2 2 14 26 3548 0.25 0.6933962264150944
table-0407-38 5 3 3 673 333 23672 0.2 0.015070422535211268
table-0407-913 5 10 4 139 162 663 1.0 0.08152432261131358
table-0407-381 2 2 0 27 19 3660 0.5 0.06688963210702341
table-0407-339 50 8 50 232 285 3344 1.0 26.443548387096776
table-0407-373 10 7 0 52 234 27060 1.0 0.06046224961479199
table-0407-959 6 10 15 103 110 634 1.0 0.4334170854271357
table-0407-477 1 5 1 268 319 66199 0.08333333333333333 0.025991792065663474
table-0407-226 1 2 0 24 22 2329 0.5 0.029927007299270073
table-0407-757 7 3 0 30 1053 15476 0.038461538461538464 0.7561790247160989
table-0407-663 9 2 8 261 295 4266 0.06666666666666667 0.013501144164759725
table-0407-208 17 3 0 31 6 1926 1.0 5.9208211143695015
table-0407-972 6 10 15 103 110 634 1.0 0.4334170854271357
table-0407-953 11 5 0 565 788 5676 0.125 0.32656350741457124
table-0407-585 2 5 1 67 99 9987 0.125 0.13796753705010587
table-0407-215 28 7 0 36 88 1870 0.5 3.412290502793296
table-0407-174 1 2 0 6 46 1558 0.013333333333333334 0.02229413879899317
table-0407-928 1 1 0 1339 628 237499 0.3333333333333333 0.0020023858214042265
table-0407-550 18 3 5 204 251 6253 0.3333333333333333 2.5885416666666665
table-0407-684 9 7 0 83 128 1307 0.1111111111111111 0.3344571813890762
table-0407-801 4 9 4 63 62 2411 1.0 0.0891089108910891
table-0407-989 16 7 53 569 494 85060 0.5 0.10436511223391037
table-0407-7 9 5 18 193 220 9273 1.0 0.13665105386416862
table-0407-6 1 3 0 20 29 2602 1.0 0.09050445103857567
table-0407-209 1 3 0 11 30 960 1.0 0.04550593555681176
table-0407-257 20 2 0 197 381 1898 0.058823529411764705 0.3464566929133858
table-0407-926 9 6 2 167 258 22231 0.5 0.06287641532160924
table-0407-177 4 3 3 6 46 1558 0.013333333333333334 0.1121898597626753
table-0407-691 35 7 27 109 122 6053 0.5 1.6954022988505748
table-0407-781 1 3 0 89 111 1104 0.16666666666666666 0.10596546310832025
table-0407-402 1 2 0 24 130 13764 0.125 0.02689180737961226
table-0407-665 3 5 7 261 295 4266 0.06666666666666667 0.02048054919908467
table-0407-715 10 4 0 42 78 3988 0.25 0.11648438529450521
table-0407-602 2 5 4 64 102 1383 1.0 0.36227544910179643
table-0407-417 10 3 0 383 200 22170 0.16666666666666666 0.03949416342412451
table-0407-42 7 5 0 55 72 1274 0.125 0.2304021813224267
table-0407-575 1 2 1 5 28 1599 1.0 0.0120942075111394
table-0407-857 3 2 0 51 105 4861 0.16666666666666666 0.010513845698208204
table-0407-213 13 5 0 153 230 23218 0.16666666666666666 0.0340793489318413
table-0407-666 2 3 0 7 35 1661 1.0 0.06899029823931009
table-0407-837 1 3 0 36 72 6952 1.0 0.024322270078540664
table-0407-894 3 3 0 462 136 73614 0.5 0.010295182176465857
table-0407-591 1 6 0 23 31 933 0.5 0.09064155385520895
table-0407-840 2 2 2 90 114 59607 0.5 0.010462439840970915
table-0407-133 9 5 0 180 71 17335 0.125 2.07162346521146
table-0407-28 11 4 0 64 64 626 1.0 0.5527704485488126
table-0407-388 6 2 0 85 111 12128 0.3333333333333333 0.09910756223579145
table-0407-266 4 6 0 197 381 1898 0.058823529411764705 0.3346456692913386
table-0407-190 1 2 0 6 46 1558 0.013333333333333334 0.013664149586479683
table-0407-120 7 3 0 68 52 6293 1.0 0.4439930354033662
table-0407-331 4 6 0 51 78 1077 0.14285714285714285 0.19634146341463415
table-0407-1 1 3 0 23 29 2567 1.0 0.12259615384615384
table-0407-347 1 8 1 188 257 2697 1.0 0.40305010893246185
table-0407-23 6 6 6 496 520 80255 0.3333333333333333 0.11417837308069258
table-0407-135 1 2 0 6 46 1558 0.013333333333333334 0.02445163610212154
table-0407-485 3 3 0 108 157 8921 1.0 0.1128456735057984
table-0407-362 3 7 6 124 255 3429 0.5 0.47521551724137934
table-0407-558 7 3 0 734 435 35863 0.25 0.07822776047075113
table-0407-63 6 7 0 192 344 2847 0.125 0.24092664092664093
table-0407-867 5 3 0 1196 1743 59772 0.07692307692307693 0.023372121812329786
table-0407-394 9 10 0 205 124 3059 1.0 0.017431320596848418
table-0407-962 15 10 42 103 110 634 1.0 0.928391959798995
table-0407-312 5 7 3 80 152 724 0.14285714285714285 0.11979166666666667
table-0407-90 2 3 0 32 26 2481 1.0 0.4240400667779633
table-0407-670 3 5 0 42 119 11038 1.0 0.02465584549003493
table-0407-393 1 3 0 205 124 3059 1.0 0.0009761539534235114
table-0407-986 18 3 2 554 388 152095 0.16666666666666666 0.07240273723500981
table-0407-352 9 8 9 188 257 2697 1.0 3.30718954248366
table-0407-758 7 3 0 30 1053 15476 0.038461538461538464 0.533066132264529
table-0407-229 1 2 0 103 68 29327 1.0 0.05569620253164557
table-0407-718 29 7 17 4306 561 5736303 1.0 0.0844689091300294
table-0407-434 5 3 1 173 223 38292 0.25 0.035246727089627394
table-0407-415 3 3 0 91 146 18571 1.0 0.06311433005690636
table-0407-416 6 7 0 383 200 22170 0.16666666666666666 0.06643968871595331
table-0407-505 0 1 0 17 31 1898 1.0 0.0
table-0407-134 2 2 0 6 46 1558 0.013333333333333334 0.04962243797195254
table-0407-24 6 5 0 496 520 80255 0.3333333333333333 0.14603070891865402
table-0407-749 2 3 0 16 24 823 1.0 0.1474493361285814
table-0407-706 17 9 29 241 243 3211 0.5 1.3438818565400843
table-0407-187 4 3 1 6 46 1558 0.013333333333333334 0.08090614886731391
table-0407-528 16 8 5 73 246 1678 0.3333333333333333 3.0700934579439254
table-0407-468 1 2 0 164 211 31094 0.2 0.0019742707935294867
table-0407-746 3 7 0 81 126 1217 0.125 0.13986486486486485
table-0407-516 150 9 88 41 387 7307 0.5 47.75496688741722
table-0407-217 3 5 0 321 294 24577 1.0 0.02792242094936231
table-0407-407 16 3 3 24 130 13764 0.125 0.367104440275172
table-0407-676 1 3 0 75 83 6719 0.5 0.020172910662824207
table-0407-427 2 2 0 25 43 9867 0.3333333333333333 0.032806804374240585
table-0407-368 2 4 0 49 71 3624 1.0 0.047581284694686754
table-0407-533 18 2 0 59 101 1352 0.3333333333333333 0.6516730663741086
table-0407-413 5 4 0 179 215 58806 0.3333333333333333 0.41188118811881186
table-0407-122 20 11 6 188 197 75545 0.5 0.14207808783430992
table-0407-659 4 4 0 261 295 4266 0.06666666666666667 0.02494279176201373
table-0407-357 17 5 0 215 291 11327 0.25 0.5781167806417675
table-0407-877 9 2 0 633 449 7788 0.3333333333333333 0.1773142112125163
table-0407-608 5 6 7 9 38 1967 0.5 0.21450459652706844
table-0407-937 1 3 0 233 152 23376 1.0 0.006363672074478533
table-0407-302 166 4 166 123 268 4049 0.5 20.274530271398746
table-0407-906 1 3 0 228 248 2361 0.5 0.06192468619246862
table-0407-733 5 12 0 232 345 8447 0.5 0.01640580803318876
table-0407-941 35 8 34 160 138 3116 0.5 7.438775510204081
table-0407-556 18 8 15 734 435 35863 0.25 0.3608515057113188
table-0407-869 2 2 0 145 165 5709 0.3333333333333333 0.02144607843137255
table-0407-799 62 8 62 163 280 2199 1.0 25.01126126126126
table-0407-165 1 2 0 6 46 1558 0.013333333333333334 0.01690039554117224
table-0407-387 27 7 43 45 89 1894 0.5 0.22424439389015274
table-0407-508 2 6 0 31 105 1265 0.5 0.10317460317460317
table-0407-466 9 3 0 570 665 159364 0.3333333333333333 0.005272607440739983
table-0407-647 14 4 0 59 174 1557 0.3333333333333333 2.0102459016393444
table-0407-344 1 3 0 27 28 5417 1.0 0.1402439024390244
table-0407-142 1 3 0 6 46 1558 0.013333333333333334 0.03128371089536138
table-0407-314 4 7 4 80 152 724 0.14285714285714285 0.036458333333333336
table-0407-359 1 5 0 167 170 622 0.5 0.25
table-0407-523 3 4 0 11 43 4503 0.2 0.01392285983066792
table-0407-744 8 7 8 81 126 1217 0.125 0.2743243243243243
table-0407-29 2 2 0 257 39 5631 0.5 0.011951667980036775
table-0407-617 3 7 4 84 123 1201 0.125 0.11776581426648722
table-0407-327 12 7 25 12 36 2457 1.0 1.114804964539007
table-0407-683 9 5 0 83 128 1307 0.1111111111111111 0.31827376938637897
table-0407-445 2 7 2 148 157 2742 0.25 0.04736842105263158
table-0407-16 1 3 0 68 115 18842 0.25 0.0070178205330389525
table-0407-586 6 5 1 67 99 9987 0.125 0.8006351446718419
table-0407-719 1 6 0 4306 561 5736303 1.0 0.0028688230653374455
table-0407-25 7 4 0 6 46 324 1.0 0.45153933865450396
table-0407-318 2 3 0 92 73 7363 1.0 0.02598834462120019
table-0407-126 15 4 1 98 72 4222 1.0 0.19873817034700317
table-0407-742 2 2 0 81 126 1217 0.125 0.06554054054054054
table-0407-143 1 2 0 6 46 1558 0.013333333333333334 0.02229413879899317
table-0407-138 1 2 0 6 46 1558 0.013333333333333334 0.02409205321826681
table-0407-408 1 2 1 10 23 3077 1.0 0.014972419227738377
table-0407-747 2 7 0 81 126 1217 0.125 0.10878378378378378
table-0407-587 5 5 2 67 99 9987 0.125 0.33345095271700775
table-0407-453 2 2 0 108 148 10764 0.25 0.00914014895057549
table-0407-473 1 5 0 268 319 66199 0.08333333333333333 0.036935704514363885
table-0407-147 1 2 0 6 46 1558 0.013333333333333334 0.01690039554117224
table-0407-282 1 3 0 19 32 732 1.0 0.13957759412304868
table-0407-519 2 2 0 90 197 406 1.0 0.14516129032258066
table-0407-355 2 5 0 167 174 612 0.5 0.6157760814249363
table-0407-52 8 2 4 53 78 16944 1.0 0.18564527260179434
table-0407-194 2 3 0 18 37 1091 1.0 0.1703331238214959
table-0407-547 2 7 0 85 132 1535 0.125 0.09979633401221996
table-0407-947 16 4 0 58 119 0 1.0 0.410871694417238
table-0407-778 27 3 0 7 26 3438 0.1111111111111111 0.2980952380952381
table-0407-804 1 3 0 75 102 975 0.2 0.1074468085106383
table-0408-1000 12 3 0 735 261 555590 1.0 0.0302214363219869
table-0407-493 57 9 0 28 112 1855 0.25 4.239080459770115
table-0407-497 13 6 3 86 136 839 0.16666666666666666 0.5968882602545968
table-0407-643 16 5 17 3 37 1070 1.0 3.5012165450121655
table-0407-611 1 3 0 112 23 1522 1.0 0.03927492447129909
table-0407-55 7 3 5 41 73 992 0.25 0.15859872611464967
table-0407-942 67 8 64 107 149 79 1.0 9.903002309468823
table-0407-481 1 2 1 31 49 5977 1.0 0.00950950950950951
table-0407-698 21 6 0 59 119 4118 0.16666666666666666 2.41897233201581
table-0407-276 1 5 0 165 171 652 0.5 0.189873417721519
table-0407-95 10 4 0 6 48 639 1.0 0.4785202863961814
table-0407-916 1 2 0 5 27 621 1.0 0.015262110152621102
table-0407-649 1 4 0 36 34 2933 0.5 0.0065653075328265375
table-0407-551 3 2 3 71 112 5670 0.3333333333333333 0.07312049433573635
table-0407-246 2 4 0 171 196 14049 1.0 0.023701462430660614
table-0407-589 11 5 0 67 99 9987 0.125 1.1534932956951305
table-0407-459 4 6 4 36 48 9773 0.5 0.021039290240811154
table-0407-21 11 3 0 16467 1491 1127397 0.3333333333333333 0.013090931867650053
table-0407-524 7 4 0 11 43 4503 0.2 0.1367826904985889
table-0407-237 13 4 0 64 99 1563 0.3333333333333333 0.611965811965812
table-0407-861 4 18 15 1196 1743 59772 0.07692307692307693 0.0913097301312206
table-0407-860 1 16 0 1196 1743 59772 0.07692307692307693 0.02069819262193612
table-0407-149 1 2 0 6 46 1558 0.013333333333333334 0.025170801869830995
table-0407-391 8 5 15 46 311 6972 1.0 0.04289450741063644
table-0407-409 5 3 0 631 557 78460 1.0 0.1395495353598992
table-0407-946 24 4 0 58 119 0 1.0 0.5210577864838394
table-0407-315 3 7 3 80 152 724 0.14285714285714285 0.026785714285714284
table-0407-404 1 2 0 24 130 13764 0.125 0.013133208255159476
table-0407-192 7 3 0 69 72 4464 1.0 0.3881443298969072
table-0407-372 2 2 0 24 16 4301 0.5 0.024434389140271493
table-0407-297 4 6 3 19 36 3448 0.25 1.026431718061674
table-0407-540 3 2 3 19 53 8474 1.0 0.027663088356729974
table-0407-139 2 2 0 6 46 1558 0.013333333333333334 0.04746494066882417
table-0407-157 2 2 0 6 46 1558 0.013333333333333334 0.04998202085580726
table-0407-609 5 4 3 32 23 810 0.5 0.17184265010351968
table-0407-253 1 1 0 197 381 1898 0.058823529411764705 0.007874015748031496
table-0407-450 8 5 7 67 76 110 1.0 1.337837837837838
table-0407-351 22 8 22 188 257 2697 1.0 8.538126361655774
table-0407-330 1 6 0 51 78 1077 0.14285714285714285 0.04390243902439024
table-0407-273 7 5 0 26 33 940 0.5 1.5613305613305613
table-0407-240 21 11 60 64 99 1563 0.3333333333333333 1.4393162393162393
table-0407-22 11 3 7 299 345 18958 0.16666666666666666 0.05463142784767373
table-0407-113 2 3 0 258 246 21048 1.0 0.039275323988362865
table-0407-766 7 3 0 30 1053 15476 0.038461538461538464 0.5070140280561122
table-0407-336 13 3 6 68 104 809 1.0 0.14749536178107606
table-0407-223 1 3 0 214 228 2023 1.0 0.18485237483953787
table-0407-827 5 8 0 27 24 8483 0.3333333333333333 0.2216393442622951
table-0407-893 7 3 0 462 136 73614 0.5 0.035309257620847745
table-0407-72 5 2 0 35 94 8040 0.5 0.06344827586206897
table-0407-763 7 3 0 30 1053 15476 0.038461538461538464 0.45090180360721444
table-0407-915 7 10 4 139 162 663 1.0 0.12367295198859135
table-0407-164 4 3 1 6 46 1558 0.013333333333333334 0.11183027687882056
table-0407-87 13 4 0 55 52 1087 1.0 0.7798053527980535
table-0407-363 1 4 0 49 71 3624 1.0 0.021015067406819986
table-0407-825 23 3 23 11 161 939 1.0 0.8453947368421053
table-0407-99 8 6 10 65 108 1095 0.3333333333333333 0.4953560371517028
table-0407-11 1 3 0 108 58 1394 1.0 0.06050656660412758
table-0407-553 1 2 0 71 112 5670 0.3333333333333333 0.03810504634397528
table-0407-599 5 4 4 207 242 3869 0.3333333333333333 1.5132978723404256
table-0407-53 5 3 0 29 40 1268 1.0 0.26815897670169025
table-0407-987 8 2 0 16 38 5816 0.2 0.6756756756756757
table-0407-518 22 9 17 38 311 12417 0.5 8.068432671081677
table-0407-759 7 3 0 30 1053 15476 0.038461538461538464 0.4909819639278557
table-0407-286 2 3 0 158 151 127163 0.25 0.007041383570105003
table-0407-544 8 7 0 85 132 1535 0.125 0.3048200950441276
table-0407-298 1 2 0 19 36 3448 0.25 0.17180616740088106
table-0407-681 3 2 0 28 53 2252 0.5 0.0456989247311828
table-0407-873 8 2 0 129 7 5968 1.0 0.6666666666666666
table-0407-3 2 3 0 1 5 198 1.0 0.932258064516129
table-0407-930 1 4 0 1339 628 237499 0.3333333333333333 0.017510224948875254
table-0407-811 27 3 9 596 382 54668 0.2 0.03312740875085015
table-0407-847 3 2 0 28 61 7761 0.3333333333333333 0.007036622421237806
table-0407-271 8 2 0 181 240 57833 0.25 0.030156472261735418
table-0407-279 2 3 0 70 80 8732 0.5 0.04235090751944685
table-0407-334 17 4 0 68 104 809 1.0 0.2971552257266543
table-0407-242 11 2 0 3171 500 135087 0.16666666666666666 0.009425996111776604
table-0407-642 3 7 3 82 138 1196 0.125 0.13811780636425186
table-0407-793 1 3 0 18 115 904 0.5 0.314453125
table-0407-410 1 2 0 11 25 1688 1.0 0.025498891352549888
table-0407-700 24 6 0 59 119 4118 0.16666666666666666 2.3873517786561265
table-0407-296 8 5 3 79 126 1655 0.3333333333333333 0.5162523900573613
table-0407-796 68 8 72 163 280 2199 1.0 27.804054054054053
table-0407-800 49 8 49 163 280 2199 1.0 20.06081081081081
table-0407-414 3 3 0 91 105 2639 1.0 0.08949945593035909
table-0407-232 3 2 0 103 68 29327 1.0 0.030379746835443037
table-0407-552 8 2 0 71 112 5670 0.3333333333333333 0.305870236869207
table-0407-189 1 2 0 6 46 1558 0.013333333333333334 0.02193455591513844
table-0407-245 1 2 0 3171 500 135087 0.16666666666666666 0.0005498497731869686
table-0407-564 1 3 0 7 50 346 1.0 0.09466327827191867
table-0407-807 92 8 0 30 181 1513 0.5 11.171018276762402
table-0407-238 16 11 51 64 99 1563 0.3333333333333333 0.9606837606837607
table-0407-256 6 7 6 197 381 1898 0.058823529411764705 0.12542182227221596
table-0407-250 3 2 0 48 83 2911 0.3333333333333333 0.04744525547445255
table-0407-443 14 13 10 148 157 2742 0.25 0.5197368421052632
table-0407-984 5 2 0 554 388 152095 0.16666666666666666 0.005024644685840073
table-0407-717 1 4 0 42 78 3988 0.25 0.009487415996837528
table-0407-258 20 2 0 197 381 1898 0.058823529411764705 0.35039370078740156
table-0407-306 11 2 11 13 13 4568 1.0 0.1112603537049474
table-0407-100 3 6 2 103 62 52791 0.3333333333333333 0.04976762199845081
table-0407-10 8 4 0 54 51 691 1.0 0.4533333333333333
table-0407-204 21 2 0 31 6 1926 1.0 4.395894428152492
table-0407-862 1 25 0 1196 1743 59772 0.07692307692307693 0.03857390443179005
table-0407-731 2 16 2 21 54 1987 0.25 0.07763753274589189
table-0407-826 2 3 0 27 24 8483 0.3333333333333333 0.10163934426229508
table-0407-304 22 9 6 156 323 179 1.0 1.4588122605363985
table-0407-808 1 3 0 30 181 1513 0.5 0.07180156657963446
table-0407-313 5 7 5 80 152 724 0.14285714285714285 0.04836309523809524
table-0407-795 6 9 0 570 417 10444 1.0 0.027192784667418264
table-0407-730 3 17 15 21 54 1987 0.25 0.17099309359371279
table-0407-624 5 28 16 119 122 718 1.0 0.8031180400890868
table-0407-441 1 3 0 32 34 1117 1.0 0.07972858354537744
table-0407-561 7 3 0 80 88 2901 0.16666666666666666 0.43538388173581305
table-0407-35 10 4 0 8 52 594 1.0 0.4334038054968288
table-0407-366 16 4 0 49 71 3624 1.0 0.5578905630452022
table-0407-997 1 3 0 10 35 1074 1.0 0.09966996699669967
table-0407-403 11 12 0 24 130 13764 0.125 0.626641651031895
table-0407-701 24 6 0 59 119 4118 0.16666666666666666 2.630434782608696
table-0407-501 4 6 0 86 136 839 0.16666666666666666 0.15275813295615276
table-0407-790 3 4 0 845 581 1359 1.0 0.0016442720242530124
table-0407-8 14 4 0 6 50 466 1.0 0.7206521739130435
table-0407-92 308 4 515 21 425 116979 0.5 19.061417322834647
table-0407-998 1 1 0 216 257 8886 1.0 0.004196759711106774
table-0407-431 2 2 1 7 22 1434 1.0 0.10570469798657718
table-0407-439 1 2 1 232 245 15302 0.5 0.0030194894317869887
table-0407-927 13 3 1 3 20 1276 0.5 1.536231884057971
table-0407-569 12 5 21 358 651 67767 0.16666666666666666 0.025043562831786683
table-0407-300 17 6 0 19 36 3448 0.25 4.5506607929515415
table-0407-743 7 5 0 81 126 1217 0.125 0.2689189189189189
table-0407-662 9 2 7 261 295 4266 0.06666666666666667 0.018764302059496567
table-0407-892 7 4 0 462 136 73614 0.5 0.038446070940239684
table-0407-966 10 3 1 103 110 634 1.0 1.2072864321608041
table-0407-677 5 2 2 188 225 0 1.0 0.01334248994407927
table-0407-290 7 2 0 383 177 3763 0.3333333333333333 0.16176470588235295
table-0407-601 2 3 0 32 51 1612 1.0 0.08937788644390111
table-0407-645 3 5 3 19 45 1865 0.5 0.25495495495495496
table-0407-342 1 3 0 12 26 593 1.0 0.1755813953488372
table-0407-905 4 3 0 96 158 355 1.0 0.12596833950825193
table-0407-640 5 7 4 82 138 1196 0.125 0.16790792146242384
table-0407-828 11 2 1 220 162 2336 0.5 0.25245901639344265
table-0407-773 1 7 0 283 293 983 0.3333333333333333 0.14664804469273743
table-0407-673 7 2 1 62 55 114353 0.3333333333333333 0.07544945475979958
table-0407-225 3 3 0 28 26 4682 0.25 0.028939918213274615
table-0407-805 8 4 8 5 25 1463 1.0 0.18876755070202808
table-0407-137 1 2 0 6 46 1558 0.013333333333333334 0.014023732470334413
table-0407-910 3 5 0 20 38 1081 0.5 0.08759553203997648
table-0407-615 5 7 0 84 123 1201 0.125 0.20390309555854644
table-0407-751 2 3 0 67 98 2029 1.0 0.06674240272649816
table-0407-397 3 5 0 408 480 20762 0.25 0.029349319345572625
table-0407-13 10 3 2 68 115 18842 0.25 0.050070966724491406
table-0407-545 6 7 4 85 132 1535 0.125 0.21384928716904278
table-0407-152 1 3 0 6 46 1558 0.013333333333333334 0.03308162531463502
table-0407-661 8 6 8 261 295 4266 0.06666666666666667 0.06876430205949657
table-0407-280 7 4 0 40 41 1421 1.0 0.3849118942731278
table-0407-210 6 3 0 64 65 1684 1.0 0.32731554160125587
table-0407-390 4 3 4 28 18 3248 1.0 0.09366391184573003
table-0407-685 6 7 4 83 128 1307 0.1111111111111111 0.22589345920431558
table-0407-605 0 1 0 128 73 6558 1.0 0.0
table-0407-595 6 4 3 192 290 1674 0.16666666666666666 0.7774798927613941
table-0407-186 1 2 0 6 46 1558 0.013333333333333334 0.02445163610212154
table-0407-478 1 5 1 268 319 66199 0.08333333333333333 0.025649794801641587
table-0407-866 3 32 3 1196 1743 59772 0.07692307692307693 0.029759841544936865
table-0407-88 6 3 1 39 80 1412 0.3333333333333333 0.2028397565922921
table-0407-285 6 2 2 158 151 127163 0.25 0.02347127856701668
table-0407-704 12 4 0 171 294 15170 0.5 0.015206250525077711
table-0407-679 1 3 0 188 225 0 1.0 0.0061807122535073086
table-0407-855 1 3 0 51 105 4861 0.16666666666666666 0.009625351695542721
table-0407-392 2 2 0 22 17 1953 0.5 0.08349514563106795
table-0407-521 52 4 54 90 197 406 1.0 3.2600806451612905
table-0407-484 6 5 0 32 42 732 0.5 2.63953488372093
table-0407-456 51 4 4 23 36 4104 1.0 10.469175859831278
table-0407-236 1 2 0 37 5 5778 1.0 0.14391143911439114
table-0407-674 7 4 7 62 55 114353 0.3333333333333333 0.04892425582080755
table-0407-49 45 4 0 223 83 7503 0.5 4.332695984703633
table-0407-182 3 3 0 6 46 1558 0.013333333333333334 0.09025530384753686
table-0407-161 1 2 0 6 46 1558 0.013333333333333334 0.023372887450557354
table-0407-389 1 2 0 85 111 12128 0.3333333333333333 0.011272898074213245
table-0407-531 1 2 1 12 24 4132 1.0 0.011685116851168511
table-0407-188 1 2 0 6 46 1558 0.013333333333333334 0.025530384753685725
table-0407-184 1 2 0 6 46 1558 0.013333333333333334 0.007551240560949299
table-0407-839 6 6 6 90 114 59607 0.5 0.060054404687173046
table-0407-498 12 6 1 86 136 839 0.16666666666666666 0.6577086280056577
table-0407-957 13 4 13 320 246 7694 0.25 0.14530104421239726
table-0407-629 5 3 0 10 40 1923 1.0 0.7784503631961259
table-0407-917 1 2 1 47 60 34152 1.0 0.010783200908059024
table-0407-597 8 4 3 192 290 1674 0.16666666666666666 0.9517426273458445
table-0407-968 6 10 17 103 110 634 1.0 0.48115577889447236
table-0407-627 6 5 0 652 112 4506 0.5 0.1860759493670886
table-0407-792 54 8 0 18 115 904 0.5 20.04296875
table-0407-728 2 2 0 21 56 6312 1.0 0.023191094619666047
table-0407-702 1 3 0 54 63 7931 1.0 0.016557645134914145
table-0407-70 11 6 4 53 44 5252 1.0 1.478711162255466
table-0407-54 2 3 0 41 73 992 0.25 0.08152866242038216
table-0407-112 2 2 0 10 24 2688 0.5 0.05131667792032411
table-0407-843 5 2 0 8 29 1310 1.0 0.17216117216117216
table-0407-689 3 7 3 83 128 1307 0.1111111111111111 0.1449763991908294
table-0407-510 8 3 0 543 623 6187 0.1111111111111111 0.15413433235215412
table-0407-933 4 6 0 59 41 8145 1.0 0.03831604636973764
table-0407-512 2 3 0 543 623 6187 0.1111111111111111 0.03398447952903398
table-0407-705 4 6 0 35 31 1063 0.5 0.6297435897435898
table-0407-262 7 6 0 197 381 1898 0.058823529411764705 0.6287964004499438
table-0407-658 4 4 0 261 295 4266 0.06666666666666667 0.02688787185354691
table-0407-57 11 3 0 14184 988 1135340 1.0 0.005921435243113688
table-0407-118 36 5 34 38 212 36778 0.5 0.1298349555649598
table-0407-463 26 4 0 349 121 12650 0.5 0.27007733491969066
table-0407-19 2 3 0 102 131 28555 1.0 0.054103028734144444
table-0407-386 7 5 0 45 89 1894 0.5 0.13303000758314376
table-0407-492 13 10 79 104 162 923 0.14285714285714285 0.7409470752089137
table-0407-123 15 4 11 188 197 75545 0.5 0.048210245402332194
table-0407-567 7 9 6 367 214 17412 0.5 1.3665480427046264
table-0407-607 10 2 6 9 38 1967 0.5 0.14198161389172625
table-0407-65 5 4 10 192 344 2847 0.125 0.16988416988416988
table-0407-283 10 4 0 146 145 1397 0.5 1.0192307692307692
table-0407-107 4 7 4 73 105 1235 0.1111111111111111 0.1665542818610924
table-0407-277 4 2 4 17 35 1482 0.5 0.0595903165735568
table-0407-534 0 1 0 59 101 1352 0.3333333333333333 0.0
table-0407-897 1 2 1 53 77 2719 1.0 0.010740531373657434
table-0407-981 2 3 2 159 191 1925 1.0 0.04025301897642323
table-0407-618 3 7 3 84 123 1201 0.125 0.1810228802153432
table-0407-976 7 3 0 561 407 21852 0.2 0.08725341426403642
table-0407-293 22 21 220 488 432 47006 0.25 0.2671919770773639
table-0407-576 84 8 84 163 282 2498 1.0 37.16953316953317
table-0407-935 6 5 6 59 41 8145 1.0 0.022086638194020743
table-0407-130 16 4 0 180 71 17335 0.125 1.680081855388813
table-0407-710 1 2 0 35 49 3675 1.0 0.01581843191196699
table-0407-782 4 3 0 99 114 17538 1.0 0.06083795676296155
table-0407-249 2 2 1 48 83 2911 0.3333333333333333 0.03232533889468196
table-0407-379 2 19 2 14 239 1153 0.3333333333333333 0.055764075067024126
table-0407-101 3 4 0 103 62 52791 0.3333333333333333 0.013361735089078234
table-0407-341 1 8 1 232 285 3344 1.0 0.47043010752688175
table-0407-863 1 6 0 1196 1743 59772 0.07692307692307693 0.00460510027234464
table-0407-771 7 3 0 30 1053 15476 0.038461538461538464 0.4575818303273213
table-0407-584 6 5 1 67 99 9987 0.125 0.3221594918842625
table-0407-254 5 6 0 197 381 1898 0.058823529411764705 0.49775028121484816
table-0407-865 3 42 5 1196 1743 59772 0.07692307692307693 0.06650160930923496
table-0407-621 1 5 2 60 107 380 1.0 0.5879396984924623
table-0407-18 7 4 0 5 46 356 1.0 0.30690010298661174
table-0407-163 2 2 0 6 46 1558 0.013333333333333334 0.03380079108234448
table-0407-121 9 4 0 46 47 697 1.0 0.5005599104143337
table-0407-616 3 7 0 84 123 1201 0.125 0.1325706594885599
table-0407-173 1 2 0 6 46 1558 0.013333333333333334 0.014023732470334413
table-0407-829 12 5 11 11 163 636 1.0 0.6547826086956522
table-0407-612 2 2 0 84 123 1201 0.125 0.05652759084791386
table-0407-418 6 7 0 383 200 22170 0.16666666666666666 0.06799610894941634
table-0407-809 3 3 0 32 25 1299 1.0 0.19944979367262725
table-0407-455 10 2 0 394 357 15367 1.0 0.02151022864019254
table-0407-539 1 4 0 23 63 1008 1.0 0.08412698412698413
table-0407-329 2 6 0 51 78 1077 0.14285714285714285 0.08292682926829269
table-0407-974 3 3 0 17 27 1398 1.0 0.20309597523219813
table-0407-711 16 6 44 165 160 2969 0.3333333333333333 0.6895833333333333
table-0407-429 5 5 0 251 248 6943 0.25 0.12101088360081166
table-0407-977 3 6 0 561 407 21852 0.2 0.065402124430956
table-0407-496 6 2 4 431 388 2937 0.5 0.0668824163969795
table-0407-610 1 6 0 15 28 1047 0.5 0.004679625629949604
table-0407-832 15 5 8 7 39 1082 0.5 1.004222972972973
table-0407-967 12 11 9 103 110 634 1.0 0.585427135678392
table-0407-600 12 2 2 207 242 3869 0.3333333333333333 0.43617021276595747
table-0407-4 1 5 2 153 144 833 1.0 0.023162134944612285
table-0407-694 8 5 0 170 98 104850 1.0 0.31522842639593907
table-0407-525 4 4 0 11 43 4503 0.2 0.07525870178739416
table-0407-821 2 3 0 251 395 4669 1.0 0.01669998065639306
table-0407-303 3 4 3 162 136 840 0.5 0.21447721179624665
table-0407-963 6 11 5 103 110 634 1.0 0.23241206030150754
table-0407-375 5 2 1 14 239 1153 0.3333333333333333 0.08042895442359249
table-0407-982 12 2 6 554 388 152095 0.16666666666666666 0.015600325405560608
table-0407-657 4 4 0 261 295 4266 0.06666666666666667 0.032036613272311214
table-0407-361 148 4 148 124 255 3429 0.5 18.6875
table-0407-197 8 5 10 14 32 569 0.3333333333333333 0.4955223880597015
table-0407-241 11 2 0 3171 500 135087 0.16666666666666666 0.00864049643579522
table-0407-952 21 5 0 565 788 5676 0.125 0.59284332688588
table-0407-842 8 5 0 97 150 11784 0.5 0.1358921161825726
table-0407-17 9 4 0 55 53 516 1.0 0.5477792732166891
table-0407-923 1 4 0 241 189 112027 0.16666666666666666 0.014423076923076924
table-0407-712 10 7 20 165 160 2969 0.3333333333333333 0.15260416666666668
table-0407-978 22 3 0 14 53 3794 0.5 1.4083044982698962
table-0407-82 1 2 0 29 71 4089 0.5 0.008521674694331233
table-0407-317 5 5 8 19 107 2758 1.0 0.47857613711272246
table-0407-180 4 3 0 6 46 1558 0.013333333333333334 0.13448399856166846
table-0407-506 1 4 0 22 60 441 1.0 0.08571428571428572
table-0407-527 10 4 0 73 246 1678 0.3333333333333333 1.2554517133956387
table-0407-565 3 3 0 79 88 1474 0.3333333333333333 0.12177985948477751
table-0407-422 2 2 0 6 21 1232 0.5 0.08237547892720307
table-0407-716 1 2 0 42 78 3988 0.25 0.006061404664646199
table-0407-412 3 4 0 179 215 58806 0.3333333333333333 0.1891089108910891
table-0407-150 4 2 0 6 46 1558 0.013333333333333334 0.06760158216468896
table-0407-301 8 3 6 123 268 4049 0.5 0.3173277661795407
table-0407-823 4 4 0 5 5 115 1.0 1.7365269461077844
table-0407-753 1 4 0 285 289 1124 0.3333333333333333 0.045824847250509164
table-0407-98 38 8 30 65 108 1095 0.3333333333333333 4.894736842105263
table-0407-268 6 2 0 130 172 21451 0.3333333333333333 0.052852556186712765
table-0407-929 1 1 0 1339 628 237499 0.3333333333333333 0.0011503067484662577
table-0407-912 13 6 18 11 26 1823 0.5 0.29735849056603775
table-0407-994 1 3 0 359 418 34243 1.0 0.0326650146429376
table-0407-195 49 4 4 22 46 5068 1.0 9.076094276094276
table-0407-170 1 2 0 6 46 1558 0.013333333333333334 0.03344120819848975
table-0407-784 8 2 0 845 581 1359 1.0 0.003211468797369165
table-0407-483 9 2 5 15 43 1505 1.0 0.09061488673139159
table-0407-878 113 6 113 633 449 7788 0.3333333333333333 9.790743155149935
table-0407-261 4 6 0 197 381 1898 0.058823529411764705 0.3498312710911136
table-0407-248 14 5 0 13 32 7884 1.0 0.9492707672796449
table-0407-996 3 3 0 44 141 7181 0.5 0.018225515722010813
table-0407-690 2 1 0 407 483 37793 1.0 0.0052887666596149775
table-0407-384 4 5 0 45 89 1894 0.5 0.07301484129563428
table-0407-291 16 6 16 383 177 3763 0.3333333333333333 1.3776470588235294
table-0407-872 22 2 0 129 7 5968 1.0 4.380530973451328
table-0407-770 7 3 0 30 1053 15476 0.038461538461538464 0.5190380761523046
table-0407-175 3 3 2 6 46 1558 0.013333333333333334 0.1096727795756922
table-0407-382 5 5 1 45 89 1894 0.5 0.08417289567760806
table-0407-864 11 43 155 1196 1743 59772 0.07692307692307693 0.4112899232483288
table-0407-437 9 5 18 373 241 29082 1.0 0.08624758635485948
table-0407-212 3 2 0 4 8 1682 1.0 0.8832684824902723
table-0407-626 0 1 0 94 73 2771 1.0 0.0
table-0407-688 2 7 0 83 128 1307 0.1111111111111111 0.10114632501685772
table-0407-522 96 4 0 28 113 3387 0.5 1.3855843247025892
table-0407-955 44 4 47 320 246 7694 0.25 0.5727616085314374
table-0407-604 1 3 0 15 23 755 1.0 0.08411892675852067
table-0407-883 0 1 0 343 330 108414 1.0 0.0
table-0407-919 1 2 0 241 189 112027 0.16666666666666666 0.006513647642679901
table-0407-868 1 2 1 7 29 858 1.0 0.012692050768203072
table-0407-820 31 4 0 10 163 535 1.0 1.3774834437086092
table-0407-324 6 2 0 242 266 68961 0.16666666666666666 0.020487264673311186
table-0407-44 5 7 0 55 72 1274 0.125 0.18200408997955012
table-0407-546 4 7 0 85 132 1535 0.125 0.16361167684996605
table-0407-945 1 7 0 14 18 2123 0.5 0.15375
table-0407-482 3 3 0 55 48 1291 1.0 0.09457456270382449
table-0407-346 1 1 0 11 16 11783 0.5 0.325
table-0407-669 1 2 1 42 119 11038 1.0 0.001951921101294432
table-0407-464 12 3 0 570 665 159364 0.3333333333333333 0.010908842980841344
table-0407-816 18 4 12 68 72 2658 0.5 0.228130816272268
table-0407-798 10 8 10 163 280 2199 1.0 3.731981981981982
table-0407-458 8 7 15 71 80 2179 0.5 1.1884297520661158
table-0407-183 2 3 1 6 46 1558 0.013333333333333334 0.032362459546925564
table-0407-235 7 4 0 37 5 5778 1.0 1.7380073800738007
table-0407-555 61 8 15 23 116 8579 0.5 4.177762982689747
table-0407-736 17 4 17 53 19 1317 0.16666666666666666 0.9699248120300752
table-0407-596 8 4 3 192 290 1674 0.16666666666666666 1.064343163538874
table-0407-50 8 3 0 46 181 5875 1.0 0.20668533426671334
table-0407-104 8 5 0 73 105 1235 0.1111111111111111 0.2818610923803102
table-0407-219 3 5 0 321 294 24577 1.0 0.032752245113576335
table-0407-678 2 3 0 188 225 0 1.0 0.007946630040223683
table-0407-703 1 3 0 23 14 1322 1.0 0.15492957746478872
table-0407-141 4 3 3 6 46 1558 0.013333333333333334 0.1021215390147429
table-0407-741 14 4 0 67 34 18577 0.14285714285714285 2.7455919395465993
table-0407-350 42 8 42 188 257 2697 1.0 16.21350762527233
table-0407-780 18 3 0 7 26 3438 0.1111111111111111 0.1688888888888889
table-0407-495 21 9 0 28 112 1855 0.25 1.7295019157088123
table-0407-590 19 3 0 256 311 6368 0.5 1.0703205791106516
table-0407-644 9 4 3 28 35 0 0.5 1.4200542005420054
table-0407-490 13 5 13 104 162 923 0.14285714285714285 0.6657381615598886
table-0407-785 5 2 0 845 581 1359 1.0 0.0029288595432006783
table-0407-870 87 6 89 145 165 5709 0.3333333333333333 2.721813725490196
table-0407-687 3 7 4 83 128 1307 0.1111111111111111 0.12879298718813217
table-0407-251 4 3 0 48 83 2911 0.3333333333333333 0.09645464025026068
table-0407-294 9 3 0 488 432 47006 0.25 0.14565425023877746
table-0407-813 4 4 0 596 382 54668 0.2 0.014849240535026072
table-0407-378 1 17 0 14 239 1153 0.3333333333333333 0.014477211796246649
table-0407-193 5 5 11 121 203 1313 0.5 0.3948948948948949
table-0407-33 6 2 0 405 239 173091 0.25 0.021638330757341576
table-0407-725 0 1 0 15 21 6788 1.0 0.0
table-0407-950 24 5 0 565 788 5676 0.125 0.6647324306898775
table-0407-695 1 2 1 11 19 1286 1.0 0.022222222222222223
table-0407-270 20 2 0 181 240 57833 0.25 0.1420578473210052
table-0407-449 7 7 14 110 255 3019 0.5 1.2536640360766629
table-0407-196 12 6 1 30 132 2498 0.5 0.48427480916030535
table-0407-944 51 4 4 22 43 4042 1.0 12.321078431372548
table-0407-380 4 3 0 14 239 1153 0.3333333333333333 0.051474530831099194
table-0407-592 1 5 2 42 78 1748 1.0 0.37823834196891193
table-0407-903 1 2 1 80 85 173343 1.0 0.0023959646910466583
table-0407-652 1 3 0 39 90 32865 1.0 0.007563352826510722
table-0407-727 2 2 0 371 201 17241 0.25 0.028289473684210528
table-0407-461 2 2 0 99 158 807 0.16666666666666666 0.06050955414012739
table-0407-904 1 2 1 10 32 1431 1.0 0.0075969612155137945
table-0407-507 5 5 10 181 168 6650 1.0 0.10353482535034511
table-0407-494 19 6 0 28 112 1855 0.25 1.3103448275862069
table-0407-762 7 3 0 30 1053 15476 0.038461538461538464 0.7775551102204409
table-0407-554 3 3 0 71 112 5670 0.3333333333333333 0.451081359423275
table-0407-420 5 3 0 383 200 22170 0.16666666666666666 0.017217898832684826
table-0407-858 3 4 0 51 105 4861 0.16666666666666666 0.03864948911594847
table-0407-709 48 14 24 241 243 3211 0.5 2.1322081575246132
table-0407-921 1 2 0 241 189 112027 0.16666666666666666 0.0057382133995037225
table-0407-620 5 4 0 18 87 171 1.0 0.19924634950541686
table-0407-814 18 4 13 245 112 69142 0.3333333333333333 0.13262395787626152
table-0407-80 4 2 0 36 93 6266 0.5 0.08465189873417721
table-0407-752 1 7 0 285 289 1124 0.3333333333333333 0.11608961303462322
table-0407-895 5 5 0 462 136 73614 0.5 0.041663315370385264
table-0407-786 5 5 4 845 581 1359 1.0 0.004624515068211597
table-0407-911 1 1 0 337 73 6508 1.0 0.0025207591933570582
table-0407-230 22 5 0 103 68 29327 1.0 0.5132911392405063
table-0407-924 6 3 0 241 189 112027 0.16666666666666666 0.021712158808933003
table-0407-745 4 7 0 81 126 1217 0.125 0.17364864864864865
table-0407-876 19 8 0 476 243 4523 0.3333333333333333 1.5994623655913978
table-0407-284 0 1 0 217 307 5024 1.0 0.0
table-0407-20 8 14 0 16467 1491 1127397 0.3333333333333333 0.03278996570676939
table-0407-841 2 3 0 72 92 12020 1.0 0.04114097641250686
table-0407-451 7 2 0 108 148 10764 0.25 0.05517941773865945
table-0407-500 4 5 0 86 136 839 0.16666666666666666 0.16973125884016974
table-0407-199 2 3 0 29 48 863 0.3333333333333333 0.05665349143610013
table-0407-69 5 6 10 192 344 2847 0.125 0.30038610038610036
table-0407-985 11 2 0 554 388 152095 0.16666666666666666 0.012441977317318276
table-0407-932 48 5 48 601 1044 5541 0.5 16.198501872659175
table-0407-233 10 5 0 233 267 32948 0.3333333333333333 0.03906762967826658
table-0407-734 11 4 6 69 81 2117 1.0 0.3531799729364005
table-0407-198 7 5 8 14 32 569 0.3333333333333333 0.4208955223880597
table-0407-819 93 6 185 1282 178 50506 0.3333333333333333 1.1331512461590987
table-0407-435 0 1 0 173 223 38292 0.25 0.0
table-0407-76 45 4 4 22 40 6397 1.0 9.418848167539267
table-0407-834 1 2 1 113 132 6245 1.0 0.02342786683107275
table-0407-66 5 9 5 192 344 2847 0.125 0.1945945945945946
table-0407-252 8 2 4 32 46 674 0.5 0.11346938775510204
table-0407-264 8 6 0 197 381 1898 0.058823529411764705 0.7429696287964005
table-0407-632 1 5 2 70 107 1860 1.0 0.14227086183310533
table-0407-541 2 2 0 121 193 916 0.2 0.11341632088520055
table-0407-619 2 2 0 18 87 171 1.0 0.027790861987753178
table-0407-64 6 3 0 192 344 2847 0.125 0.5305019305019305
table-0407-460 3 7 6 87 92 2464 0.5 0.4745762711864407
table-0407-2 1 3 0 61 97 1816 1.0 0.09163879598662207
table-0407-68 5 8 5 192 344 2847 0.125 0.18687258687258687
table-0407-631 0 1 0 61 55 4426 1.0 0.0
table-0407-124 10 4 0 43 43 570 1.0 0.6635262449528937
table-0407-259 21 2 0 197 381 1898 0.058823529411764705 0.3644544431946007
table-0407-62 3 5 0 239 133 26778 0.5 0.05413105413105413
table-0407-789 3 4 0 845 581 1359 1.0 0.0016442720242530124
table-0407-502 2 2 0 98 221 410 1.0 0.1646586345381526
table-0407-574 2 5 4 114 148 834 1.0 0.05403726708074534
table-0407-488 8 2 0 104 162 923 0.14285714285714285 0.16573816155988857
table-0407-168 1 2 0 6 46 1558 0.013333333333333334 0.03164329377921611
table-0407-760 7 3 0 30 1053 15476 0.038461538461538464 0.5103540414161657
table-0407-960 6 10 14 103 110 634 1.0 0.4861809045226131
table-0407-260 6 6 0 197 381 1898 0.058823529411764705 0.5163104611923509
table-0407-178 2 2 0 6 46 1558 0.013333333333333334 0.05106076950737145
table-0407-797 48 8 49 163 280 2199 1.0 19.434684684684683
table-0407-469 1 2 0 164 211 31094 0.2 0.0019742707935294867
table-0407-656 1 2 1 79 108 4664 1.0 0.021689497716894976
table-0407-281 0 1 0 37 50 2634 1.0 0.0
table-0407-424 4 2 0 53 45 10849 0.5 0.027169811320754716
table-0407-471 30 5 0 268 319 66199 0.08333333333333333 2.5666894664842683
table-0407-787 6 3 0 845 581 1359 1.0 0.0017984225265267322
table-0407-549 11 4 5 204 251 6253 0.3333333333333333 5.651041666666667
table-0407-43 7 7 0 55 72 1274 0.125 0.23994546693933197
table-0407-653 22 9 5 155 322 152 1.0 0.8991304347826087
table-0407-851 1 1 0 3316 271 341655 1.0 0.002338269680436477
table-0407-761 7 3 0 30 1053 15476 0.038461538461538464 0.39478957915831664
table-0407-583 13 5 3 67 99 9987 0.125 0.8122794636556104
table-0407-489 2 5 0 104 162 923 0.14285714285714285 0.3203342618384401
table-0407-14 8 2 0 68 115 18842 0.25 0.07372654155495978
table-0407-275 2 5 0 168 174 657 0.5 0.3717948717948718
table-0407-634 1 3 0 77 210 13442 1.0 0.024390243902439025
table-0407-425 1 3 0 13 8 1827 1.0 0.20374220374220375
table-0407-509 97 8 48 43 321 18092 0.5 25.11699779249448
table-0407-227 1 3 0 33 71 938 1.0 0.05914343983684568
table-0407-228 0 1 0 237 255 3224 1.0 0.0
table-0407-720 5 3 0 4306 561 5736303 1.0 0.005038370508498888
table-0407-791 6 4 0 845 581 1359 1.0 0.005369575829201244
table-0407-511 4 3 0 543 623 6187 0.1111111111111111 0.06582820444206583
table-0407-448 144 4 144 110 255 3019 0.5 19.50958286358512
table-0407-15 4 2 0 68 115 18842 0.25 0.03319665667875729
table-0407-902 24 9 22 81 147 1646 1.0 1.205783738474434
table-0407-776 30 3 0 7 26 3438 0.1111111111111111 0.28285714285714286
table-0407-614 7 7 4 84 123 1201 0.125 0.23553162853297444
table-0407-571 8 4 8 363 647 59813 0.16666666666666666 0.052874506384942815
table-0407-322 1 2 0 242 266 68961 0.16666666666666666 0.007336655592469546
table-0407-58 9 3 0 14185 988 1135340 1.0 0.010767848016495427
table-0407-428 2 4 0 25 43 9867 0.3333333333333333 0.04678007290400972
table-0407-958 1 3 1 103 110 634 1.0 0.135678391959799
table-0407-224 8 4 10 28 26 4682 0.25 0.12362378106322743
table-0407-239 12 4 0 64 99 1563 0.3333333333333333 0.6085470085470085
table-0407-155 1 3 0 6 46 1558 0.013333333333333334 0.038475368572455954
table-0407-440 6 6 10 232 245 15302 0.5 0.02930277244029646
table-0407-349 5 8 5 188 257 2697 1.0 1.8954248366013071
table-0407-838 3 3 0 362 167 14929 1.0 0.01752122523722324
table-0407-78 0 1 0 6 86 1338 1.0 0.0
table-0407-562 19 9 102 80 88 2901 0.16666666666666666 0.8087744396757273
table-0407-538 42 4 29 173 117 853659 0.2 0.816179126038281
table-0407-859 0 1 0 51 105 4861 0.16666666666666666 0.0
table-0407-723 1 3 0 29 68 2911 1.0 0.05222896333421261
table-0407-693 10 4 6 401 278 916114 1.0 0.04294443815774584
table-0407-831 6 4 0 29 49 3493 0.5 0.18779639582674676
table-0407-401 5 16 1 24 130 13764 0.125 0.5884928080050031
table-0407-675 1 2 1 80 102 3147 1.0 0.01592623637887678
table-0407-202 18 8 15 148 144 4206 1.0 0.8728270814272644
table-0407-530 4 6 0 68 88 979 0.5 1.1309012875536482
table-0407-365 4 4 0 49 71 3624 1.0 0.1851704996034893
table-0407-568 8 4 8 358 651 67767 0.16666666666666666 0.04177979495076387
table-0407-115 2 2 1 26 68 1774 1.0 0.04139900071377588
table-0407-682 2 2 0 83 128 1307 0.1111111111111111 0.048550236008091704
table-0407-218 40 5 0 321 294 24577 1.0 0.4435136970794657
table-0407-354 1 5 0 168 174 576 0.5 0.31865284974093266
table-0407-593 0 1 0 6 27 830 1.0 0.0
table-0407-635 0 1 0 112 86 17866 1.0 0.0
table-0407-132 16 5 0 180 71 17335 0.125 6.476807639836289
table-0407-374 2 2 0 6 8 473 1.0 0.09641873278236915
table-0407-724 5 10 3 132 143 14045 0.5 0.336875
table-0407-447 5 4 3 110 255 3019 0.5 0.19165727170236754
table-0407-36 24 7 0 673 333 23672 0.2 0.36464788732394365
table-0407-84 1 1 0 10 22 1918 1.0 0.19607843137254902
table-0407-899 4 2 0 56 69 4625 0.5 0.21124031007751937
table-0407-563 2 5 0 80 88 2901 0.16666666666666666 0.12827849308536005
table-0407-12 17 3 1 68 115 18842 0.25 0.11031383062608421
table-0407-818 1 6 0 1282 178 50506 0.3333333333333333 0.014339364970979856
table-0407-721 35 4 34 4306 561 5736303 1.0 0.047568672452126516
table-0407-588 9 5 1 67 99 9987 0.125 0.7473535638673253
table-0407-517 8 6 0 0 0 0 0.0 347.0
table-0407-452 9 2 0 108 148 10764 0.25 0.06973595125253892
table-0407-806 15 3 0 570 239 17572 1.0 0.3032398261556697
table-0407-812 5 4 0 596 382 54668 0.2 0.011476989344819768
table-0407-853 0 1 0 353 256 67671 0.5 0.0
table-0407-648 2 5 4 60 106 436 1.0 0.5847107438016529
table-0407-769 7 3 0 30 1053 15476 0.038461538461538464 0.5457581830327322
table-0407-153 2 3 1 6 46 1558 0.013333333333333334 0.05034160373966199
table-0407-606 3 3 0 17 102 812 1.0 0.10968921389396709
table-0407-371 1 3 0 19 33 1821 1.0 0.09317585301837271
table-0407-479 1 5 1 268 319 66199 0.08333333333333333 0.02667578659370725
table-0407-833 1 2 1 23 49 3873 1.0 0.01731996353691887
table-0407-220 1 3 0 56 41 922 0.3333333333333333 0.18932038834951456
table-0407-316 3 7 2 80 152 724 0.14285714285714285 0.06101190476190476
table-0407-433 10 2 0 173 223 38292 0.25 0.012176142085507645
table-0407-939 39 8 32 179 147 6034 0.5 7.099431818181818
table-0407-637 9 5 0 82 138 1196 0.125 0.3141503046716317
table-0407-993 2 3 0 48 60 5444 1.0 0.20080971659919028
table-0407-337 6 1 0 68 104 809 1.0 0.02937538651824366
table-0407-491 12 5 12 104 162 923 0.14285714285714285 0.616991643454039
table-0407-970 6 10 12 103 110 634 1.0 0.6507537688442211
table-0407-172 1 2 0 6 46 1558 0.013333333333333334 0.023372887450557354
table-0407-326 5 4 0 242 266 68961 0.16666666666666666 0.024986157253599112
table-0407-499 4 5 0 86 136 839 0.16666666666666666 0.25176803394625175
table-0407-444 8 3 0 148 157 2742 0.25 0.016776315789473684
table-0407-103 2 2 0 73 105 1235 0.1111111111111111 0.05529332434254889
table-0407-148 1 2 0 6 46 1558 0.013333333333333334 0.02481121898597627
table-0407-844 1 2 1 17 38 1560 0.3333333333333333 0.008823529411764706
table-0407-332 2 6 0 51 78 1077 0.14285714285714285 0.09085365853658536
table-0407-560 19 9 102 62 57 2057 0.3333333333333333 0.9724770642201835
table-0407-89 1 2 1 80 121 11051 1.0 0.01639344262295082
table-0407-880 9 5 0 344 149 52118 0.5 0.02711034162408682
table-0407-358 5 7 0 215 291 11327 0.25 0.16359810625986324
table-0407-207 11 2 0 31 6 1926 1.0 1.7653958944281525
table-0407-376 1 2 0 14 239 1153 0.3333333333333333 0.042359249329758715
table-0407-234 6 8 0 57 68 14234 0.5 0.10421545667447307
table-0407-891 7 11 4 462 136 73614 0.5 0.038526502050993325
table-0407-594 6 4 3 192 290 1674 0.16666666666666666 0.6863270777479893
table-0407-779 20 3 0 7 26 3438 0.1111111111111111 0.1949206349206349
table-0407-638 9 7 0 82 138 1196 0.125 0.3243060257278267
table-0407-419 10 3 0 383 200 22170 0.16666666666666666 0.0372568093385214
table-0407-396 11 9 11 408 480 20762 0.25 0.1596103409516673
table-0407-59 67 11 67 241 137 520478 0.3333333333333333 4.030709237143554
table-0407-875 3 3 0 138 142 10546 1.0 0.03634314692210171
table-0407-887 19 2 0 108 99 38041 0.2 0.288087596752879
table-0407-127 9 5 0 180 71 17335 0.125 0.665075034106412
table-0407-272 5 3 2 181 240 57833 0.25 0.036889521100047416
table-0407-166 1 2 0 6 46 1558 0.013333333333333334 0.01690039554117224
table-0407-570 14 8 65 358 651 67767 0.16666666666666666 0.05697613162053734
table-0407-222 1 3 0 11 37 749 1.0 0.0917303683113273
table-0407-668 3 3 0 35 52 3606 1.0 0.13798355162960707
table-0407-340 63 8 64 232 285 3344 1.0 33.83870967741935
table-0407-111 1 2 1 10 24 2688 0.5 0.016205266711681297
table-0407-999 0 1 0 76 76 4903 1.0 0.0
table-0407-884 2 7 1 284 175 66579 0.25 0.035198446413399684
table-0407-726 1 2 0 90 93 870 0.5 0.11173184357541899
table-0407-949 50 5 0 565 788 5676 0.125 1.4242424242424243
table-0407-162 1 2 0 6 46 1558 0.013333333333333334 0.01690039554117224
table-0407-920 7 2 0 241 189 112027 0.16666666666666666 0.05148883374689826
table-0407-888 2 2 0 108 99 38041 0.2 0.012271096847272041
table-0407-201 9 3 0 30 53 2538 1.0 1.3036935704514363
table-0407-145 1 3 0 6 46 1558 0.013333333333333334 0.01690039554117224
table-0407-176 3 2 0 6 46 1558 0.013333333333333334 0.037756202804746494
table-0407-537 12 2 2 14 26 3548 0.25 0.38443396226415094
table-0407-581 1 2 1 12 26 3016 1.0 0.008687700045724738
table-0407-740 7 3 0 67 34 18577 0.14285714285714285 1.8967254408060454
table-0407-32 1 2 1 5 20 1646 1.0 0.03064516129032258
table-0407-377 3 10 0 14 239 1153 0.3333333333333333 0.06380697050938337
table-0407-244 11 2 0 3171 500 135087 0.16666666666666666 0.00748188441372268
table-0407-980 1 3 0 10 32 1228 1.0 0.11054637865311309
table-0407-764 7 3 0 30 1053 15476 0.038461538461538464 0.42818971275885104
table-0407-598 6 4 3 192 290 1674 0.16666666666666666 0.6407506702412868
table-0407-39 6 3 5 673 333 23672 0.2 0.009014084507042254
table-0407-475 4 5 1 268 319 66199 0.08333333333333333 0.18912448700410397
table-0407-221 19 9 94 56 41 922 0.3333333333333333 3.6553398058252426
table-0407-991 1 2 1 12 48 1457 1.0 0.012624584717607974
table-0407-914 4 10 4 139 162 663 1.0 0.06346062430676597
table-0407-406 20 5 2 24 130 13764 0.125 0.8874296435272045
table-0407-922 1 3 0 241 189 112027 0.16666666666666666 0.01349255583126551
table-0407-263 3 6 0 197 381 1898 0.058823529411764705 0.2440944881889764
table-0407-151 2 3 1 6 46 1558 0.013333333333333334 0.042430780294857966
table-0407-423 25 5 0 90 141 907 0.5 2.043557168784029
table-0407-26 2 6 0 329 257 98073 0.2 0.019886003799873337
table-0407-722 2 2 0 30 49 2662 0.5 0.18779342723004694
table-0407-925 1 3 0 43 70 690 1.0 0.025622775800711744
table-0407-964 12 2 12 103 110 634 1.0 0.2236180904522613
table-0407-319 0 1 0 36 66 10496 0.5 0.0
table-0407-79 5 2 3 36 93 6266 0.5 0.13132911392405064
table-0407-654 10 4 2 106 83 19078 0.5 0.26791277258566976
table-0407-699 5 6 0 59 119 4118 0.16666666666666666 0.5830039525691699
table-0407-51 1 3 0 20 31 2928 1.0 0.10333333333333333
table-0407-399 5 3 0 408 480 20762 0.25 0.03459472961158986
table-0407-9 4 2 2 12 48 1974 1.0 0.2561247216035635
table-0407-158 1 2 0 6 46 1558 0.013333333333333334 0.03344120819848975
table-0407-532 19 2 0 59 101 1352 0.3333333333333333 0.6807460230389468
table-0407-383 2 5 1 45 89 1894 0.5 0.031199220019499513
table-0407-179 1 2 0 6 46 1558 0.013333333333333334 0.02481121898597627
table-0407-739 1 2 0 67 34 18577 0.14285714285714285 0.15869017632241814
table-0407-633 2 5 4 68 94 1791 1.0 0.08903712296983758
table-0407-31 16 3 3 26 33 1124 0.5 0.3360916613621897
table-0407-803 1 1 1 63 62 2411 1.0 0.0
table-0407-845 1 2 0 17 38 1560 0.3333333333333333 0.03431372549019608
table-0407-243 11 2 0 3171 500 135087 0.16666666666666666 0.007756809300316163
table-0407-287 4 4 0 158 151 127163 0.25 0.020877084620135888
table-0407-755 122 3 119 30 1053 15476 0.038461538461538464 2.0480961923847696
table-0407-102 7 4 0 6 44 588 1.0 0.4105691056910569
table-0407-267 5 6 0 197 381 1898 0.058823529411764705 0.421822272215973
table-0407-292 20 8 16 488 432 47006 0.25 0.55396370582617
table-0407-983 25 2 0 554 388 152095 0.16666666666666666 0.04498253337799684
table-0407-628 10 4 0 652 112 4506 0.5 1.8544303797468353
table-0407-421 4 2 0 3 14 1603 0.5 0.1099476439790576
table-0407-713 9 7 9 276 265 50907 0.5 0.2837073170731707
table-0407-47 3 7 3 55 72 1274 0.125 0.15132924335378323
