table_id rows cols nulls inlinks outlinks views table_imp table_fraction
table-0201-658 2 2 2 95 114 9519 1.0 0.02689618074233459
table-0201-411 20 10 0 403 263 6733 0.3333333333333333 0.9311926605504587
table-0201-505 2 3 0 147 184 16058 0.5 0.1344019728729963
table-0201-109 8 1 0 253 378 38648 0.034482758620689655 0.0067010738366769336
table-0201-837 1 3 0 105 104 5824 1.0 0.04670022371364653
table-0201-828 4 2 2 70 143 31035 0.25 0.030251625671473
table-0201-271 91 5 0 323 454 43873 0.3333333333333333 0.09077347317029068
table-0201-859 7 3 0 160 119 2255 0.25 0.22281449893390193
table-0201-21 26 5 0 820 436 233104 0.08333333333333333 0.06417790067980182
table-0201-103 4 4 0 98 109 1350 1.0 0.6507462686567164
table-0201-809 2 5 2 94 138 4051 0.07692307692307693 0.11208576998050682
table-0201-571 13 8 18 195 206 5301 1.0 7.790697674418604
table-0201-375 3 5 0 178 252 5754 0.14285714285714285 0.003996366939146231
table-0201-432 5 7 0 144 231 2977 1.0 0.051231848588676784
table-0201-821 1 5 2 139 164 1979 1.0 0.15005599104143338
table-0201-511 1 3 0 162 41 1864 1.0 0.05819158460161146
table-0201-731 2 6 0 273 387 26813 0.5 0.0024126530247520327
table-0201-492 3 3 0 12 34 1320 1.0 0.09506346967559944
table-0201-292 1 3 0 1673 814 1079123 1.0 0.00375849419688496
table-0201-150 4 1 0 1251 471 23701 0.05263157894736842 0.015507310589277802
table-0201-770 4 4 0 11 32 636 0.5 0.07692307692307693
table-0201-566 18 3 0 81 252 3283 0.14285714285714285 3.8784313725490196
table-0201-16 1 1 0 165 226 1208 1.0 0.012491992312620116
table-0201-476 1 3 0 333 39 17349 1.0 0.02448146888813329
table-0201-367 1 3 1 87 89 35719 0.25 0.017417162276975363
table-0201-486 18 17 2 434 977 12281 0.5 1.9236401673640167
table-0201-168 14 7 0 990 717 67637 0.06666666666666667 0.2932481022772673
table-0201-805 19 14 11 286 344 4830 1.0 0.3072025138509882
table-0201-246 16 6 17 268 317 39220 1.0 0.0884707466706569
table-0201-523 10 7 2 60 226 18574 1.0 0.06600414078674949
table-0201-689 6 5 16 5 84 375 1.0 0.3567901234567901
table-0201-68 11 3 0 123 233 1662 1.0 0.0727130570758405
table-0201-645 4 5 4 60 81 8760 1.0 0.466403162055336
table-0201-80 144 4 0 738 438 60047 0.09090909090909091 0.6569414850024586
table-0201-864 4 7 4 113 410 49559 0.1111111111111111 0.011577511744203668
table-0201-377 8 7 3 178 252 5754 0.14285714285714285 0.010838631547078413
table-0201-725 2 6 0 273 387 26813 0.5 0.002591368063622554
table-0201-218 11 7 10 183 235 4489 0.3333333333333333 0.2832512315270936
table-0201-640 5 6 5 34 118 7791 1.0 1.097902097902098
table-0201-94 1 2 1 48 103 3449 0.5 0.010532150776053215
table-0201-78 3 4 5 738 438 60047 0.09090909090909091 0.03892804458285527
table-0201-29 4 4 0 820 436 233104 0.08333333333333333 0.007835004032722664
table-0201-404 3 5 0 39 108 853 0.25 0.1412964311726147
table-0201-204 24 10 0 9 136 1167 1.0 0.34038379530916846
table-0201-798 3 4 3 286 344 4830 1.0 0.002976928801786157
table-0201-474 2 2 0 16 32 3017 0.5 0.12147335423197492
table-0201-581 5 2 0 27 31 0 0.5 0.09655485040797825
table-0201-904 3 6 1 78 95 933 0.14285714285714285 0.04247491638795987
table-0201-934 20 2 20 49 86 860 0.5 0.20473773265651438
table-0201-226 6 5 10 442 251 14848 0.5 0.49337260677466865
table-0201-19 7 6 10 21 86 8446 0.3333333333333333 0.16088460329105964
table-0201-262 2 2 0 26 50 2307 0.5 0.03936039360393604
table-0201-48 4 9 4 230 472 132 1.0 0.011834319526627219
table-0201-857 8 11 7 160 119 2255 0.25 0.20948827292110875
table-0201-88 3 6 6 86 977 69277 0.1 0.1180797522260937
table-0201-856 8 11 7 160 119 2255 0.25 0.208955223880597
table-0201-548 2 6 0 389 522 70612 0.25 0.0021264530762687838
table-0201-679 6 4 0 5 84 375 1.0 0.38271604938271603
table-0201-297 1 2 1 66 79 1094 1.0 0.010320478001086366
table-0201-663 7 10 5 349 181 17930 0.125 0.3818359375
table-0201-166 27 7 0 990 717 67637 0.06666666666666667 0.544147023571714
table-0201-789 16 7 0 286 344 4830 1.0 0.054825105432895066
table-0201-939 2 12 0 86 87 16334 0.3333333333333333 0.06404464522986979
table-0201-817 1 5 2 94 138 4051 0.07692307692307693 0.018518518518518517
table-0201-858 1 1 0 160 119 2255 0.25 0.014392324093816631
table-0201-752 11 2 0 161 323 4867 0.05263157894736842 0.06484193515806484
table-0201-425 23 4 0 391 247 68828 0.5 0.06428277846280313
table-0201-707 12 1 0 429 320 63467 0.5 0.014795587280986372
table-0201-161 2 6 0 990 717 67637 0.06666666666666667 0.04174990011985617
table-0201-729 4 10 4 273 387 26813 0.5 0.024305245286390848
table-0201-568 2 5 1 81 252 3283 0.14285714285714285 0.7490196078431373
table-0201-434 5 7 0 144 231 2977 1.0 0.05367922989068363
table-0201-105 4 4 0 104 124 1076 1.0 0.7703180212014135
table-0201-602 16 3 1 100 220 110121 0.07692307692307693 0.3694130317716747
table-0201-370 2 6 0 178 252 5754 0.14285714285714285 0.001937632455343627
table-0201-351 19 5 38 458 311 29757 0.5 4.861313868613139
table-0201-84 10 3 0 738 438 60047 0.09090909090909091 0.03564989346008851
table-0201-561 23 4 8 42 55 12926 0.3333333333333333 0.66733708769107
table-0201-352 15 6 4 176 86 7094 1.0 0.3555828555828556
table-0201-1 2 5 0 354 326 12431 0.5 0.015523657628920787
table-0201-396 2 6 0 178 252 5754 0.14285714285714285 0.0024220405691795337
table-0201-159 4 3 1 242 160 84492 0.2 0.18971358176778566
table-0201-270 1 2 1 9 33 1723 1.0 0.01521216973578863
table-0201-158 1 2 0 242 160 84492 0.2 0.01201108715737604
table-0201-43 4 9 3 230 472 132 1.0 0.024983563445101907
table-0201-748 27 2 0 161 323 4867 0.05263157894736842 0.2025047974952025
table-0201-535 1 3 0 10 25 5495 1.0 0.09992006394884093
table-0201-55 3 4 3 61 43 10536 0.3333333333333333 0.23338485316846985
table-0201-282 6 10 0 139 227 2075 0.1111111111111111 0.10822510822510822
table-0201-436 5 7 0 144 231 2977 1.0 0.0520476423560124
table-0201-623 12 3 1 536 624 3146 1.0 0.04706447352623364
table-0201-242 3 6 0 351 464 26558 0.2 0.0675707827742089
table-0201-905 3 6 1 78 95 933 0.14285714285714285 0.051839464882943144
table-0201-603 1 2 0 100 220 110121 0.07692307692307693 0.007000538502961767
table-0201-885 3 12 12 78 95 933 0.14285714285714285 0.01705685618729097
table-0201-877 3 10 10 78 95 933 0.14285714285714285 0.01471571906354515
table-0201-626 5 9 5 86 118 7103 1.0 0.09212730318257957
table-0201-793 22 5 23 286 344 4830 1.0 0.17911188290746713
table-0201-666 1 2 1 364 196 19639 0.14285714285714285 0.008906882591093117
table-0201-996 21 6 5 48 403 5686 1.0 0.08401833127227759
table-0201-405 0 1 0 39 108 853 0.25 0.0
table-0201-642 1 3 0 79 67 7983 1.0 0.04888541259288228
table-0201-659 3 2 2 349 181 17930 0.125 0.107421875
table-0201-138 1 5 2 168 208 2776 1.0 0.06368330464716007
table-0201-6 0 1 0 91 50 54479 0.3333333333333333 0.0
table-0201-217 9 3 0 126 110 320055 0.2 0.0439940682155215
table-0201-834 13 11 8 226 207 2125 0.5 0.4823451032644903
table-0201-347 0 1 0 273 261 242 1.0 0.0
table-0201-683 6 5 0 5 84 375 1.0 0.7222222222222222
table-0201-759 3 6 0 30 171 988 1.0 0.3911671924290221
table-0201-895 3 12 12 78 95 933 0.14285714285714285 0.016722408026755852
table-0201-253 8 4 0 268 317 39220 1.0 0.033256022744276525
table-0201-771 1 8 1 50 69 299 1.0 0.05108055009823183
table-0201-760 4 6 0 30 171 988 1.0 0.4526813880126183
table-0201-430 5 8 0 144 231 2977 1.0 0.0659161364007179
table-0201-137 11 8 47 317 622 6196 0.5 0.5088309503784693
table-0201-708 7 5 16 184 274 6051 1.0 0.08764044943820225
table-0201-302 6 10 0 133 225 1615 0.14285714285714285 0.6579352850539292
table-0201-156 20 2 0 242 160 84492 0.2 0.16569140745303357
table-0201-380 2 6 0 178 252 5754 0.14285714285714285 0.0015743263699666968
table-0201-480 4 5 0 12 17 2917 0.5 0.14108527131782947
table-0201-544 2 6 0 389 522 70612 0.25 0.001842925999432946
table-0201-82 10 4 0 738 438 60047 0.09090909090909091 0.054499262415997375
table-0201-923 19 2 2 149 252 7049 0.5 1.2627785058977719
table-0201-196 6 7 0 253 365 3751 0.14285714285714285 0.04069581870411746
table-0201-815 22 5 37 94 138 4051 0.07692307692307693 0.7889863547758285
table-0201-323 4 3 0 54 38 61244 0.3333333333333333 0.0043997485857950975
table-0201-343 6 7 5 291 223 79084 0.25 0.042828758554713374
table-0201-633 0 1 0 116 198 14020 0.3333333333333333 0.0
table-0201-943 9 13 41 93 191 1985 0.2 1.052823315118397
table-0201-381 3 4 0 178 252 5754 0.14285714285714285 0.011746896760520738
table-0201-751 1 4 0 161 323 4867 0.05263157894736842 0.003938996061003939
table-0201-950 3 5 10 195 267 2007 0.16666666666666666 0.025657894736842105
table-0201-232 1 5 2 104 108 1684 1.0 0.048851978505129456
table-0201-32 11 6 1 449 443 30794 1.0 0.024094448400211313
table-0201-394 3 1 0 178 252 5754 0.14285714285714285 0.003209203754162882
table-0201-37 7 2 0 50 69 1328 0.5 0.01699618453000347
table-0201-516 4 3 0 65 82 20268 0.14285714285714285 0.19514884233737598
table-0201-390 3 1 0 178 252 5754 0.14285714285714285 0.0024220405691795337
table-0202-1000 23 7 5 48 403 5686 1.0 0.06757838073761548
table-0201-229 2 5 4 104 108 1684 1.0 0.07474352711284807
table-0201-639 5 9 5 34 118 7791 1.0 0.07692307692307693
table-0201-997 6 4 0 48 403 5686 1.0 0.01676729468247618
table-0201-881 3 13 13 78 95 933 0.14285714285714285 0.017725752508361205
table-0201-592 7 4 0 125 152 1894 0.25 0.17025981205085683
table-0201-72 1 3 0 122 41 8393 1.0 0.055872291904218926
table-0201-718 4 4 0 8 29 623 0.5 0.11764705882352941
table-0201-124 5 1 0 253 378 38648 0.034482758620689655 0.007575126945808707
table-0201-361 9 10 24 16 31 871 0.5 1.1974612129760225
table-0201-922 1 3 1 49 79 2420 0.3333333333333333 0.06340956340956341
table-0201-715 1 4 0 11 28 957 0.5 0.027982326951399118
table-0201-537 5 6 0 261 204 193194 0.5 0.036395147313691506
table-0201-51 7 9 6 230 472 132 1.0 0.04240631163708087
table-0201-139 22 4 0 103 105 10530 0.2 0.17005494505494506
table-0201-804 3 4 3 286 344 4830 1.0 0.00578847267013975
table-0201-76 62 6 58 738 438 60047 0.09090909090909091 0.3940337649565645
table-0201-9 3 3 0 27 65 1612 1.0 0.10823089257081775
table-0201-695 1 2 1 451 211 19735 0.14285714285714285 0.00858034321372855
table-0201-952 1 2 1 189 219 16277 1.0 0.0341726618705036
table-0201-615 5 4 8 49 109 19273 0.05 0.7560321715817694
table-0201-368 1 3 0 87 89 35719 0.25 0.02888700084961767
table-0201-897 3 11 11 78 95 933 0.14285714285714285 0.015719063545150503
table-0201-318 8 4 0 76 98 4277 0.3333333333333333 0.0959582073137201
table-0201-272 11 5 0 51 54 5855 0.3333333333333333 0.34641532756489496
table-0201-215 3 3 0 126 110 320055 0.2 0.015818091942659415
table-0201-802 5 4 5 286 344 4830 1.0 0.00810386173819565
table-0201-128 8 1 0 253 378 38648 0.034482758620689655 0.006950803296428869
table-0201-447 6 7 0 144 231 2977 1.0 0.07260564529286996
table-0201-429 7 7 7 144 231 2977 1.0 0.06917931147006037
table-0201-12 3 3 0 3 27 651 1.0 0.375
table-0201-987 6 3 5 539 361 33589 1.0 0.0507821355701655
table-0201-53 0 1 0 120 133 80129 1.0 0.0
table-0201-688 6 5 0 5 84 375 1.0 0.7765432098765432
table-0201-14 6 3 0 87 95 26910 0.25 0.07718993928881179
table-0201-360 10 6 0 44 127 935 0.16666666666666666 0.20252100840336135
table-0201-385 3 1 0 178 252 5754 0.14285714285714285 0.001755979412655162
table-0201-951 11 6 0 1347 575 1296221 0.5 0.059590868662911356
table-0201-899 3 10 10 78 95 933 0.14285714285714285 0.018729096989966554
table-0201-412 20 21 0 403 263 6733 0.3333333333333333 3.8376146788990826
table-0201-348 2 4 0 83 40 22544 0.25 0.06884615384615385
table-0201-880 3 11 11 78 95 933 0.14285714285714285 0.014381270903010033
table-0201-643 3 2 0 93 87 19592 0.5 0.047595920349684316
table-0201-982 3 3 2 539 361 33589 1.0 0.040353661301292226
table-0201-607 1 3 1 49 109 19273 0.05 0.10991957104557641
table-0201-696 5 9 4 451 211 19735 0.14285714285714285 0.0717628705148206
table-0201-130 4 4 0 93 112 1105 0.3333333333333333 1.0792079207920793
table-0201-496 5 3 0 2134 422 181478 0.2 0.04930901050304035
table-0201-527 12 11 44 105 205 252 1.0 0.22929560860595344
table-0201-249 11 3 0 268 317 39220 1.0 0.030225946431243454
table-0201-687 7 5 0 5 84 375 1.0 0.8246913580246914
table-0201-775 3 3 0 58 178 187722 0.3333333333333333 0.010462509341526198
table-0201-665 3 1 1 364 196 19639 0.14285714285714285 0.03319838056680162
table-0201-621 1 3 1 49 109 19273 0.05 0.08042895442359249
table-0201-830 2 4 0 70 143 31035 0.25 0.020921685043822448
table-0201-167 10 7 0 990 717 67637 0.06666666666666667 0.20495405513383938
table-0201-940 1 5 2 123 103 5812 1.0 0.06072874493927125
table-0201-235 2 5 4 104 108 1684 1.0 0.046409379579872984
table-0201-22 22 13 0 820 436 233104 0.08333333333333333 0.037187463993547644
table-0201-652 3 1 1 360 161 17851 0.16666666666666666 0.06858407079646017
table-0201-994 11 6 1 48 403 5686 1.0 0.05175674692660217
table-0201-988 7 3 6 539 361 33589 1.0 0.05599637270460213
table-0201-112 5 2 0 253 378 38648 0.034482758620689655 0.006825938566552901
table-0201-749 11 4 0 161 323 4867 0.05263157894736842 0.05433794566205434
table-0201-863 1 6 0 124 73 112348 0.3333333333333333 0.0003805964985122137
table-0201-557 2 7 0 389 522 70612 0.25 0.0021264530762687838
table-0201-435 5 7 0 144 231 2977 1.0 0.0597161037689672
table-0201-888 3 11 11 78 95 933 0.14285714285714285 0.01839464882943144
table-0201-799 0 1 0 286 344 4830 1.0 0.0
table-0201-321 19 2 0 263 137 104629 0.5 0.07063563115487914
table-0201-309 4 19 1 151 149 4325 0.3333333333333333 0.011088759138413227
table-0201-874 3 11 11 78 95 933 0.14285714285714285 0.016722408026755852
table-0201-401 2 6 0 178 252 5754 0.14285714285714285 0.0015137753557372085
table-0201-185 1 4 0 1097 429 1457986 0.2 0.0056393076493579004
table-0201-104 3 4 0 104 124 1076 1.0 0.7561837455830389
table-0201-816 18 5 36 94 138 4051 0.07692307692307693 0.2422027290448343
table-0201-598 7 6 0 100 220 110121 0.07692307692307693 0.20893914916532041
table-0201-457 5 7 0 144 231 2977 1.0 0.055800293685756244
table-0201-686 6 6 0 5 84 375 1.0 0.9703703703703703
table-0201-898 3 9 9 78 95 933 0.14285714285714285 0.018060200668896322
table-0201-808 9 4 10 156 329 8312 0.125 0.05236209721463681
table-0201-530 0 1 0 97 95 4425 1.0 0.0
table-0201-867 4 8 7 113 410 49559 0.1111111111111111 0.010122745870586453
table-0201-995 3 6 0 48 403 5686 1.0 0.011020586309740307
table-0201-374 1 8 0 178 252 5754 0.14285714285714285 0.001937632455343627
table-0201-273 20 6 0 51 54 5855 0.3333333333333333 0.7379480840543882
table-0201-409 1 3 0 41 35 1860 1.0 0.07707910750507099
table-0201-100 3 2 0 122 179 1564 1.0 0.020849224510551743
table-0201-243 10 4 10 268 317 39220 1.0 0.029178512644022145
table-0201-336 2 7 2 1317 546 635317 0.25 0.013553004955317437
table-0201-553 4 10 0 389 522 70612 0.25 0.020272185993762404
table-0201-114 8 1 0 253 378 38648 0.034482758620689655 0.005119453924914676
table-0201-83 10 4 0 738 438 60047 0.09090909090909091 0.06146533355187674
table-0201-113 6 1 0 253 378 38648 0.034482758620689655 0.007117289602930159
table-0201-724 2 6 0 273 387 26813 0.5 0.0024126530247520327
table-0201-205 3 3 0 176 180 14489 1.0 0.14666666666666667
table-0201-685 6 5 0 5 84 375 1.0 0.7777777777777778
table-0201-690 6 5 0 5 84 375 1.0 0.8037037037037037
table-0201-419 6 2 5 248 259 9584 0.3333333333333333 0.0378175519630485
table-0201-753 11 2 0 161 323 4867 0.05263157894736842 0.06766993233006767
table-0201-415 9 3 6 102 111 7059 0.3333333333333333 0.07550289335905208
table-0201-74 24 7 24 738 438 60047 0.09090909090909091 0.23643664972955253
table-0201-280 7 3 0 30 603 6830 1.0 0.39592430858806404
table-0201-311 0 1 0 38 43 9022 1.0 0.0
table-0201-44 3 9 2 230 472 132 1.0 0.01972386587771203
table-0201-212 1 3 0 40 49 1013 1.0 0.10921248142644874
table-0201-56 5 15 0 47253 1834 6790795 0.1111111111111111 0.018052648970150898
table-0201-281 4 10 0 197 387 23324 0.5 0.029086015940378844
table-0201-413 12 4 0 403 263 6733 0.3333333333333333 0.7376146788990826
table-0201-938 2 6 0 257 391 54436 0.5 0.008653467942834666
table-0201-106 15 5 4 253 378 38648 0.034482758620689655 0.06959127611753933
table-0201-477 18 17 2 435 938 12513 0.5 1.9146216768916156
table-0201-299 5 7 0 175 196 13498 0.3333333333333333 0.0315018315018315
table-0201-201 8 3 0 64 191 2414 0.5 0.03821305841924399
table-0201-594 16 14 16 100 220 110121 0.07692307692307693 0.6278944534194938
table-0201-384 3 3 0 178 252 5754 0.14285714285714285 0.005570693309112928
table-0201-331 14 3 0 83 92 2935 0.3333333333333333 0.03742384682332463
table-0201-726 2 6 0 273 387 26813 0.5 0.002233937985881512
table-0201-520 1 3 0 48 42 4160 1.0 0.002515608898587622
table-0201-538 17 8 0 389 522 70612 0.25 0.10589736319818542
table-0201-964 53 4 42 357 231 345522 0.14285714285714285 0.4641665342443985
table-0201-800 0 1 0 286 344 4830 1.0 0.0
table-0201-612 2 3 2 49 109 19273 0.05 0.23324396782841822
table-0201-554 2 5 0 389 522 70612 0.25 0.001701162461015027
table-0201-389 3 1 0 178 252 5754 0.14285714285714285 0.003027550711474417
table-0201-956 14 7 0 898 554 9133 0.2 1.8326055312954876
table-0201-796 5 10 5 286 344 4830 1.0 0.03969238402381543
table-0201-959 1 3 0 15 33 853 1.0 0.10898082744702321
table-0201-478 1 3 1 30 24 1604 0.5 0.04204993429697766
table-0201-540 2 7 0 389 522 70612 0.25 0.002055571307059824
table-0201-444 6 8 0 144 231 2977 1.0 0.07586882036221243
table-0201-461 1 3 0 43 34 5987 1.0 0.03218596334376397
table-0201-912 12 2 12 78 95 933 0.14285714285714285 0.04080267558528428
table-0201-831 1 3 0 70 143 31035 0.25 0.008764489680520215
table-0201-734 2 6 0 273 387 26813 0.5 0.002591368063622554
table-0201-973 32 9 0 539 361 33589 1.0 0.9993198821128996
table-0201-250 7 8 0 268 317 39220 1.0 0.06755947927577435
table-0201-349 6 4 0 83 40 22544 0.25 0.14038461538461539
table-0201-85 1 3 0 8 191 4763 1.0 0.02878684030157642
table-0201-379 3 1 0 178 252 5754 0.14285714285714285 0.0015137753557372085
table-0201-483 2 2 0 139 110 5866 0.3333333333333333 0.09382566585956416
table-0201-698 1 1 1 451 211 19735 0.14285714285714285 0.0
table-0201-677 6 5 1 5 84 375 1.0 0.5061728395061729
table-0201-493 5 6 0 2134 422 181478 0.2 0.12404643449419568
table-0201-65 23 4 19 32 75 10140 0.3333333333333333 1.3166479190101237
table-0201-632 1 2 0 116 198 14020 0.3333333333333333 0.004529385771100309
table-0201-719 0 1 0 222 187 21707 1.0 0.0
table-0201-560 2 6 0 389 522 70612 0.25 0.0019138077686419053
table-0201-524 6 4 0 60 226 18574 1.0 0.021449275362318842
table-0201-481 18 17 9 431 928 9324 0.5 5.2416
table-0201-619 1 3 1 49 109 19273 0.05 0.10991957104557641
table-0201-649 4 9 1 196 80 7115 1.0 0.31922398589065254
table-0201-933 4 3 0 31 43 9651 1.0 0.4680648236415634
table-0201-247 9 3 0 268 317 39220 1.0 0.04406703576238216
table-0201-823 1 3 0 425 609 6620 1.0 0.036546610169491525
table-0201-312 2 3 0 777 145 46063 1.0 0.048935813641696
table-0201-239 2 5 4 104 108 1684 1.0 0.07767464582315584
table-0201-910 5 5 0 78 95 933 0.14285714285714285 0.032441471571906355
table-0201-782 53 5 0 1762 601 2773519 0.5 0.3429868578255675
table-0201-928 1 3 0 6 7 214 1.0 0.4444444444444444
table-0201-648 0 1 0 42 40 3267 1.0 0.0
table-0201-769 2 2 0 39 55 2598 0.5 0.10344827586206896
table-0201-518 1 2 1 47 82 1730 1.0 0.0018206645425580337
table-0201-803 1 3 1 286 344 4830 1.0 0.0026461589349210286
table-0201-108 7 1 0 253 378 38648 0.034482758620689655 0.008823774244568384
table-0201-911 5 4 0 78 95 933 0.14285714285714285 0.03277591973244147
table-0201-251 6 1 0 268 317 39220 1.0 0.008155020200508754
table-0201-286 17 7 0 139 227 2075 0.1111111111111111 0.1645021645021645
table-0201-373 2 6 0 178 252 5754 0.14285714285714285 0.0012715712988192551
table-0201-646 5 9 5 31 103 4047 1.0 0.09153713298791019
table-0201-333 4 7 4 101 83 5221 0.5 0.40625
table-0201-582 0 1 0 27 31 0 0.5 0.0
table-0201-777 3 2 0 40 47 1597 0.3333333333333333 0.15
table-0201-69 34 12 161 123 233 1662 1.0 0.24667709147771696
table-0201-317 17 11 0 76 98 4277 0.3333333333333333 0.4608193566125928
table-0201-743 8 2 0 161 323 4867 0.05263157894736842 0.054943945056054946
table-0201-337 3 7 1 1317 546 635317 0.25 0.01859302867307611
table-0201-810 4 4 4 94 138 4051 0.07692307692307693 0.08430799220272904
table-0201-981 3 3 2 539 361 33589 1.0 0.040126955338925414
table-0201-932 4 3 0 31 43 9651 1.0 1.421353670162059
table-0201-332 3 7 3 104 74 3859 0.5 0.13668744434550312
table-0201-475 0 1 0 16 32 3017 0.5 0.0
table-0201-143 19 19 7 1251 471 23701 0.05263157894736842 0.3828090385467435
table-0201-979 3 3 2 539 361 33589 1.0 0.042620720924960324
table-0201-414 27 6 0 403 263 6733 0.3333333333333333 3.5311926605504587
table-0201-467 3 2 0 175 147 38291 0.25 0.08352941176470588
table-0201-275 1 3 0 92 92 16696 1.0 0.011060156460749933
table-0201-383 3 1 0 178 252 5754 0.14285714285714285 0.0016954283984256737
table-0201-534 13 8 18 185 204 5983 1.0 4.459677419354839
table-0201-525 2 2 0 60 226 18574 1.0 0.0017391304347826088
table-0201-807 8 11 28 286 344 4830 1.0 0.03630199288844786
table-0201-499 5 3 0 109 172 3766 1.0 0.1744982868330886
table-0201-682 6 5 0 5 84 375 1.0 0.5246913580246914
table-0201-313 16 4 1 718 388 168049 0.5 0.2271986338585733
table-0201-388 3 5 0 178 252 5754 0.14285714285714285 0.009809264305177113
table-0201-670 1 4 0 364 196 19639 0.14285714285714285 0.09716599190283401
table-0201-691 6 4 0 5 84 375 1.0 0.5012345679012346
table-0201-200 19 4 18 454 82 219978 0.3333333333333333 0.31228416378885054
table-0201-937 32 8 125 274 164 74228 0.5 0.05267104856852971
table-0201-838 1 3 0 12 19 725 1.0 0.18311533888228299
table-0201-300 1 3 0 20 102 2182 1.0 0.03733407079646018
table-0201-966 23 7 4 63 203 784 0.3333333333333333 8.625
table-0201-757 5 5 0 30 171 988 1.0 0.7066246056782335
table-0201-258 4 2 0 94 228 83096 0.16666666666666666 0.009881527917972694
table-0201-542 2 6 0 389 522 70612 0.25 0.0021264530762687838
table-0201-920 2 2 0 49 79 2420 0.3333333333333333 0.16112266112266113
table-0201-403 17 5 2 39 108 853 0.25 0.6409322651128915
table-0201-10 13 6 20 23 51 9535 0.5 1.0593342981186686
table-0201-847 1 3 0 101 110 2341 1.0 0.0923943661971831
table-0201-597 3 13 4 100 220 110121 0.07692307692307693 0.11039310716208939
table-0201-371 2 6 0 178 252 5754 0.14285714285714285 0.0016348773841961854
table-0201-562 3 2 0 107 82 2362 0.3333333333333333 0.2830188679245283
table-0201-5 5 7 3 91 50 54479 0.3333333333333333 0.2431796801505174
table-0201-620 2 3 2 49 109 19273 0.05 0.21715817694369974
table-0201-107 11 1 0 253 378 38648 0.034482758620689655 0.0061183717639224176
table-0201-954 13 9 64 898 554 9133 0.2 0.44492964580300826
table-0201-8 10 2 0 13 47 3331 0.3333333333333333 0.6159420289855072
table-0201-178 3 3 0 535 194 357193 0.16666666666666666 0.07788347205707491
table-0201-328 13 10 0 89 102 4678 0.3333333333333333 0.4430871737923376
table-0201-207 8 3 8 554 290 100341 0.5 0.021779313670336736
table-0201-131 3 4 0 102 114 939 1.0 0.7753623188405797
table-0201-784 8 6 0 173 271 9017 0.5 0.34119069205197944
table-0201-197 0 1 0 253 365 3751 0.14285714285714285 0.0
table-0201-214 20 4 8 1365 288 1002442 0.5 0.047760659261913294
table-0201-60 1 6 0 47253 1834 6790795 0.1111111111111111 0.0017953519110034146
table-0201-154 1 3 0 189 198 477581 0.5 0.003823569575310665
table-0201-545 2 6 0 389 522 70612 0.25 0.0019138077686419053
table-0201-824 1 3 0 7 6 96 1.0 0.5358851674641149
table-0201-298 6 8 0 175 196 13498 0.3333333333333333 0.04395604395604396
table-0201-91 5 6 10 86 977 69277 0.1 0.2400309717382888
table-0201-972 11 6 0 75 216 1929 0.3333333333333333 0.9595959595959596
table-0201-295 1 3 0 18 38 1459 1.0 0.09874152952565343
table-0201-259 6 3 0 94 228 83096 0.16666666666666666 0.0166285926791691
table-0201-627 5 6 5 86 118 7103 1.0 1.3149078726968175
table-0201-944 1 13 0 93 191 1985 0.2 0.14207650273224043
table-0201-773 10 5 6 58 178 187722 0.3333333333333333 0.10686705970273187
table-0201-585 5 6 4 47 111 5677 1.0 1.31201248049922
table-0201-960 4 3 0 26 68 1916 1.0 0.11800699300699301
table-0201-543 2 5 0 389 522 70612 0.25 0.0015593989225971081
table-0201-326 2 9 0 80 66 3078 0.5 0.061865635572740454
table-0201-884 3 12 12 78 95 933 0.14285714285714285 0.018729096989966554
table-0201-985 14 3 13 539 361 33589 1.0 0.09884379959192927
table-0201-678 6 4 0 5 84 375 1.0 0.6839506172839506
table-0201-26 22 3 0 820 436 233104 0.08333333333333333 0.008065445327802742
table-0201-7 4 3 0 6 32 574 1.0 0.49835706462212487
table-0201-57 18 6 0 47253 1834 6790795 0.1111111111111111 0.023086242978301575
table-0201-442 5 7 0 144 231 2977 1.0 0.05612661119269049
table-0201-325 1 3 0 19 49 8113 1.0 0.012228134042751797
table-0201-306 19 7 0 133 225 1615 0.14285714285714285 1.0431432973805854
table-0201-133 16 16 161 665 480 152668 0.25 0.09121558344259224
table-0201-717 103 10 210 68 238 225110 1.0 22.014749262536874
table-0201-818 14 5 27 94 138 4051 0.07692307692307693 0.4327485380116959
table-0201-126 5 1 0 253 378 38648 0.034482758620689655 0.0060351286106717725
table-0201-399 2 6 0 178 252 5754 0.14285714285714285 0.0015743263699666968
table-0201-693 6 4 0 5 84 375 1.0 0.5111111111111111
table-0201-865 10 8 21 113 410 49559 0.1111111111111111 0.024624943173208062
table-0201-657 7 10 4 360 161 17851 0.16666666666666666 0.459070796460177
table-0201-301 21 4 17 139 88 2677892 0.5 0.11031257129819758
table-0201-500 4 3 0 16 16 1593 1.0 0.012642045454545454
table-0201-151 12 7 0 1251 471 23701 0.05263157894736842 0.30903854674346476
table-0201-34 4 3 4 51 73 4515 1.0 0.09171496760995568
table-0201-314 6 3 0 387 315 73638 0.5 0.05947136563876652
table-0201-593 2 3 0 125 152 1894 0.25 0.11387506909894969
table-0201-142 1 6 0 1251 471 23701 0.05263157894736842 0.02459016393442623
table-0201-23 22 13 0 820 436 233104 0.08333333333333333 0.04366862541767485
table-0201-290 1 3 0 0 0 0 0.0 152.0
table-0201-175 15 2 0 535 194 357193 0.16666666666666666 0.1611177170035672
table-0201-254 123 2 0 22 43 4206 0.3333333333333333 1.9822180627047263
table-0201-97 2 3 0 130 108 10654 1.0 0.046511627906976744
table-0201-173 17 2 0 148 264 5835 0.5 1.2821997105643994
table-0201-42 2 10 0 184 196 52105 0.5 0.09175562116738588
table-0201-549 2 6 0 389 522 70612 0.25 0.0019138077686419053
table-0201-31 0 1 0 436 469 114331 1.0 0.0
table-0201-431 5 8 0 144 231 2977 1.0 0.06297927883830967
table-0201-840 5 11 4 153 135 2793 0.5 0.11788826242952333
table-0201-654 3 8 3 360 161 17851 0.16666666666666666 0.02654867256637168
table-0201-833 13 10 12 226 207 2125 0.5 0.41305796135909395
table-0201-664 1 3 0 24 26 2010 1.0 0.07593778591033852
table-0201-464 6 5 0 14 32 4005 0.25 0.4689265536723164
table-0201-509 27 10 1 88 93 5003 0.5 1.2672590567327409
table-0201-886 3 11 11 78 95 933 0.14285714285714285 0.017725752508361205
table-0201-148 7 6 0 1251 471 23701 0.05263157894736842 0.13890119627824546
table-0201-978 3 3 2 539 361 33589 1.0 0.041713897075493084
table-0201-231 2 5 4 104 108 1684 1.0 0.08353688324377137
table-0201-961 23 7 6 66 194 881 0.3333333333333333 7.368421052631579
table-0201-46 4 9 4 230 472 132 1.0 0.011176857330703484
table-0201-219 6 12 5 183 235 4489 0.3333333333333333 0.11514778325123153
table-0201-283 50 6 0 139 227 2075 0.1111111111111111 0.8146167557932263
table-0201-416 1 3 1 15 20 874 0.5 0.08360655737704918
table-0201-703 1 3 0 15 7 8164 1.0 0.5292553191489362
table-0201-482 0 1 0 19 37 6261 1.0 0.0
table-0201-860 16 5 0 160 119 2255 0.25 0.3704690831556503
table-0201-624 4 5 0 536 624 3146 1.0 0.0499459719053908
table-0201-512 1 13 0 65 82 20268 0.14285714285714285 0.08599779492833518
table-0201-968 6 6 0 63 203 784 0.3333333333333333 0.5110294117647058
table-0201-468 1 2 0 175 147 38291 0.25 0.00784313725490196
table-0201-236 2 5 4 104 108 1684 1.0 0.0810942843185149
table-0201-438 5 7 0 144 231 2977 1.0 0.05743188122042748
table-0201-662 1 1 1 349 181 17930 0.125 0.0
table-0201-776 1 3 0 58 178 187722 0.3333333333333333 0.007888399900357054
table-0201-190 4 8 4 1584 463 284957 1.0 0.05687813666194827
table-0201-984 35 9 0 539 361 33589 1.0 1.2815688052595784
table-0201-521 2 4 0 123 104 209258 0.5 0.045641838351822506
table-0201-289 2 8 0 139 227 2075 0.1111111111111111 0.0142602495543672
table-0201-64 20 4 20 47253 1834 6790795 0.1111111111111111 0.014638176010573852
table-0201-47 3 8 3 230 472 132 1.0 0.007889546351084813
table-0201-812 9 5 17 94 138 4051 0.07692307692307693 0.18567251461988304
table-0201-711 5 3 0 1073 877 216102 0.5 0.0030347264904732637
table-0201-441 6 7 0 144 231 2977 1.0 0.07227932778593571
table-0201-494 1 11 0 2134 422 181478 0.2 0.01404090657822001
table-0201-622 4 5 9 49 109 19273 0.05 0.8873994638069705
table-0201-498 12 3 0 24 34 7264 0.5 0.12306701030927836
table-0201-716 5 3 0 180 203 6652 1.0 0.2548758865248227
table-0201-814 4 5 7 94 138 4051 0.07692307692307693 0.10087719298245613
table-0201-115 7 1 0 253 378 38648 0.034482758620689655 0.0036210771664030635
table-0201-761 7 4 0 30 171 988 1.0 0.9353312302839116
table-0201-826 41 6 41 49 181 4015 1.0 2.632607729897823
table-0201-285 4 6 3 139 227 2075 0.1111111111111111 0.025210084033613446
table-0201-746 2 2 0 161 323 4867 0.05263157894736842 0.013735986264013737
table-0201-437 5 7 0 144 231 2977 1.0 0.05808451623429597
table-0201-269 19 7 12 258 115 9782 0.5 1.614425645592164
table-0201-418 18 17 2 457 969 38135 0.3333333333333333 2.1315476190476192
table-0201-970 23 7 0 75 216 1929 0.3333333333333333 8.387205387205388
table-0201-75 10 3 0 738 438 60047 0.09090909090909091 0.035076217013604326
table-0201-199 4 4 0 253 365 3751 0.14285714285714285 0.07979572294924991
table-0201-733 2 6 0 273 387 26813 0.5 0.002591368063622554
table-0201-855 14 6 0 160 119 2255 0.25 1.085820895522388
table-0201-181 5 4 1 25 24 641 0.5 0.9808219178082191
table-0201-526 7 10 22 105 205 252 1.0 0.10462717359269083
table-0201-986 8 3 6 539 361 33589 1.0 0.09997732940376332
table-0201-791 15 7 0 286 344 4830 1.0 0.06053088563631853
table-0201-613 2 5 5 49 109 19273 0.05 0.38337801608579086
table-0201-132 3 4 0 5 9 855 1.0 0.5669291338582677
table-0201-433 5 7 0 144 231 2977 1.0 0.05596345243922336
table-0201-424 1 1 0 391 247 68828 0.5 0.0002877106452938759
table-0201-941 7 4 0 269 203 2519 0.5 0.6672025723472669
table-0201-322 1 2 0 19 33 2730 1.0 0.054945054945054944
table-0201-353 1 3 0 253 231 29089 1.0 0.015522165652551843
table-0201-54 27 4 21 61 43 10536 0.3333333333333333 2.0942812982998453
table-0201-992 15 7 0 68 214 679 0.3333333333333333 5.153846153846154
table-0201-287 2 9 0 139 227 2075 0.1111111111111111 0.01680672268907563
table-0201-338 49 7 47 1317 546 635317 0.25 0.17546906103087545
table-0201-470 1 2 0 95 115 11058 0.5 0.03625815808556925
table-0201-644 4 9 4 60 81 8760 1.0 0.039525691699604744
table-0201-591 2 4 0 125 152 1894 0.25 0.08347153123272526
table-0201-162 0 1 0 990 717 67637 0.06666666666666667 0.0
table-0201-918 3 8 0 13 7 854 0.5 0.06006006006006006
table-0201-420 16 7 20 248 259 9584 0.3333333333333333 0.44933602771362585
table-0201-528 5 3 0 246 242 56636 1.0 0.041351744186046514
table-0201-794 5 6 7 286 344 4830 1.0 0.016455800876540146
table-0201-135 42 7 42 665 480 152668 0.25 0.27336579883873385
table-0201-38 2 3 0 18 37 1941 1.0 0.2570194384449244
table-0201-946 3 3 0 10 42 1002 1.0 0.0618307426597582
table-0201-647 5 6 5 31 103 4047 1.0 1.3557858376511227
table-0201-846 7 7 14 49 87 836 1.0 0.968421052631579
table-0201-579 6 2 0 10 28 1482 0.5 0.9663677130044843
table-0201-4 7 5 2 381 337 45809 0.3333333333333333 0.07588571428571429
table-0201-11 13 6 10 425 712 976 1.0 0.2247690728703387
table-0201-308 4 19 1 151 149 4325 0.3333333333333333 0.010009322408125215
table-0201-945 1 3 0 77 135 1396 1.0 0.0772005772005772
table-0201-89 40 6 94 86 977 69277 0.1 1.751451800232288
table-0201-531 1 3 0 32 37 2238 1.0 0.042346938775510205
table-0201-604 2 4 4 49 109 19273 0.05 0.21447721179624665
table-0201-341 26 13 0 291 223 79084 0.25 0.11170799911693281
table-0201-868 4 7 8 75 114 2650 0.3333333333333333 0.17680412371134022
table-0201-976 4 3 3 539 361 33589 1.0 0.04307413284969395
table-0201-488 1 3 2 96 32 11872 0.3333333333333333 0.01305293691080493
table-0201-508 5 3 1 333 354 154162 0.2 0.006115202524986849
table-0201-487 3 4 3 96 32 11872 0.3333333333333333 0.18527918781725888
table-0201-268 6 2 0 2628 1093 1265673 0.25 0.004662504354350331
table-0201-192 2 4 0 44 85 7104 0.5 0.010385158298043961
table-0201-889 3 10 10 78 95 933 0.14285714285714285 0.01839464882943144
table-0201-927 1 3 0 68 84 5660 0.3333333333333333 0.08581436077057793
table-0201-913 3 11 11 78 95 933 0.14285714285714285 0.015384615384615385
table-0201-546 2 6 0 389 522 70612 0.25 0.001984689537850865
table-0201-906 3 10 10 78 95 933 0.14285714285714285 0.013377926421404682
table-0201-628 104 4 10 398 476 92767 0.25 0.13947311039308583
table-0201-667 5 9 3 364 196 19639 0.14285714285714285 0.10931174089068826
table-0201-171 1 1 0 443 354 43204 1.0 0.00024278579356270811
table-0201-975 6 3 5 539 361 33589 1.0 0.048968487871231016
table-0201-991 22 7 0 68 214 679 0.3333333333333333 8.493006993006993
table-0201-616 2 4 3 49 109 19273 0.05 0.38873994638069703
table-0201-650 4 5 1 196 80 7115 1.0 1.0828924162257496
table-0201-948 9 2 8 195 267 2007 0.16666666666666666 0.07763157894736843
table-0201-755 2 2 1 5 22 705 1.0 0.043859649122807015
table-0201-727 2 6 0 273 387 26813 0.5 0.002770083102493075
table-0201-697 5 9 4 451 211 19735 0.14285714285714285 0.06630265210608424
table-0201-541 2 6 0 389 522 70612 0.25 0.0017720442302239863
table-0201-929 1 3 0 6 29 352 1.0 0.13924050632911392
table-0201-279 6 3 0 30 603 6830 1.0 0.3231441048034934
table-0201-277 187 3 1 30 603 6830 1.0 8.41703056768559
table-0201-947 8 7 0 195 267 2007 0.16666666666666666 0.2730263157894737
table-0201-256 13 2 0 94 228 83096 0.16666666666666666 0.030335228178292515
table-0201-372 2 5 0 178 252 5754 0.14285714285714285 0.0015137753557372085
table-0201-203 4 9 0 9 136 1167 1.0 0.020810234541577825
table-0201-977 3 3 2 539 361 33589 1.0 0.03831330763999093
table-0201-77 22 8 0 738 438 60047 0.09090909090909091 0.4716439927880675
table-0201-914 3 12 12 78 95 933 0.14285714285714285 0.016053511705685617
table-0201-329 3 7 3 89 102 4678 0.3333333333333333 0.17656857301499168
table-0201-768 1 1 0 221 226 4913 1.0 0.08125
table-0201-79 11 4 0 738 438 60047 0.09090909090909091 0.047041468611703
table-0201-169 18 19 2 990 717 67637 0.06666666666666667 0.7834598481821814
table-0201-260 4 1 0 146 184 24579 1.0 0.02381838481577968
table-0201-843 12 5 0 153 135 2793 0.5 0.27114300358790366
table-0201-519 21 5 31 47 82 1730 1.0 1.3973600364132908
table-0201-577 5 3 0 577 499 156200 1.0 0.015224277102278532
table-0201-485 2 3 0 139 110 5866 0.3333333333333333 0.21731234866828086
table-0201-180 2 4 0 50 79 8123 0.3333333333333333 0.03890562248995984
table-0201-641 1 2 1 86 102 6748 1.0 0.006091696056428343
table-0201-925 2 2 0 68 84 5660 0.3333333333333333 0.13572679509632224
table-0201-871 8 11 7 190 116 2742 0.3333333333333333 0.1979989468141127
table-0201-490 18 17 14 436 943 12866 0.5 2.001238390092879
table-0201-125 10 1 0 253 378 38648 0.034482758620689655 0.012777824023974028
table-0201-469 1 2 0 175 147 38291 0.25 0.011372549019607842
table-0201-595 32 4 24 100 220 110121 0.07692307692307693 0.8610662358642972
table-0201-440 5 7 0 144 231 2977 1.0 0.05596345243922336
table-0201-366 155 5 0 113 426 1881 0.5 7.7739345274861025
table-0201-458 6 8 0 144 231 2977 1.0 0.07847936041768641
table-0201-584 5 9 4 47 111 5677 1.0 0.17004680187207488
table-0201-848 17 3 17 189 404 48365 1.0 0.307856761090326
table-0201-211 32 12 3 918 906 239189 0.3333333333333333 0.11041493084485919
table-0201-189 15 4 1 1584 463 284957 1.0 0.04902843906833097
table-0201-463 3 3 0 14 32 4005 0.25 0.26666666666666666
table-0201-710 2 6 2 1073 877 216102 0.5 0.008988936693300554
table-0201-890 3 10 10 78 95 933 0.14285714285714285 0.017725752508361205
table-0201-172 1 3 0 231 198 17577 1.0 0.09082652134423251
table-0201-73 1 3 0 14 14 1696 1.0 0.23022598870056496
table-0201-631 6 2 0 116 198 14020 0.3333333333333333 0.032037118868758284
table-0201-676 6 4 0 5 84 375 1.0 0.5506172839506173
table-0201-149 19 18 2 1251 471 23701 0.05263157894736842 0.42357111209570225
table-0201-145 1 7 0 1251 471 23701 0.05263157894736842 0.03965440850686752
table-0201-766 2 2 0 36 52 2468 0.5 0.05270655270655271
table-0201-841 5 12 0 153 135 2793 0.5 0.10251153254741159
table-0201-315 6 9 17 102 217 448 1.0 0.09551714034573688
table-0201-141 1 3 0 17 24 1384 1.0 0.15057283142389524
table-0201-827 1 3 0 153 141 6289 1.0 0.06544202066590127
table-0201-529 4 3 1 331 338 4438 0.5 0.7874396135265701
table-0201-224 18 3 0 11 20 1503 0.5 0.8593481989708405
table-0201-993 11 6 0 68 214 679 0.3333333333333333 1.1573426573426573
table-0201-713 1 1 0 246 290 3615 1.0 0.04487917146144994
table-0201-70 3 2 0 123 233 1662 1.0 0.01602814698983581
table-0201-949 9 2 9 195 267 2007 0.16666666666666666 0.04736842105263158
table-0201-86 140 6 454 86 977 69277 0.1 4.2977158343012
table-0201-397 2 5 0 178 252 5754 0.14285714285714285 0.0014532243415077202
table-0201-879 3 10 10 78 95 933 0.14285714285714285 0.014046822742474917
table-0201-513 3 14 3 65 82 20268 0.14285714285714285 0.2205071664829107
table-0201-99 29 12 164 122 179 1564 1.0 0.26849733028222733
table-0201-410 20 6 0 403 263 6733 0.3333333333333333 2.81651376146789
table-0201-176 1 2 0 535 194 357193 0.16666666666666666 0.0075307173999207295
table-0201-762 4 4 0 93 115 172639 0.3333333333333333 0.06391888913378885
table-0201-241 4 10 4 351 464 26558 0.2 0.06542945515108256
table-0201-700 11 10 8 451 211 19735 0.14285714285714285 0.37285491419656785
table-0201-358 1 5 0 44 127 935 0.16666666666666666 0.06134453781512605
table-0201-744 3 2 0 161 323 4867 0.05263157894736842 0.0201999798000202
table-0201-573 7 2 0 117 118 1923 1.0 0.17876658860265418
table-0201-339 25 14 0 1317 546 635317 0.25 0.08703570369742916
table-0201-745 3 2 0 161 323 4867 0.05263157894736842 0.020805979194020805
table-0201-866 2 7 2 113 410 49559 0.1111111111111111 0.005697833005000758
table-0201-774 18 5 8 58 178 187722 0.3333333333333333 0.15170638545212986
table-0201-763 4 2 0 93 115 172639 0.3333333333333333 0.008816398501212255
table-0201-491 3 4 0 376 216 3245 0.3333333333333333 0.057799875699192045
table-0201-822 7 3 0 43 51 5299 1.0 0.52997002997003
table-0201-672 2 2 0 17 21 2625 1.0 0.12277580071174377
table-0201-893 3 11 11 78 95 933 0.14285714285714285 0.017725752508361205
table-0201-303 50 6 0 133 225 1615 0.14285714285714285 4.927580893682588
table-0201-931 1 5 2 120 86 4152 1.0 0.0653038046564452
table-0201-732 2 6 0 273 387 26813 0.5 0.002591368063622554
table-0201-969 4 2 1 57 147 23754 1.0 0.06941950927588271
table-0201-916 3 13 13 78 95 933 0.14285714285714285 0.016387959866220735
table-0201-701 35 4 45 32 38 16604 0.3333333333333333 0.41706161137440756
table-0201-699 1 5 0 451 211 19735 0.14285714285714285 0.12714508580343215
table-0201-67 14 12 0 618 513 281349 0.5 0.10028559771521828
table-0201-872 1 1 0 190 116 2742 0.3333333333333333 0.017377567140600316
table-0201-240 14 5 0 351 464 26558 0.2 0.34475374732334046
table-0201-851 4 4 0 341 238 57821 0.125 0.021930114274390646
table-0201-891 3 13 13 78 95 933 0.14285714285714285 0.01939799331103679
table-0201-398 2 6 0 178 252 5754 0.14285714285714285 0.0015743263699666968
table-0201-596 2 2 0 100 220 110121 0.07692307692307693 0.05331179321486268
table-0201-134 36 5 33 665 480 152668 0.25 0.12212024723731035
table-0201-629 6 3 0 398 476 92767 0.25 0.041905366027712256
table-0201-919 1 2 0 184 198 19732 1.0 0.021739130434782608
table-0201-998 13 7 8 48 403 5686 1.0 0.02680584854877428
table-0201-406 20 11 12 137 182 2457 0.3333333333333333 0.8268321513002365
table-0201-989 7 3 6 539 361 33589 1.0 0.05463613693040127
table-0201-355 1 8 0 119 130 28647 0.3333333333333333 0.003455635735338957
table-0201-722 14 6 0 273 387 26813 0.5 0.09596997587346975
table-0201-590 4 4 0 125 152 1894 0.25 0.17136539524599226
table-0201-465 1 3 0 76 77 1325 1.0 0.04962002682163612
table-0201-875 3 12 12 78 95 933 0.14285714285714285 0.016387959866220735
table-0201-170 18 19 2 990 717 67637 0.06666666666666667 0.42788653615661204
table-0201-779 49 5 36 195 240 34604 1.0 1.8498569640622207
table-0201-257 1 2 0 94 228 83096 0.16666666666666666 0.00095627689528768
table-0201-844 13 6 9 58 121 1775 0.3333333333333333 0.7167175905718027
table-0201-564 1 3 0 107 82 2362 0.3333333333333333 0.10062893081761007
table-0201-958 29 6 15 898 554 9133 0.2 0.33915574963609896
table-0201-186 2 3 0 19 38 1016 1.0 0.11340752517223106
table-0201-674 6 5 0 5 84 375 1.0 0.7555555555555555
table-0201-62 11 4 11 47253 1834 6790795 0.1111111111111111 0.01133384734001542
table-0201-307 2 8 0 133 225 1615 0.14285714285714285 0.08628659476117104
table-0201-198 4 7 0 253 365 3751 0.14285714285714285 0.023779125438876475
table-0201-30 5 3 0 84 110 6494 1.0 0.2289494787489976
table-0201-445 6 8 0 144 231 2977 1.0 0.07717409038994942
table-0201-213 19 2 0 1365 288 1002442 0.5 0.036151916875671805
table-0201-120 8 1 0 253 378 38648 0.034482758620689655 0.004037292932656289
table-0201-248 9 3 0 268 317 39220 1.0 0.04028879245847673
table-0201-87 25 6 17 86 977 69277 0.1 1.5152922957801007
table-0201-427 3 3 0 14 29 2985 1.0 0.13835448219402374
table-0201-783 1 3 0 450 224 173 1.0 0.007024200164068909
table-0201-209 1 3 0 23 39 2485 1.0 0.09219025249559601
table-0201-216 20 3 0 126 110 320055 0.2 0.07622343054869006
table-0201-40 40 12 198 121 207 1519 1.0 0.33629084613719973
table-0201-709 1 7 1 80 81 1222 1.0 0.1386255924170616
table-0201-387 3 1 0 178 252 5754 0.14285714285714285 0.0022403875264910686
table-0201-714 2 6 1 172 145 20058 0.25 0.14020731042007636
table-0201-909 7 3 0 78 95 933 0.14285714285714285 0.09866220735785954
table-0201-792 1 7 0 286 344 4830 1.0 0.0034730836020838503
table-0201-49 5 8 5 230 472 132 1.0 0.013806706114398421
table-0201-45 4 9 2 230 472 132 1.0 0.047337278106508875
table-0201-892 3 13 13 78 95 933 0.14285714285714285 0.01939799331103679
table-0201-599 1 13 0 100 220 110121 0.07692307692307693 0.048465266558966075
table-0201-504 10 5 20 147 184 16058 0.5 0.38964241676942046
table-0201-550 2 6 0 389 522 70612 0.25 0.0019138077686419053
table-0201-963 5 6 0 66 194 881 0.3333333333333333 0.38699690402476783
table-0201-852 1 4 0 341 238 57821 0.125 0.004359601030451152
table-0201-342 11 3 0 291 223 79084 0.25 0.005004047391272352
table-0201-572 1 3 0 106 172 3123 1.0 0.08098159509202454
table-0201-706 3 2 0 20 51 3178 0.5 0.08428720083246619
table-0201-570 12 2 0 81 252 3283 0.14285714285714285 2.1411764705882352
table-0201-146 4 1 0 1251 471 23701 0.05263157894736842 0.015507310589277802
table-0201-98 11 3 0 122 179 1564 1.0 0.1299262649377066
table-0201-364 2 5 0 37 108 827 0.25 0.10427350427350428
table-0201-536 33 2 0 477 451 129205 0.5 0.8787419477074649
table-0201-908 3 9 9 78 95 933 0.14285714285714285 0.012709030100334449
table-0201-617 1 5 0 49 109 19273 0.05 0.48525469168900803
table-0201-606 2 4 3 49 109 19273 0.05 0.35924932975871315
table-0201-974 6 3 5 539 361 33589 1.0 0.04942189979596463
table-0201-184 29 4 24 1097 429 1457986 0.2 0.0948073701842546
table-0201-407 20 21 0 137 182 2457 0.3333333333333333 2.4267139479905437
table-0201-378 11 4 0 178 252 5754 0.14285714285714285 0.06727217680896155
table-0201-459 13 3 0 575 581 40440 1.0 0.027016535983231116
table-0201-202 7 6 0 389 227 607054 0.5 0.12173038229376258
table-0201-123 4 1 0 253 378 38648 0.034482758620689655 0.0053691833846666115
table-0201-634 5 9 3 31 116 5751 1.0 0.24558303886925795
table-0201-81 10 4 0 738 438 60047 0.09090909090909091 0.05671201442386494
table-0201-421 1 3 0 76 80 1670 1.0 0.05699481865284974
table-0201-288 15 7 0 139 227 2075 0.1111111111111111 0.13750954927425516
table-0201-274 7 3 0 37 38 5761 0.5 0.09975238769013088
table-0201-191 5 2 4 44 85 7104 0.5 0.013309134906231096
table-0201-636 121 8 109 781 1035 32728 0.2 0.19387135044416795
table-0201-408 11 4 0 137 182 2457 0.3333333333333333 0.450354609929078
table-0201-193 6 5 0 253 365 3751 0.14285714285714285 0.05394190871369295
table-0201-27 22 3 0 820 436 233104 0.08333333333333333 0.008699158889272958
table-0201-423 2 3 2 17 40 1006 0.3333333333333333 0.10684474123539232
table-0201-983 4 6 0 539 361 33589 1.0 0.13216957605985039
table-0201-453 6 7 0 144 231 2977 1.0 0.06787404144232338
table-0201-362 4 10 4 37 108 827 0.25 0.2341880341880342
table-0201-896 3 13 13 78 95 933 0.14285714285714285 0.018729096989966554
table-0201-278 21 3 0 30 603 6830 1.0 1.044395924308588
table-0201-673 1 2 1 13 27 4921 1.0 0.021493212669683258
table-0201-953 0 1 0 898 554 9133 0.2 0.0
table-0201-111 9 1 0 253 378 38648 0.034482758620689655 0.006409722800299675
table-0201-588 2 3 0 499 561 55604 0.5 0.006225072760590708
table-0201-813 12 5 24 94 138 4051 0.07692307692307693 0.148635477582846
table-0201-586 2 11 0 358 432 259814 0.3333333333333333 0.02915294498731307
table-0201-747 44 4 0 161 323 4867 0.05263157894736842 0.5889304110695889
table-0201-506 0 1 0 3066 1179 2552 1.0 0.0
table-0201-63 10 5 10 47253 1834 6790795 0.1111111111111111 0.008712413261372398
table-0201-921 2 2 0 49 79 2420 0.3333333333333333 0.059251559251559255
table-0201-36 6 7 4 71 109 2787 1.0 0.6870681145113524
table-0201-515 4 4 0 65 82 20268 0.14285714285714285 0.557883131201764
table-0201-267 3 3 4 50 134 17251 1.0 0.02689486552567237
table-0201-738 2 6 0 273 387 26813 0.5 0.0024126530247520327
table-0201-101 2 4 0 98 109 1350 1.0 0.4059701492537313
table-0201-417 8 18 8 457 969 38135 0.3333333333333333 0.7773809523809524
table-0201-466 12 2 0 175 147 38291 0.25 0.21843137254901962
table-0201-980 4 3 3 539 361 33589 1.0 0.04579460439809567
table-0201-924 1 3 0 971 663 190967 1.0 0.005635125616341864
table-0201-3 35 4 39 381 337 45809 0.3333333333333333 0.2765714285714286
table-0201-869 4 3 0 599 343 179552 1.0 0.02852239293886891
table-0201-296 5 7 0 120 124 3245 0.5 0.42276806802078415
table-0201-741 9 2 0 161 323 4867 0.05263157894736842 0.0608019391980608
table-0201-71 1 3 0 16 18 1509 1.0 0.16136631330977622
table-0201-551 2 6 0 389 522 70612 0.25 0.002055571307059824
table-0201-266 4 2 4 10 144 1434 0.5 0.07356044618631294
table-0201-532 22 8 0 159 253 201509 0.25 0.5913419913419914
table-0201-13 1 1 0 271 355 6092 0.5 0.005294596796090144
table-0201-887 3 10 10 78 95 933 0.14285714285714285 0.01705685618729097
table-0201-876 3 10 10 78 95 933 0.14285714285714285 0.01471571906354515
table-0201-507 11 3 0 333 354 154162 0.2 0.041425565491846394
table-0201-255 6 2 5 94 228 83096 0.16666666666666666 0.009190883493598258
table-0201-354 1 10 0 119 130 28647 0.3333333333333333 0.0043703628417522105
table-0201-118 7 2 1 253 378 38648 0.034482758620689655 0.014317822359110962
table-0201-990 6 3 5 539 361 33589 1.0 0.05282248923146679
table-0201-386 3 1 0 178 252 5754 0.14285714285714285 0.001392673327278232
table-0201-443 6 8 0 144 231 2977 1.0 0.07537934410181106
table-0201-730 2 6 0 273 387 26813 0.5 0.0024126530247520327
table-0201-136 11 8 47 327 645 14468 0.5 0.16013763896241398
table-0201-183 9 2 0 1097 429 1457986 0.2 0.022054718034617532
table-0201-479 31 5 0 1939 422 14735 1.0 8.238095238095237
table-0201-194 3 8 0 253 365 3751 0.14285714285714285 0.023938716884774978
table-0201-489 18 17 2 533 987 19126 0.5 1.4904160822814398
table-0201-110 7 1 0 253 378 38648 0.034482758620689655 0.005660534421043869
table-0201-473 1 2 1 28 26 1334 1.0 0.010857142857142857
table-0201-195 4 7 0 253 365 3751 0.14285714285714285 0.025215448451962975
table-0201-854 3 3 3 341 238 57821 0.125 0.0069357289120813796
table-0201-882 3 13 13 78 95 933 0.14285714285714285 0.018729096989966554
table-0201-736 2 6 0 273 387 26813 0.5 0.0023232955053167723
table-0201-393 4 1 0 178 252 5754 0.14285714285714285 0.006842264607932183
table-0201-578 1 3 0 13 40 722 1.0 0.1655982905982906
table-0201-684 6 6 0 5 84 375 1.0 0.9629629629629629
table-0201-894 3 12 12 78 95 933 0.14285714285714285 0.016722408026755852
table-0201-878 3 11 11 78 95 933 0.14285714285714285 0.01471571906354515
table-0201-222 4 4 0 73 130 6328 0.3333333333333333 0.18665638256845352
table-0201-402 4 10 4 39 108 853 0.25 0.1995630007283321
table-0201-117 8 1 0 253 378 38648 0.034482758620689655 0.010447015732955964
table-0201-237 2 5 4 104 108 1684 1.0 0.06839276990718124
table-0201-15 10 4 8 87 95 26910 0.25 0.15091066782307025
table-0201-936 1 5 2 116 89 5687 1.0 0.10907577019150708
table-0201-705 1 2 1 20 51 3178 0.5 0.019771071800208116
table-0201-319 1 2 1 67 76 1438 1.0 0.007251908396946565
table-0201-756 3 4 0 15 34 1627 0.5 0.05308056872037915
table-0201-2 1 5 0 354 326 12431 0.5 0.002658160552897395
table-0201-210 18 6 11 49 126 942 1.0 2.025714285714286
table-0201-737 2 6 0 273 387 26813 0.5 0.0025020105441872936
table-0201-400 2 6 0 178 252 5754 0.14285714285714285 0.0015743263699666968
table-0201-90 30 6 20 86 977 69277 0.1 1.9372822299651569
table-0201-883 3 11 11 78 95 933 0.14285714285714285 0.016722408026755852
table-0201-335 3 3 0 33 46 3308 1.0 0.23137254901960785
table-0201-96 11 4 1 31 21 482 0.5 1.8156312625250501
table-0201-655 3 9 1 360 161 17851 0.16666666666666666 0.09845132743362832
table-0201-580 1 3 0 335 190 153249 1.0 0.011546903330470464
table-0201-147 4 6 0 1251 471 23701 0.05263157894736842 0.08307487815684537
table-0201-767 2 3 0 51 148 74049 1.0 0.06466910972192283
table-0201-552 2 6 0 389 522 70612 0.25 0.001984689537850865
table-0201-589 1 3 0 33 53 1672 1.0 0.07943094250148192
table-0201-811 7 5 13 94 138 4051 0.07692307692307693 0.1730019493177388
table-0201-439 5 7 0 144 231 2977 1.0 0.05792135748082885
table-0201-547 4 8 4 389 522 70612 0.25 0.030762687836688403
table-0201-330 22 13 58 83 92 2935 0.3333333333333333 1.1170583115752828
table-0201-316 2 2 0 54 61 21110 0.3333333333333333 0.0944055944055944
table-0201-712 1 10 1 1073 877 216102 0.5 0.0053779963122311
table-0201-121 4 1 0 253 378 38648 0.034482758620689655 0.004453508698909515
table-0201-291 0 1 0 49 59 1394 1.0 0.0
table-0201-567 10 5 0 81 252 3283 0.14285714285714285 2.8941176470588235
table-0201-750 2 4 0 161 323 4867 0.05263157894736842 0.010907989092010907
table-0201-220 1 3 0 115 130 6767 1.0 0.009119035987624166
table-0201-66 7 3 0 18 36 2801 0.5 0.08224907063197026
table-0201-900 3 13 13 78 95 933 0.14285714285714285 0.02073578595317726
table-0201-702 19 4 12 32 38 16604 0.3333333333333333 0.254739336492891
table-0201-668 5 9 4 364 196 19639 0.14285714285714285 0.07530364372469636
table-0201-781 1 1 0 264 295 4056 1.0 0.06989247311827956
table-0201-671 11 10 7 364 196 19639 0.14285714285714285 0.43157894736842106
table-0201-740 3 4 0 161 323 4867 0.05263157894736842 0.029491970508029493
table-0201-870 26 3 0 190 116 2742 0.3333333333333333 0.9131121642969984
table-0201-61 6 4 0 47253 1834 6790795 0.1111111111111111 0.005881705033594008
table-0201-795 13 4 13 286 344 4830 1.0 0.05341933349871827
table-0201-935 1 3 0 17 20 891 1.0 0.16530278232405893
table-0201-739 2 6 0 273 387 26813 0.5 0.0025020105441872936
table-0201-778 52 6 16 195 240 34604 1.0 1.8129805113534776
table-0201-324 7 2 0 54 38 61244 0.3333333333333333 0.011942174732872407
table-0201-160 0 1 0 216 90 41165 1.0 0.0
table-0201-635 5 6 3 31 116 5751 1.0 1.53886925795053
table-0201-382 3 1 0 178 252 5754 0.14285714285714285 0.0015743263699666968
table-0201-359 2 7 0 44 127 935 0.16666666666666666 0.06722689075630252
table-0201-575 3 25 1 157 222 14039 0.5 0.44481358434846807
table-0201-957 14 7 0 898 554 9133 0.2 1.8971373119844737
table-0201-785 14 7 0 173 271 9017 0.5 0.1627379873073436
table-0201-694 3 1 1 451 211 19735 0.14285714285714285 0.0483619344773791
table-0201-742 9 2 0 161 323 4867 0.05263157894736842 0.059993940006059995
table-0201-264 2 3 0 35 56 1740 1.0 0.11928040672663277
table-0201-462 2 3 0 190 190 19757 1.0 0.03357452966714906
table-0201-93 15 6 30 86 977 69277 0.1 0.724351529229578
table-0201-234 3 5 6 104 108 1684 1.0 0.05813385442110405
table-0201-835 12 5 0 226 207 2125 0.5 0.5189873417721519
table-0201-653 1 2 1 360 161 17851 0.16666666666666666 0.012168141592920354
table-0201-177 8 3 2 535 194 357193 0.16666666666666666 0.18588981371383273
table-0201-426 2 3 0 46 234 8005 1.0 0.038466766344977574
table-0201-450 12 6 0 144 231 2977 1.0 0.1305270027736988
table-0201-788 9 7 0 286 344 4830 1.0 0.027784668816670802
table-0201-58 2 12 1 47253 1834 6790795 0.1111111111111111 0.0075669126555788085
table-0201-376 6 5 0 178 252 5754 0.14285714285714285 0.007811080835603996
table-0201-363 17 5 2 37 108 827 0.25 0.7854700854700855
table-0201-344 4 15 0 64 66 26385 0.3333333333333333 0.2702175125488009
table-0201-849 24 6 4 25 238 28510 1.0 0.24809233117130866
table-0201-669 1 1 1 364 196 19639 0.14285714285714285 0.0
table-0201-853 1 4 0 341 238 57821 0.125 0.009247638549441838
table-0201-188 2 3 0 48 26 5741 1.0 0.024372630438707348
table-0201-772 5 5 4 58 178 187722 0.3333333333333333 0.04525450469152205
table-0201-790 10 7 0 286 344 4830 1.0 0.03539237575456876
table-0201-35 4 3 0 51 73 4515 1.0 0.16467780429594273
table-0201-510 0 1 0 383 606 181 1.0 0.0
table-0201-764 2 3 0 101 162 38362 1.0 0.02397954685709248
table-0201-265 1 3 0 89 82 933 1.0 0.1970705725699068
table-0201-901 3 9 9 78 95 933 0.14285714285714285 0.014381270903010033
table-0201-609 1 3 1 49 109 19273 0.05 0.09651474530831099
table-0201-395 7 1 0 178 252 5754 0.14285714285714285 0.008719346049046322
table-0201-227 0 1 0 38 67 10147 1.0 0.0
table-0201-471 2 2 0 9 6 1166 1.0 0.7475247524752475
table-0201-825 7 2 0 1668 374 331569 0.5 0.008323012137726035
table-0201-92 137 6 553 86 977 69277 0.1 2.6442121564072782
table-0201-565 7 2 0 81 252 3283 0.14285714285714285 0.9568627450980393
table-0201-422 2 2 2 31 46 4634 1.0 0.024117140396210164
table-0201-962 12 7 2 66 194 881 0.3333333333333333 3.613003095975232
table-0201-576 20 3 0 206 196 21005 0.5 1.6299489706141124
table-0201-484 2 2 0 139 110 5866 0.3333333333333333 0.03450363196125908
table-0201-41 3 2 0 121 207 1519 1.0 0.017745076823198442
table-0201-559 2 6 0 389 522 70612 0.25 0.001842925999432946
table-0201-25 22 3 0 820 436 233104 0.08333333333333333 0.007835004032722664
table-0201-583 4 3 4 364 372 5530 1.0 0.7290448343079922
table-0201-873 13 5 0 190 116 2742 0.3333333333333333 0.28278041074249605
table-0201-17 12 4 0 0 0 0 0.0 606.0
table-0201-618 1 3 1 49 109 19273 0.05 0.1447721179624665
table-0201-501 19 4 12 16 16 1593 1.0 0.057670454545454546
table-0201-157 7 2 0 242 160 84492 0.2 0.05697566984909147
table-0201-630 1 2 1 116 198 14020 0.3333333333333333 0.0020989836500220948
table-0201-930 18 3 1 299 74 84816 0.5 0.06464672848374037
table-0201-625 9 4 0 536 624 3146 1.0 0.043822787849681834
table-0201-24 2 12 0 820 436 233104 0.08333333333333333 0.006077889157737067
table-0201-902 3 13 13 78 95 933 0.14285714285714285 0.017391304347826087
table-0201-346 4 3 4 750 359 373531 0.5 0.004111403554041733
table-0201-926 2 2 0 68 84 5660 0.3333333333333333 0.049912434325744305
table-0201-119 8 1 0 253 378 38648 0.034482758620689655 0.009697827353700159
table-0201-122 5 1 0 253 378 38648 0.034482758620689655 0.005410804961291934
table-0201-829 1 3 0 70 143 31035 0.25 0.010743567995476393
table-0201-587 7 18 0 499 561 55604 0.5 0.017166109733750136
table-0201-569 16 8 52 81 252 3283 0.14285714285714285 5.8
table-0201-720 1 1 0 247 243 5100 1.0 0.011908396946564885
table-0201-454 5 7 0 144 231 2977 1.0 0.0575950399738946
table-0201-446 5 8 0 144 231 2977 1.0 0.06624245390765214
table-0201-497 1 3 0 19 19 22694 0.5 0.10817610062893082
table-0201-765 1 3 0 64 49 164840 1.0 0.019157088122605363
table-0201-758 5 5 0 30 171 988 1.0 1.195583596214511
table-0201-165 4 1 0 990 717 67637 0.06666666666666667 0.008589692369157012
table-0201-522 12 6 6 32 58 1473 1.0 1.5297741273100616
table-0201-206 8 3 0 16 111 11218 1.0 0.11998008629273149
table-0201-340 13 3 0 1317 546 635317 0.25 0.00351531066028546
table-0201-638 12 5 26 505 588 15475 1.0 0.2461392254692326
table-0201-455 5 7 0 144 231 2977 1.0 0.056779246206558984
table-0201-365 0 1 0 37 108 827 0.25 0.0
table-0201-563 2 2 0 107 82 2362 0.3333333333333333 0.059748427672955975
table-0201-102 3 4 0 98 109 1350 1.0 0.6388059701492538
table-0201-187 0 1 0 68 71 6799 1.0 0.0
table-0201-392 3 1 0 178 252 5754 0.14285714285714285 0.002119285498032092
table-0201-839 1 2 0 35 63 1717 1.0 0.0069570477918935265
table-0201-965 11 5 2 357 231 345522 0.14285714285714285 0.1295089782297791
table-0201-334 1 6 1 90 81 4428 0.5 0.062122519413287315
table-0201-228 2 5 4 104 108 1684 1.0 0.09379579872984856
table-0201-357 17 5 2 44 127 935 0.16666666666666666 0.761344537815126
table-0201-304 20 7 0 133 225 1615 0.14285714285714285 1.1417565485362096
table-0201-637 269 6 1 781 1035 32728 0.2 0.3238808993315779
table-0201-230 2 5 4 104 108 1684 1.0 0.08500244259892525
table-0201-656 1 1 1 360 161 17851 0.16666666666666666 0.0
table-0201-680 11 6 0 5 84 375 1.0 1.6506172839506172
table-0201-129 2 4 0 93 112 1105 0.3333333333333333 0.5742574257425742
table-0201-517 1 4 0 65 82 20268 0.14285714285714285 0.09151047409040794
table-0201-39 11 3 0 121 207 1519 1.0 0.09305345163384549
table-0201-503 6 3 0 14 31 760 1.0 1.1035294117647059
table-0201-52 3 2 2 37 97 8958 1.0 0.016267942583732056
table-0201-600 16 5 0 100 220 110121 0.07692307692307693 0.38556812062466345
table-0201-59 1 6 0 47253 1834 6790795 0.1111111111111111 0.0015089767595550172
table-0201-179 7 2 0 50 79 8123 0.3333333333333333 0.1272590361445783
table-0201-574 12 3 12 359 409 9405 1.0 0.9273693534100974
table-0201-692 6 4 1 5 84 375 1.0 0.3395061728395062
table-0201-681 6 5 0 5 84 375 1.0 0.5
table-0201-223 19 5 0 73 130 6328 0.3333333333333333 0.7990744311608176
table-0201-345 4 15 0 64 66 26385 0.3333333333333333 0.3232013385387619
table-0201-276 57 3 0 30 603 6830 1.0 2.87117903930131
table-0201-558 2 6 0 389 522 70612 0.25 0.001984689537850865
table-0201-225 5 3 0 8 30 1616 1.0 0.37300531914893614
table-0201-723 2 6 0 273 387 26813 0.5 0.0024126530247520327
table-0201-675 6 6 0 5 84 375 1.0 0.937037037037037
table-0201-539 2 6 0 389 522 70612 0.25 0.002055571307059824
table-0201-601 8 3 0 100 220 110121 0.07692307692307693 0.19601507808292945
table-0201-20 1 2 1 122 144 5023 1.0 0.004529201430274136
table-0201-820 14 5 28 94 138 4051 0.07692307692307693 0.32943469785575047
table-0201-293 1 3 0 103 119 2456 1.0 0.013397002254940974
table-0201-163 2 7 0 990 717 67637 0.06666666666666667 0.04174990011985617
table-0201-140 2 5 0 103 105 10530 0.2 0.013736263736263736
table-0201-127 8 1 0 253 378 38648 0.034482758620689655 0.010738366769333223
table-0201-754 10 2 0 161 323 4867 0.05263157894736842 0.0601959398040602
table-0201-555 2 6 0 389 522 70612 0.25 0.0021264530762687838
table-0201-284 5 6 5 139 227 2075 0.1111111111111111 0.03208556149732621
table-0201-18 1 3 0 86 72 19938 1.0 0.03428571428571429
table-0201-903 3 8 8 78 95 933 0.14285714285714285 0.0137123745819398
table-0201-735 2 6 0 273 387 26813 0.5 0.0024126530247520327
table-0201-50 6 9 5 230 472 132 1.0 0.036817882971729124
table-0201-801 0 1 0 286 344 4830 1.0 0.0
table-0201-502 3 4 0 16 16 1593 1.0 0.012926136363636364
table-0201-780 134 6 93 78 238 2227 0.5 11.02729044834308
table-0201-797 4 10 4 286 344 4830 1.0 0.030596212685024396
table-0201-862 1 16 0 124 73 112348 0.3333333333333333 0.0007957926787073559
table-0201-233 1 5 2 104 108 1684 1.0 0.034684904738641914
table-0201-999 13 6 0 48 403 5686 1.0 0.04419145995489925
table-0201-651 12 10 0 4 11 486 0.5 1.8467432950191571
table-0201-449 12 6 0 144 231 2977 1.0 0.12807962147169197
table-0201-28 3 2 0 820 436 233104 0.08333333333333333 0.004061527825786381
table-0201-955 13 9 67 898 554 9133 0.2 0.45608927704997576
table-0201-605 7 5 17 49 109 19273 0.05 1.195710455764075
table-0201-845 4 6 4 58 121 1775 0.3333333333333333 0.09428197293758184
table-0201-221 1 3 0 79 85 1268 1.0 0.06724045185583648
table-0201-164 6 1 0 990 717 67637 0.06666666666666667 0.02696763883339992
table-0201-155 5 4 0 189 198 477581 0.5 0.017137785060767446
table-0201-608 3 5 5 49 109 19273 0.05 0.8150134048257373
table-0201-556 2 6 0 389 522 70612 0.25 0.0021264530762687838
table-0201-369 14 8 10 178 252 5754 0.14285714285714285 0.11171662125340599
table-0201-610 2 4 4 49 109 19273 0.05 0.19839142091152814
table-0201-819 16 5 32 94 138 4051 0.07692307692307693 0.35428849902534115
table-0201-460 1 2 0 27 191 3046 1.0 0.012965425531914893
table-0201-350 2 3 0 83 40 22544 0.25 0.033846153846153845
table-0201-153 10 2 6 189 198 477581 0.5 0.02348764167690837
table-0201-305 2 9 0 133 225 1615 0.14285714285714285 0.1016949152542373
table-0201-294 2 2 0 11 28 1702 1.0 0.04942630185348632
table-0201-907 3 11 11 78 95 933 0.14285714285714285 0.015050167224080268
table-0201-356 4 10 4 44 127 935 0.16666666666666666 0.23025210084033612
table-0201-261 1 3 0 146 184 24579 1.0 0.028470413100111648
table-0201-245 0 0 0 268 317 39220 1.0 0.0
table-0201-327 6 4 0 79 99 484 1.0 0.9889705882352942
table-0201-806 31 14 21 286 344 4830 1.0 0.4474489374018027
table-0201-451 5 7 0 144 231 2977 1.0 0.05743188122042748
table-0201-704 1 2 1 13 21 3370 1.0 0.031096563011456628
table-0201-208 3 3 3 178 192 28654 0.3333333333333333 0.25524475524475526
table-0201-95 2 2 0 48 103 3449 0.5 0.031042128603104215
table-0201-786 44 9 0 173 271 9017 0.5 0.8345421577515866
table-0201-861 5 7 9 61 68 1906 0.5 0.19623755071929178
table-0201-182 0 1 0 24 57 2681 1.0 0.0
table-0201-836 1 1 0 226 207 2125 0.5 0.03264490339773484
table-0201-33 1 3 0 449 443 30794 1.0 0.00254955555045134
table-0201-244 7 1 0 268 317 39220 1.0 0.010100254376776897
table-0201-721 1 1 0 11 13 1176 1.0 0.10101010101010101
table-0201-252 0 0 0 268 317 39220 1.0 0.0
table-0201-452 12 6 0 144 231 2977 1.0 0.13281122532223855
table-0201-832 13 10 12 226 207 2125 0.5 0.4157228514323784
table-0201-942 5 13 35 93 191 1985 0.2 0.3788706739526412
table-0201-967 12 7 2 63 203 784 0.3333333333333333 4.319852941176471
table-0201-391 2 6 0 178 252 5754 0.14285714285714285 0.0016954283984256737
table-0201-472 1 3 0 9 6 1166 1.0 0.24257425742574257
table-0201-495 1 2 0 2134 422 181478 0.2 0.0003316749585406302
table-0201-116 8 2 3 253 378 38648 0.034482758620689655 0.008823774244568384
table-0201-174 20 2 0 535 194 357193 0.16666666666666666 0.21938168846611178
table-0201-971 15 7 0 75 216 1929 0.3333333333333333 5.35016835016835
table-0201-611 3 5 7 49 109 19273 0.05 0.5388739946380697
table-0201-263 1 2 0 24 40 1864 1.0 0.03583617747440273
table-0201-850 7 5 7 341 238 57821 0.125 0.017108131316467403
table-0201-917 3 12 12 78 95 933 0.14285714285714285 0.015384615384615385
table-0201-533 9 8 0 159 253 201509 0.25 0.2502164502164502
table-0201-614 41 5 102 49 109 19273 0.05 7.10455764075067
table-0201-787 8 4 0 286 344 4830 1.0 0.10311750599520383
table-0201-514 6 5 0 65 82 20268 0.14285714285714285 0.4145534729878721
table-0201-915 3 12 12 78 95 933 0.14285714285714285 0.015719063545150503
table-0201-310 1 3 0 26 30 1596 0.5 0.18412698412698414
table-0201-152 21 2 0 264 294 10166 0.5 0.27071369975389664
table-0201-238 2 5 4 104 108 1684 1.0 0.07620908646800195
table-0201-842 1 1 0 153 135 2793 0.5 0.020502306509482315
table-0201-448 6 7 0 144 231 2977 1.0 0.0708108990047316
table-0201-428 1 3 0 557 532 42623 1.0 0.014133016627078384
table-0201-660 3 8 2 349 181 17930 0.125 0.0615234375
table-0201-144 2 7 0 1251 471 23701 0.05263157894736842 0.06889676561807709
table-0201-661 3 9 3 349 181 17930 0.125 0.0283203125
table-0201-456 5 7 0 144 231 2977 1.0 0.05922662750856583
table-0201-728 2 4 0 273 387 26813 0.5 0.00187650790814047
table-0201-320 4 7 0 14 26 3421 1.0 1.408450704225352
