table_id rows cols nulls inlinks outlinks views table_imp table_fraction
table-0106-63 13 9 26 159 186 6290 0.16666666666666666 0.899176276771005
table-0106-17 1 3 1 236 293 7177 0.125 0.014952424105120073
table-0106-803 1 7 0 174 242 3170 0.14285714285714285 0.022270505160239002
table-0106-673 8 3 0 1458 954 204019 1.0 0.02341945342762714
table-0106-513 6 7 2 59 103 15076 0.3333333333333333 0.5688010899182562
table-0106-739 137 6 15 17 166 15636 0.5 15.08185053380783
table-0106-289 10 5 0 167 230 3376 0.14285714285714285 0.25979744605900484
table-0106-971 8 3 0 69 63 1461 1.0 0.5337457817772778
table-0106-521 15 3 14 279 184 3668 0.3333333333333333 0.3310179000801496
table-0106-382 0 1 0 422 262 4753 0.14285714285714285 0.0
table-0106-163 6 5 0 169 253 3054 0.14285714285714285 0.14531709365812684
table-0106-136 1 2 1 259 253 6345 0.5 0.032148900169204735
table-0106-631 2 3 0 436 540 8498 0.1111111111111111 0.05554140127388535
table-0106-807 3 8 0 178 231 2846 0.14285714285714285 0.059149722735674676
table-0106-323 6 2 11 180 227 24742 0.125 0.0055217329746566615
table-0106-423 4 5 0 18 42 977 0.3333333333333333 0.14829931972789115
table-0106-914 5 4 0 145 446 1320 0.043478260869565216 0.13134009610250935
table-0106-355 3 1 0 143 135 1659 0.3333333333333333 0.21351351351351353
table-0106-590 17 3 16 370 190 4229 0.3333333333333333 0.5323834196891192
table-0106-369 0 1 0 177 263 4089 0.14285714285714285 0.0
table-0106-339 5 2 4 61 92 34682 0.3333333333333333 0.06993795826283136
table-0106-224 6 8 0 172 237 2640 0.14285714285714285 0.13845401174168298
table-0106-712 3 2 0 334 210 3606 0.08333333333333333 0.02696078431372549
table-0106-184 0 1 0 110 128 1154 1.0 0.0
table-0106-227 2 7 0 172 237 2640 0.14285714285714285 0.04207436399217221
table-0106-756 3 7 0 174 253 4015 0.09090909090909091 0.05500644606789858
table-0106-54 0 0 0 2140 481 470140 0.5 0.0
table-0106-398 1 3 0 114 240 21361 1.0 0.011304613504430187
table-0106-518 12 4 0 137 141 68316 0.25 0.0704552336731604
table-0106-210 1 11 0 2435 482 354636 0.3333333333333333 0.012463697967086157
table-0106-576 10 2 0 128 149 2607 0.5 0.46871310507674147
table-0106-752 9 8 0 174 253 4015 0.09090909090909091 0.18521701761925224
table-0106-963 260 4 260 171 416 1216 1.0 97.25888324873097
table-0106-637 2 3 2 250 146 3373 0.3333333333333333 0.053437833986462416
table-0106-710 4 2 0 5 103 65878 1.0 0.056422995031937546
table-0106-517 3 4 0 137 141 68316 0.25 0.02402341778540426
table-0106-160 1 6 0 174 247 3188 0.14285714285714285 0.017241379310344827
table-0106-655 10 3 9 351 158 3588 0.5 0.19039615846338537
table-0106-48 1 11 0 2140 481 470140 0.5 0.01002790939183488
table-0106-587 45 3 45 442 276 4648 0.25 0.5112834978843441
table-0106-482 1 6 0 709 474 67130 0.3333333333333333 0.020871143375680582
table-0106-401 2 3 1 12 54 13540 0.1111111111111111 0.832395498392283
table-0106-729 12 3 0 112 103 8765 1.0 0.43465304384844616
table-0106-755 0 1 0 174 253 4015 0.09090909090909091 0.0
table-0106-30 2 2 0 44 51 10504 0.3333333333333333 0.04342105263157895
table-0106-8 9 8 0 177 236 2329 0.14285714285714285 0.2326086956521739
table-0106-640 4 3 4 430 253 4834 0.2 0.05673274094326726
table-0106-413 0 1 0 17 95 10936 1.0 0.0
table-0106-547 15 3 15 323 184 3287 0.3333333333333333 0.3052552175006286
table-0106-779 9 8 0 174 235 2736 0.16666666666666666 0.3355457227138643
table-0106-329 0 1 0 2337 361 217879 1.0 0.0
table-0106-205 1 7 0 172 234 2725 0.14285714285714285 0.024163568773234202
table-0106-616 8 3 7 288 288 1519 0.5 0.25191717791411045
table-0106-353 11 7 0 221 309 9627 1.0 0.08031075958253381
table-0106-872 6 5 0 172 236 4463 0.125 0.10713163682060949
table-0106-95 0 1 0 233 312 5978 0.08333333333333333 0.0
table-0106-285 3 7 0 163 228 3120 0.14285714285714285 0.07328891580860085
table-0106-56 1 7 0 2140 481 470140 0.5 0.001038488998507172
table-0106-856 4 7 0 176 254 4255 0.125 0.04938271604938271
table-0106-170 6 5 0 172 249 2736 0.14285714285714285 0.14863713798977854
table-0106-984 7 4 0 34 31 1273 1.0 0.9209844559585493
table-0106-60 11 5 22 166 160 5162 0.25 1.7407878017789074
table-0106-96 0 1 0 233 312 5978 0.08333333333333333 0.0
table-0106-345 6 9 0 54 149 1771 1.0 0.42033898305084744
table-0106-132 3 7 0 172 242 2570 0.14285714285714285 0.05553200508690123
table-0106-665 7 3 7 324 195 8352 0.3333333333333333 0.09990884229717412
table-0106-315 3 7 0 174 248 5967 0.125 0.022847432024169185
table-0106-885 3 5 0 6204 866 664368 0.16666666666666666 0.003117962930885155
table-0106-90 5 4 0 174 241 2406 0.14285714285714285 0.49337490257209665
table-0106-763 6 4 0 179 244 3874 0.14285714285714285 0.3939393939393939
table-0106-575 4 2 0 128 149 2607 0.5 0.0885478158205431
table-0106-522 2 3 2 279 184 3668 0.3333333333333333 0.04675394068928667
table-0106-591 48 3 47 393 250 3579 0.3333333333333333 1.3724738675958188
table-0106-198 3 7 0 176 241 2945 0.14285714285714285 0.04780876494023904
table-0106-758 9 8 0 179 244 3874 0.14285714285714285 0.19487179487179487
table-0106-649 6 3 6 325 242 3585 0.2 0.060091047040971166
table-0106-556 23 6 11 256 172 3431 0.3333333333333333 0.7530048076923077
table-0106-128 10 4 0 281 284 7053 0.3333333333333333 1.7304075235109717
table-0106-280 5 7 0 167 229 2636 0.14285714285714285 0.1184645929847783
table-0106-402 39 3 26 12 54 13540 0.1111111111111111 1.677250803858521
table-0106-835 7 5 0 179 255 3455 0.14285714285714285 0.13580667120490128
table-0106-149 7 5 0 175 241 2762 0.14285714285714285 0.18645640074211503
table-0106-62 11 4 11 159 186 6290 0.16666666666666666 0.45667215815485995
table-0106-871 5 4 0 173 237 3197 0.14285714285714285 0.36124275934702477
table-0106-535 1 1 0 386 121 22358 1.0 0.009419454056132258
table-0106-267 6 8 0 170 236 3048 0.14285714285714285 0.08240794856808883
table-0106-385 6 4 0 422 262 4753 0.14285714285714285 0.17413048420095475
table-0106-295 4 4 0 167 230 3376 0.14285714285714285 0.2413033905768384
table-0106-498 23 9 21 35 41 6404 0.5 0.7411504424778761
table-0106-102 1 2 1 11 240 3256 1.0 0.051630434782608696
table-0106-103 7 4 0 174 248 2357 0.14285714285714285 0.20114345114345114
table-0106-461 1 9 0 180 263 4235 0.125 0.009567089213106911
table-0106-304 9 9 18 205 388 4573 0.25 1.8225966303270564
table-0106-723 1 1 1 151 231 3187 0.05555555555555555 0.0
table-0106-134 1 7 0 172 242 2570 0.14285714285714285 0.02161933022467147
table-0106-903 1 2 1 35 67 4570 0.3333333333333333 0.011404561824729893
table-0106-983 1 4 1 170 531 1191 1.0 0.3850267379679144
table-0106-629 26 3 0 109 11 3604 0.5 0.21283689913864962
table-0106-29 9 4 2 320 252 104994 0.1111111111111111 0.2219884271436086
table-0106-783 0 1 0 174 235 2736 0.16666666666666666 0.0
table-0106-990 190 4 191 165 348 898 1.0 72.2994923857868
table-0106-969 4 4 3 416 276 157274 0.3333333333333333 0.00509969485432429
table-0106-303 11 4 11 205 388 4573 0.25 1.3825569871159564
table-0106-986 1 1 0 273 444 14378 1.0 0.008346107988417647
table-0106-813 7 5 0 180 247 3359 0.14285714285714285 0.1713810316139767
table-0106-891 16 3 16 36 180 2995 0.07692307692307693 0.541083916083916
table-0106-582 3 5 6 506 273 4296 0.2 0.06843521722414456
table-0106-117 1 1 0 177 205 1026 1.0 0.030508474576271188
table-0106-497 2 3 2 314 269 4013 0.3333333333333333 0.016155419222903887
table-0106-2 41 3 0 287 329 46582 1.0 0.5531295487627366
table-0106-342 1 3 0 34 41 22355 1.0 0.05578300921187308
table-0106-274 9 4 16 252 105 3051 0.5 0.02494802494802495
table-0106-66 7 5 0 177 246 3142 0.14285714285714285 0.2239782016348774
table-0106-888 2 2 1 29 50 11216 1.0 0.026126126126126126
table-0106-49 0 1 0 2140 481 470140 0.5 0.0
table-0106-278 3 7 0 167 229 2636 0.14285714285714285 0.08802117802779616
table-0106-415 9 11 0 233 315 5059 0.1 0.11702127659574468
table-0106-600 3 3 3 265 177 3275 0.3333333333333333 0.08252264340825226
table-0106-540 1 16 0 70 99 9464 0.14285714285714285 0.1993323795898903
table-0106-982 111 4 111 170 531 1191 1.0 42.342245989304814
table-0106-906 2 3 0 35 67 4570 0.3333333333333333 0.13385354141656663
table-0106-260 15 4 15 66 109 26368 0.3333333333333333 0.20463736856295497
table-0106-607 10 3 10 294 323 1778 0.3333333333333333 0.21853052404105888
table-0106-843 2 8 0 182 253 2774 0.14285714285714285 0.030292102416155788
table-0106-815 1 7 0 180 247 3359 0.14285714285714285 0.015391014975041598
table-0106-814 1 8 0 180 247 3359 0.14285714285714285 0.01913477537437604
table-0106-234 4 7 0 177 254 2970 0.14285714285714285 0.07081942899517983
table-0106-959 7 4 7 164 304 860 1.0 2.5141509433962264
table-0106-290 5 8 0 167 230 3376 0.14285714285714285 0.10391897842360194
table-0106-890 12 4 23 36 180 2995 0.07692307692307693 0.40034965034965037
table-0106-691 10 1 0 335 207 4564 0.07692307692307693 0.0019120458891013384
table-0106-238 10 5 0 161 242 2400 0.14285714285714285 0.295048494129658
table-0106-677 5 7 5 365 462 23616 1.0 0.028718941594062602
table-0106-437 1 7 0 234 318 6993 0.058823529411764705 0.015583428354237932
table-0106-593 1 2 0 27 39 1232 1.0 0.03480589022757698
table-0106-519 2 2 0 137 141 68316 0.25 0.010497627939840517
table-0106-735 10 2 0 90 84 23094 0.3333333333333333 0.22163907953169157
table-0106-176 5 4 0 172 249 2736 0.14285714285714285 0.2695911413969336
table-0106-818 1 5 0 180 247 3359 0.14285714285714285 0.014143094841930116
table-0106-264 20 4 13 94 134 6753 1.0 1.0719364282726893
table-0106-955 17 3 0 512 670 5265 0.25 0.513302034428795
table-0106-769 6 7 0 176 255 3704 0.14285714285714285 0.07510659232535258
table-0106-414 4 5 0 233 315 5059 0.1 0.07549759780370624
table-0106-218 1 7 0 2435 482 354636 0.3333333333333333 0.0012907389480477573
table-0106-34 7 9 14 150 111 1490 1.0 2.6024734982332154
table-0106-243 6 7 0 161 242 2400 0.14285714285714285 0.13527309851965288
table-0106-209 11 2 0 2435 482 354636 0.3333333333333333 0.0034285253307518556
table-0106-446 4 5 0 184 262 3983 0.14285714285714285 0.11957671957671957
table-0106-421 0 1 0 233 315 5059 0.1 0.0
table-0106-901 12 3 12 36 180 2995 0.07692307692307693 0.35926573426573427
table-0106-394 14 4 13 65 53 56841 0.3333333333333333 0.18943914081145585
table-0106-615 4 3 4 272 338 1695 0.3333333333333333 0.09816713264989127
table-0106-802 0 1 0 174 242 3170 0.14285714285714285 0.0
table-0106-485 8 3 8 275 318 1791 0.3333333333333333 0.2658396101019052
table-0106-197 4 7 0 176 241 2945 0.14285714285714285 0.06772908366533864
table-0106-989 34 4 34 171 490 1350 1.0 12.637254901960784
table-0106-312 5 8 0 174 248 5967 0.125 0.04418429003021148
table-0106-536 18 10 0 70 99 9464 0.14285714285714285 0.7963757749165474
table-0106-416 1 7 0 233 315 5059 0.1 0.013040494166094716
table-0106-912 4 4 0 145 446 1320 0.043478260869565216 0.14575547250400428
table-0106-450 0 1 0 184 262 3983 0.14285714285714285 0.0
table-0106-584 4 3 4 506 273 4296 0.2 0.06266820453671665
table-0106-833 3 7 0 175 253 3183 0.14285714285714285 0.044585987261146494
table-0106-390 0 1 0 177 246 3891 0.14285714285714285 0.0
table-0106-474 1 6 0 40 92 4408 0.3333333333333333 0.05247376311844078
table-0106-275 10 5 0 167 229 2636 0.14285714285714285 0.3878226340172071
table-0106-150 1 8 0 175 241 2762 0.14285714285714285 0.021799628942486084
table-0106-410 0 1 0 232 297 5098 0.14285714285714285 0.0
table-0106-384 0 1 0 422 262 4753 0.14285714285714285 0.0
table-0106-678 12 12 0 365 462 23616 1.0 0.04264816607507798
table-0106-805 6 4 0 174 242 3170 0.14285714285714285 0.4035850081477458
table-0106-13 5 4 0 177 236 2329 0.14285714285714285 0.3581521739130435
table-0106-181 1 7 0 171 260 2781 0.14285714285714285 0.014925373134328358
table-0106-480 18 11 0 514 417 182756 0.25 0.11881665684120264
table-0106-870 3 7 0 173 237 3197 0.14285714285714285 0.07214323328067404
table-0106-771 7 5 0 174 247 3343 0.16666666666666666 0.23995271867612294
table-0106-927 4 4 0 145 446 1320 0.043478260869565216 0.12706887346502937
table-0106-162 5 4 0 174 247 3188 0.14285714285714285 0.27629310344827585
table-0106-487 14 2 0 40 53 17806 0.5 0.4621212121212121
table-0106-674 4 3 0 51 60 8525 1.0 0.058676028084252756
table-0106-892 17 3 17 36 180 2995 0.07692307692307693 0.541083916083916
table-0106-262 84 6 203 124 212 28463 1.0 1.2351106490420318
table-0106-152 1 7 0 175 241 2762 0.14285714285714285 0.016233766233766232
table-0106-147 1 2 1 8 19 2017 1.0 0.020169851380042462
table-0106-477 13 7 8 59 77 664 1.0 5.011583011583012
table-0106-530 1 5 0 121 197 3041 0.5 0.03584804708400214
table-0106-609 2 2 0 106 141 2560 0.3333333333333333 0.06594488188976377
table-0106-628 3 3 3 258 204 4327 0.3333333333333333 0.053780832996360696
table-0106-718 1 3 0 428 343 176990 1.0 0.004588503046766023
table-0106-857 4 4 0 176 254 4255 0.125 0.14650205761316873
table-0106-501 3 3 3 273 298 1293 0.3333333333333333 0.08733280881195908
table-0106-727 0 1 0 44 854 54825 0.5 0.0
table-0106-333 6 1 6 2337 361 217879 1.0 0.0
table-0106-476 9 4 17 434 163 4179 0.2 0.23025210084033612
table-0106-471 9 6 12 60 84 5844 1.0 0.674505794137696
table-0106-880 1 1 0 142 131 9703 1.0 0.0018527095877721167
table-0106-713 2 4 1 428 343 176990 1.0 0.007745393142941047
table-0106-789 1 7 0 175 240 4095 0.14285714285714285 0.021134020618556702
table-0106-107 1 7 0 174 248 2357 0.14285714285714285 0.02079002079002079
table-0106-954 5 3 0 512 670 5265 0.25 0.1476264997391758
table-0106-348 1 4 0 41 64 1819 0.3333333333333333 0.05919540229885058
table-0106-737 9 2 0 56 102 1059 1.0 0.025726644911588374
table-0106-425 1 8 0 176 255 3652 0.14285714285714285 0.014685314685314685
table-0106-213 7 1 7 2435 482 354636 0.3333333333333333 0.0
table-0106-283 6 8 0 163 228 3120 0.14285714285714285 0.16535433070866143
table-0106-452 6 4 0 184 262 3983 0.14285714285714285 0.43174603174603177
table-0106-16 1 8 0 236 293 7177 0.125 0.022655188038060717
table-0106-174 3 7 0 172 249 2736 0.14285714285714285 0.046848381601362864
table-0106-219 7 6 0 2435 482 354636 0.3333333333333333 0.030171022910616328
table-0106-548 4 3 4 323 184 3287 0.3333333333333333 0.07593663565501635
table-0106-546 1 25 0 70 99 9464 0.14285714285714285 0.4039103481163567
table-0106-825 1 7 0 174 240 2881 0.14285714285714285 0.025024533856722278
table-0106-960 74 4 74 164 304 860 1.0 26.32075471698113
table-0106-816 1 7 0 180 247 3359 0.14285714285714285 0.021630615640599003
table-0106-108 0 1 0 174 248 2357 0.14285714285714285 0.0
table-0106-876 1 7 0 172 236 4463 0.125 0.012252591894439209
table-0106-574 1 3 0 44 42 1151 1.0 0.04112366058499855
table-0106-510 8 8 0 67 250 1775 0.125 0.08282208588957055
table-0106-978 31 4 31 170 440 1731 1.0 10.736585365853658
table-0106-478 11 8 0 514 417 182756 0.25 0.029529985529771156
table-0106-71 1 5 0 177 246 3142 0.14285714285714285 0.02779291553133515
table-0106-788 5 7 0 175 240 4095 0.14285714285714285 0.11237113402061856
table-0106-798 6 4 0 179 262 3216 0.16666666666666666 0.26666666666666666
table-0106-567 16 3 16 337 205 3347 0.3333333333333333 0.30393096836049854
table-0106-685 3 2 2 20 35 3925 1.0 0.09003496503496504
table-0106-895 20 3 20 36 180 2995 0.07692307692307693 0.5541958041958042
table-0106-92 7 5 0 233 312 5978 0.08333333333333333 0.13970837572058326
table-0106-793 5 8 0 179 262 3216 0.16666666666666666 0.08297872340425531
table-0106-116 4 9 3 177 205 1026 1.0 0.07389830508474576
table-0106-360 3 6 0 6 13 1163 0.3333333333333333 0.24356435643564356
table-0106-703 11 4 0 423 308 10875 0.06666666666666667 0.03850538971807629
table-0106-529 2 5 0 121 197 3041 0.5 0.07704654895666131
table-0106-817 0 1 0 180 247 3359 0.14285714285714285 0.0
table-0106-362 1 3 0 40 59 0 0.5 0.045871559633027525
table-0106-931 4 7 0 176 234 4204 0.14285714285714285 0.0602322206095791
table-0106-746 6 4 0 180 259 3668 0.14285714285714285 0.3346774193548387
table-0106-115 4 9 3 177 205 1026 1.0 0.05559322033898305
table-0106-296 19 2 1 244 108 4215 0.5 0.053911121635488196
table-0106-133 2 7 0 172 242 2570 0.14285714285714285 0.027130139889783807
table-0106-271 7 7 0 170 236 3048 0.14285714285714285 0.07510227936879019
table-0106-249 4 7 0 179 253 3071 0.14285714285714285 0.03448908457163823
table-0106-896 22 3 22 36 180 2995 0.07692307692307693 0.7159090909090909
table-0106-560 1 2 0 110 128 12179 0.25 0.012758620689655173
table-0106-89 1 6 0 174 241 2406 0.14285714285714285 0.03351519875292284
table-0106-583 44 3 44 506 273 4296 0.2 0.7164552095347944
table-0106-648 5 3 5 313 164 3543 0.3333333333333333 0.10704647676161919
table-0106-161 3 7 0 174 247 3188 0.14285714285714285 0.045689655172413794
table-0106-751 7 7 0 174 253 4015 0.09090909090909091 0.2019767941555651
table-0106-842 7 5 0 182 253 2774 0.14285714285714285 0.14496934727731697
table-0106-422 13 7 0 18 42 977 0.3333333333333333 1.027891156462585
table-0106-512 23 3 21 320 225 4284 0.5 0.41139240506329117
table-0106-921 5 4 0 145 446 1320 0.043478260869565216 0.17458622530699414
table-0106-380 2 7 0 422 262 4753 0.14285714285714285 0.01750397817685838
table-0106-211 0 1 0 2435 482 354636 0.3333333333333333 0.0
table-0106-913 4 4 0 145 446 1320 0.043478260869565216 0.16871329418045916
table-0106-996 188 4 189 170 529 1165 1.0 70.078125
table-0106-692 5 3 0 335 207 4564 0.07692307692307693 0.051972883712845475
table-0106-178 8 8 0 171 260 2781 0.14285714285714285 0.1414179104477612
table-0106-217 0 0 0 2435 482 354636 0.3333333333333333 0.0
table-0106-188 4 7 0 173 244 2790 0.14285714285714285 0.06553297386976359
table-0106-202 6 8 0 172 234 2725 0.14285714285714285 0.1895910780669145
table-0106-627 24 3 24 258 204 4327 0.3333333333333333 0.38071168621107965
table-0106-203 3 7 0 172 234 2725 0.14285714285714285 0.07372986369268897
table-0106-183 5 4 0 171 260 2781 0.14285714285714285 0.233955223880597
table-0106-759 3 7 0 179 244 3874 0.14285714285714285 0.06993006993006994
table-0106-991 1 3 0 64 29 1984 1.0 0.0967741935483871
table-0106-777 6 4 0 174 247 3343 0.16666666666666666 0.47576832151300236
table-0106-97 1 7 0 233 312 5978 0.08333333333333333 0.012885723974228552
table-0106-336 1 7 0 2337 361 217879 1.0 0.0015930701448698163
table-0106-740 7 5 0 180 259 3668 0.14285714285714285 0.16129032258064516
table-0106-792 7 5 0 179 262 3216 0.16666666666666666 0.14574468085106382
table-0106-940 5 7 0 179 257 5377 0.1111111111111111 0.05901639344262295
table-0106-630 7 18 9 436 540 8498 0.1111111111111111 0.3803821656050955
table-0106-18 0 1 0 236 293 7177 0.125 0.0
table-0106-760 1 7 0 179 244 3874 0.14285714285714285 0.017715617715617717
table-0106-257 6 7 0 168 237 2629 0.14285714285714285 0.12554347826086956
table-0106-670 9 5 0 549 110 118399 1.0 0.7229681978798587
table-0106-977 46 4 46 170 440 1731 1.0 16.302439024390242
table-0106-704 1 1 0 622 267 53078 0.5 0.00042426813746287653
table-0106-356 20 10 0 143 135 1659 0.3333333333333333 2.6972972972972973
table-0106-566 11 5 17 21 35 698 1.0 0.7106246663107314
table-0106-633 6 3 6 397 241 8229 0.3333333333333333 0.06818181818181818
table-0106-850 3 3 0 233 285 1322 1.0 0.060565944067516135
table-0106-507 39 3 39 451 285 4979 0.3333333333333333 0.5384488991127178
table-0106-490 4 3 4 368 228 4795 0.25 0.09562514941429597
table-0106-470 4 5 0 154 110 161251 0.3333333333333333 0.035793439716312055
table-0106-372 9 8 0 182 275 5183 0.14285714285714285 0.14942528735632185
table-0106-728 2 3 0 25 84 1679 1.0 0.09448250991705734
table-0106-682 3 7 6 157 135 10424 0.5 0.13970790851474235
table-0106-52 8 1 8 2140 481 470140 0.5 0.0
table-0106-453 1 8 0 181 249 4691 0.14285714285714285 0.020437956204379562
table-0106-829 1 8 0 175 253 3183 0.14285714285714285 0.014154281670205236
table-0106-308 1 2 1 13 30 3246 0.3333333333333333 0.03209459459459459
table-0106-23 1 3 0 236 293 7177 0.125 0.06615314907113728
table-0106-647 6 3 6 313 164 3543 0.3333333333333333 0.14992503748125938
table-0106-947 3 2 2 86 82 66611 0.3333333333333333 0.04107648725212465
table-0106-531 1 5 0 121 197 3041 0.5 0.033707865168539325
table-0106-179 5 7 0 171 260 2781 0.14285714285714285 0.07947761194029851
table-0106-142 1 6 0 234 294 5940 0.058823529411764705 0.015646571560055222
table-0106-100 1 3 0 149 127 3609 0.3333333333333333 0.03201970443349754
table-0106-269 3 7 0 170 236 3048 0.14285714285714285 0.04324956165984804
table-0106-235 2 7 0 177 254 2970 0.14285714285714285 0.026696329254727477
table-0106-744 2 7 0 180 259 3668 0.14285714285714285 0.04717741935483871
table-0106-681 8 7 14 157 135 10424 0.5 0.3036649214659686
table-0106-496 23 3 21 314 269 4013 0.3333333333333333 0.21503067484662577
table-0106-299 4 4 0 90 101 9668 0.5 0.05152671755725191
table-0106-526 23 6 9 185 201 11214 0.3333333333333333 0.283922973578146
table-0106-300 1 2 1 11 31 2271 0.5 0.015859766277128547
table-0106-693 7 5 2 25 48 871 1.0 0.7502008032128514
table-0106-228 5 7 0 172 237 2640 0.14285714285714285 0.10714285714285714
table-0106-639 10 3 10 323 257 3354 0.3333333333333333 0.17637151106833493
table-0106-465 6 4 0 180 263 4235 0.125 0.20282229131786653
table-0106-694 26 7 26 423 308 10875 0.06666666666666667 0.11878109452736318
table-0106-937 8 10 0 179 257 5377 0.1111111111111111 0.10218579234972677
table-0106-542 1 21 0 70 99 9464 0.14285714285714285 0.290414878397711
table-0106-123 3 5 1 46 57 2370 0.5 0.04904157331341797
table-0106-743 2 7 0 180 259 3668 0.14285714285714285 0.032661290322580645
table-0106-84 7 5 0 174 241 2406 0.14285714285714285 0.32190179267342167
table-0106-874 10 7 0 172 236 4463 0.125 0.12535344015080113
table-0106-559 8 2 0 110 128 12179 0.25 0.10551724137931034
table-0106-588 3 3 3 442 276 4648 0.25 0.033568406205923836
table-0106-435 0 1 0 234 318 6993 0.058823529411764705 0.0
table-0106-292 4 7 0 167 230 3376 0.14285714285714285 0.07045354469396742
table-0106-505 9 8 0 98 135 2259 0.125 0.07913079130791308
table-0106-951 0 1 0 131 100 40981 0.5 0.0
table-0106-696 25 7 0 423 308 10875 0.06666666666666667 0.25673714759535654
table-0106-273 19 2 1 252 105 3051 0.5 0.28482328482328484
table-0106-553 5 3 5 222 190 4202 0.3333333333333333 0.21541501976284586
table-0106-39 1 3 0 71 79 951 1.0 0.5610687022900763
table-0106-775 0 1 0 174 247 3343 0.16666666666666666 0.0
table-0106-459 0 1 0 181 249 4691 0.14285714285714285 0.0
table-0106-233 4 7 0 177 254 2970 0.14285714285714285 0.061549870226177236
table-0106-893 16 3 16 36 180 2995 0.07692307692307693 0.4781468531468531
table-0106-43 5 5 0 43 31 3237 0.5 0.12437234453456933
table-0106-73 0 1 0 177 246 3142 0.14285714285714285 0.0
table-0106-376 0 1 0 182 275 5183 0.14285714285714285 0.0
table-0106-808 2 7 0 178 231 2846 0.14285714285714285 0.04251386321626617
table-0106-738 3 2 1 69 89 62473 0.5 0.04224757076468103
table-0106-715 8 4 0 428 343 176990 1.0 0.04199397988400264
table-0106-558 1 3 1 38 53 36867 0.5 0.03220035778175313
table-0106-663 20 8 7 43 55 0 1.0 2.3062848050914875
table-0106-933 2 7 0 176 234 4204 0.14285714285714285 0.026850507982583455
table-0106-683 14 7 25 157 135 10424 0.5 0.36042987048773767
table-0106-791 5 4 0 175 240 4095 0.14285714285714285 0.327319587628866
table-0106-386 4 5 0 177 246 3891 0.14285714285714285 0.13647642679900746
table-0106-917 6 3 0 145 446 1320 0.043478260869565216 0.1211959423384944
table-0106-442 3 9 9 234 318 6993 0.058823529411764705 0.011022424933485367
table-0106-443 3 9 0 54 192 1587 0.25 0.1320754716981132
table-0106-212 0 0 0 2435 482 354636 0.3333333333333333 0.0
table-0106-494 11 4 0 122 169 2355 1.0 0.6635404454865181
table-0106-157 2 8 0 174 247 3188 0.14285714285714285 0.03362068965517241
table-0106-462 1 7 0 180 263 4235 0.125 0.006457785218847166
table-0106-939 3 7 0 179 257 5377 0.1111111111111111 0.03415300546448088
table-0106-836 2 8 0 179 255 3455 0.14285714285714285 0.03063308373042886
table-0106-391 0 1 0 177 246 3891 0.14285714285714285 0.0
table-0106-596 10 3 10 328 210 4936 0.3333333333333333 0.23116292294569235
table-0106-997 1 4 1 170 529 1165 1.0 0.3489583333333333
table-0106-645 21 3 20 352 357 2479 0.3333333333333333 0.2686495176848875
table-0106-612 2 3 2 298 187 3516 0.3333333333333333 0.04342921601804851
table-0106-69 0 1 0 177 246 3142 0.14285714285714285 0.0
table-0106-907 6 4 0 145 446 1320 0.043478260869565216 0.22317138280832888
table-0106-195 7 8 0 176 241 2945 0.14285714285714285 0.13306772908366535
table-0106-489 37 3 36 368 228 4795 0.25 0.7893856084150132
table-0106-886 0 1 0 6204 866 664368 0.16666666666666666 0.0
table-0106-958 22 4 22 164 304 860 1.0 7.85377358490566
table-0106-948 8 2 0 86 82 66611 0.3333333333333333 0.14117091595845138
table-0106-799 7 5 0 174 242 3170 0.14285714285714285 0.22270505160239001
table-0106-77 1 7 0 179 246 2683 0.14285714285714285 0.027744270205066344
table-0106-525 10 3 10 185 201 11214 0.3333333333333333 0.1605463502015226
table-0106-40 1 3 0 19 74 4679 1.0 0.060847519014849694
table-0106-897 17 3 17 36 180 2995 0.07692307692307693 0.5
table-0106-145 0 1 0 234 294 5940 0.058823529411764705 0.0
table-0106-973 15 4 2 550 748 3683 0.25 0.09327758121582502
table-0106-904 14 4 9 35 67 4570 0.3333333333333333 0.4387755102040816
table-0106-277 4 7 0 167 229 2636 0.14285714285714285 0.1270681667769689
table-0106-770 6 4 0 176 255 3704 0.14285714285714285 0.27320432928829125
table-0106-35 1 2 1 259 246 6303 0.5 0.0397489539748954
table-0106-236 8 7 0 177 254 2970 0.14285714285714285 0.11827956989247312
table-0106-884 3 5 0 6204 866 664368 0.16666666666666666 0.003074657890178417
table-0106-173 6 7 0 172 249 2736 0.14285714285714285 0.10264054514480409
table-0106-3 3 5 6 83 60 5197 1.0 0.11706036745406824
table-0106-250 7 7 0 179 253 3071 0.14285714285714285 0.049715648504861494
table-0106-864 4 4 0 175 234 2658 0.14285714285714285 0.24943820224719102
table-0106-59 7 2 0 102 114 15179 0.5 0.01286022716605651
table-0106-943 4 6 8 31 39 974 0.5 0.8981348637015782
table-0106-146 8 3 0 5 5 714 1.0 2.779816513761468
table-0106-516 4 5 0 137 141 68316 0.25 0.03765014636115878
table-0106-368 0 1 0 177 263 4089 0.14285714285714285 0.0
table-0106-192 3 1 0 147 135 1544 0.3333333333333333 0.2276657060518732
table-0106-595 8 3 8 328 210 4936 0.3333333333333333 0.17230594256468582
table-0106-354 4 3 0 221 309 9627 1.0 0.011747086628913746
table-0106-981 270 4 270 170 531 1191 1.0 107.36898395721926
table-0106-527 12 2 0 409 258 29222 0.5 0.022664835164835164
table-0106-310 11 4 0 13 30 3246 0.3333333333333333 0.9341216216216216
table-0106-589 3 3 0 66 46 16458 1.0 0.15891472868217055
table-0106-925 4 4 0 145 446 1320 0.043478260869565216 0.1628403630539242
table-0106-687 1 1 0 101 16 1255 1.0 0.028286189683860232
table-0106-105 1 8 0 174 248 2357 0.14285714285714285 0.019230769230769232
table-0106-562 6 3 6 293 285 2605 0.3333333333333333 0.1730239874164373
table-0106-472 0 1 0 10 14 1937 1.0 0.0
table-0106-865 6 5 0 173 237 3197 0.14285714285714285 0.1837809373354397
table-0106-992 56 4 56 170 531 1136 1.0 20.119791666666668
table-0106-272 5 4 0 170 236 3048 0.14285714285714285 0.1820572764465225
table-0106-159 1 7 0 174 247 3188 0.14285714285714285 0.015086206896551725
table-0106-122 8 15 0 265 245 5932 0.5 0.08160037490480933
table-0106-603 4 3 0 179 165 278527 0.25 0.07040572792362769
table-0106-757 7 5 0 179 244 3874 0.14285714285714285 0.1874125874125874
table-0106-87 0 1 0 174 241 2406 0.14285714285714285 0.0
table-0106-635 4 3 4 322 178 3691 0.3333333333333333 0.05985342019543974
table-0106-599 20 3 0 1481 558 0 1.0 0.05270791326187697
table-0106-137 1 2 0 259 253 6345 0.5 0.049069373942470386
table-0106-363 0 1 0 40 59 0 0.5 0.0
table-0106-809 0 1 0 178 231 2846 0.14285714285714285 0.0
table-0106-320 1 2 1 12 28 1685 0.5 0.053824362606232294
table-0106-680 5 7 9 157 135 10424 0.5 0.18517497933314964
table-0106-730 9 4 0 24 35 59861 1.0 0.17467718794835008
table-0106-196 4 7 0 176 241 2945 0.14285714285714285 0.06294820717131475
table-0106-625 15 11 0 83 206 1607 0.125 0.5622800844475722
table-0106-660 1 2 0 123 133 28657 0.16666666666666666 0.15701325889741802
table-0106-554 6 3 6 256 172 3431 0.3333333333333333 0.2920673076923077
table-0106-466 3 5 2 135 191 3037 0.5 0.14565217391304347
table-0106-900 18 3 18 36 180 2995 0.07692307692307693 0.5087412587412588
table-0106-780 0 1 0 174 235 2736 0.16666666666666666 0.0
table-0106-187 4 7 0 173 244 2790 0.14285714285714285 0.07548734964744919
table-0106-51 7 1 7 2140 481 470140 0.5 0.0
table-0106-894 6 3 6 36 180 2995 0.07692307692307693 0.07867132867132867
table-0106-765 9 8 0 176 255 3704 0.14285714285714285 0.14135782223679896
table-0106-936 6 5 0 179 257 5377 0.1111111111111111 0.09617486338797815
table-0106-126 0 0 0 1066 261 23567 0.3333333333333333 0.0
table-0106-113 9 7 0 321 374 22165 1.0 0.04669175564502013
table-0106-766 2 7 0 176 255 3704 0.14285714285714285 0.03509347326992457
table-0106-834 4 4 0 175 253 3183 0.14285714285714285 0.1808209483368719
table-0106-867 5 7 0 173 237 3197 0.14285714285714285 0.11321748288572933
table-0106-695 10 3 0 423 308 10875 0.06666666666666667 0.022750829187396352
table-0106-302 1 3 0 38 79 5908 1.0 0.03263299061242736
table-0106-499 68 5 0 268 195 27010 0.5 1.7459943449575872
table-0106-245 10 5 0 179 253 3071 0.14285714285714285 0.10695285268758026
table-0106-742 7 7 0 180 259 3668 0.14285714285714285 0.11935483870967742
table-0106-561 1 2 0 110 128 12179 0.25 0.014827586206896552
table-0106-726 1 2 1 0 0 0 0.0 19.0
table-0106-565 4 3 4 345 184 6354 0.3333333333333333 0.14362745098039215
table-0106-950 15 4 5 131 100 40981 0.5 0.3021223470661673
table-0106-664 1 3 0 536 546 37222 1.0 0.013616639233877001
table-0106-706 12 2 0 5 27 3983 0.2 1.8654618473895583
table-0106-166 4 7 0 169 253 3054 0.14285714285714285 0.07391852162956741
table-0106-158 3 7 0 174 247 3188 0.14285714285714285 0.05560344827586207
table-0106-141 2 7 0 234 294 5940 0.058823529411764705 0.031753336401288544
table-0107-1000 40 4 40 170 529 1165 1.0 15.0
table-0106-85 2 8 0 174 241 2406 0.14285714285714285 0.07716289945440374
table-0106-581 4 3 4 506 273 4296 0.2 0.0726643598615917
table-0106-949 5 9 0 106 286 874 0.5 0.2857142857142857
table-0106-778 7 5 0 174 235 2736 0.16666666666666666 0.29277286135693215
table-0106-827 4 4 0 174 240 2881 0.14285714285714285 0.24828263002944062
table-0106-286 5 7 0 163 228 3120 0.14285714285714285 0.12901271956390067
table-0106-140 5 7 0 234 294 5940 0.058823529411764705 0.1058444546709618
table-0106-201 6 5 0 172 234 2725 0.14285714285714285 0.2224287484510533
table-0106-804 1 5 0 174 242 3170 0.14285714285714285 0.015209125475285171
table-0106-724 6 8 0 151 231 3187 0.05555555555555555 0.6234375
table-0106-552 6 3 6 222 190 4202 0.3333333333333333 0.24011857707509882
table-0106-790 2 8 0 175 240 4095 0.14285714285714285 0.05670103092783505
table-0106-736 5 5 0 56 102 1059 1.0 0.011004022159823936
table-0106-617 30 3 30 346 247 5244 0.5 0.5881321982974461
table-0106-327 1 4 0 21 25 251 1.0 0.010587345601209983
table-0106-254 4 7 0 168 237 2629 0.14285714285714285 0.09782608695652174
table-0106-541 1 24 0 70 99 9464 0.14285714285714285 0.5631855030996662
table-0106-301 5 4 0 11 31 2271 0.5 0.2395659432387312
table-0106-130 1 8 0 172 242 2570 0.14285714285714285 0.03221704111911827
table-0106-42 1 3 0 69 78 1065 1.0 0.4585987261146497
table-0106-91 0 1 0 174 241 2406 0.14285714285714285 0.0
table-0106-957 15 4 15 164 304 860 1.0 5.5754716981132075
table-0106-127 18 19 18 281 284 7053 0.3333333333333333 4.4263322884012535
table-0106-720 1 2 0 151 231 3187 0.05555555555555555 0.134375
table-0106-632 43 3 42 397 241 8229 0.3333333333333333 0.5352416570771001
table-0106-956 3 4 3 164 304 860 1.0 1.009433962264151
table-0106-968 113 4 113 168 412 1143 1.0 42.96132596685083
table-0106-538 1 3 0 70 99 9464 0.14285714285714285 0.0681926561754888
table-0106-317 2 4 0 174 248 5967 0.125 0.054003021148036255
table-0106-309 2 3 0 13 30 3246 0.3333333333333333 0.06925675675675676
table-0106-602 33 5 22 179 165 278527 0.25 1.1157517899761336
table-0106-432 3 12 12 234 318 6993 0.058823529411764705 0.013683010262257697
table-0106-216 0 0 0 2435 482 354636 0.3333333333333333 0.0
table-0106-28 12 4 9 320 252 104994 0.1111111111111111 0.16885849552866913
table-0106-251 5 4 0 179 253 3071 0.14285714285714285 0.11245643001284168
table-0106-344 7 4 0 276 276 8093 0.3333333333333333 1.119891008174387
table-0106-994 107 4 107 170 531 1136 1.0 37.052083333333336
table-0106-534 8 3 8 309 195 3273 0.3333333333333333 0.15774405954766677
table-0106-675 10 3 0 64 81 1767 1.0 0.42054324071183263
table-0106-364 4 5 0 177 263 4089 0.14285714285714285 0.11196319018404909
table-0106-502 16 3 13 288 201 3709 0.3333333333333333 0.2325902885778469
table-0106-620 1 3 0 13 29 6136 1.0 0.041936583702693486
table-0106-586 12 5 24 442 276 4648 0.25 0.18843441466854724
table-0106-186 3 8 0 173 244 2790 0.14285714285714285 0.059311489008710076
table-0106-313 4 7 0 174 248 5967 0.125 0.028512084592145014
table-0106-882 5 4 4 111 102 1597 0.5 0.6561135371179039
table-0106-346 8 4 3 553 1474 82674 0.3333333333333333 0.05015723270440252
table-0106-119 1 2 0 23 43 1453 1.0 0.015238095238095238
table-0106-709 1 3 0 10 23 880 1.0 0.17100371747211895
table-0106-366 0 1 0 177 263 4089 0.14285714285714285 0.0
table-0106-439 0 1 0 234 318 6993 0.058823529411764705 0.0
table-0106-334 0 0 0 2337 361 217879 1.0 0.0
table-0106-255 4 7 0 168 237 2629 0.14285714285714285 0.10163043478260869
table-0106-365 0 1 0 177 263 4089 0.14285714285714285 0.0
table-0106-420 6 4 0 233 315 5059 0.1 0.26458476321207963
table-0106-934 1 6 0 176 234 4204 0.14285714285714285 0.015602322206095792
table-0106-282 10 5 0 163 228 3120 0.14285714285714285 0.3634161114476075
table-0106-725 1 1 1 151 231 3187 0.05555555555555555 0.0
table-0106-106 1 7 0 174 248 2357 0.14285714285714285 0.02234927234927235
table-0106-324 2 2 0 95 65 10562 1.0 0.01736881005173688
table-0106-177 6 5 0 171 260 2781 0.14285714285714285 0.12723880597014925
table-0106-449 0 1 0 184 262 3983 0.14285714285714285 0.0
table-0106-503 5 3 5 288 201 3709 0.3333333333333333 0.06998444790046657
table-0106-965 516 4 516 169 641 1113 1.0 147.6374501992032
table-0106-851 7 5 0 176 254 4255 0.125 0.1111111111111111
table-0106-268 6 7 0 170 236 3048 0.14285714285714285 0.07744009351256576
table-0106-83 5 3 0 69 112 6778 1.0 0.08611863896416742
table-0106-881 10 3 7 290 165 9080 1.0 0.02120676596818985
table-0106-514 16 3 15 301 188 4070 0.3333333333333333 0.35850025680534153
table-0106-869 2 7 0 173 237 3197 0.14285714285714285 0.05950500263296472
table-0106-350 5 5 0 221 309 9627 1.0 0.011045069499695793
table-0106-44 14 2 0 11 18 5730 1.0 3.4646464646464645
table-0106-822 1 8 0 174 240 2881 0.14285714285714285 0.022080471050049066
table-0106-495 11 4 0 122 169 2355 1.0 0.6330597889800703
table-0106-844 3 7 0 182 253 2774 0.14285714285714285 0.04724125495852867
table-0106-406 0 1 0 232 297 5098 0.14285714285714285 0.0
table-0106-661 14 10 0 13 15 826 0.5 3.5104166666666665
table-0106-94 2 7 0 233 312 5978 0.08333333333333333 0.029840623940318754
table-0106-935 4 4 0 176 234 4204 0.14285714285714285 0.20065312046444123
table-0106-200 5 4 0 176 241 2945 0.14285714285714285 0.2398406374501992
table-0106-419 1 6 0 233 315 5059 0.1 0.019217570350034317
table-0106-988 307 4 309 171 490 1350 1.0 108.15196078431373
table-0106-972 3 3 0 32 55 3734 1.0 0.12198581560283688
table-0106-504 9 4 0 507 652 4725 1.0 0.1582897430065954
table-0106-532 2 1 1 121 197 3041 0.5 0.016051364365971106
table-0106-207 4 4 0 172 234 2725 0.14285714285714285 0.3042131350681537
table-0106-828 7 5 0 175 253 3183 0.14285714285714285 0.14366595895258316
table-0106-399 8 3 0 12 54 13540 0.1111111111111111 0.2821543408360129
table-0106-608 2 3 2 294 323 1778 0.3333333333333333 0.048892490545651
table-0106-434 0 1 0 234 318 6993 0.058823529411764705 0.0
table-0106-237 5 4 0 177 254 2970 0.14285714285714285 0.232109751575825
table-0106-47 7 1 7 2140 481 470140 0.5 0.0
table-0106-20 0 1 0 236 293 7177 0.125 0.0
table-0106-246 6 8 0 179 253 3071 0.14285714285714285 0.04953219592735278
table-0106-753 3 7 0 174 253 4015 0.09090909090909091 0.060593038246669534
table-0106-787 3 7 0 175 240 4095 0.14285714285714285 0.07061855670103093
table-0106-479 17 11 0 514 417 182756 0.25 0.0327455919395466
table-0106-643 1 3 1 430 253 4834 0.2 0.01281613123718387
table-0106-544 1 20 0 70 99 9464 0.14285714285714285 0.2565569861707201
table-0106-341 5 4 0 482 477 13958 0.3333333333333333 0.03795502904134798
table-0106-976 3 7 4 30 43 1221 0.5 0.2656015976035946
table-0106-396 21 4 8 38 41 7130 0.3333333333333333 1.168800931315483
table-0106-606 0 1 0 124 57 27229 1.0 0.0
table-0106-652 1 3 1 325 242 3585 0.2 0.011380880121396054
table-0106-393 14 4 13 45 34 14942 0.5 0.7512291052114061
table-0106-311 10 5 0 174 248 5967 0.125 0.11272658610271903
table-0106-403 1 3 0 12 54 13540 0.1111111111111111 0.01487138263665595
table-0106-79 2 7 0 179 246 2683 0.14285714285714285 0.05609167671893848
table-0106-557 48 5 0 40 78 9912 0.3333333333333333 9.310211946050096
table-0106-88 1 7 0 174 241 2406 0.14285714285714285 0.04053000779423227
table-0106-14 0 1 0 177 236 2329 0.14285714285714285 0.0
table-0106-199 5 7 0 176 241 2945 0.14285714285714285 0.07808764940239044
table-0106-594 3 3 1 82 43 21452 0.5 0.03254513094330028
table-0106-261 0 1 0 105 120 1202 1.0 0.0
table-0106-138 7 5 0 234 294 5940 0.058823529411764705 0.18361711919005982
table-0106-781 0 1 0 174 235 2736 0.16666666666666666 0.0
table-0106-549 7 3 6 276 181 4704 0.3333333333333333 0.10294745835113199
table-0106-928 4 4 0 145 446 1320 0.043478260869565216 0.14522156967431926
table-0106-646 3 3 3 352 357 2479 0.3333333333333333 0.04180064308681672
table-0106-26 1 1 0 274 118 25710 1.0 0.01129032258064516
table-0106-458 6 4 0 181 249 4691 0.14285714285714285 0.42384428223844284
table-0106-563 4 3 4 293 285 2605 0.3333333333333333 0.12898151789225323
table-0106-875 4 7 0 172 236 4463 0.125 0.05780710021991831
table-0106-662 3 2 0 43 55 0 1.0 0.1511535401750199
table-0106-952 4 4 4 40 40 1622 0.5 0.4482090997095837
table-0106-773 1 7 0 174 247 3343 0.16666666666666666 0.024231678486997636
table-0106-500 2 3 2 273 298 1293 0.3333333333333333 0.06372934697088907
table-0106-444 3 8 0 54 192 1587 0.25 0.0804369414101291
table-0106-509 6 3 0 69 73 10510 0.5 0.22531884742560226
table-0106-61 11 9 22 166 160 5162 0.25 2.8818297331639138
table-0106-717 1 4 1 428 343 176990 1.0 0.0012113648043462302
table-0106-688 1 2 1 17 34 2699 1.0 0.021348314606741574
table-0106-855 4 7 0 176 254 4255 0.125 0.04746227709190672
table-0106-67 1 8 0 177 246 3142 0.14285714285714285 0.027247956403269755
table-0106-659 1 2 0 123 133 28657 0.16666666666666666 0.025471039776692253
table-0106-731 8 4 0 55 70 1580 1.0 0.22492401215805471
table-0106-305 4 4 0 337 305 7203 0.3333333333333333 0.08632911392405063
table-0106-307 3 8 0 283 286 314 1.0 0.038895371450797356
table-0106-578 6 3 0 86 144 1597 1.0 0.672291296625222
table-0106-101 52 8 43 149 127 3609 0.3333333333333333 4.327586206896552
table-0106-57 2 3 0 2140 481 470140 0.5 0.002531316933861232
table-0106-326 1 4 0 21 25 251 1.0 0.007310310057978321
table-0106-611 5 3 5 298 187 3516 0.3333333333333333 0.10913705583756345
table-0106-263 1 3 0 124 212 28463 1.0 0.01099064310114362
table-0106-708 2 2 0 5 27 3983 0.2 0.26907630522088355
table-0106-298 3 2 0 56 53 894 0.5 0.053164556962025315
table-0106-572 2 3 2 369 202 3563 0.3333333333333333 0.042642140468227424
table-0106-78 0 1 0 179 246 2683 0.14285714285714285 0.0
table-0106-795 2 7 0 179 262 3216 0.16666666666666666 0.029432624113475178
table-0106-622 4 3 4 337 186 3300 0.3333333333333333 0.06279267773520647
table-0106-241 3 7 0 161 242 2400 0.14285714285714285 0.07044410413476264
table-0106-967 2 4 2 168 412 1143 1.0 0.6243093922651933
table-0106-464 2 5 4 180 263 4235 0.125 0.013393924898349677
table-0106-741 9 8 0 180 259 3668 0.14285714285714285 0.16975806451612904
table-0106-259 5 2 0 16 38 0 0.5 0.28378378378378377
table-0106-98 5 4 0 233 312 5978 0.08333333333333333 0.20718887758562224
table-0106-930 3 8 0 176 234 4204 0.14285714285714285 0.05079825834542816
table-0106-112 9 7 0 321 374 22165 1.0 0.04581655872571329
table-0106-253 8 8 0 168 237 2629 0.14285714285714285 0.1967391304347826
table-0106-206 4 7 0 172 234 2725 0.14285714285714285 0.11028500619578686
table-0106-31 0 1 0 44 51 10504 0.3333333333333333 0.0
table-0106-208 7 1 7 2435 482 354636 0.3333333333333333 0.0
table-0106-377 6 4 0 182 275 5183 0.14285714285714285 0.2579445571331981
table-0106-679 2 3 0 25 39 1884 1.0 0.11715246636771301
table-0106-168 5 7 0 169 253 3054 0.14285714285714285 0.07811843763124737
table-0106-569 4 3 4 297 178 2545 0.3333333333333333 0.17742841100505333
table-0106-767 6 7 0 176 255 3704 0.14285714285714285 0.0875696949819613
table-0106-80 5 4 0 179 246 2683 0.14285714285714285 0.38721351025331724
table-0106-909 4 4 0 145 446 1320 0.043478260869565216 0.1190603310197544
table-0106-82 5 9 0 57 69 1963 0.5 0.0365296803652968
table-0106-239 7 8 0 161 242 2400 0.14285714285714285 0.1638591117917305
table-0106-318 14 4 0 119 65 30495 0.5 0.08514664143803216
table-0106-447 1 8 0 184 262 3983 0.14285714285714285 0.021693121693121695
table-0106-868 3 7 0 173 237 3197 0.14285714285714285 0.05950500263296472
table-0106-343 18 19 18 276 276 8093 0.3333333333333333 3.776566757493188
table-0106-686 15 3 0 145 225 2750 1.0 0.17876399834093737
table-0106-772 1 8 0 174 247 3343 0.16666666666666666 0.027186761229314422
table-0106-916 7 4 0 145 446 1320 0.043478260869565216 0.26481580352375866
table-0106-539 2 26 20 70 99 9464 0.14285714285714285 0.3423938960419647
table-0106-180 4 7 0 171 260 2781 0.14285714285714285 0.061567164179104475
table-0106-832 1 7 0 175 253 3183 0.14285714285714285 0.014154281670205236
table-0106-924 6 4 0 145 446 1320 0.043478260869565216 0.1804591564335291
table-0106-407 1 6 0 232 297 5098 0.14285714285714285 0.014445479962721343
table-0106-860 6 7 0 175 234 2658 0.14285714285714285 0.11325842696629214
table-0106-68 2 7 0 177 246 3142 0.14285714285714285 0.04795640326975477
table-0106-319 68 9 136 244 277 1402 0.5 84.6421568627451
table-0106-550 4 3 4 276 181 4704 0.3333333333333333 0.059162750961127726
table-0106-110 5 4 0 174 248 2357 0.14285714285714285 0.33316008316008316
table-0106-570 34 9 29 30 85 544 1.0 1.1166899116689912
table-0106-845 2 7 0 182 253 2774 0.14285714285714285 0.031734583483591774
table-0106-325 1 5 0 21 25 251 1.0 0.019158053945046636
table-0106-53 6 1 6 2140 481 470140 0.5 0.0
table-0106-786 6 8 0 175 240 4095 0.14285714285714285 0.16804123711340208
table-0106-699 123 4 0 423 308 10875 0.06666666666666667 0.3954705638474295
table-0106-389 0 1 0 177 246 3891 0.14285714285714285 0.0
table-0106-240 4 7 0 161 242 2400 0.14285714285714285 0.08218478815722308
table-0106-658 6 4 0 123 133 28657 0.16666666666666666 0.03128634566178181
table-0106-745 5 7 0 180 259 3668 0.14285714285714285 0.07782258064516129
table-0106-165 7 7 0 169 253 3054 0.14285714285714285 0.13187736245275095
table-0106-796 2 7 0 179 262 3216 0.16666666666666666 0.036170212765957444
table-0106-919 6 3 0 145 446 1320 0.043478260869565216 0.1420181526962093
table-0106-841 4 4 0 179 255 3455 0.14285714285714285 0.17222600408441116
table-0106-171 5 8 0 172 249 2736 0.14285714285714285 0.09369676320272573
table-0106-849 9 4 0 233 285 1322 1.0 0.15753764686414032
table-0106-624 7 3 7 340 166 5768 0.25 0.14918132201334142
table-0106-908 6 4 0 145 446 1320 0.043478260869565216 0.21783235451147892
table-0106-656 5 4 0 123 133 28657 0.16666666666666666 0.022679692951849267
table-0106-520 42 2 0 118 217 4524 0.5 1.8333333333333333
table-0106-598 7 5 1 1481 558 0 1.0 0.017864091407548906
table-0106-537 2 8 0 70 99 9464 0.14285714285714285 0.12303290414878398
table-0106-316 7 7 0 174 248 5967 0.125 0.04909365558912387
table-0106-226 4 7 0 172 237 2640 0.14285714285714285 0.0885518590998043
table-0106-700 10 4 0 423 308 10875 0.06666666666666667 0.03648424543946932
table-0106-484 4 3 4 275 318 1791 0.3333333333333333 0.13690739920248116
table-0106-349 5 8 0 221 309 9627 1.0 0.03463284504141901
table-0106-641 4 5 8 430 253 4834 0.2 0.061004784688995214
table-0106-902 10 3 10 36 180 2995 0.07692307692307693 0.32255244755244755
table-0106-223 6 5 0 172 237 2640 0.14285714285714285 0.17661448140900196
table-0106-74 7 5 0 179 246 2683 0.14285714285714285 0.24728588661037396
table-0106-242 5 7 0 161 242 2400 0.14285714285714285 0.11842776927003573
table-0106-866 1 8 0 173 237 3197 0.14285714285714285 0.021590310689836755
table-0106-915 6 4 0 145 446 1320 0.043478260869565216 0.15109450080085424
table-0106-337 8 6 3 2337 361 217879 1.0 0.04112112311445213
table-0106-811 1 7 0 178 231 2846 0.14285714285714285 0.021719038817005546
table-0106-451 0 1 0 184 262 3983 0.14285714285714285 0.0
table-0106-800 4 8 0 174 242 3170 0.14285714285714285 0.10972297664312873
table-0106-9 0 1 0 177 236 2329 0.14285714285714285 0.0
table-0106-830 6 7 0 175 253 3183 0.14285714285714285 0.08775654635527247
table-0106-747 10 8 0 174 253 4015 0.09090909090909091 0.15470562956596476
table-0106-392 6 4 0 177 246 3891 0.14285714285714285 0.478287841191067
table-0106-938 14 9 0 179 257 5377 0.1111111111111111 0.1685792349726776
table-0106-252 10 5 0 168 237 2629 0.14285714285714285 0.3190217391304348
table-0106-21 0 1 0 236 293 7177 0.125 0.0
table-0106-597 11 6 9 1481 558 0 1.0 0.03321659768651173
table-0106-653 4 3 4 5 167 3824 1.0 0.11482939632545931
table-0106-121 5 5 10 265 245 5932 0.5 0.006092203151543554
table-0106-684 7 3 0 157 135 10424 0.5 0.01212455221824194
table-0106-445 8 4 0 54 192 1587 0.25 0.4141012909632572
table-0106-987 3 3 0 86 146 2661 1.0 0.4645441389290883
table-0106-151 1 7 0 175 241 2762 0.14285714285714285 0.02365491651205937
table-0106-852 5 8 0 176 254 4255 0.125 0.06227709190672154
table-0106-412 0 1 0 232 297 5098 0.14285714285714285 0.0
table-0106-733 11 4 11 13 24 6500 0.3333333333333333 0.19898926089703095
table-0106-457 1 7 0 181 249 4691 0.14285714285714285 0.02579075425790754
table-0106-230 2 2 2 388 263 36729 0.5 0.019704433497536946
table-0106-651 44 3 44 325 242 3585 0.2 0.5277693474962064
table-0106-373 2 7 0 182 275 5183 0.14285714285714285 0.028735632183908046
table-0106-65 7 9 14 132 160 4190 0.25 1.557013118062563
table-0106-676 1 3 0 124 160 5924 1.0 0.06007067137809187
table-0106-404 48 3 0 12 54 13540 0.1111111111111111 8.15112540192926
table-0106-293 1 7 0 167 230 3376 0.14285714285714285 0.01893439013650374
table-0106-222 8 9 0 21 31 1158 0.3333333333333333 0.5650611071171819
table-0106-81 0 1 0 179 246 2683 0.14285714285714285 0.0
table-0106-430 5 4 0 176 255 3652 0.14285714285714285 0.23251748251748253
table-0106-424 4 5 0 176 255 3652 0.14285714285714285 0.07657342657342657
table-0106-431 4 5 0 234 318 6993 0.058823529411764705 0.0862789813759027
table-0106-331 7 1 7 2337 361 217879 1.0 0.0
table-0106-375 0 1 0 182 275 5183 0.14285714285714285 0.0
table-0106-448 1 7 0 184 262 3983 0.14285714285714285 0.018518518518518517
table-0106-358 2 2 0 263 247 14995 0.5 0.08221225710014948
table-0106-468 1 5 0 135 191 3037 0.5 0.06231884057971015
table-0106-846 0 1 0 182 253 2774 0.14285714285714285 0.0
table-0106-214 8 1 8 2435 482 354636 0.3333333333333333 0.0
table-0106-481 1 3 0 15 24 762 1.0 0.2572463768115942
table-0106-785 7 5 0 175 240 4095 0.14285714285714285 0.21237113402061855
table-0106-702 10 4 0 423 308 10875 0.06666666666666667 0.030783582089552237
table-0106-36 1 3 0 259 246 6303 0.5 0.04184100418410042
table-0106-571 17 3 17 369 202 3563 0.3333333333333333 0.5919732441471572
table-0106-774 0 1 0 174 247 3343 0.16666666666666666 0.0
table-0106-929 6 5 0 176 234 4204 0.14285714285714285 0.12481857764876633
table-0106-689 32 3 5 17 18 3468 1.0 1.5807743658210949
table-0106-698 10 4 0 423 308 10875 0.06666666666666667 0.040785655058043116
table-0106-887 1 2 1 185 217 120933 1.0 0.001404702055300902
table-0106-306 3 6 0 283 286 314 1.0 0.036561649163749516
table-0106-905 1 2 0 35 67 4570 0.3333333333333333 0.012004801920768308
table-0106-244 5 4 0 161 242 2400 0.14285714285714285 0.30985196528841247
table-0106-826 2 7 0 174 240 2881 0.14285714285714285 0.04072620215897939
table-0106-118 3 3 0 54 56 923 0.5 0.03812316715542522
table-0106-248 6 7 0 179 253 3071 0.14285714285714285 0.05099981654742249
table-0106-436 1 6 0 234 318 6993 0.058823529411764705 0.01178259217027746
table-0106-524 6 3 6 185 201 11214 0.3333333333333333 0.11083743842364532
table-0106-580 5 3 5 335 179 3646 0.3333333333333333 0.12401776563033823
table-0106-821 7 4 0 174 240 2881 0.14285714285714285 0.18989205103042198
table-0106-265 12 4 0 6 36 1427 0.5 0.8662301216089804
table-0106-395 18 4 0 65 53 56841 0.3333333333333333 0.5718973747016707
table-0106-722 4 8 0 151 231 3187 0.05555555555555555 0.396875
table-0106-322 6 0 0 180 227 24742 0.125 0.0
table-0106-383 0 1 0 422 262 4753 0.14285714285714285 0.0
table-0106-644 28 11 32 343 413 2802 1.0 0.22583333333333333
table-0106-859 1 8 0 175 234 2658 0.14285714285714285 0.021123595505617977
table-0106-381 0 1 0 422 262 4753 0.14285714285714285 0.0
table-0106-438 0 1 0 234 318 6993 0.058823529411764705 0.0
table-0106-215 6 1 6 2435 482 354636 0.3333333333333333 0.0
table-0106-577 0 1 0 128 149 2607 0.5 0.0
table-0106-861 5 7 0 175 234 2658 0.14285714285714285 0.0898876404494382
table-0106-697 2 4 4 423 308 10875 0.06666666666666667 0.014614427860696517
table-0106-806 7 5 0 178 231 2846 0.14285714285714285 0.19085027726432532
table-0106-613 1 2 1 4 24 2029 1.0 0.01445966514459665
table-0106-899 16 3 16 36 180 2995 0.07692307692307693 0.5078671328671329
table-0106-76 2 7 0 179 246 2683 0.14285714285714285 0.054282267792521106
table-0106-619 1 3 1 4 161 5208 1.0 0.023129640205596803
table-0106-266 10 5 0 170 236 3048 0.14285714285714285 0.17095265926358855
table-0106-4 6 3 0 464 537 9864 1.0 0.06295538795858366
table-0106-15 7 5 0 236 293 7177 0.125 0.1866787494336203
table-0106-823 4 7 0 174 240 2881 0.14285714285714285 0.08783120706575073
table-0106-762 0 1 0 179 244 3874 0.14285714285714285 0.0
table-0106-5 1 2 0 21 37 1470 1.0 0.023608768971332208
table-0106-711 10 3 0 334 210 3606 0.08333333333333333 0.09714795008912656
table-0106-357 1 2 1 263 247 14995 0.5 0.028400597907324365
table-0106-359 2 2 1 7 58 7831 1.0 0.021111111111111112
table-0106-417 0 1 0 233 315 5059 0.1 0.0
table-0106-270 3 7 0 170 236 3048 0.14285714285714285 0.03272939801285798
table-0106-418 0 1 0 233 315 5059 0.1 0.0
table-0106-705 6 2 0 5 27 3983 0.2 0.8975903614457831
table-0106-840 2 7 0 179 255 3455 0.14285714285714285 0.026889040163376447
table-0106-204 4 7 0 172 234 2725 0.14285714285714285 0.11400247831474597
table-0106-820 7 4 0 174 240 2881 0.14285714285714285 0.18989205103042198
table-0106-164 4 8 0 169 253 3054 0.14285714285714285 0.07181856362872742
table-0106-55 0 0 0 2140 481 470140 0.5 0.0
table-0106-551 2 1 1 126 207 3015 0.5 0.016773162939297124
table-0106-279 3 7 0 167 229 2636 0.14285714285714285 0.0827266710787558
table-0106-37 16 3 0 8 13 1037 0.5 0.5703125
table-0106-942 5 4 0 179 257 5377 0.1111111111111111 0.18278688524590164
table-0106-433 6 4 0 234 318 6993 0.058823529411764705 0.31318890155834284
table-0106-668 1 3 1 345 198 6764 0.3333333333333333 0.016801361122926413
table-0106-154 0 1 0 175 241 2762 0.14285714285714285 0.0
table-0106-761 0 1 0 179 244 3874 0.14285714285714285 0.0
table-0106-50 0 0 0 2140 481 470140 0.5 0.0
table-0106-654 7 3 7 5 167 3824 1.0 0.16568241469816272
table-0106-455 1 7 0 181 249 4691 0.14285714285714285 0.025304136253041364
table-0106-379 4 5 0 422 262 4753 0.14285714285714285 0.050466015003409866
table-0106-25 2 2 2 65 89 24524 0.3333333333333333 0.012072434607645875
table-0106-314 3 7 0 174 248 5967 0.125 0.0222809667673716
table-0106-86 2 7 0 174 241 2406 0.14285714285714285 0.06936866718628215
table-0106-351 10 4 0 221 309 9627 1.0 0.030093134272476247
table-0106-642 20 3 22 430 253 4834 0.2 0.26777170198222827
table-0106-824 2 7 0 174 240 2881 0.14285714285714285 0.042688910696761534
table-0106-657 5 4 0 123 133 28657 0.16666666666666666 0.022563386834147475
table-0106-961 23 4 23 164 304 860 1.0 7.669811320754717
table-0106-623 1 3 1 340 166 5768 0.25 0.023347483323226198
table-0106-636 6 3 6 250 146 3373 0.3333333333333333 0.15817598859992876
table-0106-27 1 3 0 30 76 2449 1.0 0.03445883441258094
table-0106-784 5 4 0 174 235 2736 0.16666666666666666 0.46828908554572274
table-0106-974 19 3 0 550 748 3683 0.25 0.10464243593867267
table-0106-610 2 3 0 106 141 2560 0.3333333333333333 0.1437007874015748
table-0106-964 2 2 1 24 73 6574 0.3333333333333333 0.020942408376963352
table-0106-486 1 2 0 10 34 4942 1.0 0.025081788440567066
table-0106-528 1 5 0 121 197 3041 0.5 0.043873729266987696
table-0106-920 6 3 0 145 446 1320 0.043478260869565216 0.13080619327282433
table-0106-511 8 3 0 67 250 1775 0.125 0.2254601226993865
table-0106-749 2 5 0 174 253 4015 0.09090909090909091 0.014181349376880103
table-0106-585 20 5 11 0 0 0 0.0 927.0
table-0106-131 4 7 0 172 242 2570 0.14285714285714285 0.06316235693090293
table-0106-405 4 5 0 232 297 5098 0.14285714285714285 0.10205032618825723
table-0106-847 1 7 0 182 253 2774 0.14285714285714285 0.012261089073205915
table-0106-838 2 7 0 179 255 3455 0.14285714285714285 0.03063308373042886
table-0106-288 5 4 0 163 228 3120 0.14285714285714285 0.39067231980617806
table-0106-873 9 8 0 172 236 4463 0.125 0.12629594721960416
table-0106-492 5 3 5 317 232 4280 0.3333333333333333 0.06347728965003722
table-0106-941 8 7 0 179 257 5377 0.1111111111111111 0.07978142076502732
table-0106-24 3 3 0 13 26 256 1.0 0.21159257175014068
table-0106-801 5 7 0 174 242 3170 0.14285714285714285 0.11080934274850625
table-0106-877 5 7 0 172 236 4463 0.125 0.06314797360980208
table-0106-604 6 3 6 271 187 7036 0.25 0.13787295476419634
table-0106-862 3 7 0 175 234 2658 0.14285714285714285 0.05393258426966292
table-0106-621 28 3 25 337 186 3300 0.3333333333333333 0.5383141762452107
table-0106-276 8 8 0 167 229 2636 0.14285714285714285 0.23362011912640634
table-0106-153 0 1 0 175 241 2762 0.14285714285714285 0.0
table-0106-175 3 7 0 172 249 2736 0.14285714285714285 0.04770017035775128
table-0106-508 8 3 8 454 286 4979 0.3333333333333333 0.09798593350383632
table-0106-980 153 4 154 170 440 1731 1.0 54.79024390243902
table-0106-748 6 4 0 174 253 4015 0.09090909090909091 0.35969058874086807
table-0106-182 6 7 0 171 260 2781 0.14285714285714285 0.08246268656716418
table-0106-104 7 4 0 174 248 2357 0.14285714285714285 0.20114345114345114
table-0106-878 4 4 0 172 236 4463 0.125 0.1737354696826893
table-0106-469 2 1 1 135 191 3037 0.5 0.015942028985507246
table-0106-33 11 4 11 150 111 1490 1.0 2.521201413427562
table-0106-463 0 1 0 180 263 4235 0.125 0.0
table-0106-291 2 7 0 167 230 3376 0.14285714285714285 0.038749449581682076
table-0106-985 3 3 0 34 31 1273 1.0 0.5116580310880829
table-0106-352 6 7 0 221 309 9627 1.0 0.04357186315346095
table-0106-970 9 4 4 69 63 1461 1.0 0.5506186726659168
table-0106-605 5 3 5 271 187 7036 0.25 0.0904716073147257
table-0106-340 6 2 0 61 92 34682 0.3333333333333333 0.13987591652566272
table-0106-370 6 4 0 177 263 4089 0.14285714285714285 0.3773006134969325
table-0106-148 1 3 0 109 130 2311 1.0 0.18359375
table-0106-367 1 7 0 177 263 4089 0.14285714285714285 0.019938650306748466
table-0106-854 4 7 0 176 254 4255 0.125 0.048834019204389574
table-0106-32 1 4 0 44 51 10504 0.3333333333333333 0.05526315789473684
table-0106-6 6 5 0 37 64 8174 0.5 0.192293017932087
table-0106-667 6 3 6 345 198 6764 0.3333333333333333 0.09953211399404509
table-0106-70 0 1 0 177 246 3142 0.14285714285714285 0.0
table-0106-579 5 3 5 335 179 3646 0.3333333333333333 0.12128459173214896
table-0106-794 3 7 0 179 262 3216 0.16666666666666666 0.048581560283687944
table-0106-440 3 10 10 234 318 6993 0.058823529411764705 0.012162675788673508
table-0106-638 6 3 6 323 257 3354 0.3333333333333333 0.12800769971126083
table-0106-428 0 1 0 176 255 3652 0.14285714285714285 0.0
table-0106-945 13 7 13 95 96 16236 0.5 0.43052003410059675
table-0106-543 1 21 0 70 99 9464 0.14285714285714285 0.2908917501192179
table-0106-335 0 0 0 2337 361 217879 1.0 0.0
table-0106-782 0 1 0 174 235 2736 0.16666666666666666 0.0
table-0106-998 155 4 155 170 529 1165 1.0 57.53125
table-0106-966 145 4 146 168 412 1143 1.0 55.51933701657459
table-0106-475 12 4 0 26 51 46263 0.5 0.1621334748573703
table-0106-169 5 4 0 169 253 3054 0.14285714285714285 0.26753464930701387
table-0106-371 4 5 0 182 275 5183 0.14285714285714285 0.07437457741717377
table-0106-601 4 3 4 265 177 3275 0.3333333333333333 0.09225092250922509
table-0106-19 2 7 0 236 293 7177 0.125 0.038513819664703214
table-0106-114 8 2 6 177 205 1026 1.0 0.15050847457627117
table-0106-910 5 4 0 145 446 1320 0.043478260869565216 0.15216230646022424
table-0106-441 3 12 12 234 318 6993 0.058823529411764705 0.01330292664386165
table-0106-493 11 6 0 122 169 2355 1.0 0.5873388042203986
table-0106-515 6 3 6 301 188 4070 0.3333333333333333 0.10991268618387262
table-0106-911 6 4 0 145 446 1320 0.043478260869565216 0.2189001601708489
table-0106-839 1 7 0 179 255 3455 0.14285714285714285 0.013614703880190605
table-0106-408 0 1 0 232 297 5098 0.14285714285714285 0.0
table-0106-258 5 4 0 168 237 2629 0.14285714285714285 0.34347826086956523
table-0106-618 2 3 2 4 161 5208 1.0 0.043403769274700174
table-0106-374 0 1 0 182 275 5183 0.14285714285714285 0.0
table-0106-38 1 3 0 68 79 775 1.0 0.568
table-0106-332 8 1 8 2337 361 217879 1.0 0.0
table-0106-120 18 2 1 265 245 5932 0.5 0.03813484857360436
table-0106-922 6 4 0 145 446 1320 0.043478260869565216 0.20715429791777895
table-0106-797 2 8 0 179 262 3216 0.16666666666666666 0.036170212765957444
table-0106-898 17 3 17 36 180 2995 0.07692307692307693 0.5454545454545454
table-0106-564 7 3 7 345 184 6354 0.3333333333333333 0.2740196078431373
table-0106-889 4 4 3 107 99 1743 0.5 0.28355879292403746
table-0106-819 4 4 0 180 247 3359 0.14285714285714285 0.20632279534109818
table-0106-666 3 3 3 324 195 8352 0.3333333333333333 0.04375569735642662
table-0106-995 121 4 121 170 531 1136 1.0 46.057291666666664
table-0106-64 11 4 11 132 160 4190 0.25 1.3955600403632695
table-0106-75 1 8 0 179 246 2683 0.14285714285714285 0.030156815440289506
table-0106-975 21 3 0 550 748 3683 0.25 0.10099710517851399
table-0106-533 14 3 14 309 195 3273 0.3333333333333333 0.3114801030632694
table-0106-297 5 5 8 244 108 4215 0.5 0.00868261109795564
table-0106-220 9 3 0 2435 482 354636 0.3333333333333333 0.01133430138754437
table-0106-11 0 1 0 177 236 2329 0.14285714285714285 0.0
table-0106-454 0 1 0 181 249 4691 0.14285714285714285 0.0
table-0106-545 1 16 0 70 99 9464 0.14285714285714285 0.21363853123509777
table-0106-12 0 1 0 177 236 2329 0.14285714285714285 0.0
table-0106-953 4 4 0 512 670 5265 0.25 0.1444966092853417
table-0106-429 1 7 0 176 255 3652 0.14285714285714285 0.01993006993006993
table-0106-671 5 3 5 337 164 6054 0.3333333333333333 0.1828193832599119
table-0106-143 2 7 0 234 294 5940 0.058823529411764705 0.039576622181316155
table-0106-400 94 3 47 12 54 13540 0.1111111111111111 30.637459807073956
table-0106-523 3 2 0 113 152 2266 0.5 0.08093645484949832
table-0106-923 6 4 0 145 446 1320 0.043478260869565216 0.23651895355045383
table-0106-330 0 0 0 2337 361 217879 1.0 0.0
table-0106-568 6 3 6 297 178 2545 0.3333333333333333 0.27288040426726556
table-0106-650 3 5 6 325 242 3585 0.2 0.03277693474962064
table-0106-189 0 1 0 173 244 2790 0.14285714285714285 0.0
table-0106-193 20 10 0 147 135 1544 0.3333333333333333 2.844380403458213
table-0106-750 4 6 0 174 253 4015 0.09090909090909091 0.02922217447357112
table-0106-932 3 7 0 176 234 4204 0.14285714285714285 0.03991291727140784
table-0106-634 13 3 12 322 178 3691 0.3333333333333333 0.19442182410423453
table-0106-58 5 4 0 2140 481 470140 0.5 0.0049328227429090675
table-0106-776 1 5 0 174 247 3343 0.16666666666666666 0.026004728132387706
table-0106-701 12 4 0 423 308 10875 0.06666666666666667 0.03876451077943615
table-0106-191 5 4 0 173 244 2790 0.14285714285714285 0.24968892575694732
table-0106-853 5 7 0 176 254 4255 0.125 0.05541838134430727
table-0106-185 6 5 0 173 244 2790 0.14285714285714285 0.14267938614682704
table-0106-378 1 2 0 26 254 13186 1.0 0.0702576112412178
table-0106-155 5 4 0 175 241 2762 0.14285714285714285 0.2922077922077922
table-0106-338 1 11 0 2337 361 217879 1.0 0.015383083586399164
table-0106-488 3 2 3 29 57 7942 1.0 0.029275808936825885
table-0106-592 2 3 2 393 250 3579 0.3333333333333333 0.06376306620209059
table-0106-225 4 7 0 172 237 2640 0.14285714285714285 0.087573385518591
table-0106-409 0 1 0 232 297 5098 0.14285714285714285 0.0
table-0106-812 5 4 0 178 231 2846 0.14285714285714285 0.28927911275415896
table-0106-467 2 5 2 135 191 3037 0.5 0.08188405797101449
table-0106-156 7 5 0 174 247 3188 0.14285714285714285 0.17456896551724138
table-0106-124 50 8 0 1066 261 23567 0.3333333333333333 1.4339339339339339
table-0106-387 0 1 0 177 246 3891 0.14285714285714285 0.0
table-0106-287 3 7 0 163 228 3120 0.14285714285714285 0.06541490006056935
table-0106-229 4 4 0 172 237 2640 0.14285714285714285 0.2363013698630137
table-0106-473 30 8 13 40 92 4408 0.3333333333333333 0.9182908545727136
table-0106-328 7 1 7 2337 361 217879 1.0 0.0
table-0106-858 6 5 0 175 234 2658 0.14285714285714285 0.1555056179775281
table-0106-190 4 7 0 173 244 2790 0.14285714285714285 0.06511820821236002
table-0106-284 4 7 0 163 228 3120 0.14285714285714285 0.11629315566323441
table-0106-221 6 2 0 61 63 69680 0.5 0.0934242181234964
table-0106-946 6 5 5 113 164 174847 0.5 0.7687747035573123
table-0106-144 4 4 0 234 294 5940 0.058823529411764705 0.23423838011965026
table-0106-397 115 7 356 114 240 21361 1.0 1.8783990223036968
table-0106-721 4 8 0 151 231 3187 0.05555555555555555 0.3765625
table-0106-491 24 3 24 317 232 4280 0.3333333333333333 0.42553983618763963
table-0106-46 1 3 0 263 250 7744 0.5 0.041928721174004195
table-0106-734 8 3 0 90 84 23094 0.3333333333333333 0.2591844973758579
table-0106-232 6 8 0 177 254 2970 0.14285714285714285 0.10567296996662959
table-0106-879 9 2 0 103 106 4575 0.5 0.598705501618123
table-0106-863 3 7 0 175 234 2658 0.14285714285714285 0.06561797752808989
table-0106-944 4 5 3 45 81 2773 1.0 0.10534934497816593
table-0106-669 1 3 0 22 26 1433 1.0 0.12582345191040845
table-0106-139 9 8 0 234 294 5940 0.058823529411764705 0.19144040497008744
table-0106-45 1 2 0 263 250 7744 0.5 0.04821802935010482
table-0106-111 0 1 0 174 248 2357 0.14285714285714285 0.0
table-0106-347 1 4 0 41 64 1819 0.3333333333333333 0.0339080459770115
table-0106-483 1 5 0 709 474 67130 0.3333333333333333 0.02238354506957048
table-0106-388 0 1 0 177 246 3891 0.14285714285714285 0.0
table-0106-125 50 1 0 1066 261 23567 0.3333333333333333 0.03303303303303303
table-0106-555 3 3 3 256 172 3431 0.3333333333333333 0.13581730769230768
table-0106-837 4 7 0 179 255 3455 0.14285714285714285 0.06330837304288632
table-0106-626 26 7 10 83 206 1607 0.125 1.6910626319493314
table-0106-7 7 5 0 177 236 2329 0.14285714285714285 0.2157608695652174
table-0106-135 4 4 0 172 242 2570 0.14285714285714285 0.20644340822382365
table-0106-926 4 4 0 145 446 1320 0.043478260869565216 0.15589962626801923
table-0106-10 0 1 0 177 236 2329 0.14285714285714285 0.0
table-0106-690 15 4 8 234 254 39496 0.5 0.1596244131455399
table-0106-716 3 4 0 428 343 176990 1.0 0.012407312238455327
table-0106-294 4 7 0 167 230 3376 0.14285714285714285 0.06296785557023338
table-0106-22 5 4 0 236 293 7177 0.125 0.2877208880833711
table-0106-72 5 4 0 177 246 3142 0.14285714285714285 0.3427792915531335
table-0106-456 0 1 0 181 249 4691 0.14285714285714285 0.0
table-0106-41 5 3 0 14 72 1244 1.0 0.19604612850082373
table-0106-167 1 6 0 169 253 3054 0.14285714285714285 0.016799664006719867
table-0106-831 4 7 0 175 253 3183 0.14285714285714285 0.05732484076433121
table-0106-506 9 3 0 98 135 2259 0.125 0.1035260352603526
table-0106-256 3 7 0 168 237 2629 0.14285714285714285 0.0625
table-0106-129 7 5 0 172 242 2570 0.14285714285714285 0.17210682492581603
table-0106-672 2 3 2 337 164 6054 0.3333333333333333 0.061233480176211455
table-0106-918 6 4 0 145 446 1320 0.043478260869565216 0.22477309129738388
table-0106-764 7 5 0 176 255 3704 0.14285714285714285 0.13119055428009183
table-0106-993 104 4 104 170 531 1136 1.0 40.46875
table-0106-707 3 2 0 5 27 3983 0.2 0.41164658634538154
table-0106-99 1 3 0 233 312 5978 0.08333333333333333 0.05018650389962699
table-0106-460 9 7 9 180 263 4235 0.125 0.07462329586223392
table-0106-247 6 7 0 179 253 3071 0.14285714285714285 0.04824802788479178
table-0106-962 209 4 209 167 362 901 1.0 83.29608938547486
table-0106-732 4 3 0 55 70 1580 1.0 0.15729483282674772
table-0106-979 53 4 53 170 440 1731 1.0 18.82439024390244
table-0106-427 0 1 0 176 255 3652 0.14285714285714285 0.0
table-0106-281 5 4 0 167 229 2636 0.14285714285714285 0.4414295168762409
table-0106-93 9 8 0 233 312 5978 0.08333333333333333 0.13123092573753814
table-0106-231 6 5 0 177 254 2970 0.14285714285714285 0.13162773451983686
table-0106-426 3 7 0 176 255 3652 0.14285714285714285 0.043006993006993004
table-0106-321 2 4 0 12 28 1685 0.5 0.23229461756373937
table-0106-172 8 7 0 172 249 2736 0.14285714285714285 0.15545144804088587
table-0106-754 2 7 0 174 253 4015 0.09090909090909091 0.034808766652342074
table-0106-1 1 1 0 120 96 69222 0.1 0.003425892535160476
table-0106-883 19 3 0 6204 866 664368 0.16666666666666666 0.026545989953230556
table-0106-361 2 4 0 6 13 1163 0.3333333333333333 0.08316831683168317
table-0106-194 6 5 0 176 241 2945 0.14285714285714285 0.1402390438247012
table-0106-719 1 3 0 17 30 856 1.0 0.1901639344262295
table-0106-848 4 4 0 182 253 2774 0.14285714285714285 0.19257122250270464
table-0106-714 1 4 0 428 343 176990 1.0 0.004331546876147126
table-0106-768 1 7 0 176 255 3704 0.14285714285714285 0.013119055428009183
table-0106-573 2 4 0 34 67 15419 0.5 0.027812370278123704
table-0106-411 6 4 0 232 297 5098 0.14285714285714285 0.3592730661696179
table-0106-109 0 1 0 174 248 2357 0.14285714285714285 0.0
table-0106-999 2 4 2 170 529 1165 1.0 0.7239583333333334
table-0106-614 14 3 12 8 8 444 1.0 3.098445595854922
table-0106-810 1 6 0 178 231 2846 0.14285714285714285 0.02310536044362292
