table_id rows cols nulls inlinks outlinks views table_imp table_fraction
table-0302-22 4 7 0 99 207 2379 0.125 0.24216319693706628
table-0302-711 3 2 0 12 37 3074 0.5 0.06594488188976377
table-0302-25 2 12 0 99 207 2379 0.125 0.01866475233309404
table-0302-6 2 12 0 99 207 2379 0.125 0.019382627422828428
table-0302-14 2 8 0 99 207 2379 0.125 0.017707585546781528
table-0302-76 3 7 1 5 474 864 0.02631578947368421 0.09901351845085861
table-0302-600 6 7 12 126 128 2166 0.5 1.0790816326530612
table-0302-463 1 3 0 45 51 5980 1.0 0.10309278350515463
table-0302-67 3 7 1 5 474 864 0.02631578947368421 0.14979905005480454
table-0302-969 12 4 0 48 246 3195 0.1111111111111111 0.08587412587412588
table-0302-595 3 2 0 77 116 4733 0.5 0.06896551724137931
table-0302-851 5 2 0 189 599 5279 0.125 0.13180169286577992
table-0302-737 2 3 0 27 44 5055 1.0 0.05826243877287961
table-0302-313 16 3 0 452 417 36677 0.1111111111111111 0.03953794139744553
table-0302-73 13 7 9 5 474 864 0.02631578947368421 0.8063573255389113
table-0302-107 3 3 0 121 143 17168 0.5 0.014842454394693201
table-0302-48 1 7 0 5 474 864 0.02631578947368421 0.005845816587504567
table-0302-370 5 4 0 129 167 1588 0.041666666666666664 0.3662674650698603
table-0302-85 3 7 1 5 474 864 0.02631578947368421 0.11216660577274389
table-0302-255 18 4 21 309 195 36155 0.16666666666666666 0.19378603459320948
table-0302-718 5 3 0 56 112 1315 0.25 0.3215434083601286
table-0302-171 3 1 0 138 297 6451 0.3333333333333333 0.015353121801432957
table-0302-638 5 3 0 70 121 2353 0.2 0.276657060518732
table-0302-153 6 4 0 9 39 415 1.0 0.5778894472361809
table-0302-450 5 3 0 36 39 3257 0.3333333333333333 0.15465898174831894
table-0302-873 2 2 0 19 57 4467 0.3333333333333333 0.019973368841544607
table-0302-273 3 4 0 398 215 14814 0.16666666666666666 0.08211974110032362
table-0302-347 15 10 18 11 55 1253 0.5 0.6592718998862344
table-0302-35 2 12 0 99 207 2379 0.125 0.022014836085187842
table-0302-40 2 12 0 99 207 2379 0.125 0.022014836085187842
table-0302-232 1 3 1 961 625 139577 0.25 0.0022083704363312557
table-0302-894 14 10 0 195 220 1794 1.0 1.2473118279569892
table-0302-345 18 6 16 102 206 3958 1.0 0.07084327351934447
table-0302-467 1 1 0 142 225 2897 1.0 0.0008018741843681703
table-0302-788 8 4 0 7 41 533 1.0 0.7690476190476191
table-0302-15 2 12 0 99 207 2379 0.125 0.020100502512562814
table-0302-226 12 3 0 164 261 1851 0.25 0.7654320987654321
table-0302-525 4 4 0 52 41 687 1.0 0.4078674948240166
table-0302-503 39 5 0 202 509 3251 1.0 1.5825070821529745
table-0302-236 6 10 0 61 178 1019 0.1 0.08583589501064082
table-0302-645 57 5 8 572 268 210124 0.5 1.4984126984126984
table-0302-886 16 9 0 180 310 1811 1.0 3.10762331838565
table-0302-444 0 1 0 160 180 46568 1.0 0.0
table-0302-334 0 1 0 10 10 1014 1.0 0.0
table-0302-74 3 7 1 5 474 864 0.02631578947368421 0.12970405553525757
table-0302-641 0 1 0 234 631 1439 1.0 0.0
table-0302-566 5 5 0 170 387 326 1.0 0.02732919254658385
table-0302-779 10 2 0 26 58 2778 1.0 0.1652930402930403
table-0302-254 23 4 11 66 98 151930 0.25 0.6298949379178606
table-0302-448 12 3 0 659 823 69237 0.3333333333333333 0.008067153602965223
table-0302-102 5 2 0 1022 970 66255 1.0 0.0042577712328328585
table-0302-610 17 18 18 76 106 1356 1.0 1.96437054631829
table-0302-732 4 5 6 25 27 585 1.0 2.4031413612565444
table-0302-518 7 7 1 216 237 23855 0.5 0.06899311669601409
table-0302-594 4 2 3 77 116 4733 0.5 0.11083743842364532
table-0302-442 51 3 0 82 172 7200 0.5 2.0216677609980302
table-0302-771 2 4 1 779 895 346552 0.07692307692307693 0.10985277463193659
table-0302-166 3 1 0 146 277 6836 1.0 0.012391573729863693
table-0302-298 2 4 0 47 45 13767 0.25 0.044189852700491
table-0302-608 7 7 10 123 141 2204 0.5 0.6294765840220385
table-0302-50 12 7 8 5 474 864 0.02631578947368421 0.4925100474972598
table-0302-784 13 4 0 5 46 319 1.0 1.267156862745098
table-0302-323 4 9 6 116 149 3775 0.5 0.4551804423748545
table-0302-528 13 8 13 73 143 21172 0.3333333333333333 0.2012054794520548
table-0302-933 29 4 0 12 26 830 0.3333333333333333 10.611940298507463
table-0302-653 16 4 0 78 124 2671 0.2 4.81625441696113
table-0302-517 15 7 1 216 237 23855 0.5 0.15031214983191932
table-0302-735 4 5 2 23 32 659 1.0 3.6794871794871793
table-0302-400 29 1 1 15 15 689 0.5 1.8461538461538463
table-0302-585 1 3 0 20 21 2427 1.0 0.08706070287539937
table-0302-552 0 1 0 224 567 947 1.0 0.0
table-0302-852 14 2 0 189 599 5279 0.125 0.29866989117291415
table-0302-44 2 11 0 99 207 2379 0.125 0.01866475233309404
table-0302-376 0 1 0 325 547 252 1.0 0.0
table-0302-128 4 3 0 493 435 18702 1.0 0.06134731120170841
table-0302-17 2 11 0 99 207 2379 0.125 0.023211294568078487
table-0302-38 2 13 0 99 207 2379 0.125 0.024407753050969132
table-0302-371 5 4 0 129 167 1588 0.041666666666666664 0.36926147704590817
table-0302-416 2 2 0 23 30 1843 1.0 0.1462882096069869
table-0302-251 2 4 0 18 36 2126 0.5 0.046263345195729534
table-0302-928 11 9 0 231 263 1769 1.0 0.8767123287671232
table-0302-624 7 4 7 17 141 5028 1.0 1.4535433070866142
table-0302-695 10 2 0 166 172 1153 0.5 0.07415565345080763
table-0302-90 24 10 0 37 96 751 0.5 1.2977303070761015
table-0302-248 2 3 0 553 331 264746 0.14285714285714285 0.00039469789165542875
table-0302-614 3 2 0 82 128 4214 0.5 0.03996238834038552
table-0302-710 3 2 0 12 37 3074 0.5 0.07775590551181102
table-0302-212 6 4 6 1035 344 188372 0.14285714285714285 0.029557309081182294
table-0302-320 1 2 1 26 54 2271 1.0 0.0134847409510291
table-0302-700 9 2 0 161 184 2368 0.5 0.05217889908256881
table-0302-536 26 6 0 87 122 2718 0.2 1.5760598503740648
table-0302-932 17 9 0 233 272 2291 1.0 0.9225206611570248
table-0302-593 8 5 2 139 196 757 1.0 0.7712045616535994
table-0302-354 4 2 0 27 50 3092 0.3333333333333333 0.19925650557620816
table-0302-452 1 2 0 21 35 4700 1.0 0.01334106728538283
table-0302-378 14 21 93 29 184 1627 0.25 2.2892074198988195
table-0302-640 1 2 0 12 21 7676 1.0 0.032210834553440704
table-0302-81 3 7 1 5 474 864 0.02631578947368421 0.1103397880891487
table-0302-181 6 7 0 157 164 15026 0.0625 0.009842041312272174
table-0302-917 11 9 0 214 258 1976 1.0 0.8011695906432749
table-0302-428 50 3 0 64 147 159802 0.3333333333333333 0.13496616651956458
table-0302-19 2 11 0 99 207 2379 0.125 0.021536252692031587
table-0302-12 2 12 0 99 207 2379 0.125 0.021775544388609715
table-0302-912 19 2 0 438 301 50106 0.25 0.28002343292325715
table-0302-599 6 6 13 126 128 2166 0.5 0.9260204081632653
table-0302-568 5 5 0 170 387 326 1.0 0.027605244996549344
table-0302-385 7 4 0 234 169 10890 1.0 0.07447321859417726
table-0302-154 4 7 3 186 180 1747 1.0 0.039230079112633556
table-0302-92 15 3 0 37 96 751 0.5 0.9586114819759679
table-0302-488 4 4 0 11 39 511 1.0 0.16945373467112598
table-0302-199 1 5 2 30 32 612 1.0 0.3939393939393939
table-0302-557 13 6 0 392 317 142005 0.5 0.41416063951275217
table-0302-625 15 4 15 17 141 5028 1.0 1.2330708661417322
table-0302-4 2 12 0 99 207 2379 0.125 0.020339794209140942
table-0302-773 25 4 0 779 895 346552 0.07692307692307693 4.309173272933182
table-0302-712 3 2 0 47 58 3254 0.5 0.19738988580750408
table-0302-877 12 3 0 122 139 5201 0.5 0.20457604306864063
table-0302-658 1 4 0 66 77 1374 0.5 0.02214022140221402
table-0302-646 1 7 0 140 202 7548 1.0 0.0034525088230781035
table-0302-842 1 1 0 9 16 3186 1.0 0.0032420749279538905
table-0302-597 1 1 0 520 108 60301 1.0 0.021739130434782608
table-0302-206 4 5 4 26 29 810 1.0 1.133056133056133
table-0302-284 1 3 0 3 103 413 1.0 0.003462204270051933
table-0302-864 166 4 2 312 632 27810 0.5 1.2224088590270001
table-0302-762 18 11 10 298 263 3415 1.0 4.357142857142857
table-0302-664 10 13 0 284 231 61937 0.3333333333333333 0.07149480712166172
table-0302-947 37 8 22 128 150 1801 0.16666666666666666 2.9747899159663866
table-0302-752 2 3 0 19 73 22285 1.0 0.07206277100970473
table-0302-350 9 6 4 37 70 3001 0.5 0.06037735849056604
table-0302-543 10 4 0 55 46 565 1.0 1.4856230031948883
table-0302-579 5 5 0 170 387 326 1.0 0.02705314009661836
table-0302-751 1 5 2 24 34 791 1.0 0.28823529411764703
table-0302-486 1 2 1 21 56 4713 1.0 0.012811867835468645
table-0302-761 5 3 0 119 177 3120 0.5 0.06793303283966516
table-0302-45 2 12 0 99 207 2379 0.125 0.02273271117492223
table-0302-406 1 2 1 40 101 0 1.0 0.027220630372492838
table-0302-423 86 6 18 661 683 14779 1.0 1.0132840317721172
table-0302-891 2 5 0 226 262 27055 0.5 0.014439324116743472
table-0302-451 1 4 0 36 39 3257 0.3333333333333333 0.046589817483189244
table-0302-808 16 9 14 167 241 221 1.0 0.17588617686741076
table-0302-796 11 4 0 67 100 839 0.5 0.8333333333333334
table-0302-607 4 6 7 123 141 2204 0.5 0.3608815426997245
table-0302-139 4 4 0 7 37 398 1.0 0.5619596541786743
table-0302-64 6 7 3 5 474 864 0.02631578947368421 0.2714651077822433
table-0302-878 22 3 22 634 759 125175 0.5 0.02983174170077308
table-0302-888 4 10 6 224 145 4091 0.5 0.3819320214669052
table-0302-75 8 7 5 5 474 864 0.02631578947368421 0.49762513701132627
table-0302-394 49 8 28 19 138 3334 1.0 8.26086956521739
table-0302-348 20 4 11 79 44 43636 0.3333333333333333 0.7415254237288136
table-0302-389 1 5 2 46 81 1158 1.0 0.07358953393295176
table-0302-466 2 6 0 203 233 2807 0.5 0.07838549283416203
table-0302-414 9 3 0 266 296 19707 0.3333333333333333 0.056274030059419784
table-0302-292 9 2 0 58 92 2677 0.3333333333333333 0.0197837589141937
table-0302-555 5 5 6 90 91 6410 1.0 0.26045883940620784
table-0302-476 53 3 0 41 58 1534 0.5 22.150442477876105
table-0302-47 3 3 0 38 72 2575 1.0 0.0795008088745089
table-0302-535 16 4 0 87 122 2718 0.2 3.733167082294264
table-0302-906 11 22 150 177 169 6795 0.2 0.7143922445935869
table-0302-78 10 7 7 5 474 864 0.02631578947368421 0.6317135549872123
table-0302-13 2 12 0 99 207 2379 0.125 0.0191433357262503
table-0302-399 4 6 4 116 186 5440 0.5 0.7098515519568152
table-0302-588 17 8 0 29 49 1270 0.16666666666666666 6.298507462686567
table-0302-287 6 5 6 29 66 4876 0.3333333333333333 0.08440417860774707
table-0302-678 4 2 0 24 6 13044 1.0 0.3407079646017699
table-0302-445 2 6 0 28 76 1199 0.5 0.13669501822600244
table-0302-998 20 2 0 636 277 409 1.0 0.09672685510112933
table-0302-769 2 4 0 779 895 346552 0.07692307692307693 0.2695356738391846
table-0302-589 10 3 0 29 49 1270 0.16666666666666666 3.6455223880597014
table-0302-680 8 3 0 381 381 23549 1.0 0.1084374360024575
table-0302-602 3 2 0 87 129 4980 0.5 0.07016060862214708
table-0302-190 1 4 0 631 240 159544 0.3333333333333333 0.008441105862309301
table-0302-833 1 1 0 9 16 3186 1.0 0.001080691642651297
table-0302-297 2 4 0 47 45 13767 0.25 0.05335515548281506
table-0302-58 15 7 10 5 474 864 0.02631578947368421 0.6985750822067958
table-0303-1000 24 8 31 3891 1652 527183 0.25 0.020201352048578498
table-0302-32 2 9 0 99 207 2379 0.125 0.019621919119406556
table-0302-191 1 4 0 631 240 159544 0.3333333333333333 0.00906063656779989
table-0302-462 9 3 0 361 487 11302 1.0 0.019079685746352413
table-0302-421 12 13 78 257 296 215 1.0 0.5698602794411177
table-0302-882 16 9 0 188 321 1995 1.0 0.5041260315078769
table-0302-562 5 5 0 170 387 326 1.0 0.02857142857142857
table-0302-830 1 1 0 9 16 3186 1.0 0.0023414985590778097
table-0302-931 20 9 0 234 263 2115 1.0 2.013157894736842
table-0302-798 29 8 19 131 151 3119 0.16666666666666666 2.8655172413793104
table-0302-485 5 4 0 21 28 5036 0.3333333333333333 0.19093708754949407
table-0302-938 19 9 0 239 266 1833 1.0 1.819320214669052
table-0302-729 6 2 0 12 35 677 1.0 0.17481631618951102
table-0302-655 5 2 0 78 124 2671 0.2 0.2968197879858657
table-0302-304 13 9 10 138 160 3043 1.0 0.5822397200349956
table-0302-300 0 1 0 62 42 2793 1.0 0.0
table-0302-583 1 3 0 55 71 1370 1.0 0.12459371614301191
table-0302-278 44 4 22 83 105 3168 0.5 1.4693263078660144
table-0302-511 0 1 0 389 349 27082 1.0 0.0
table-0302-934 4 4 0 12 26 830 0.3333333333333333 2.2686567164179103
table-0302-665 5 3 0 284 231 61937 0.3333333333333333 0.002967359050445104
table-0302-369 5 4 0 129 167 1588 0.041666666666666664 0.36127744510978044
table-0302-673 0 1 0 233 591 1296 1.0 0.0
table-0302-333 34 2 0 69 74 6604 1.0 0.3625644804716286
table-0302-651 2 3 0 67 39 12141 1.0 0.0783368484483278
table-0302-883 1 6 0 23 43 2697 0.5 0.02800071339397182
table-0302-723 4 5 4 24 28 834 1.0 1.2928759894459103
table-0302-122 28 5 0 99 180 6931 0.3333333333333333 0.7235198261814232
table-0302-115 12 7 0 39 98 11469 0.08333333333333333 0.7624798711755234
table-0302-980 1 5 2 43 48 837 1.0 0.06145833333333333
table-0302-349 6 4 8 79 44 43636 0.3333333333333333 0.14709443099273609
table-0302-359 5 4 0 129 167 1588 0.041666666666666664 0.34830339321357284
table-0302-660 63 9 63 111 250 11592 0.3333333333333333 1.7174677608440798
table-0302-464 21 2 0 16 21 2951 1.0 0.23900907187718073
table-0302-839 1 1 0 9 16 3186 1.0 0.0022964697406340057
table-0302-626 17 4 17 17 141 5028 1.0 1.2897637795275592
table-0302-20 2 11 0 99 207 2379 0.125 0.020579085905719073
table-0302-904 4 10 6 177 169 6795 0.2 0.31841909023117076
table-0302-138 8 4 0 11 39 627 1.0 0.7424242424242424
table-0302-96 12 4 4 337 181 521089 0.5 0.03548728813559322
table-0302-455 0 1 0 346 323 4813 1.0 0.0
table-0302-997 18 2 0 7 46 2106 0.5 6.557291666666667
table-0302-634 8 3 8 216 122 17118 1.0 0.013143176733780761
table-0302-306 0 0 0 138 160 3043 1.0 0.0
table-0302-523 9 4 0 69 57 716 1.0 1.3442622950819672
table-0302-990 3 8 8 683 736 33551 1.0 0.0018887586296730493
table-0302-627 4 4 4 17 141 5028 1.0 0.4047244094488189
table-0302-377 5 3 4 139 83 12429 0.5 0.06750536974532065
table-0302-677 1 2 1 24 6 13044 1.0 0.0420353982300885
table-0302-124 1 3 0 73 78 5053 0.3333333333333333 0.004314720812182741
table-0302-698 7 4 0 423 406 0 0.5 0.06181599518941672
table-0302-242 4 7 5 61 178 1019 0.1 0.08441711988649798
table-0302-556 1 4 0 66 79 1222 0.5 0.020182291666666668
table-0302-167 3 1 0 146 277 6836 1.0 0.012391573729863693
table-0302-950 9 3 0 198 162 54821 0.5 0.06880998080614203
table-0302-163 38 8 0 3008 749 242886 1.0 0.06195684952161636
table-0302-356 3 2 2 74 154 20667 0.5 0.00528775209050664
table-0302-77 3 7 1 5 474 864 0.02631578947368421 0.12531969309462915
table-0302-223 1 1 0 29 35 1006 1.0 0.12289156626506025
table-0302-684 2 3 0 88 38 16992 0.5 0.22921478060046188
table-0302-65 6 7 3 5 474 864 0.02631578947368421 0.32225063938618925
table-0302-418 12 3 0 257 296 215 1.0 0.9900199600798403
table-0302-235 9 3 0 20 82 2685 0.5 0.25249169435215946
table-0302-672 7 6 7 224 119 8659 0.5 0.06587877369529604
table-0302-293 8 1 0 58 92 2677 0.3333333333333333 0.007361398665746492
table-0302-329 13 5 0 82 230 32498 0.25 0.10632995514205018
table-0302-403 1 3 0 112 62 8762 1.0 0.02446163495713987
table-0302-810 25 13 0 553 472 11610 0.0625 0.6142091152815013
table-0302-558 10 4 0 170 387 326 1.0 0.13926846100759144
table-0302-62 5 7 3 5 474 864 0.02631578947368421 0.20569967117281696
table-0302-951 1 3 0 13 33 1484 1.0 0.09142532651902328
table-0302-112 3 4 0 39 98 11469 0.08333333333333333 0.2536231884057971
table-0302-135 6 4 0 8 39 533 1.0 0.7277227722772277
table-0302-979 3 5 2 43 48 980 1.0 0.25872093023255816
table-0302-56 15 7 12 5 474 864 0.02631578947368421 0.6996711728169529
table-0302-574 5 5 0 170 387 326 1.0 0.025120772946859903
table-0302-338 1 2 1 27 41 2402 1.0 0.012109623964308477
table-0302-819 50 13 0 553 472 11610 0.0625 1.2343163538873994
table-0302-898 1 3 0 128 144 2246 0.16666666666666666 0.3709016393442623
table-0302-778 4 3 0 108 163 3618 1.0 0.1259646502364949
table-0302-913 12 10 0 202 225 1701 1.0 0.8892261001517451
table-0302-246 3 4 2 553 331 264746 0.14285714285714285 0.0006249383284544288
table-0302-267 3 2 0 267 646 54982 0.25 0.0019176476855057795
table-0302-701 19 6 19 260 108 362630 0.25 0.11390105780532109
table-0302-201 4 2 0 15 17 850 0.5 0.6636942675159235
table-0302-82 3 7 1 5 474 864 0.02631578947368421 0.09755206430398246
table-0302-155 26 12 21 186 180 1747 1.0 0.1621401190767474
table-0302-840 1 1 0 9 16 3186 1.0 0.0015760086455331413
table-0302-295 2 4 0 359 203 10294 0.3333333333333333 0.1652003910068426
table-0302-439 1 2 1 18 39 7468 1.0 0.011033681765389082
table-0302-364 3 4 0 129 167 1588 0.041666666666666664 0.22654690618762474
table-0302-170 5 3 0 332 280 7649 1.0 0.12490097702667019
table-0302-357 1 3 0 55 98 1173 1.0 0.14593817397555714
table-0302-775 1 4 1 779 895 346552 0.07692307692307693 0.07927519818799547
table-0302-317 20 10 0 95 204 1081 0.14285714285714285 0.2757592190889371
table-0302-621 3 5 0 164 228 1360 0.3333333333333333 0.15889328063241107
table-0302-799 37 8 22 131 151 3119 0.16666666666666666 3.689655172413793
table-0302-229 9 4 0 292 275 3357 0.5 0.1671217913708356
table-0302-509 5 5 0 749 237 2987914 0.2 0.03532029733440652
table-0302-456 16 10 0 346 323 4813 1.0 0.18064667291471415
table-0302-643 1 2 1 20 28 1427 1.0 0.02909647779479326
table-0302-674 132 4 0 37 196 4291 0.5 10.20367412140575
table-0302-662 1 4 0 65 79 1053 0.5 0.017278617710583154
table-0302-846 1 3 0 35 51 6516 0.3333333333333333 0.0197148389368069
table-0302-184 7 7 0 157 164 15026 0.0625 0.011907654921020656
table-0302-468 15 13 2 392 256 369730 1.0 0.17033283427386847
table-0302-776 12 4 1 779 895 346552 0.07692307692307693 1.507361268403171
table-0302-193 5 2 5 7 5 2955 1.0 0.6130434782608696
table-0302-670 2 3 0 0 0 0 0.0 268.0
table-0302-828 1 1 0 9 16 3186 1.0 0.003962536023054755
table-0302-930 10 9 0 231 263 1769 1.0 0.7808219178082192
table-0302-501 1 3 0 35 115 1269 0.5 0.41418764302059496
table-0302-759 1 3 0 232 180 469780 0.3333333333333333 0.010719518778437572
table-0302-795 12 13 12 67 100 839 0.5 1.0
table-0302-955 36 8 30 129 137 1825 0.16666666666666666 4.395348837209302
table-0302-192 2 3 0 28 48 2536 1.0 0.13337250293772032
table-0302-179 6 7 0 157 164 15026 0.0625 0.012575941676792223
table-0302-355 1 2 0 27 50 3092 0.3333333333333333 0.025278810408921933
table-0302-868 20 8 5 129 140 2474 0.16666666666666666 2.807127882599581
table-0302-606 16 4 3 46 17 242 1.0 0.8048411497730711
table-0302-441 1 2 1 17 41 5729 1.0 0.00850873264666368
table-0302-764 2 2 0 183 224 14221 0.5 0.012581547064305684
table-0302-433 4 5 0 0 0 0 0.0 74.0
table-0302-136 6 4 0 7 39 341 1.0 0.6466346153846154
table-0302-865 18 4 11 101 88 193390 0.3333333333333333 0.3023782559456399
table-0302-941 10 9 0 239 279 1802 1.0 0.5391949152542372
table-0302-224 17 6 0 0 0 0 0.0 3670.0
table-0302-636 16 4 0 70 121 2353 0.2 3.38328530259366
table-0302-676 1 5 0 579 538 55373 1.0 0.0019538279603064424
table-0302-605 2 2 0 81 147 4883 0.5 0.02631578947368421
table-0302-805 1 3 0 65 202 3026 1.0 0.01873767258382643
table-0302-391 7 6 0 175 239 2221 0.5 0.21593127684498242
table-0302-126 7 4 0 9 40 681 1.0 0.665
table-0302-361 5 4 0 129 167 1588 0.041666666666666664 0.33532934131736525
table-0302-541 4 3 0 44 11 6254 0.5 0.3028720626631854
table-0302-858 1 3 0 189 599 5279 0.125 0.007255139056831923
table-0302-746 1 5 2 25 35 610 1.0 0.292817679558011
table-0302-964 4 10 0 48 246 3195 0.1111111111111111 0.03258741258741259
table-0302-722 9 5 6 1461 628 508143 0.25 0.020885059149992696
table-0302-571 10 11 6 170 387 326 1.0 0.04899930986887509
table-0302-598 1 1 0 228 81 58240 1.0 0.006428669128710163
table-0302-681 2 5 2 88 38 16992 0.5 0.03233256351039261
table-0302-494 3 4 2 15 29 561 1.0 0.21956087824351297
table-0302-34 2 10 0 99 207 2379 0.125 0.018425460636515914
table-0302-241 5 7 6 61 178 1019 0.1 0.13123669898321116
table-0302-109 5 7 0 39 98 11469 0.08333333333333333 0.5998389694041868
table-0302-303 5 2 0 297 127 149532 1.0 0.015709329221279877
table-0302-768 15 4 0 779 895 346552 0.07692307692307693 3.446206115515289
table-0302-314 1 2 0 9 12 2290 1.0 0.012432432432432432
table-0302-922 4 9 0 214 258 1976 1.0 0.24415204678362573
table-0302-845 6 3 0 35 51 6516 0.3333333333333333 0.18218623481781376
table-0302-644 1 3 0 27 58 20662 1.0 0.010302556077203965
table-0302-572 1 1 0 170 387 326 1.0 0.0033126293995859213
table-0302-203 4 5 4 24 29 773 1.0 1.2330316742081449
table-0302-478 15 5 10 7 18 3253 1.0 1.0638297872340425
table-0302-326 14 7 14 233 136 11441 0.3333333333333333 0.5402894793691942
table-0302-669 0 1 0 356 121 89661 1.0 0.0
table-0302-903 5 3 0 123 201 1166 0.25 0.07642357642357642
table-0302-693 8 13 1 232 250 59512 1.0 0.06203627370156636
table-0302-5 2 11 0 99 207 2379 0.125 0.02105766929887533
table-0302-657 1 3 0 17 21 1381 1.0 0.04036741600193377
table-0302-299 1 4 0 47 45 13767 0.25 0.023895253682487724
table-0302-182 5 8 0 157 164 15026 0.0625 0.009173754556500607
table-0302-726 1 1 0 475 249 1829 0.25 0.02457002457002457
table-0302-10 2 11 0 99 207 2379 0.125 0.02129696099545346
table-0302-460 3 8 0 346 323 4813 1.0 0.010543580131208997
table-0302-211 6 4 6 1035 344 188372 0.14285714285714285 0.025611876421024474
table-0302-905 3 10 9 177 169 6795 0.2 0.1424310216256525
table-0302-129 1 2 1 9 37 3474 1.0 0.019153225806451613
table-0302-341 7 1 1 70 120 1247 0.3333333333333333 0.13598673300165837
table-0302-534 16 4 0 87 122 2718 0.2 3.693266832917706
table-0302-573 10 5 0 170 387 326 1.0 0.5971014492753624
table-0302-152 1 5 2 211 301 7352 1.0 0.05310734463276836
table-0302-546 3 3 0 383 431 33841 1.0 0.015509318355884606
table-0302-213 5 8 0 1035 344 188372 0.14285714285714285 0.018991574160759663
table-0302-379 1 11 0 29 184 1627 0.25 0.11045531197301856
table-0302-663 2 6 2 284 231 61937 0.3333333333333333 0.0204933234421365
table-0302-918 11 9 0 214 258 1976 1.0 0.7368421052631579
table-0302-105 3 4 1 1022 970 66255 1.0 0.004385824502993245
table-0302-827 1 1 0 9 16 3186 1.0 0.002161383285302594
table-0302-321 0 1 0 13 26 1514 1.0 0.0
table-0302-435 11 2 0 24 39 8360 0.2 0.10530421216848673
table-0302-30 2 10 0 99 207 2379 0.125 0.0191433357262503
table-0302-120 6 4 0 8 39 804 1.0 0.5392156862745098
table-0302-307 3 3 0 452 417 36677 0.1111111111111111 0.007607062359128475
table-0302-936 17 9 0 230 270 2213 1.0 1.1764705882352942
table-0302-924 11 9 0 227 258 1791 1.0 0.8532695374800638
table-0302-282 1 3 0 3 103 413 1.0 0.004039238315060588
table-0302-530 6 6 6 29 58 599 0.5 2.3321554770318023
table-0302-821 51 6 26 553 472 11610 0.0625 0.8664879356568365
table-0302-807 4 4 4 72 46 4975 1.0 0.1843065693430657
table-0302-872 1 5 0 19 57 4467 0.3333333333333333 0.016422547714158898
table-0302-24 2 12 0 99 207 2379 0.125 0.02273271117492223
table-0302-770 16 4 0 779 895 346552 0.07692307692307693 3.2366930917327292
table-0302-782 3 4 0 40 35 113 1.0 0.30857142857142855
table-0302-639 5 3 0 70 121 2353 0.2 0.3227665706051873
table-0302-707 2 3 0 31 48 3823 0.3333333333333333 0.012578616352201259
table-0302-454 16 10 0 346 323 4813 1.0 0.18181818181818182
table-0302-581 1 3 0 3 25 515 1.0 0.20166073546856464
table-0302-169 8 4 0 6 41 369 1.0 0.868020304568528
table-0302-547 16 3 0 204 244 143 1.0 0.7865168539325843
table-0302-430 8 3 0 0 0 0 0.0 708.0
table-0302-855 15 6 0 189 599 5279 0.125 0.7436517533252721
table-0302-498 10 3 0 96 124 3979 0.2 0.8671586715867159
table-0302-412 8 14 41 75 158 5905 0.25 0.7808831749580771
table-0302-628 7 4 7 17 141 5028 1.0 1.0110236220472442
table-0302-958 3 5 0 51 91 7975 0.5 0.037333333333333336
table-0302-731 4 5 2 24 33 560 1.0 3.526627218934911
table-0302-106 13 4 20 26 22 1549 0.5 0.5948497854077254
table-0302-516 6 7 1 216 237 23855 0.5 0.05090443412838162
table-0302-863 1 6 0 363 246 15685 0.125 0.013186106346483706
table-0302-794 12 11 8 67 100 839 0.5 1.0990990990990992
table-0302-789 5 4 0 55 46 609 1.0 0.6148867313915858
table-0302-537 10 3 0 87 122 2718 0.2 0.5610972568578554
table-0302-305 13 1 0 138 160 3043 1.0 0.05468066491688539
table-0302-703 4 2 0 13 62 325 1.0 0.19170984455958548
table-0302-945 20 8 5 128 150 1801 0.16666666666666666 1.9201680672268908
table-0302-704 37 4 27 47 148 8337 1.0 2.172097759674134
table-0302-926 12 9 0 227 258 1791 1.0 0.9250398724082934
table-0302-622 4 11 2 164 228 1360 0.3333333333333333 0.19525691699604744
table-0302-529 10 3 0 73 143 21172 0.3333333333333333 0.04668493150684932
table-0302-145 26 14 22 79 332 73275 0.1 1.5
table-0302-335 6 2 0 27 43 2826 0.5 0.3117559523809524
table-0302-424 8 11 0 66 51 10114 0.5 1.0211889346674514
table-0302-91 1 1 0 37 96 751 0.5 0.021361815754339118
table-0302-125 19 3 24 73 78 5053 0.3333333333333333 0.13857868020304567
table-0302-257 12 5 0 309 195 36155 0.16666666666666666 0.049167200512491994
table-0302-362 5 4 0 129 167 1588 0.041666666666666664 0.3473053892215569
table-0302-97 12 3 0 16 15 6820 0.5 0.5383580080753702
table-0302-524 8 4 0 77 65 922 1.0 1.0457516339869282
table-0302-210 6 4 6 1035 344 188372 0.14285714285714285 0.02373946770094958
table-0302-682 39 5 0 88 38 16992 0.5 1.829676674364896
table-0302-619 16 4 0 164 228 1360 0.3333333333333333 1.1786561264822135
table-0302-200 30 7 6 1787 718 76173 1.0 0.11870226747972293
table-0302-137 8 10 0 121 136 1099 1.0 0.8851063829787233
table-0302-11 4 7 0 99 207 2379 0.125 0.2321129456807849
table-0302-70 49 7 40 5 474 864 0.02631578947368421 3.165144318597004
table-0302-809 2 5 0 553 472 11610 0.0625 0.03324396782841823
table-0302-666 1 4 0 66 73 1190 0.5 0.021156558533145273
table-0302-316 0 1 0 6 12 500 1.0 0.0
table-0302-87 1 2 1 23 40 2501 1.0 0.020833333333333332
table-0302-84 3 7 1 5 474 864 0.02631578947368421 0.10997442455242967
table-0302-72 3 7 1 5 474 864 0.02631578947368421 0.1600292290829375
table-0302-800 1 3 0 131 151 3119 0.16666666666666666 0.32241379310344825
table-0302-948 1 3 0 128 150 1801 0.16666666666666666 0.24509803921568626
table-0302-667 3 4 0 94 196 7307 0.5 0.007376122776753316
table-0302-914 12 10 0 205 236 1489 1.0 1.1835205992509363
table-0302-889 16 9 0 190 311 1641 1.0 4.081871345029239
table-0302-946 29 8 26 128 150 1801 0.16666666666666666 2.2366946778711485
table-0302-2 2 12 0 99 207 2379 0.125 0.0208183776022972
table-0302-902 1 6 1 123 201 1166 0.25 0.023976023976023976
table-0302-42 2 9 0 99 207 2379 0.125 0.021775544388609715
table-0302-259 7 2 0 244 240 108407 0.3333333333333333 0.03153153153153153
table-0302-156 11 4 0 186 180 1747 1.0 0.05211646684609738
table-0302-617 1 2 0 82 132 3726 0.5 0.024187975120939877
table-0302-41 2 12 0 99 207 2379 0.125 0.02105766929887533
table-0302-270 4 4 0 266 235 2178 0.3333333333333333 0.15590863952333664
table-0302-515 3 4 0 5 36 613 1.0 0.36496350364963503
table-0302-974 4 9 3 41 56 2126 0.14285714285714285 0.06344827586206897
table-0302-923 11 9 0 227 258 1791 1.0 0.8516746411483254
table-0302-123 1 3 0 38 28 16850 1.0 0.10258548790658882
table-0302-714 22 6 12 909 527 36253 0.25 7.692682926829268
table-0302-262 1 2 0 0 0 0 0.0 23.0
table-0302-559 5 5 0 170 387 326 1.0 0.026639061421670118
table-0302-512 0 1 0 0 0 0 0.0 0.0
table-0302-59 12 2 0 5 474 864 0.02631578947368421 0.03690171720862258
table-0302-786 4 4 0 6 37 408 1.0 0.4155844155844156
table-0302-472 1 3 0 60 60 2197 1.0 0.1765375854214123
table-0302-68 3 7 1 5 474 864 0.02631578947368421 0.13993423456339057
table-0302-920 6 9 0 214 258 1976 1.0 0.38742690058479534
table-0302-266 20 2 0 267 646 54982 0.25 0.029723539125339583
table-0302-847 1 5 0 8 72 89049 1.0 0.07121212121212121
table-0302-381 1 3 0 29 184 1627 0.25 0.10539629005059022
table-0302-215 5 9 0 1035 344 188372 0.14285714285714285 0.018924702420756986
table-0302-749 1 5 2 28 35 1035 1.0 0.3131868131868132
table-0302-745 1 5 2 33 36 1057 1.0 0.30386740331491713
table-0302-734 4 5 2 22 32 747 1.0 3.567073170731707
table-0302-765 0 1 0 84 312 9816 1.0 0.0
table-0302-896 26 8 14 128 144 2246 0.16666666666666666 3.122950819672131
table-0302-437 4 4 0 24 39 8360 0.2 0.0421216848673947
table-0302-217 5 9 0 1035 344 188372 0.14285714285714285 0.020930854620837235
table-0302-978 16 7 37 368 387 81159 0.5 0.04858772284341461
table-0302-459 3 7 0 346 323 4813 1.0 0.07661668228678538
table-0302-836 1 1 0 9 16 3186 1.0 0.002161383285302594
table-0302-164 6 4 0 7 39 395 1.0 0.8317152103559871
table-0302-702 9 2 0 163 172 869 0.5 0.1331168831168831
table-0302-826 1 1 0 9 16 3186 1.0 0.0017110951008645534
table-0302-908 11 10 0 192 214 1565 1.0 1.0938086303939962
table-0302-939 20 9 0 238 266 1723 1.0 1.9685185185185186
table-0302-812 26 6 5 553 472 11610 0.0625 0.43994638069705094
table-0302-831 1 1 0 9 16 3186 1.0 0.002161383285302594
table-0302-692 13 13 1 232 250 59512 1.0 0.09738252267106348
table-0302-881 16 9 0 183 319 2135 1.0 0.5135338345864662
table-0302-249 11 3 0 32 88 4264 0.5 0.12124463519313304
table-0302-198 2 4 0 365 224 3630 1.0 0.005247931104083967
table-0302-144 3 2 0 79 332 73275 0.1 0.12513842746400886
table-0302-285 1 3 0 3 103 413 1.0 0.0037507212925562607
table-0302-854 16 6 1 189 599 5279 0.125 0.7176541717049577
table-0302-147 10 6 0 79 332 73275 0.1 0.5099667774086378
table-0302-367 12 4 0 129 167 1588 0.041666666666666664 0.7684630738522954
table-0302-253 1 7 0 132 144 1854 0.2 0.09293193717277487
table-0302-835 51 4 68 9 16 3186 1.0 4.85356628242075
table-0302-526 23 11 112 449 182 8905 0.2 0.37456242707117854
table-0302-222 1 4 0 419 250 14275 0.1 0.05933791380387258
table-0302-66 9 7 5 5 474 864 0.02631578947368421 0.38509316770186336
table-0302-623 2 8 0 164 228 1360 0.3333333333333333 0.2458498023715415
table-0302-380 2 12 0 29 184 1627 0.25 0.2630691399662732
table-0302-856 4 6 0 189 599 5279 0.125 0.21765417170495768
table-0302-553 1 2 0 11 25 868 1.0 0.047941342357586014
table-0302-60 11 7 8 5 474 864 0.02631578947368421 0.5009134088417976
table-0302-417 2 2 2 15 36 680 1.0 0.006839945280437756
table-0302-748 1 5 2 26 35 729 1.0 0.29381443298969073
table-0302-189 4 7 0 157 164 15026 0.0625 0.0071688942891859056
table-0302-791 19 6 72 8 17 2853 0.5 0.3773913043478261
table-0302-238 17 3 0 61 178 1019 0.1 0.4289430125325136
table-0302-506 12 4 0 749 237 2987914 0.2 0.046494010700250936
table-0302-160 3 1 0 164 278 5864 1.0 0.007509386733416771
table-0302-867 1 4 1 101 88 193390 0.3333333333333333 0.026802567006417515
table-0302-373 5 4 0 129 167 1588 0.041666666666666664 0.33532934131736525
table-0302-205 6 12 12 746 444 47950 0.25 0.006870540754798568
table-0302-479 2 3 0 130 158 2044 1.0 0.21541710665258712
table-0302-195 2 10 1 363 211 850182 1.0 0.059108875314408914
table-0302-234 32 5 52 388 557 1303 0.5 24.558139534883722
table-0302-104 8 4 3 1022 970 66255 1.0 0.012229087300316932
table-0302-197 4 3 0 22 40 0 0.5 0.05649957519116398
table-0302-720 11 8 12 1461 628 508143 0.25 0.04040699089625627
table-0302-611 16 11 7 76 106 1356 1.0 0.9334916864608076
table-0302-458 1 1 0 346 323 4813 1.0 0.007497656982193065
table-0302-542 2 6 2 24 46 576 0.5 0.8844621513944223
table-0302-431 6 5 0 0 0 0 0.0 110.0
table-0302-158 6 5 1 28 58 2837 1.0 0.15828343313373253
table-0302-910 12 10 0 198 224 1657 1.0 0.9535603715170279
table-0302-661 3 3 0 188 91 2118 1.0 0.15759312320916904
table-0302-591 16 3 0 22 63 8735 0.5 0.625587958607714
table-0302-325 3 4 3 102 159 1481 0.5 0.2651632970451011
table-0302-432 6 5 0 0 0 0 0.0 113.0
table-0302-497 27 6 0 96 124 3979 0.2 2.3874538745387452
table-0302-312 3 3 0 452 417 36677 0.1111111111111111 0.009203606311044327
table-0302-500 56 8 0 35 115 1269 0.5 23.4279176201373
table-0302-289 35 10 70 40 53 6043 1.0 3.9490654205607476
table-0302-879 4 17 4 634 759 125175 0.5 0.006912232833105957
table-0302-960 1 5 2 43 49 742 1.0 0.05315947843530592
table-0302-161 1 5 2 164 278 5864 1.0 0.032290362953692114
table-0302-280 4 3 0 40 42 5882 1.0 0.05760151085930123
table-0302-849 1 4 0 65 78 840 0.5 0.048561151079136694
table-0302-527 1 3 0 49 39 5289 1.0 0.02805562332276165
table-0302-520 7 6 1 216 237 23855 0.5 0.06579157995838002
table-0302-804 1 4 0 66 79 0 0.5 0.048818897637795275
table-0302-499 10 3 0 96 124 3979 0.2 0.8081180811808119
table-0302-785 7 4 0 5 40 423 1.0 0.775609756097561
table-0302-143 2 2 0 79 332 73275 0.1 0.09246954595791805
table-0302-94 75 6 77 1916 550 13248 0.14285714285714285 1.2832459716559892
table-0302-548 8 5 0 204 244 143 1.0 0.40363007778738114
table-0302-491 10 2 0 110 320 80956 0.2 0.003978236705083953
table-0302-671 1 6 0 191 164 5972 0.5 0.018011811023622048
table-0302-866 20 4 0 101 88 193390 0.3333333333333333 0.8742921857304643
table-0302-968 11 4 0 48 246 3195 0.1111111111111111 0.08475524475524475
table-0302-647 11 4 0 465 245 18571 0.3333333333333333 0.4671361502347418
table-0302-733 12 2 0 926 1024 24623 0.5 0.03237492811960897
table-0302-688 1 2 0 7 15 1106 1.0 0.14855072463768115
table-0302-838 1 1 0 9 16 3186 1.0 0.002881844380403458
table-0302-426 2 5 0 66 51 10114 0.5 0.05473808122424956
table-0302-358 10 4 0 400 607 12940 1.0 0.07602288488210818
table-0302-818 4 4 0 553 472 11610 0.0625 0.09892761394101876
table-0302-633 10 2 0 216 122 17118 1.0 0.07802013422818792
table-0302-885 16 9 0 183 320 1563 1.0 0.5187687687687688
table-0302-71 4 7 2 5 474 864 0.02631578947368421 0.19254658385093168
table-0302-245 3 7 2 61 178 1019 0.1 0.08299834476235517
table-0302-892 19 10 0 191 225 2145 1.0 1.4489208633093524
table-0302-988 3 10 10 683 736 33551 1.0 0.002214406669271851
table-0302-218 5 8 0 1035 344 188372 0.14285714285714285 0.01966029156078641
table-0302-570 5 5 0 170 387 326 1.0 0.027467218771566597
table-0302-844 2 5 0 767 819 48121 0.5 0.0024403771491957847
table-0302-793 3 2 0 308 176 16769 1.0 0.2988505747126437
table-0302-274 1 4 0 398 215 14814 0.16666666666666666 0.03114886731391586
table-0302-629 12 4 12 17 141 5028 1.0 1.662992125984252
table-0302-290 22 10 0 245 180 4791 0.5 0.1630383711824589
table-0302-901 18 6 0 123 201 1166 0.25 0.22877122877122877
table-0302-37 2 12 0 99 207 2379 0.125 0.020579085905719073
table-0302-631 12 4 12 17 141 5028 1.0 1.332283464566929
table-0302-755 1 3 0 17 8 3550 1.0 0.1863013698630137
table-0302-817 8 6 0 553 472 11610 0.0625 0.048793565683646116
table-0302-33 8 11 0 99 207 2379 0.125 0.12108159846853314
table-0302-825 0 1 0 381 561 334 1.0 0.0
table-0302-99 3 2 0 52 71 9376 0.5 0.01352082206598161
table-0302-178 3 7 0 157 164 15026 0.0625 0.005589307411907655
table-0302-862 3 2 0 363 246 15685 0.125 0.020690394511149228
table-0302-900 4 7 0 123 201 1166 0.25 0.0979020979020979
table-0302-474 17 9 16 65 97 666 1.0 0.776840490797546
table-0302-413 2 2 2 5 25 1451 1.0 0.04383282364933741
table-0302-954 24 8 12 129 137 1825 0.16666666666666666 2.968287526427061
table-0302-227 12 4 11 164 261 1851 0.25 0.6526748971193416
table-0302-834 1 1 0 9 16 3186 1.0 0.0022964697406340057
table-0302-480 5 2 2 93 137 13971 1.0 0.036313400434181964
table-0302-911 33 3 0 438 301 50106 0.25 1.028705330990041
table-0302-281 31 10 30 40 42 5882 1.0 7.770538243626063
table-0302-275 1 5 2 187 237 5978 1.0 0.0773511407902059
table-0302-635 16 4 0 70 121 2353 0.2 3.564841498559078
table-0302-777 1 2 0 107 250 9830 0.5 0.012807549713515335
table-0302-561 5 5 0 170 387 326 1.0 0.028433402346445823
table-0302-408 15 4 0 48 72 57264 0.25 0.4465232304334269
table-0302-220 8 4 0 1035 344 188372 0.14285714285714285 0.052427444162097096
table-0302-727 14 4 0 475 249 1829 0.25 2.842751842751843
table-0302-944 17 9 0 238 267 1930 1.0 1.7665369649805447
table-0302-907 19 11 23 45 27 448 1.0 0.3528693528693529
table-0302-612 17 18 258 76 106 1356 1.0 1.0665083135391924
table-0302-101 11 4 0 63 45 825 1.0 1.3172588832487309
table-0302-93 370 6 65 1916 550 13248 0.14285714285714285 7.493690545525141
table-0302-850 8 3 0 298 284 66636 1.0 0.04656771799628943
table-0302-687 3 2 0 16 21 4417 1.0 0.17465753424657535
table-0302-649 5 3 0 27 53 1286 1.0 0.19584569732937684
table-0302-857 2 42 0 189 599 5279 0.125 0.056831922611850064
table-0302-173 1 5 2 138 297 6451 0.3333333333333333 0.06397134083930399
table-0302-632 4 4 4 17 141 5028 1.0 0.36220472440944884
table-0302-982 52 3 0 38 53 1411 0.5 19.61946902654867
table-0302-728 14 4 0 475 249 1829 0.25 2.614250614250614
table-0302-366 3 4 0 129 167 1588 0.041666666666666664 0.20958083832335328
table-0302-767 4 4 0 779 895 346552 0.07692307692307693 0.46206115515288787
table-0302-319 2 10 2 309 165 3377 1.0 0.07658227848101266
table-0302-893 15 10 0 195 227 1601 1.0 0.9366286438529785
table-0302-940 10 9 0 239 279 1802 1.0 0.5550847457627118
table-0302-344 11 1 0 295 549 10751 1.0 0.1579259698835398
table-0302-469 6 13 1 392 256 369730 1.0 0.06265115743406657
table-0302-860 23 10 10 363 246 15685 0.125 0.36417238421955406
table-0302-766 1 3 0 69 198 21603 1.0 0.0543917677324513
table-0302-26 2 11 0 99 207 2379 0.125 0.0224934194783441
table-0302-783 1 3 0 56 77 2560 1.0 0.027766599597585512
table-0302-208 18 3 0 1035 344 188372 0.14285714285714285 0.10411929918416477
table-0302-803 2 2 1 31 65 1299 1.0 0.05258033106134372
table-0302-279 0 1 0 52 49 9127 1.0 0.0
table-0302-180 6 7 0 157 164 15026 0.0625 0.010996354799513974
table-0302-496 16 4 0 96 124 3979 0.2 5.789667896678967
table-0302-861 3 6 0 363 246 15685 0.125 0.0330188679245283
table-0302-54 67 7 65 5 474 864 0.02631578947368421 3.074168797953964
table-0302-396 2 2 0 59 92 3162 0.5 0.21678321678321677
table-0302-760 16 3 0 8 8 2959 0.5 9.049833887043189
table-0302-706 3 4 0 31 48 3823 0.3333333333333333 0.02437106918238994
table-0302-539 2 2 2 40 88 28899 1.0 0.014303877940241577
table-0302-986 3 8 8 683 736 33551 1.0 0.0018887586296730493
table-0302-565 5 5 0 170 387 326 1.0 0.026915113871635612
table-0302-871 1 3 0 129 140 2474 0.16666666666666666 0.4549266247379455
table-0302-709 4 6 4 23 20 4977 0.3333333333333333 0.02063758389261745
table-0302-730 4 5 4 22 26 743 1.0 3.0755813953488373
table-0302-505 22 4 5 749 237 2987914 0.2 0.07930495715165002
table-0302-963 8 6 0 48 246 3195 0.1111111111111111 0.07874125874125874
table-0302-756 15 2 5 232 180 469780 0.3333333333333333 0.03215855633531272
table-0302-694 9 2 0 164 174 1133 0.5 0.06435643564356436
table-0302-117 5 7 0 39 98 11469 0.08333333333333333 0.5
table-0302-471 5 11 10 142 188 306 1.0 0.01752488100389442
table-0302-188 7 7 0 157 164 15026 0.0625 0.012393681652490888
table-0302-853 7 6 0 189 599 5279 0.125 0.32285368802902054
table-0302-185 4 7 0 157 164 15026 0.0625 0.008687727825030377
table-0302-283 1 3 0 3 103 413 1.0 0.008655510675129832
table-0302-415 4 6 0 266 296 19707 0.3333333333333333 0.07165326808808109
table-0302-23 2 11 0 99 207 2379 0.125 0.019861210815984687
table-0302-880 2 7 2 241 161 30783 0.25 0.05391976444608024
table-0302-18 2 10 0 99 207 2379 0.125 0.020100502512562814
table-0302-587 2 4 0 29 49 1270 0.16666666666666666 0.9813432835820896
table-0302-63 3 7 1 5 474 864 0.02631578947368421 0.0979174278407015
table-0302-392 5 6 0 152 143 2335 0.5 0.23976608187134502
table-0302-339 4 8 3 70 120 1247 0.3333333333333333 0.15754560530679934
table-0302-513 62 8 0 18 128 935 0.5 16.437673130193907
table-0302-162 1 1 0 3008 749 242886 1.0 0.0008224360555966774
table-0302-816 31 7 6 553 472 11610 0.0625 0.5487935656836461
table-0302-584 1 1 0 610 293 121020 1.0 0.004467979480390534
table-0302-269 0 1 0 106 111 3510 1.0 0.0
table-0302-870 32 8 20 129 140 2474 0.16666666666666666 3.9224318658280923
table-0302-142 5 6 0 79 332 73275 0.1 0.48615725359911405
table-0302-395 0 1 0 406 111 50373 1.0 0.0
table-0302-69 9 7 5 5 474 864 0.02631578947368421 0.47460723419802703
table-0302-887 16 9 0 188 309 1606 1.0 4.213414634146342
table-0302-453 2 5 0 156 187 8583 0.5 0.0984940984940985
table-0302-302 32 7 0 297 127 149532 1.0 0.18128373168851195
table-0302-240 3 3 0 61 178 1019 0.1 0.059588555213998584
table-0302-372 5 4 0 129 167 1588 0.041666666666666664 0.3662674650698603
table-0302-582 8 2 0 26 38 9077 0.5 0.7776243093922652
table-0302-753 10 4 0 323 304 598 1.0 0.2844702467343977
table-0302-46 2 12 0 99 207 2379 0.125 0.018425460636515914
table-0302-935 13 4 0 12 26 830 0.3333333333333333 4.432835820895522
table-0302-859 1 2 0 189 599 5279 0.125 0.005441354292623942
table-0302-972 3 9 3 41 56 2126 0.14285714285714285 0.022758620689655173
table-0302-483 5 2 0 21 28 5036 0.3333333333333333 0.08051033875934888
table-0302-470 1 3 0 16 69 627 1.0 0.06010137581462708
table-0302-533 2 6 2 21 46 1202 0.5 0.9918032786885246
table-0302-230 5 3 5 137 161 13267 0.5 0.12633663366336634
table-0302-83 5 7 2 5 474 864 0.02631578947368421 0.23565948118377786
table-0302-308 3 3 0 451 417 36677 0.1111111111111111 0.008734034560480842
table-0302-874 1 3 0 19 57 4467 0.3333333333333333 0.079005770084332
table-0302-411 13 21 117 75 158 5905 0.25 1.8216880939072106
table-0302-973 4 9 4 41 56 2126 0.14285714285714285 0.028275862068965516
table-0302-823 24 13 0 553 472 11610 0.0625 0.5871313672922251
table-0302-375 5 4 0 129 167 1588 0.041666666666666664 0.37524950099800397
table-0302-564 5 5 0 170 387 326 1.0 0.026224982746721876
table-0302-514 1 3 0 18 128 935 0.5 0.16066481994459833
table-0302-921 6 9 0 214 258 1976 1.0 0.4649122807017544
table-0302-713 17 3 0 74 61 7514 0.5 0.24613417044529706
table-0302-264 1 2 0 21 33 844 0.5 0.017660044150110375
table-0302-151 16 5 0 847 357 2573339 0.2 0.10269962174205917
table-0302-708 12 3 1 23 20 4977 0.3333333333333333 0.1947986577181208
table-0302-183 4 8 0 157 164 15026 0.0625 0.006682867557715674
table-0302-228 1 2 0 5 27 1015 1.0 0.006535947712418301
table-0302-696 6 2 0 43 69 2381 0.3333333333333333 0.30434782608695654
table-0302-8 8 11 0 99 207 2379 0.125 0.1323283082077052
table-0302-550 2 5 0 204 244 143 1.0 0.13569576490924806
table-0302-438 6 3 2 24 39 8360 0.2 0.24882995319812792
table-0302-616 8 2 0 82 132 3726 0.5 0.2066344160331721
table-0302-820 24 13 0 553 472 11610 0.0625 0.5823056300268097
table-0302-538 10 3 0 87 122 2718 0.2 0.5261845386533666
table-0302-324 1 2 0 19 31 2380 1.0 0.043859649122807015
table-0302-404 52 3 0 37 62 1162 0.5 21.557522123893804
table-0302-763 18 11 11 303 262 4355 1.0 4.2362204724409445
table-0302-61 19 7 13 5 474 864 0.02631578947368421 0.8476434051881622
table-0302-829 1 1 0 9 16 3186 1.0 0.0031520172910662826
table-0302-837 1 1 0 9 16 3186 1.0 0.001395893371757925
table-0302-801 8 5 2 80 96 1572 1.0 0.5960355434039645
table-0302-127 6 2 5 41 78 4243 1.0 0.44575471698113206
table-0302-315 14 2 0 179 192 3896 0.5 1.5625
table-0302-502 2 2 0 66 78 6162 0.3333333333333333 0.05585106382978723
table-0302-175 8 7 0 157 164 15026 0.0625 0.01816524908869988
table-0302-738 1 5 2 31 30 830 1.0 0.37142857142857144
table-0302-967 10 4 0 48 246 3195 0.1111111111111111 0.0779020979020979
table-0302-337 3 3 0 25 64 895 1.0 0.07368244377307821
table-0302-927 11 9 0 231 263 1769 1.0 0.8340943683409436
table-0302-172 3 1 0 138 297 6451 0.3333333333333333 0.015353121801432957
table-0302-575 5 5 0 170 387 326 1.0 0.024844720496894408
table-0302-965 3 10 0 48 246 3195 0.1111111111111111 0.025314685314685316
table-0302-563 5 5 0 170 387 326 1.0 0.028295376121463076
table-0302-507 2 3 0 749 237 2987914 0.2 0.005208086738317314
table-0302-650 10 4 1 27 53 1286 1.0 0.93026706231454
table-0302-1 2 10 0 99 207 2379 0.125 0.01722900215362527
table-0302-53 8 7 5 5 474 864 0.02631578947368421 0.3310193642674461
table-0302-100 4 3 0 269 290 11068 1.0 0.25018504811250925
table-0302-679 1 2 0 24 6 13044 1.0 0.046460176991150445
table-0302-397 7 6 0 191 228 3504 0.5 0.37701804368471037
table-0302-16 2 11 0 99 207 2379 0.125 0.020579085905719073
table-0302-103 14 4 10 1022 970 66255 1.0 0.029516278771969138
table-0302-999 1 1 0 3891 1652 527183 0.25 0.0005688658402677638
table-0302-971 3 9 3 41 56 2126 0.14285714285714285 0.022758620689655173
table-0302-976 8 2 7 41 56 2126 0.14285714285714285 0.04
table-0302-387 1 5 2 46 77 1190 1.0 0.23371647509578544
table-0302-490 10 2 0 110 320 80956 0.2 0.00421225062891242
table-0302-519 18 7 1 216 237 23855 0.5 0.17272290699535778
table-0302-368 5 4 0 129 167 1588 0.041666666666666664 0.34830339321357284
table-0302-899 1 3 0 39 53 6427 1.0 0.019941708851050774
table-0302-482 2 2 0 23 38 14450 0.5 0.034482758620689655
table-0302-225 12 11 10 164 261 1851 0.25 0.5777777777777777
table-0302-787 8 4 0 62 52 556 1.0 0.9741935483870968
table-0302-89 12 10 0 37 96 751 0.5 0.7142857142857143
table-0302-244 4 7 4 61 178 1019 0.1 0.10948214707968787
table-0302-363 10 4 0 129 167 1588 0.041666666666666664 0.7345309381237525
table-0302-780 3 4 0 41 35 107 1.0 0.345821325648415
table-0302-261 4 4 1 31 45 18856 0.3333333333333333 0.6967213114754098
table-0302-792 6 2 0 308 176 16769 1.0 0.5402298850574713
table-0302-177 5 7 0 157 164 15026 0.0625 0.009234507897934386
table-0302-675 3 2 0 88 152 13826 0.5 0.008976660682226212
table-0302-330 30 6 60 27 6 4968 0.5 0.1070025565878905
table-0302-590 18 3 0 29 49 1270 0.16666666666666666 2.3059701492537314
table-0302-384 1 5 2 41 76 1140 1.0 0.4765625
table-0302-465 7 6 5 95 93 5429 1.0 0.27602191319005476
table-0302-401 1 2 0 19 30 4129 0.5 0.022137887413029727
table-0302-642 9 3 0 22 8 21330 0.5 0.04821958456973294
table-0302-393 6 6 0 24 57 1034 0.5 0.0626486915146709
table-0302-841 1 1 0 9 16 3186 1.0 0.0032420749279538905
table-0302-683 36 6 0 88 38 16992 0.5 1.575635103926097
table-0302-996 9 7 18 4 23 666 0.5 0.19091673675357443
table-0302-405 1 2 1 60 71 14810 1.0 0.026899480887210947
table-0302-311 3 3 0 451 417 36677 0.1111111111111111 0.008827948910593538
table-0302-601 2 2 0 87 129 4980 0.5 0.06170752324598478
table-0302-114 21 9 0 39 98 11469 0.08333333333333333 1.1948470209339774
table-0302-365 3 4 0 129 167 1588 0.041666666666666664 0.20758483033932135
table-0302-221 6 5 0 419 250 14275 0.1 0.3603997501561524
table-0302-239 4 3 0 61 178 1019 0.1 0.07590446914164105
table-0302-569 10 11 10 170 387 326 1.0 0.14837819185645273
table-0302-620 16 11 4 164 228 1360 0.3333333333333333 1.03399209486166
table-0302-286 1 1 0 15 44 3648 1.0 0.0024639211545230554
table-0302-742 1 5 2 28 30 696 1.0 0.31547619047619047
table-0302-176 4 7 0 157 164 15026 0.0625 0.0069258809234507895
table-0302-943 6 9 0 239 279 1802 1.0 0.3675847457627119
table-0302-916 12 10 0 204 238 1628 1.0 1.1590493601462524
table-0302-758 4 7 4 232 180 469780 0.3333333333333333 0.02313565203979332
table-0302-256 12 5 0 309 195 36155 0.16666666666666666 0.05285073670723895
table-0302-995 9 6 0 241 250 785 0.14285714285714285 0.38485158648925283
table-0302-716 24 5 0 56 112 1315 0.25 3.805466237942122
table-0302-697 9 2 0 168 188 1166 0.5 0.035770440251572326
table-0302-797 22 8 13 131 151 3119 0.16666666666666666 2.463793103448276
table-0302-231 2 3 2 961 625 139577 0.25 0.0026357969723953697
table-0302-510 1 3 0 749 237 2987914 0.2 0.007338667676719852
table-0302-937 19 9 0 237 269 2155 1.0 1.269620253164557
table-0302-822 54 13 9 553 472 11610 0.0625 1.2924932975871313
table-0302-961 1 2 1 16 37 762 1.0 0.0031746031746031746
table-0302-331 13 7 26 139 270 7411 0.5 0.026026064967905077
table-0302-985 6 6 0 683 736 33551 1.0 0.03008987885892927
table-0302-551 0 1 0 66 101 1898 1.0 0.0
table-0302-207 12 10 0 146 202 1739 0.5 0.9594594594594594
table-0302-159 3 1 0 164 278 5864 1.0 0.007509386733416771
table-0302-108 8 7 0 121 143 17168 0.5 0.02429519071310116
table-0302-736 4 5 4 23 32 596 1.0 3.1707317073170733
table-0302-656 5 2 0 78 124 2671 0.2 0.3674911660777385
table-0302-668 18 3 0 60 22 55560 0.5 0.03203059639058205
table-0302-340 1 1 1 70 120 1247 0.3333333333333333 0.0
table-0302-272 2 4 0 398 215 14814 0.16666666666666666 0.06877022653721683
table-0302-604 3 2 2 81 147 4883 0.5 0.04483430799220273
table-0302-544 4 2 3 67 60 15890 1.0 0.06036892118501956
table-0302-429 22 6 22 70 78 11704 0.5 1.0903348073278585
table-0302-504 16 6 14 443 471 10805 0.5 1.731549815498155
table-0302-586 5 4 0 29 49 1270 0.16666666666666666 1.537313432835821
table-0302-49 20 7 16 5 474 864 0.02631578947368421 0.9159663865546218
table-0302-342 11 10 0 251 295 5694 0.16666666666666666 0.32264150943396225
table-0302-721 8 6 0 1461 628 508143 0.25 0.02487707511805657
table-0302-919 6 9 0 214 258 1976 1.0 0.402046783625731
table-0302-250 1 2 1 18 36 2126 0.5 0.014630288651640965
table-0302-374 5 4 0 129 167 1588 0.041666666666666664 0.3502994011976048
table-0302-875 66 5 1 24 8 51513 1.0 7.262658227848101
table-0302-814 30 13 0 553 472 11610 0.0625 0.7211796246648794
table-0302-975 1 1 1 41 56 2126 0.14285714285714285 0.0
table-0302-148 59 4 0 79 332 73275 0.1 2.574750830564784
table-0302-699 6 4 6 83 150 1637 0.5 1.0472175379426645
table-0302-953 20 8 6 129 137 1825 0.16666666666666666 2.858350951374207
table-0302-398 10 7 18 116 186 5440 0.5 1.6531713900134952
table-0302-489 10 2 0 110 320 80956 0.2 0.003997737865402992
table-0302-247 2 3 0 553 331 264746 0.14285714285714285 0.00042758938262671447
table-0302-652 16 4 0 78 124 2671 0.2 5.120141342756184
table-0302-3 2 10 0 99 207 2379 0.125 0.015793251974156496
table-0302-382 4 5 8 45 74 1590 1.0 0.49895833333333334
table-0302-630 4 4 4 17 141 5028 1.0 0.5149606299212598
table-0302-984 1 5 2 45 52 1021 1.0 0.065279091769158
table-0302-890 1 8 2 178 169 2906 0.3333333333333333 0.0274869109947644
table-0302-276 2 3 0 211 247 2875 1.0 0.048557353976073185
table-0302-895 20 8 6 128 144 2246 0.16666666666666666 2.7295081967213113
table-0302-596 1 1 0 453 494 63290 0.5 0.004556314941379118
table-0302-29 2 10 0 99 207 2379 0.125 0.021775544388609715
table-0302-757 12 3 12 232 180 469780 0.3333333333333333 0.03200431865504743
table-0302-811 20 13 0 553 472 11610 0.0625 0.47265415549597856
table-0302-774 10 4 0 779 895 346552 0.07692307692307693 1.563986409966025
table-0302-495 16 4 0 96 124 3979 0.2 5.922509225092251
table-0302-717 5 3 0 56 112 1315 0.25 0.36012861736334406
table-0302-473 30 4 17 61 77 5548 1.0 0.36792173139638307
table-0302-174 3 3 0 248 303 3558 1.0 0.1562156215621562
table-0302-202 4 5 4 21 29 128 1.0 0.9039451114922813
table-0302-410 2 3 0 68 160 17737 1.0 0.013518096807015843
table-0302-260 16 4 23 31 45 18856 0.3333333333333333 2.401639344262295
table-0302-959 1 5 2 43 47 853 1.0 0.04196428571428571
table-0302-265 1 5 2 161 217 4749 1.0 0.06680694371383482
table-0302-806 1 4 0 68 80 969 0.5 0.03260869565217391
table-0302-989 3 11 11 683 736 33551 1.0 0.0022795362771916112
table-0302-263 5 2 0 53 98 16897 0.5 0.004085047740919382
table-0302-27 2 9 0 99 207 2379 0.125 0.01866475233309404
table-0302-351 28 10 32 70 125 8508 0.5 1.798651252408478
table-0302-353 23 9 48 21 259 158160 0.3333333333333333 2.082059988681381
table-0302-942 14 9 0 239 279 1802 1.0 0.7648305084745762
table-0302-540 12 5 21 3 24 506 0.5 2.1422764227642275
table-0302-79 4 7 2 5 474 864 0.02631578947368421 0.4051881622214103
table-0302-116 6 6 0 39 98 11469 0.08333333333333333 0.47342995169082125
table-0302-322 7 7 8 391 182 37516 0.5 0.6074468085106383
table-0302-447 22 11 88 659 823 69237 0.3333333333333333 0.1887059849558487
table-0302-95 7 4 4 29090 735 1718918 0.3333333333333333 0.003543889711036685
table-0302-132 29 4 0 901 393 2721570 0.5 0.25839400195588397
table-0302-492 5 3 0 4023 379 979778 0.25 0.022382397572078907
table-0302-531 9 4 0 7 42 582 1.0 1.0776942355889725
table-0302-110 10 3 0 39 98 11469 0.08333333333333333 0.34541062801932365
table-0302-750 1 5 2 26 35 632 1.0 0.3277777777777778
table-0302-991 3 11 11 683 736 33551 1.0 0.002409795493031132
table-0302-532 1 5 2 277 356 2111 1.0 0.12751004016064257
table-0302-987 3 10 10 683 736 33551 1.0 0.0022795362771916112
table-0302-715 69 6 0 909 527 36253 0.25 4.236585365853658
table-0302-685 16 2 0 8 11 2983 1.0 2.3509933774834435
table-0302-475 0 1 0 65 97 666 1.0 0.0
table-0302-168 1 5 2 146 277 6836 1.0 0.05410987195373813
table-0302-288 6 3 0 40 53 6043 1.0 0.03785046728971963
table-0302-508 26 4 3 749 237 2987914 0.2 0.08370815775768192
table-0302-754 1 3 0 18 61 7388 1.0 0.0349839862034984
table-0302-420 12 13 12 257 296 215 1.0 0.8363273453093812
table-0302-296 4 3 0 57 62 4479 1.0 0.2221110555277639
table-0302-719 4 5 4 23 28 723 1.0 1.2055837563451777
table-0302-744 1 5 2 25 45 865 1.0 0.3220338983050847
table-0302-134 0 1 0 901 393 2721570 0.5 0.0
table-0302-407 5 4 5 48 72 57264 0.25 0.06361085126286249
table-0302-848 1 4 0 8 11 1091 1.0 0.038910505836575876
table-0302-897 36 8 24 128 144 2246 0.16666666666666666 4.346311475409836
table-0302-689 6 2 0 37 56 4091 0.5 0.16124148372445118
table-0302-131 35 4 27 901 393 2721570 0.5 0.17787677931109422
table-0302-214 5 9 0 1035 344 188372 0.14285714285714285 0.019526548080781064
table-0302-98 0 1 0 329 531 24052 1.0 0.0
table-0302-603 21 3 5 137 79 6782 0.5 0.503030303030303
table-0302-724 1 3 0 50 64 9710 1.0 0.055591677503250975
table-0302-271 3 3 0 26 48 29948 1.0 0.16909015371832156
table-0302-618 1 5 2 280 332 227 1.0 0.04433497536945813
table-0302-150 19 4 3 847 357 2573339 0.2 0.06772371625472823
table-0302-28 2 12 0 99 207 2379 0.125 0.021536252692031587
table-0302-141 6 14 4 79 332 73275 0.1 1.0470653377630121
table-0302-654 29 6 0 78 124 2671 0.2 2.519434628975265
table-0302-487 4 4 0 11 39 511 1.0 0.16499442586399107
table-0302-993 4 14 0 99 40 29559 0.5 0.02950487526908953
table-0302-343 0 1 0 251 295 5694 0.16666666666666666 0.0
table-0302-436 1 2 0 24 39 8360 0.2 0.01638065522620905
table-0302-952 0 1 0 16 27 2392 1.0 0.0
table-0302-186 4 7 0 157 164 15026 0.0625 0.006804374240583232
table-0302-457 0 1 0 346 323 4813 1.0 0.0
table-0302-277 74 4 1 16 166 17854 0.5 13.43421052631579
table-0302-956 1 3 0 129 137 1825 0.16666666666666666 0.38266384778012685
table-0302-949 1 5 0 30 5 1758 1.0 0.24583333333333332
table-0302-461 7 9 5 361 487 11302 1.0 0.14337822671156006
table-0302-813 30 12 0 553 472 11610 0.0625 0.6871313672922252
table-0302-747 1 5 2 26 35 609 1.0 0.37142857142857144
table-0302-576 5 5 0 170 387 326 1.0 0.026224982746721876
table-0302-52 5 7 3 5 474 864 0.02631578947368421 0.1720862257946657
table-0302-876 43 3 0 111 151 6103 1.0 2.6225614927905005
table-0302-233 1 3 0 11 14 571 1.0 0.10743801652892562
table-0302-522 5 6 0 216 237 23855 0.5 0.027052985433007843
table-0302-824 55 6 32 553 472 11610 0.0625 0.9005361930294906
table-0302-336 2 4 0 25 64 895 1.0 0.02769385699899295
table-0302-970 8 4 3 48 246 3195 0.1111111111111111 0.04895104895104895
table-0302-592 17 6 22 139 196 757 1.0 1.7284390591589451
table-0302-567 5 5 0 170 387 326 1.0 0.027191166321601103
table-0302-446 1 2 1 22 50 7721 1.0 0.010620458356623811
table-0302-637 24 6 0 70 121 2353 0.2 1.7348703170028819
table-0302-549 4 5 0 204 244 143 1.0 0.18496110630942092
table-0302-909 13 10 0 196 230 1656 1.0 0.9308437067773168
table-0302-425 9 8 0 66 51 10114 0.5 0.28546203649205415
table-0302-690 52 3 52 317 421 25314 0.25 16.997630331753555
table-0302-157 3 3 0 186 180 1747 1.0 0.018269309191746186
table-0302-388 2 5 4 45 37 1691 1.0 0.0952023988005997
table-0302-291 0 1 0 245 180 4791 0.5 0.0
table-0302-843 1 1 0 9 16 3186 1.0 0.0023865273775216136
table-0302-237 6 7 6 61 178 1019 0.1 0.15370063844880585
table-0302-648 1 4 0 465 245 18571 0.3333333333333333 0.026604068857589983
table-0302-360 5 4 0 129 167 1588 0.041666666666666664 0.3473053892215569
table-0302-705 17 4 0 47 148 8337 1.0 1.1303462321792261
table-0302-119 5 4 0 6 38 641 1.0 0.5714285714285714
table-0302-268 6 3 0 319 368 70713 1.0 0.043724567142743156
table-0302-440 1 2 0 37 64 2323 1.0 0.023421588594704685
table-0302-962 1 5 2 42 47 803 1.0 0.06854838709677419
table-0302-521 17 6 0 216 237 23855 0.5 0.10533055866816071
table-0302-743 1 5 2 30 37 866 1.0 0.18702290076335878
table-0302-146 13 10 0 79 332 73275 0.1 0.9518272425249169
table-0302-111 3 4 0 39 98 11469 0.08333333333333333 0.23832528180354268
table-0302-739 1 5 2 28 35 592 1.0 0.3392857142857143
table-0302-577 5 5 0 170 387 326 1.0 0.02650103519668737
table-0302-165 10 4 0 0 0 0 0.0 827.0
table-0302-481 2 6 0 121 106 3793 0.5 0.04386532858530269
table-0302-113 1 5 0 39 98 11469 0.08333333333333333 0.1111111111111111
table-0302-992 3 18 18 683 736 33551 1.0 0.006382701576136512
table-0302-346 1 2 0 173 166 4413 1.0 0.018153117600631413
table-0302-977 0 1 0 41 56 2126 0.14285714285714285 0.0
table-0302-915 12 10 0 207 237 1549 1.0 1.0301507537688441
table-0302-118 2 3 1 39 98 11469 0.08333333333333333 0.1473429951690821
table-0302-402 5 3 0 554 209 122660 1.0 0.01413177883766119
table-0302-204 6 2 0 746 444 47950 0.25 0.007399043889783074
table-0302-216 5 9 0 1035 344 188372 0.14285714285714285 0.020997726360839908
table-0302-781 3 4 0 40 35 112 1.0 0.3914285714285714
table-0302-484 2 2 2 21 28 5036 0.3333333333333333 0.014958205015398152
table-0302-802 9 12 0 138 105 762 1.0 0.12127405893374212
table-0302-580 5 5 0 170 387 326 1.0 0.02650103519668737
table-0302-187 6 7 0 157 164 15026 0.0625 0.010996354799513974
table-0302-545 15 5 0 80 137 1701 0.5 6.058981233243967
table-0302-578 5 5 0 170 387 326 1.0 0.02567287784679089
table-0302-790 6 5 8 59 60 1365 0.5 1.0146627565982405
table-0302-419 12 11 3 257 296 215 1.0 1.0838323353293413
table-0302-133 47 5 0 901 393 2721570 0.5 0.477453004455069
table-0302-983 1 5 2 42 49 798 1.0 0.07963709677419355
table-0302-301 11 6 7 297 127 149532 1.0 0.060331534309946026
table-0302-88 12 10 0 37 96 751 0.5 0.5714285714285714
table-0302-613 5 2 2 82 128 4214 0.5 0.06770098730606489
table-0302-31 2 11 0 99 207 2379 0.125 0.021775544388609715
table-0302-194 0 1 0 7 5 2955 1.0 0.0
table-0302-209 23 4 23 1035 344 188372 0.14285714285714285 0.10779724488431189
table-0302-659 5 6 0 111 250 11592 0.3333333333333333 0.20789370847987496
table-0302-869 24 8 9 129 140 2474 0.16666666666666666 2.970649895178197
table-0302-686 1 3 0 17 34 1862 1.0 0.030085564449351367
table-0302-332 1 2 0 10 8 2345 1.0 0.06647398843930635
table-0302-352 11 7 11 21 259 158160 0.3333333333333333 0.9145444255800792
table-0302-493 1 1 0 4024 379 979778 0.25 0.007380328321147745
table-0302-51 6 7 4 5 474 864 0.02631578947368421 0.21702594081110704
table-0302-196 2 2 0 363 211 850182 1.0 0.013115343154868847
table-0302-43 2 11 0 99 207 2379 0.125 0.02105766929887533
table-0302-149 26 4 21 847 357 2573339 0.2 0.07342349344525623
table-0302-55 5 7 3 5 474 864 0.02631578947368421 0.23785166240409208
table-0302-57 13 7 7 5 474 864 0.02631578947368421 0.8103763244428206
table-0302-691 9 2 0 163 171 1128 0.5 0.11369509043927649
table-0302-443 1 2 1 38 101 0 1.0 0.013370865587614356
table-0302-383 0 1 0 314 539 253 1.0 0.0
table-0302-386 1 5 2 48 79 1355 1.0 0.11490683229813664
table-0302-121 6 2 0 99 180 6931 0.3333333333333333 0.066811515480717
table-0302-21 2 11 0 99 207 2379 0.125 0.020100502512562814
table-0302-994 9 7 16 4 22 544 0.5 0.17920148560817084
table-0302-884 16 9 0 186 321 1839 1.0 0.40863981319322823
table-0302-772 9 4 0 779 895 346552 0.07692307692307693 1.434881087202718
table-0302-615 0 1 0 143 148 9275 0.5 0.0
table-0302-258 1 6 0 70 107 1888 1.0 0.07465825446898001
table-0302-86 11 3 13 223 280 3814 1.0 0.03591664265821569
table-0302-427 1 2 1 40 87 0 1.0 0.02865761689291101
table-0302-560 5 5 0 170 387 326 1.0 0.02857142857142857
table-0302-741 1 5 2 33 35 838 1.0 0.3005464480874317
table-0302-725 4 5 8 30 28 775 1.0 1.7579617834394905
table-0302-957 1 2 1 51 91 7975 0.5 0.016888888888888887
table-0302-925 10 9 0 227 258 1791 1.0 0.835725677830941
table-0302-80 12 7 7 5 474 864 0.02631578947368421 0.7259773474607234
table-0302-310 3 3 0 451 417 36677 0.1111111111111111 0.00845229151014275
table-0302-39 2 11 0 99 207 2379 0.125 0.017946877243359655
table-0302-815 24 13 0 553 472 11610 0.0625 0.5900804289544236
table-0302-434 11 2 0 24 39 8360 0.2 0.1329953198127925
table-0302-449 1 2 0 15 23 2103 1.0 0.0178988326848249
table-0302-981 6 13 0 22 52 253 1.0 0.09274653626731866
table-0302-390 1 5 2 18 75 1395 1.0 0.04532304725168756
table-0302-328 4 3 0 82 230 32498 0.25 0.050008307027745474
table-0302-36 2 12 0 99 207 2379 0.125 0.022014836085187842
table-0302-740 1 5 2 26 30 1365 1.0 0.2768361581920904
table-0302-966 8 4 0 48 246 3195 0.1111111111111111 0.05314685314685315
table-0302-422 152 6 1 661 683 14779 1.0 1.9213913996165435
table-0302-609 16 11 7 76 106 1356 1.0 0.9204275534441805
table-0302-7 2 11 0 99 207 2379 0.125 0.019861210815984687
table-0302-130 7 4 0 75 68 701 1.0 0.5622489959839357
table-0302-318 14 4 0 82 52 88833 0.5 0.21728893373696603
table-0302-929 12 9 0 231 263 1769 1.0 0.9345509893455098
table-0302-409 3 3 1 48 72 57264 0.25 0.044589959463673216
table-0302-140 10 4 0 7 43 586 1.0 1.3610315186246418
table-0302-243 6 7 6 61 178 1019 0.1 0.1726176401040435
table-0302-327 11 3 0 82 230 32498 0.25 0.12958963282937366
table-0302-219 15 7 0 1035 344 188372 0.14285714285714285 0.08572957068342918
table-0302-554 3 3 3 84 81 6545 0.5 0.04201216141514649
table-0302-294 0 0 0 58 92 2677 0.3333333333333333 0.0
table-0302-477 1 3 0 52 77 3453 1.0 0.018826135105204873
table-0302-832 1 1 0 9 16 3186 1.0 0.0031069884726224782
table-0302-9 2 12 0 99 207 2379 0.125 0.022014836085187842
table-0302-252 1 2 0 0 0 0 0.0 23.0
table-0302-309 3 3 0 451 417 36677 0.1111111111111111 0.007700976709241172
