table_id rows cols nulls inlinks outlinks views table_imp table_fraction
table-0203-765 27 7 52 93 281 12802 0.038461538461538464 2.606404958677686
table-0203-214 7 2 0 208 74 27274 0.16666666666666666 0.06341463414634146
table-0203-805 3 3 0 52 95 1241 1.0 0.018807092960773777
table-0203-981 1 2 0 112 81 11818 0.16666666666666666 0.038447718289615525
table-0203-543 4 9 0 589 380 18448 0.08333333333333333 0.03503746143675628
table-0203-10 0 0 0 209 256 14675 0.2 0.0
table-0203-70 8 2 0 142 213 4328 1.0 0.00746574780539831
table-0203-112 5 3 0 71 97 3649 1.0 0.12999799075748442
table-0203-778 1 3 0 47 57 1555 1.0 0.07384615384615385
table-0203-138 7 3 1 252 224 20828 0.07142857142857142 0.07217391304347825
table-0203-673 2 4 0 49 180 1955 0.010752688172043012 0.009426551453260016
table-0203-38 9 3 0 55 107 1312 1.0 0.38623751387347394
table-0203-967 1 3 0 93 122 1349 0.5 0.16557161629434955
table-0203-649 7 2 0 49 180 1955 0.010752688172043012 0.012830583922492799
table-0203-659 4 2 0 49 180 1955 0.010752688172043012 0.0068080649384655665
table-0203-562 6 4 0 104 142 22503 0.3333333333333333 0.15675675675675677
table-0203-361 18 4 18 164 441 65984 0.16666666666666666 0.021582070846695417
table-0203-643 5 2 0 49 180 1955 0.010752688172043012 0.009164702801780571
table-0203-59 2 6 0 117 377 1480 1.0 0.09054054054054055
table-0203-599 4 3 4 252 684 18735 0.037037037037037035 0.10218978102189781
table-0203-839 2 5 4 92 102 744 1.0 0.24963289280469897
table-0203-245 46 5 77 11 380 5387 0.5 32.60526315789474
table-0203-500 14 3 0 26 52 7292 0.3333333333333333 0.05692362598144183
table-0203-546 4 9 0 589 380 18448 0.08333333333333333 0.04098721903922433
table-0203-845 2 5 4 92 102 744 1.0 0.23494860499265785
table-0203-642 5 2 0 49 180 1955 0.010752688172043012 0.015187221785807803
table-0203-465 2 2 0 117 159 15821 0.25 0.040226921093347086
table-0203-730 6 2 0 175 132 8147 1.0 0.033502772643253236
table-0203-613 4 2 0 49 180 1955 0.010752688172043012 0.007069913589945012
table-0203-118 12 4 0 92 112 6622 0.2 1.2
table-0203-608 15 6 0 49 180 1955 0.010752688172043012 0.22178580780308982
table-0203-850 4 3 0 114 116 2739 1.0 0.1769653833710773
table-0203-360 1 3 0 106 217 24016 0.5 0.02278100150440576
table-0203-919 2 2 0 13 54 7170 0.16666666666666666 0.04400606980273141
table-0203-375 7 5 0 157 178 2713 0.125 1.1356321839080459
table-0203-686 5 2 0 49 180 1955 0.010752688172043012 0.008379156847342237
table-0203-669 4 2 0 49 180 1955 0.010752688172043012 0.007069913589945012
table-0203-166 13 6 38 925 437 38442 1.0 0.08302755146464333
table-0203-929 2 5 4 114 113 1347 1.0 0.26537785588752194
table-0203-731 1 1 0 175 132 8147 1.0 0.009011090573012939
table-0203-937 2 5 4 114 113 1347 1.0 0.27768014059753954
table-0203-953 8 2 8 27 75 5485 1.0 0.1131957473420888
table-0203-236 2 6 0 68 46 8632 0.16666666666666666 0.07328680203045686
table-0203-264 9 4 0 398 282 28676 0.25 0.0135037510419561
table-0203-152 0 1 0 232 88 38526 1.0 0.0
table-0203-25 7 3 0 143 111 6408 0.5 0.20366821790309333
table-0203-295 0 1 0 53 30 10284 1.0 0.0
table-0203-334 20 4 0 201 208 11543 0.25 0.287781614865976
table-0203-706 2 6 0 233 373 9796 0.3333333333333333 0.0029579964504042595
table-0203-282 3 2 0 68 46 4445 0.3333333333333333 0.007401924500370096
table-0203-453 10 5 11 578 522 56250 0.5 0.021657680709129122
table-0203-569 3 3 0 63 61 2045 0.5 0.03140333660451423
table-0203-582 2 3 2 252 684 18735 0.037037037037037035 0.0338420703384207
table-0203-302 1 5 2 4 492 1168 0.043478260869565216 0.4788732394366197
table-0203-202 20 12 0 366 297 47040 0.5 0.6673469387755102
table-0203-415 7 8 0 135 250 2476 0.1111111111111111 0.05684472823547734
table-0203-254 4 5 4 226 352 129248 0.16666666666666666 0.010282167933310542
table-0203-353 21 2 0 172 427 91655 0.125 0.0206033670684283
table-0203-19 5 7 0 916 958 18728 0.5 0.3106796116504854
table-0203-178 1 3 0 13 19 669 1.0 0.036094400740397964
table-0203-563 3 2 0 12 38 1523 0.3333333333333333 0.009940357852882704
table-0203-261 4 2 0 16 47 2052 0.5 0.04541895066562255
table-0203-742 79 7 103 93 281 12802 0.038461538461538464 7.332644628099174
table-0203-123 12 5 0 247 90 34166 0.5 0.2512784341385999
table-0203-451 2 10 4 122 228 1588 0.1111111111111111 0.03648648648648649
table-0203-688 5 2 0 49 180 1955 0.010752688172043012 0.015187221785807803
table-0203-151 7 10 1 136 249 7548 1.0 0.07309582309582309
table-0203-857 3 5 6 104 110 1356 1.0 0.43727598566308246
table-0203-913 2 5 4 96 118 1079 1.0 0.2982758620689655
table-0203-993 68 7 95 85 147 5183 1.0 2.5176600441501105
table-0203-148 4 3 0 37 51 1234 1.0 0.301498127340824
table-0203-61 17 4 0 54 64 900 0.5 0.360032693093584
table-0203-420 2 9 0 135 250 2476 0.1111111111111111 0.01027877277682604
table-0203-110 2 4 0 3 5 48 1.0 1.0155440414507773
table-0203-198 15 4 11 324 302 3200 1.0 0.12995278176965716
table-0203-685 5 2 0 49 180 1955 0.010752688172043012 0.009950248756218905
table-0203-104 6 4 4 57 70 2057 1.0 0.11669770328988206
table-0203-117 10 4 0 92 112 6622 0.2 1.1846153846153846
table-0203-560 5 3 0 589 380 18448 0.08333333333333333 0.08924636403702071
table-0203-834 12 4 0 355 391 2395 1.0 0.01920562784037851
table-0203-275 1 3 0 65 65 3277 1.0 0.058849557522123896
table-0203-162 14 8 25 925 437 38442 1.0 0.09129921014988494
table-0203-167 2 2 1 50 64 2295 1.0 0.037359900373599
table-0203-972 0 1 0 195 336 2446 1.0 0.0
table-0203-328 8 2 0 101 115 53038 0.2 0.13783062363504003
table-0203-92 1 11 1 57 68 11263 0.5 0.011677934849416103
table-0203-515 1 4 0 89 526 65886 0.1111111111111111 0.17455621301775148
table-0203-637 2 4 0 49 180 1955 0.010752688172043012 0.008379156847342237
table-0203-354 6 2 0 172 427 91655 0.125 0.003284944808096423
table-0203-466 1 2 0 117 159 15821 0.25 0.009283135636926251
table-0203-660 2 4 0 49 180 1955 0.010752688172043012 0.007331762241424456
table-0203-98 1 4 0 13 52 1788 1.0 0.016984045290787442
table-0203-581 1 3 1 252 684 18735 0.037037037037037035 0.0205706702057067
table-0203-507 3 2 0 185 180 6295 0.5 0.07023411371237458
table-0203-878 3 4 0 57 92 1652 0.03333333333333333 0.20317145688800792
table-0204-1000 1 3 0 192 177 362227 1.0 0.007696331166405141
table-0203-620 7 2 0 49 180 1955 0.010752688172043012 0.01335428122545169
table-0203-373 3 2 0 157 178 2713 0.125 0.11264367816091954
table-0203-194 15 4 11 354 390 5176 1.0 0.07518883039597161
table-0203-186 26 3 0 982 824 19534 1.0 0.497364953886693
table-0203-508 15 4 0 167 286 139220 0.5 0.04224334188559246
table-0203-33 13 4 0 61 51 8367 0.3333333333333333 0.06949222512728774
table-0203-909 2 5 4 96 118 1079 1.0 0.28793103448275864
table-0203-80 47 5 116 48 161 3221 0.14285714285714285 0.20793561669474078
table-0203-23 5 3 0 176 136 17653 1.0 0.04770944064793723
table-0203-638 5 2 0 49 180 1955 0.010752688172043012 0.015972767740246138
table-0203-127 5 3 1 252 224 20828 0.07142857142857142 0.03101449275362319
table-0203-27 5 3 0 80 166 31052 1.0 0.03934266979681049
table-0203-766 77 7 120 93 281 12802 0.038461538461538464 10.78099173553719
table-0203-433 60 6 0 125 235 1618 0.125 1.274524158125915
table-0203-450 19 6 0 122 228 1588 0.1111111111111111 0.45337837837837835
table-0203-683 2 4 0 49 180 1955 0.010752688172043012 0.008117308195862791
table-0203-824 1 5 2 100 104 965 1.0 0.17412140575079874
table-0203-720 2 6 0 233 373 9796 0.3333333333333333 0.0024649970420035495
table-0203-496 6 3 6 606 448 9903 1.0 0.05411284840244732
table-0203-274 3 2 0 136 116 51422 0.5 0.01886108088501995
table-0203-20 5 2 0 916 958 18728 0.5 0.1262135922330097
table-0203-781 152 5 0 93 388 114251 0.5 4.897285790313997
table-0203-873 9 10 34 706 967 22348 1.0 0.04729470452801228
table-0203-462 1 3 0 11 8 781 1.0 0.5738636363636364
table-0203-983 12 3 0 112 81 11818 0.16666666666666666 0.18900467121810996
table-0203-346 2 2 0 109 179 33607 0.25 0.009885330170027679
table-0203-859 2 5 4 104 110 1356 1.0 0.32974910394265233
table-0203-698 5 2 0 49 180 1955 0.010752688172043012 0.015710919088766692
table-0203-463 7 3 7 1267 350 76117 0.5 0.07228017883755589
table-0203-53 0 1 0 10 14 2062 1.0 0.0
table-0203-717 2 6 0 233 373 9796 0.3333333333333333 0.0025635969236836916
table-0203-931 2 5 4 114 113 1347 1.0 0.20035149384885764
table-0203-39 23 5 0 277 32 5092 0.5 0.7636255924170616
table-0203-410 2 3 0 19 44 496 1.0 0.1338701560140916
table-0203-13 21 7 0 76 35 922 0.5 1.225859247135843
table-0203-906 2 5 4 96 118 1079 1.0 0.2810344827586207
table-0203-651 5 2 0 49 180 1955 0.010752688172043012 0.016234616391725583
table-0203-304 2 5 3 4 492 1168 0.043478260869565216 0.7746478873239436
table-0203-653 4 2 0 49 180 1955 0.010752688172043012 0.0068080649384655665
table-0203-348 0 1 0 210 513 113 1.0 0.0
table-0203-26 3 2 0 20 52 6868 0.5 0.05736137667304015
table-0203-228 4 17 4 27090 986 975804 0.043478260869565216 0.0014488497307880567
table-0203-389 1 3 0 40 63 637 1.0 0.0725
table-0203-342 17 2 0 109 179 33607 0.25 0.0771055753262159
table-0203-954 26 7 0 27 75 5485 1.0 1.2732958098811757
table-0203-785 4 5 0 268 229 9202 1.0 0.24306688417618272
table-0203-408 35 9 27 67 80 4068 0.3333333333333333 0.23300653594771242
table-0203-47 3 4 4 15 26 3534 0.5 0.14654454621149043
table-0203-428 2 10 2 124 219 1543 0.1111111111111111 0.014187271990271585
table-0203-460 6 7 0 109 141 6088 1.0 0.18609967992684043
table-0203-784 4 5 0 268 229 9202 1.0 0.2226753670473083
table-0203-255 18 2 0 226 352 129248 0.16666666666666666 0.020012096668156835
table-0203-610 8 2 0 49 180 1955 0.010752688172043012 0.015710919088766692
table-0203-431 6 3 0 14 70 261 1.0 0.0260502229523586
table-0203-319 3 5 5 4 492 1168 0.043478260869565216 1.4507042253521127
table-0203-846 2 5 4 92 102 744 1.0 0.2276064610866373
table-0203-218 5 4 1 27090 986 975804 0.043478260869565216 0.000998531571218796
table-0203-480 25 7 0 119 225 2035 0.125 0.46095598674869853
table-0203-775 5 5 0 506 228 52054 0.2 0.01901449275362319
table-0203-11 4 5 0 209 256 14675 0.2 0.0385894876912841
table-0203-126 5 2 1 235 260 115011 0.5 0.0318495778971604
table-0203-944 74 4 26 138 252 51848 0.5 6.6219667943805876
table-0203-514 5 4 0 89 526 65714 0.1111111111111111 0.6715976331360947
table-0203-441 23 6 0 126 225 1715 0.125 0.6403831982313928
table-0203-103 6 18 0 126 192 676 1.0 0.3194695599758891
table-0203-439 6 10 0 126 225 1715 0.125 0.3168754605747974
table-0203-68 14 2 2 133 185 4788 1.0 0.019354201639182382
table-0203-891 9 7 1 57 92 1649 0.03333333333333333 1.9078295341922695
table-0203-576 0 1 0 23 28 1514 1.0 0.0
table-0203-286 1 3 0 24 37 4614 1.0 0.09541511771995044
table-0203-81 13 6 22 48 161 3204 0.14285714285714285 0.07074677147669849
table-0203-181 4 2 0 154 204 238 1.0 0.04673619157976053
table-0203-853 2 5 4 104 110 1355 1.0 0.27060931899641577
table-0203-917 0 1 0 22 61 1946 1.0 0.0
table-0203-682 4 2 0 49 180 1953 0.010752688172043012 0.006284367635506678
table-0203-565 2 3 2 95 92 10072 0.5 0.013435499107798888
table-0203-355 1 2 0 172 427 91425 0.125 0.0004589261128958238
table-0203-320 6 5 7 4 492 1166 0.043478260869565216 2.612676056338028
table-0203-922 2 3 0 11 28 409 1.0 0.1907250163291966
table-0203-239 4 3 0 105 232 4021 1.0 0.010507093692934401
table-0203-291 13 10 0 47 24 1494 0.5 3.202020202020202
table-0203-388 10 3 1 359 300 259745 1.0 0.06668125775151383
table-0203-612 5 2 0 49 180 1953 0.010752688172043012 0.014925373134328358
table-0203-911 2 5 4 96 118 1078 1.0 0.28793103448275864
table-0203-668 5 2 0 49 180 1953 0.010752688172043012 0.014925373134328358
table-0203-325 8 4 0 231 221 11862 0.3333333333333333 0.32038834951456313
table-0203-287 4 2 4 74 106 57294 1.0 0.038540949759119064
table-0203-306 3 5 4 4 492 1166 0.043478260869565216 1.232394366197183
table-0203-753 32 7 48 93 281 12786 0.038461538461538464 3.449380165289256
table-0203-752 71 7 101 93 281 12786 0.038461538461538464 8.952479338842975
table-0203-594 9 3 9 252 684 18658 0.037037037037037035 0.21300597213005973
table-0203-211 6 3 0 13 106 587 0.1111111111111111 0.17957166392092258
table-0203-648 5 2 0 49 180 1953 0.010752688172043012 0.015710919088766692
table-0203-476 38 7 3 129 90 4614 0.3333333333333333 2.421516754850088
table-0203-970 2 3 0 9 10 1239 1.0 0.5
table-0203-17 12 2 0 33 65 7185 0.3333333333333333 0.3446777697320782
table-0203-134 6 3 1 252 224 20795 0.07142857142857142 0.04115942028985507
table-0203-622 5 2 0 49 180 1953 0.010752688172043012 0.016234616391725583
table-0203-285 12 5 18 157 163 26072 0.5 0.11049902786779002
table-0203-402 4 3 0 82 116 534 0.3333333333333333 0.26490066225165565
table-0203-18 1 2 0 33 65 7185 0.3333333333333333 0.017378711078928313
table-0203-268 1 2 0 15 18 356 1.0 0.035
table-0203-947 0 1 0 27 75 5463 1.0 0.0
table-0203-623 4 2 0 49 180 1953 0.010752688172043012 0.007069913589945012
table-0203-124 2 5 2 13 16 12370 0.5 0.046347211311861744
table-0203-94 1 5 1 57 68 11243 0.5 0.006146281499692686
table-0203-755 29 7 46 93 281 12786 0.038461538461538464 2.9710743801652892
table-0203-567 21 4 3 95 92 10072 0.5 0.2084601658444421
table-0203-7 1 3 0 19 30 3336 1.0 0.16763848396501457
table-0203-862 2 5 4 104 110 1355 1.0 0.25089605734767023
table-0203-262 5 4 0 397 282 28616 0.25 0.008780216726868574
table-0203-454 7 11 10 966 594 259055 0.2 0.01053567953743085
table-0203-72 2 4 0 483 390 54169 0.3333333333333333 0.0180519738147193
table-0203-503 10 4 0 296 445 28849 0.25 0.11459672580783406
table-0203-217 4 10 0 63 27 2026 0.5 0.48783977110157367
table-0203-317 3 5 2 4 492 1166 0.043478260869565216 1.4154929577464788
table-0203-411 1 2 1 225 248 1026 1.0 0.0012709880259549134
table-0203-51 13 3 0 64 91 518 1.0 3.0606060606060606
table-0203-89 3 4 3 416 491 16057 0.25 0.05275924802910855
table-0203-774 8 4 0 506 228 51921 0.2 0.050666666666666665
table-0203-209 2 5 0 13 106 587 0.1111111111111111 0.043382756727073035
table-0203-872 9 7 26 706 967 22294 1.0 0.03175364543361474
table-0203-674 5 2 0 49 180 1953 0.010752688172043012 0.014401675831369469
table-0203-573 15 9 0 39 76 2580 0.5 0.22300819061801935
table-0203-351 10 2 6 172 427 91425 0.125 0.007439433830100722
table-0203-552 2 5 0 589 380 18413 0.08333333333333333 0.06632877919788453
table-0203-403 32 3 2 82 116 534 0.3333333333333333 8.086092715231787
table-0203-916 54 4 0 163 243 22021 0.5 5.231043710972346
table-0203-400 22 4 0 30 123 3774 0.5 0.8401789345262302
table-0203-907 2 5 4 96 118 1078 1.0 0.28448275862068967
table-0203-697 2 4 0 49 180 1953 0.010752688172043012 0.009426551453260016
table-0203-386 14 3 21 9 4 903 1.0 1.4411764705882353
table-0203-1 33 4 8 32 393 8401 0.1111111111111111 9.590529247910863
table-0203-662 3 2 0 49 180 1953 0.010752688172043012 0.0054988216810683424
table-0203-676 4 2 0 49 180 1953 0.010752688172043012 0.008379156847342237
table-0203-693 2 4 0 49 180 1953 0.010752688172043012 0.008117308195862791
table-0203-915 2 5 4 96 118 1078 1.0 0.29310344827586204
table-0203-392 0 1 0 144 150 35402 1.0 0.0
table-0203-489 9 3 9 2191 403 351254 0.25 0.007974071406523306
table-0203-950 2 5 0 27 75 5463 1.0 0.04878048780487805
table-0203-893 3 4 0 57 92 1649 0.03333333333333333 0.20812685827552033
table-0203-518 9 4 0 89 526 65714 0.1111111111111111 2.224852071005917
table-0203-87 17 8 0 50 64 1251 0.125 2.3450184501845017
table-0203-884 3 4 0 57 92 1649 0.03333333333333333 0.2319127849355798
table-0203-156 4 2 0 24 86 6123 0.2 0.03503937007874016
table-0203-750 19 7 37 93 281 12786 0.038461538461538464 1.5578512396694215
table-0203-995 10 6 0 186 152 7043 0.3333333333333333 0.07844036697247707
table-0203-551 4 5 0 589 380 18413 0.08333333333333333 0.13309828118113706
table-0203-481 3 9 0 119 225 2030 0.125 0.06057737813535258
table-0203-5 49 4 49 32 393 8401 0.1111111111111111 9.90807799442897
table-0203-491 2 5 0 12 112 616 0.5 0.15657620041753653
table-0203-671 5 2 0 49 180 1953 0.010752688172043012 0.014925373134328358
table-0203-308 4 5 7 4 492 1166 0.043478260869565216 1.9577464788732395
table-0203-350 6 12 21 100 194 271 1.0 0.14637767220902612
table-0203-83 5 5 0 180 259 10652 0.5 0.0052211687064032414
table-0203-813 7 11 1 156 152 3763 0.16666666666666666 0.029927062185126703
table-0203-885 10 4 0 57 92 1649 0.03333333333333333 0.7244796828543112
table-0203-490 31 8 124 2191 403 351254 0.25 0.05409507150941455
table-0203-986 1 3 0 377 390 39068 0.5 0.02036700947771728
table-0203-597 29 3 29 252 684 18658 0.037037037037037035 0.7710683477106834
table-0203-868 20 5 0 1206 895 75993 1.0 0.05691103202846975
table-0203-513 54 4 0 89 526 65714 0.1111111111111111 11.875739644970414
table-0203-358 29 13 0 336 470 25011 1.0 0.20575842696629212
table-0203-111 1 3 0 3 5 48 1.0 0.689119170984456
table-0203-142 2 2 2 9 68 2596 0.3333333333333333 0.02293202293202293
table-0203-904 2 5 4 96 118 1078 1.0 0.35344827586206895
table-0203-477 29 7 3 129 90 4614 0.3333333333333333 1.7019400352733687
table-0203-161 1 3 0 289 93 17403 1.0 0.020562158083380494
table-0203-633 4 2 0 49 180 1953 0.010752688172043012 0.007331762241424456
table-0203-54 8 4 6 148 85 200400 0.25 0.2758430071862908
table-0203-639 4 2 0 49 180 1953 0.010752688172043012 0.007069913589945012
table-0203-856 2 5 4 104 110 1355 1.0 0.34587813620071683
table-0203-107 10 3 0 233 138 30365 1.0 0.16208859193268993
table-0203-670 2 4 0 49 180 1953 0.010752688172043012 0.008117308195862791
table-0203-769 2 6 2 34 24 6100 0.3333333333333333 0.09675881792183032
table-0203-344 9 3 0 109 179 33508 0.25 0.0705153552128641
table-0203-968 24 6 0 20 63 1520 0.5 0.5359907120743034
table-0203-85 0 1 0 282 130 29968 1.0 0.0
table-0203-631 2 4 0 49 180 1953 0.010752688172043012 0.009426551453260016
table-0203-758 3 5 3 93 281 12786 0.038461538461538464 0.29958677685950413
table-0203-894 3 4 0 57 92 1649 0.03333333333333333 0.19722497522299307
table-0203-485 11 2 0 208 311 170947 0.5 0.01661865721249723
table-0203-611 2 4 0 49 180 1953 0.010752688172043012 0.007069913589945012
table-0203-956 86 15 157 27 75 5463 1.0 7.906191369606003
table-0203-559 9 2 0 589 380 18413 0.08333333333333333 0.0636844424856765
table-0203-362 10 2 6 164 441 65840 0.16666666666666666 0.006082052416233551
table-0203-757 28 7 60 93 281 12786 0.038461538461538464 3.1208677685950414
table-0203-540 4 5 4 589 380 18413 0.08333333333333333 0.13530189510797708
table-0203-153 1 2 0 26 42 6206 1.0 0.028785982478097622
table-0203-283 14 5 0 1399 203 127191 0.25 0.6563504823151125
table-0203-675 5 2 0 49 180 1953 0.010752688172043012 0.014139827179890024
table-0203-121 2 3 0 78 105 1609 1.0 0.018056089127929314
table-0203-709 2 6 0 233 373 9775 0.3333333333333333 0.0023663971603234074
table-0203-854 2 5 4 104 110 1355 1.0 0.2867383512544803
table-0203-556 18 3 0 589 380 18413 0.08333333333333333 0.3142353459673865
table-0203-754 3 7 9 93 281 12786 0.038461538461538464 0.23863636363636365
table-0203-372 2 2 0 157 178 2709 0.125 0.06896551724137931
table-0203-695 4 2 0 49 180 1953 0.010752688172043012 0.007069913589945012
table-0203-681 5 2 0 49 180 1953 0.010752688172043012 0.015972767740246138
table-0203-870 30 5 0 225 131 2179 0.5 0.8939114391143912
table-0203-6 3 3 0 64 57 2252 1.0 0.03163114863959255
table-0203-187 4 6 2 103 117 20108 0.5 0.0728744939271255
table-0203-979 0 0 0 51 102 17559 1.0 0.0
table-0203-522 9 10 4 41 117 531 1.0 0.29751131221719457
table-0203-802 4 3 0 52 70 1321 1.0 0.031783205085312814
table-0203-322 5 5 7 4 492 1166 0.043478260869565216 2.26056338028169
table-0203-29 2 3 0 33 60 6385 0.5 0.055131004366812224
table-0203-222 3 3 4 27090 986 972714 0.043478260869565216 0.0003915810083210964
table-0203-825 2 5 4 100 104 962 1.0 0.3035143769968051
table-0203-577 11 4 0 172 217 147695 1.0 0.13284652831155522
table-0203-365 4 2 0 164 441 65840 0.16666666666666666 0.0036308009878727563
table-0203-390 46 8 37 144 150 35402 1.0 0.6995648389904264
table-0203-289 2 6 0 136 55 22414 1.0 0.021753039027511197
table-0203-589 1 3 1 252 684 18658 0.037037037037037035 0.051758460517584606
table-0203-740 5 7 10 93 281 12786 0.038461538461538464 0.3202479338842975
table-0203-157 3 2 0 24 86 6123 0.2 0.03661417322834646
table-0203-998 9 4 0 39 120 19973 1.0 0.020491628679759726
table-0203-498 20 5 0 606 448 9868 1.0 0.13256288239293
table-0203-823 2 5 4 100 104 962 1.0 0.24440894568690097
table-0203-443 19 6 0 126 225 1715 0.125 0.48415622697126015
table-0203-437 18 6 0 125 235 1617 0.125 0.229502196193265
table-0203-571 11 2 0 485 251 154345 0.5 0.0188403146149625
table-0203-963 1 3 0 26 52 16637 1.0 0.07026627218934911
table-0203-734 4 5 0 546 614 4034 1.0 0.050175893353082764
table-0203-252 10 4 0 512 227 48180 0.5 0.06587458745874587
table-0203-545 4 5 4 589 380 18413 0.08333333333333333 0.1388276773909211
table-0203-155 2 3 0 24 86 6123 0.2 0.09724409448818898
table-0203-446 6 10 0 122 228 1584 0.1111111111111111 0.2891891891891892
table-0203-394 2 3 0 9 11 863 1.0 0.3611738148984199
table-0203-955 8 7 20 27 75 5463 1.0 0.21263289555972484
table-0203-721 2 6 0 233 373 9775 0.3333333333333333 0.0027607966870439754
table-0203-630 2 4 0 49 180 1953 0.010752688172043012 0.008379156847342237
table-0203-975 2 3 0 9 67 891 1.0 0.08870967741935484
table-0203-792 0 1 0 22 93 2073 0.3333333333333333 0.0
table-0203-819 42 3 0 259 403 17288 0.02040816326530612 0.9820491576912456
table-0203-130 5 3 1 252 224 20795 0.07142857142857142 0.04
table-0203-634 2 4 0 49 180 1953 0.010752688172043012 0.009426551453260016
table-0203-542 4 5 4 589 380 18413 0.08333333333333333 0.14279418245923314
table-0203-102 1 2 0 70 99 4547 0.3333333333333333 0.035130434782608695
table-0203-988 9 3 0 320 322 21045 1.0 0.01684836471754212
table-0203-960 2 3 0 55 43 6753 1.0 0.057402935166264164
table-0203-197 1 3 0 16 39 1040 1.0 0.10955569080949483
table-0203-145 3 3 0 26 25 2009 1.0 0.28419452887537994
table-0203-464 0 1 0 1267 350 75955 0.5 0.0
table-0203-604 1 3 1 252 684 18658 0.037037037037037035 0.023224950232249502
table-0203-158 1 2 0 24 86 6123 0.2 0.0066929133858267716
table-0203-99 0 1 0 13 52 1783 1.0 0.0
table-0203-838 2 5 4 92 102 742 1.0 0.24963289280469897
table-0203-833 21 4 3 355 391 2386 1.0 0.05437963020606362
table-0203-876 1 3 0 21 27 876 1.0 0.16342412451361868
table-0203-591 13 3 13 252 684 18658 0.037037037037037035 0.38420703384207033
table-0203-962 19 5 0 23 66 7519 0.3333333333333333 0.48336594911937375
table-0203-869 23 5 0 1206 895 75993 1.0 0.03339501779359431
table-0203-316 5 5 8 4 492 1166 0.043478260869565216 1.9788732394366197
table-0203-143 2 4 0 9 68 2596 0.3333333333333333 0.05036855036855037
table-0203-710 2 6 0 233 373 9775 0.3333333333333333 0.0027607966870439754
table-0203-424 50 7 0 124 219 1534 0.1111111111111111 0.7908390758005674
table-0203-539 4 9 0 589 380 18413 0.08333333333333333 0.030189510797708242
table-0203-133 5 4 3 252 224 20795 0.07142857142857142 0.0663768115942029
table-0203-658 5 2 0 49 180 1953 0.010752688172043012 0.015972767740246138
table-0203-457 39 4 0 7 23 23167 0.14285714285714285 0.6061643835616438
table-0203-299 3 13 0 683 182 11816 0.2 0.1690929451287794
table-0203-984 18 3 8 112 81 11790 0.16666666666666666 0.22493711821775064
table-0203-452 4 6 3 122 228 1584 0.1111111111111111 0.06554054054054054
table-0203-882 3 4 0 57 92 1649 0.03333333333333333 0.2319127849355798
table-0203-520 15 2 0 151 195 1809 0.3333333333333333 0.0889348500517063
table-0203-229 3 11 6 506 473 28703 0.5 0.04480386688975646
table-0203-865 2 5 4 104 110 1355 1.0 0.32974910394265233
table-0203-636 5 2 0 49 180 1953 0.010752688172043012 0.008379156847342237
table-0203-529 1 3 0 41 117 531 1.0 0.019457013574660634
table-0203-644 2 4 0 49 180 1953 0.010752688172043012 0.009426551453260016
table-0203-536 3 4 3 589 380 18413 0.08333333333333333 0.07800793301013663
table-0203-700 1 3 0 50 45 7506 1.0 0.06310096153846154
table-0203-603 1 3 1 252 684 18658 0.037037037037037035 0.025215660252156602
table-0203-175 2 3 0 35 43 1373 1.0 0.1217855409995148
table-0203-703 4 8 0 233 373 9775 0.3333333333333333 0.04289094853086176
table-0203-713 4 10 4 233 373 9775 0.3333333333333333 0.027016367580358903
table-0203-617 2 4 0 49 180 1953 0.010752688172043012 0.008902854150301126
table-0203-701 15 2 0 465 262 138941 0.5 0.03140974667726911
table-0203-288 0 1 0 22 34 2427 1.0 0.0
table-0203-684 5 2 0 49 180 1953 0.010752688172043012 0.015710919088766692
table-0203-315 1 5 1 4 492 1166 0.043478260869565216 0.38028169014084506
table-0203-798 2 5 2 13 27 747 1.0 0.13213885778275475
table-0203-168 0 1 0 33 65 933 1.0 0.0
table-0203-341 5 2 2 109 179 33508 0.25 0.020825095558191644
table-0203-656 4 2 0 49 180 1953 0.010752688172043012 0.006546216286986122
table-0203-654 2 4 0 49 180 1953 0.010752688172043012 0.009426551453260016
table-0203-309 2 5 3 4 492 1166 0.043478260869565216 1.0070422535211268
table-0203-574 16 4 0 181 251 149955 1.0 0.11793286219081273
table-0203-541 4 9 0 589 380 18413 0.08333333333333333 0.03966505068312032
table-0203-564 5 2 0 12 38 1519 0.3333333333333333 0.024621501758678697
table-0203-948 5 7 0 27 75 5463 1.0 0.14509068167604752
table-0203-584 1 3 1 252 684 18658 0.037037037037037035 0.029197080291970802
table-0203-327 4 3 0 101 115 52914 0.2 0.03518563455471973
table-0203-149 1 3 0 27 53 5617 1.0 0.04170008019246191
table-0203-204 2 3 0 128 118 2278 1.0 0.2561078348778433
table-0203-923 3 3 0 85 116 489 0.3333333333333333 0.15845070422535212
table-0203-172 49 7 53 21 145 5117 0.1111111111111111 0.7485392542228833
table-0203-519 2 2 1 26 46 5209 1.0 0.03840782122905028
table-0203-303 2 5 2 4 492 1166 0.043478260869565216 0.8591549295774648
table-0203-140 8 12 0 133 101 28731 0.5 0.11521367521367522
table-0203-357 4 3 0 172 427 91425 0.125 0.004226951039829956
table-0203-471 4 5 4 184 193 6288 1.0 0.04730208185809375
table-0203-707 2 6 0 233 373 9775 0.3333333333333333 0.0028593965687241174
table-0203-95 9 2 0 499 477 38557 0.5 0.011525497444818962
table-0203-855 2 5 4 104 110 1355 1.0 0.2867383512544803
table-0203-343 2 2 0 109 179 33508 0.25 0.00896269935415843
table-0203-46 1 3 0 269 284 25296 1.0 0.026080868195343953
table-0203-716 2 6 0 233 373 9775 0.3333333333333333 0.0029579964504042595
table-0203-313 8 5 11 4 492 1166 0.043478260869565216 3.352112676056338
table-0203-212 5 2 0 208 74 27237 0.16666666666666666 0.006387921022067364
table-0203-413 6 5 0 99 184 11554 1.0 0.018529241459177764
table-0203-663 2 4 0 49 180 1953 0.010752688172043012 0.00864100549882168
table-0203-602 2 3 2 252 684 18658 0.037037037037037035 0.10086264100862641
table-0203-391 1 3 0 144 150 35402 1.0 0.018624891209747606
table-0203-8 1 6 1 209 256 14654 0.2 0.018296739853626082
table-0203-586 18 3 18 252 684 18658 0.037037037037037035 0.4359654943596549
table-0203-914 3 5 6 96 118 1078 1.0 0.3775862068965517
table-0203-976 9 3 0 18 66 2503 0.5 0.08583690987124463
table-0203-783 8 5 5 268 229 9179 1.0 0.4469820554649266
table-0203-664 2 4 0 49 180 1953 0.010752688172043012 0.008117308195862791
table-0203-964 10 3 0 32 48 4576 1.0 0.35506117908787543
table-0203-826 2 5 4 100 104 962 1.0 0.1900958466453674
table-0203-100 7 17 14 552 609 4982 1.0 0.017294388931591083
table-0203-195 17 4 0 45 23 2191 1.0 1.1365638766519823
table-0203-647 2 4 0 49 180 1953 0.010752688172043012 0.009950248756218905
table-0203-307 2 5 2 4 492 1166 0.043478260869565216 1.3732394366197183
table-0203-848 2 7 0 91 184 5443 0.5 0.01145562853215213
table-0203-381 1 1 0 9 4 903 1.0 2.1705882352941175
table-0203-176 4 2 4 51 58 10484 1.0 0.026140894993354008
table-0203-943 33 4 31 138 180 3956 0.5 11.337373737373737
table-0203-585 1 3 1 252 684 18658 0.037037037037037035 0.025215660252156602
table-0203-300 4 7 0 683 182 11816 0.2 0.01791713325867861
table-0203-412 2 2 2 99 116 4628 1.0 0.07377049180327869
table-0203-912 2 5 4 96 118 1078 1.0 0.2982758620689655
table-0203-271 1 5 2 56 77 465 1.0 0.16
table-0203-371 21 5 3 143 134 76524 0.3333333333333333 0.4478052379195869
table-0203-864 2 5 4 104 110 1355 1.0 0.2724014336917563
table-0203-128 7 3 1 252 224 20795 0.07142857142857142 0.050144927536231884
table-0203-174 9 2 0 21 145 5117 0.1111111111111111 0.030171040050993306
table-0203-235 1 6 0 68 46 8617 0.16666666666666666 0.04092639593908629
table-0203-817 1 3 0 102 116 3228 1.0 0.05366492146596859
table-0203-596 2 3 2 252 684 18658 0.037037037037037035 0.055739880557398806
table-0203-996 102 6 36 22 200 16144 0.5 8.64669163545568
table-0203-575 30 12 0 128 156 8989 0.5 0.36549094375595803
table-0203-265 7 3 0 145 167 2713 1.0 0.14207569485511531
table-0203-4 71 5 77 32 393 8401 0.1111111111111111 13.52367688022284
table-0203-786 4 9 0 268 229 9179 1.0 0.11419249592169657
table-0203-473 89 11 59 591 255 57380 0.5 0.18372418779088157
table-0203-259 9 14 0 226 352 128970 0.16666666666666666 0.015173429405422463
table-0203-429 16 6 0 124 219 1534 0.1111111111111111 0.11187677340899878
table-0203-71 3 3 0 142 213 4321 1.0 0.017474772335712527
table-0203-154 1 5 2 101 70 2714 1.0 0.08365608055770721
table-0203-374 9 2 0 157 178 2709 0.125 0.15517241379310345
table-0203-965 11 5 0 82 28 22151 0.3333333333333333 0.3080568720379147
table-0203-928 2 5 4 114 113 1341 1.0 0.3409490333919156
table-0203-378 13 9 24 157 178 2709 0.125 0.8344827586206897
table-0203-957 30 7 0 27 75 5463 1.0 1.4252657911194497
table-0203-180 43 13 211 154 204 238 1.0 0.5195056006179992
table-0203-470 4 5 6 184 193 6288 1.0 0.051692394844922815
table-0203-366 6 3 0 164 441 65840 0.16666666666666666 0.004755059161782594
table-0203-321 3 5 5 4 492 1166 0.043478260869565216 1.352112676056338
table-0203-281 14 8 8 47 154 118618 0.5 0.0525896040532933
table-0203-531 5 3 4 41 117 531 1.0 0.0579185520361991
table-0203-530 22 3 0 41 117 531 1.0 0.3065610859728507
table-0203-874 20 5 0 706 967 22294 1.0 0.3192632386799693
table-0203-504 8 4 1 296 445 28849 0.25 0.10319705151281391
table-0203-116 1 4 0 92 112 6602 0.2 0.21153846153846154
table-0203-779 1 3 0 54 40 2539 1.0 0.20446096654275092
table-0203-249 22 4 4 22 36 142937 0.5 2.0844854070660523
table-0203-555 3 2 0 589 380 18413 0.08333333333333333 0.035698545614808286
table-0203-699 5 2 0 49 180 1953 0.010752688172043012 0.00864100549882168
table-0203-836 1 5 2 92 102 742 1.0 0.14977973568281938
table-0203-691 5 2 0 49 180 1953 0.010752688172043012 0.015710919088766692
table-0203-240 3 2 3 24 34 9531 1.0 0.03889304412864622
table-0203-52 8 3 0 42 65 2091 1.0 0.37067059690493737
table-0203-418 7 6 0 135 250 2459 0.1111111111111111 0.07693505684472823
table-0203-367 4 2 3 50 72 27832 0.5 0.0335633626097867
table-0203-615 5 2 0 49 180 1953 0.010752688172043012 0.015449070437287249
table-0203-902 3 5 6 96 118 1078 1.0 0.41379310344827586
table-0203-189 17 7 0 40 73 35561 0.5 0.10106560106560107
table-0203-590 16 3 16 252 684 18658 0.037037037037037035 0.5069674850696748
table-0203-203 20 10 7 366 297 46959 0.5 0.5591836734693878
table-0203-225 12 4 6 27090 986 972714 0.043478260869565216 0.002838962310327949
table-0203-689 7 2 0 49 180 1953 0.010752688172043012 0.01335428122545169
table-0203-336 6 4 0 129 110 8930 0.5 0.2914847161572052
table-0203-990 8 3 0 320 322 21045 1.0 0.01925527396290528
table-0203-301 1 5 1 4 492 1166 0.043478260869565216 0.323943661971831
table-0203-499 4 2 0 134 125 8661 0.5 0.07938931297709924
table-0203-279 2 2 2 95 118 14295 0.5 0.015804597701149427
table-0203-230 1 2 1 93 118 8890 1.0 0.0035774807004330636
table-0203-672 3 2 0 49 180 1953 0.010752688172043012 0.004975124378109453
table-0203-75 16 4 0 19 31 1914 0.25 0.12122328666175387
table-0203-818 2 2 0 27 59 3211 1.0 0.08481532147742818
table-0203-297 13 4 0 683 182 11816 0.2 0.391190742814483
table-0203-369 3 3 0 31 44 1580 1.0 0.230812324929972
table-0203-549 4 5 4 589 380 18413 0.08333333333333333 0.14477743499338916
table-0203-881 3 4 0 57 92 1649 0.03333333333333333 0.20317145688800792
table-0203-101 4 7 0 70 99 4547 0.3333333333333333 0.07304347826086957
table-0203-723 1 3 0 56 42 2476 1.0 0.416
table-0203-35 172 5 69 57 230 17662 0.5 193.2
table-0203-221 6 2 2 27090 986 972714 0.043478260869565216 0.0001957905041605482
table-0203-2 8 4 6 32 393 8401 0.1111111111111111 1.4066852367688023
table-0203-532 16 4 0 193 244 164110 1.0 0.18311874105865522
table-0203-483 2 8 0 119 225 2030 0.125 0.03454803596781827
table-0203-687 2 5 0 49 180 1953 0.010752688172043012 0.009950248756218905
table-0203-625 5 2 0 49 180 1953 0.010752688172043012 0.015187221785807803
table-0203-756 1 7 2 93 281 12786 0.038461538461538464 0.08987603305785125
table-0203-618 5 2 0 49 180 1953 0.010752688172043012 0.015710919088766692
table-0203-525 7 10 3 41 117 531 1.0 0.2891402714932127
table-0203-939 0 1 0 12 124 4229 1.0 0.0
table-0203-277 9 6 1 242 134 196183 0.3333333333333333 0.07667731629392971
table-0203-587 12 3 12 252 684 18658 0.037037037037037035 0.31254147312541475
table-0203-624 2 4 0 49 180 1953 0.010752688172043012 0.007855459544383346
table-0203-788 28 4 55 388 566 826 0.5 4.292817679558011
table-0203-136 5 3 1 252 224 20795 0.07142857142857142 0.0391304347826087
table-0203-220 8 17 3 27090 986 972714 0.043478260869565216 0.003191385217816936
table-0203-738 3 7 4 1589 1011 315241 1.0 0.11955383748087299
table-0203-768 4 2 0 34 24 6100 0.3333333333333333 0.5381315538608198
table-0203-815 0 1 0 116 55 42146 1.0 0.0
table-0203-474 2 4 0 129 90 4614 0.3333333333333333 0.42680776014109345
table-0203-231 2 1 0 1271 483 180802 0.5 0.006762849413886384
table-0203-278 8 17 14 585 543 13398 1.0 0.02287434161023326
table-0203-903 2 5 4 96 118 1078 1.0 0.3293103448275862
table-0203-383 1 1 0 9 4 903 1.0 2.476470588235294
table-0203-764 3 7 9 93 281 12786 0.038461538461538464 0.30578512396694213
table-0203-479 68 6 0 119 225 2030 0.125 2.101751064836725
table-0203-243 1 2 0 72 115 18816 0.25 0.0071909069821387145
table-0203-830 2 5 4 100 104 962 1.0 0.2571884984025559
table-0203-419 19 7 0 135 250 2459 0.1111111111111111 0.11540258526709235
table-0203-516 1 4 0 89 526 65714 0.1111111111111111 0.08579881656804733
table-0203-326 12 2 0 101 115 52914 0.2 0.17034700315457413
table-0203-43 5 10 0 89 144 6660 0.5 0.3044263775971093
table-0203-330 69 6 112 175 251 6316 0.5 7.699879951980792
table-0203-22 3 2 0 14 30 3034 1.0 0.054037644201578625
table-0203-896 3 4 0 57 92 1649 0.03333333333333333 0.19722497522299307
table-0203-42 2 3 0 126 175 13255 1.0 0.011954992967651195
table-0203-356 12 2 0 172 427 91425 0.125 0.015241177749329727
table-0203-940 41 3 2 279 238 6557 0.3333333333333333 0.8055957549445248
table-0203-436 2 10 2 125 235 1617 0.125 0.024890190336749635
table-0203-866 1 3 0 30 30 1008 1.0 0.08143153526970955
table-0203-215 8 2 0 208 74 27237 0.16666666666666666 0.06701509872241579
table-0203-705 2 6 0 233 373 9775 0.3333333333333333 0.0026621968053638337
table-0203-527 30 15 27 41 117 531 1.0 0.7049773755656109
table-0203-395 0 1 0 32 28 3974 1.0 0.0
table-0203-936 2 5 4 114 113 1341 1.0 0.27768014059753954
table-0203-296 15 4 0 683 182 11816 0.2 0.40276222471071293
table-0203-377 19 7 0 157 178 2709 0.125 1.1402298850574712
table-0203-844 2 5 4 92 102 742 1.0 0.2143906020558003
table-0203-242 8 4 6 72 115 18816 0.25 0.05822315008118766
table-0203-722 1 3 0 67 47 5624 1.0 0.1553956834532374
table-0203-900 3 5 6 96 118 1078 1.0 0.44655172413793104
table-0203-435 22 6 0 125 235 1617 0.125 0.30124450951683746
table-0203-416 48 7 0 135 250 2459 0.1111111111111111 0.5857343092976172
table-0203-690 2 4 0 49 180 1953 0.010752688172043012 0.009426551453260016
table-0203-91 153 5 0 74 51 6256 0.5 3.79297365119197
table-0203-858 1 5 2 104 110 1355 1.0 0.14874551971326164
table-0203-34 33 3 33 511 196 314636 0.5 0.08569026898734178
table-0203-492 1 4 0 12 112 616 0.5 0.06471816283924843
table-0203-16 7 7 3 8 142 1679 0.5 0.1595379331876366
table-0203-797 1 3 0 38 20 989 1.0 0.10143198090692124
table-0203-733 1 3 0 62 49 5687 1.0 0.2583518930957684
table-0203-592 7 3 7 252 684 18658 0.037037037037037035 0.15726609157266092
table-0203-517 6 4 0 89 526 65714 0.1111111111111111 1.168639053254438
table-0203-835 8 4 0 355 391 2386 1.0 0.014692149660710951
table-0203-978 6 3 0 51 102 17559 1.0 0.13552881570614314
table-0203-21 9 7 0 151 182 111221 0.5 0.11878210750532514
table-0203-588 29 3 29 252 684 18658 0.037037037037037035 0.7193098871930989
table-0203-456 26 4 0 7 23 23167 0.14285714285714285 0.41412012644889357
table-0203-406 1 2 1 8 14 2091 1.0 0.025435073627844713
table-0203-982 16 4 0 112 81 11790 0.16666666666666666 0.3514193316564858
table-0203-192 15 10 0 39 39 1321 0.5 1.5559748427672957
table-0203-808 1 2 0 63 90 2543 0.3333333333333333 0.007274119448698315
table-0203-570 0 1 0 34 55 2034 1.0 0.0
table-0203-258 1 2 0 226 352 128970 0.16666666666666666 0.0005259420937754753
table-0203-199 2 2 0 12 17 1468 0.3333333333333333 0.11244019138755981
table-0203-399 0 1 0 11 33 603 1.0 0.0
table-0203-933 2 5 4 114 113 1341 1.0 0.3374340949033392
table-0203-767 9 7 14 93 281 12786 0.038461538461538464 0.6756198347107438
table-0203-32 3 3 0 61 51 8379 0.3333333333333333 0.02642080638502821
table-0203-806 3 3 0 73 102 1371 1.0 0.02003434459072696
table-0203-147 4 4 0 288 262 12690 0.25 0.14463452566096424
table-0203-502 13 4 0 296 445 28849 0.25 0.180937687494643
table-0203-434 6 6 5 125 235 1617 0.125 0.05527086383601757
table-0203-359 31 14 0 336 470 25011 1.0 0.19557584269662923
table-0203-478 6 10 0 119 225 2030 0.125 0.20397539044013252
table-0203-980 8 4 6 112 81 11790 0.16666666666666666 0.3230326985267697
table-0203-794 130 5 0 89 257 2606 0.5 5.708860759493671
table-0203-557 19 3 0 589 380 18413 0.08333333333333333 0.3627148523578669
table-0203-506 1 2 0 185 180 6308 0.5 0.019230769230769232
table-0203-657 2 5 0 49 180 1953 0.010752688172043012 0.008902854150301126
table-0203-76 16 17 119 19 31 1914 0.25 0.1683861459100958
table-0203-119 5 2 0 19 32 1465 1.0 0.04045454545454545
table-0203-550 9 3 0 589 380 18413 0.08333333333333333 0.18973115910092553
table-0203-93 1 14 1 57 68 11243 0.5 0.015980331899200985
table-0203-879 3 4 0 57 92 1649 0.03333333333333333 0.22497522299306244
table-0203-635 5 2 0 49 180 1953 0.010752688172043012 0.016234616391725583
table-0203-759 18 7 33 93 281 12786 0.038461538461538464 2.1322314049586777
table-0203-932 2 5 4 114 113 1341 1.0 0.31282952548330406
table-0203-208 4 5 0 13 106 587 0.1111111111111111 0.07742998352553541
table-0203-760 34 6 42 93 281 12786 0.038461538461538464 5.931818181818182
table-0203-318 2 5 2 4 492 1166 0.043478260869565216 0.9647887323943662
table-0203-380 1 1 0 9 4 903 1.0 2.2529411764705882
table-0203-566 13 3 4 95 92 10072 0.5 0.11861026556103706
table-0203-607 6 3 0 35 60 2088 1.0 0.10069268457509714
table-0203-715 2 6 0 233 373 9775 0.3333333333333333 0.0029579964504042595
table-0203-173 9 2 0 21 145 5117 0.1111111111111111 0.030064803994475725
table-0203-910 3 5 6 96 118 1078 1.0 0.3603448275862069
table-0203-595 5 3 5 252 684 18658 0.037037037037037035 0.11811546118115461
table-0203-677 2 4 0 49 180 1953 0.010752688172043012 0.007069913589945012
table-0203-930 2 5 4 114 113 1341 1.0 0.28822495606326887
table-0203-883 3 4 0 57 92 1649 0.03333333333333333 0.2358771060455897
table-0203-445 4 6 4 126 225 1715 0.125 0.07000736919675755
table-0203-718 2 7 0 233 373 9775 0.3333333333333333 0.0030565963320844016
table-0203-205 1 3 0 21 18 1490 1.0 0.17232375979112272
table-0203-472 1 3 0 184 193 6288 1.0 0.017702874946891375
table-0203-493 20 7 0 12 112 616 0.5 2.3903966597077244
table-0203-368 5 3 0 7 27 598 1.0 0.18154761904761904
table-0203-787 4 9 0 268 229 9179 1.0 0.12969004893964112
table-0203-74 4 3 0 19 31 1914 0.25 0.024502579218865145
table-0203-905 2 5 4 96 118 1078 1.0 0.3775862068965517
table-0203-650 2 4 0 49 180 1953 0.010752688172043012 0.008117308195862791
table-0203-927 2 5 4 114 113 1341 1.0 0.30052724077328646
table-0203-270 1 3 0 51 132 7177 1.0 0.048458149779735685
table-0203-619 30 7 30 49 180 1953 0.010752688172043012 0.5595705682115737
table-0203-739 17 4 31 103 120 2366 1.0 0.058875777185636344
table-0203-335 12 4 0 201 208 11566 0.25 0.2854793619470482
table-0203-182 4 2 0 28 101 5570 1.0 0.009293030227329503
table-0203-780 50 5 52 396 430 6509 0.5 16.25
table-0203-398 23 8 25 16 50 1215 0.5 18.93617021276596
table-0203-840 1 5 2 92 102 742 1.0 0.15565345080763582
table-0203-568 1 2 0 58 75 1115 0.5 0.08366533864541832
table-0203-641 5 2 0 49 180 1953 0.010752688172043012 0.014401675831369469
table-0203-748 3 7 4 93 281 12786 0.038461538461538464 0.48037190082644626
table-0203-108 38 6 38 760 197 54072 0.5 6.56710775047259
table-0203-772 8 3 4 187 68 26257 0.5 0.13126584747415643
table-0203-84 18 3 0 616 542 110421 1.0 0.07363691022435999
table-0203-333 24 8 18 19 123 6627 1.0 0.6667740895907187
table-0203-790 4 3 0 28 33 2908 1.0 0.1527777777777778
table-0203-109 11 4 0 2320 549 41353 0.5 0.018515901060070672
table-0203-293 24 6 0 502 126 107740 0.5 0.17710643015521063
table-0203-495 1 3 0 369 323 45830 1.0 0.014245014245014245
table-0203-741 5 7 9 93 281 12786 0.038461538461538464 0.48037190082644626
table-0203-814 7 9 3 156 152 3763 0.16666666666666666 0.027069704489059328
table-0203-120 2 3 0 27 29 4412 1.0 0.07055464926590538
table-0203-554 11 16 86 589 380 18413 0.08333333333333333 0.17100044072278536
table-0203-251 10 2 0 512 227 48180 0.5 0.02580858085808581
table-0203-843 2 5 4 92 102 742 1.0 0.2261380323054332
table-0203-501 11 2 0 260 281 21828 0.3333333333333333 0.06374501992031872
table-0203-185 17 2 0 157 189 1766 0.3333333333333333 0.10785749145924842
table-0203-951 8 8 8 27 75 5463 1.0 0.23764853033145716
table-0203-14 14 6 3 123 237 4302 1.0 0.4656606097936557
table-0203-427 19 6 0 124 219 1534 0.1111111111111111 0.14248074584515605
table-0203-370 5 3 0 821 537 13159 1.0 0.02036602049508273
table-0203-537 4 9 0 589 380 18413 0.08333333333333333 0.030630233583076247
table-0203-267 29 8 57 120 196 3258 1.0 0.25279850746268656
table-0203-310 2 5 3 4 492 1166 0.043478260869565216 0.971830985915493
table-0203-193 4 4 0 338 419 62526 0.5 0.0008660309212403925
table-0203-935 2 5 4 114 113 1341 1.0 0.3374340949033392
table-0203-331 2 3 0 16 28 975 1.0 0.1729490022172949
table-0203-523 2 2 0 41 117 531 1.0 0.02398190045248869
table-0203-877 8 3 7 105 445 191 1.0 0.32770529547198773
table-0203-170 7 2 0 21 145 5117 0.1111111111111111 0.02220333581217465
table-0203-421 18 7 0 135 250 2459 0.1111111111111111 0.10247624980532627
table-0203-558 9 2 0 589 380 18413 0.08333333333333333 0.06544733362714852
table-0203-800 1 3 0 17 42 122 1.0 0.051775147928994084
table-0203-260 4 3 0 226 352 128970 0.16666666666666666 0.014279327846004155
table-0203-12 1 3 0 143 24 2488 1.0 0.03784520968291851
table-0203-55 3 6 0 24 35 2001 0.3333333333333333 0.3447069116360455
table-0203-973 23 10 12 122 153 5472 0.5 0.9778301886792453
table-0203-206 1 6 0 13 106 587 0.1111111111111111 0.04173531026908292
table-0203-678 5 2 0 49 180 1953 0.010752688172043012 0.015710919088766692
table-0203-77 14 2 0 51 77 1839 1.0 0.01675197766402978
table-0203-135 5 3 1 252 224 20795 0.07142857142857142 0.03884057971014493
table-0203-863 2 5 4 104 110 1355 1.0 0.2724014336917563
table-0203-352 9 5 9 172 427 91425 0.125 0.023598463805222097
table-0203-509 0 1 0 69 98 6627 0.3333333333333333 0.0
table-0203-704 2 6 0 233 373 9775 0.3333333333333333 0.0028593965687241174
table-0203-958 1 3 0 19 32 10013 1.0 0.1410373066424022
table-0203-338 26 5 0 232 210 13185 0.25 0.6694067190850608
table-0203-487 2 1 0 2191 403 351254 0.25 0.0052474534417121105
table-0203-339 2 3 0 32 45 11348 1.0 0.0457290767903365
table-0203-745 9 7 13 93 281 12786 0.038461538461538464 0.7572314049586777
table-0203-82 10 1 0 507 484 2785 0.5 0.14077197534868635
table-0203-312 2 5 3 4 492 1166 0.043478260869565216 1.0211267605633803
table-0203-918 13 2 0 13 54 7177 0.16666666666666666 0.17147192716236723
table-0203-407 7 3 0 10 22 560 0.5 0.3679611650485437
table-0203-510 4 3 0 52 61 1106 0.5 0.0891089108910891
table-0203-887 3 4 0 57 92 1649 0.03333333333333333 0.22695738354806738
table-0203-841 2 5 4 92 102 742 1.0 0.24816446402349487
table-0203-645 5 2 0 49 180 1953 0.010752688172043012 0.016234616391725583
table-0203-708 2 6 0 233 373 9775 0.3333333333333333 0.0027607966870439754
table-0203-667 2 4 0 49 180 1953 0.010752688172043012 0.009164702801780571
table-0203-41 0 1 0 206 256 9314 1.0 0.0
table-0203-946 2 5 0 27 75 5463 1.0 0.047529706066291436
table-0203-64 1 6 0 120 196 1561 1.0 0.04600141542816702
table-0203-349 4 4 6 100 194 271 1.0 0.07214964370546319
table-0203-60 25 3 0 719 207 17644 0.5 0.6732771442736738
table-0203-30 11 3 11 544 487 73459 0.5 0.24163904790599577
table-0203-263 2 22 0 397 282 28616 0.25 0.11836621283689913
table-0203-461 100 8 20 780 462 49712 1.0 0.6058609328940524
table-0203-793 2 6 1 18 47 1075 1.0 0.118562874251497
table-0203-404 4 9 2 174 100 40308 0.3333333333333333 0.03686054660126139
table-0203-711 2 6 0 233 373 9775 0.3333333333333333 0.0027607966870439754
table-0203-942 1 3 0 35 67 25247 1.0 0.017463235294117647
table-0203-62 1 6 0 45 153 1139 1.0 0.12962962962962962
table-0203-284 3 3 0 38 58 5362 1.0 0.19574119574119575
table-0203-694 5 2 0 49 180 1953 0.010752688172043012 0.015187221785807803
table-0203-430 2 10 4 124 219 1534 0.1111111111111111 0.012160518848804215
table-0203-432 6 10 0 125 235 1617 0.125 0.15702781844802344
table-0203-467 12 2 0 96 151 6757 0.3333333333333333 0.2028587135788895
table-0203-901 2 5 4 96 118 1078 1.0 0.32413793103448274
table-0203-248 4 10 4 240 435 15636 0.3333333333333333 0.13949923352069493
table-0203-69 5 3 0 133 185 4788 1.0 0.01540436456996149
table-0203-538 4 5 4 589 380 18413 0.08333333333333333 0.13552225650066108
table-0203-811 3 3 0 30 40 1517 1.0 0.02145922746781116
table-0203-626 5 2 0 49 180 1953 0.010752688172043012 0.008902854150301126
table-0203-628 5 2 0 49 180 1953 0.010752688172043012 0.015449070437287249
table-0203-892 3 4 0 57 92 1649 0.03333333333333333 0.20713577799801783
table-0203-224 5 3 0 27090 986 972714 0.043478260869565216 0.003073910915320607
table-0203-241 2 2 2 72 115 18816 0.25 0.010670378102528416
table-0203-533 6 7 0 589 380 18413 0.08333333333333333 0.06963420008814455
table-0203-511 101 4 2 89 526 65714 0.1111111111111111 16.7603550295858
table-0203-924 30 3 0 85 116 489 0.3333333333333333 6.186619718309859
table-0203-422 2 8 0 135 250 2459 0.1111111111111111 0.008721382962155428
table-0203-414 14 4 0 106 89 1622 0.5 1.7154582763337893
table-0203-393 9 4 0 144 150 35402 1.0 0.28703220191470846
table-0203-816 0 1 0 116 55 42146 1.0 0.0
table-0203-736 4 3 0 18 18 709 0.5 0.3779697624190065
table-0203-505 15 4 0 43 46 1526 1.0 0.09513677811550152
table-0203-851 3 3 0 253 153 97199 1.0 0.014430758130186053
table-0203-920 1 2 0 13 54 7177 0.16666666666666666 0.014162873039959535
table-0203-614 2 4 0 49 180 1953 0.010752688172043012 0.008379156847342237
table-0203-580 1 3 1 252 684 18658 0.037037037037037035 0.012607830126078301
table-0203-171 9 3 0 21 145 5117 0.1111111111111111 0.09200042494422607
table-0203-125 1 3 0 6 10 139 1.0 0.1203104786545925
table-0203-712 2 5 0 233 373 9775 0.3333333333333333 0.0024649970420035495
table-0203-237 15 4 11 332 333 3049 1.0 0.12679503916449086
table-0203-524 1 5 0 41 117 531 1.0 0.008597285067873304
table-0203-860 2 5 4 104 110 1355 1.0 0.32974910394265233
table-0203-396 6 5 0 383 191 4713 0.25 0.41935483870967744
table-0203-724 8 4 0 172 212 148115 1.0 0.19414703783012136
table-0203-606 2 3 2 252 684 18658 0.037037037037037035 0.046449900464499004
table-0203-340 6 4 9 20 43 3364 0.5 0.40522875816993464
table-0203-534 4 5 4 589 380 18413 0.08333333333333333 0.1388276773909211
table-0203-164 17 10 34 925 437 38175 1.0 0.12525654580508738
table-0203-15 2 3 0 38 48 2677 1.0 0.1915057915057915
table-0203-985 10 8 13 377 390 39068 0.5 0.09397055858035894
table-0203-732 3 4 2 37 65 851 0.5 0.17803365810451727
table-0203-213 5 2 1 208 74 27237 0.16666666666666666 0.007084785133565622
table-0203-146 4 4 0 288 262 12690 0.25 0.1809227579056506
table-0203-512 10 4 0 89 526 65714 0.1111111111111111 1.6568047337278107
table-0203-468 0 1 0 84 199 8870 1.0 0.0
table-0203-665 5 2 0 49 180 1953 0.010752688172043012 0.015187221785807803
table-0203-401 2 3 0 8 52 3148 1.0 0.08879263670817542
table-0203-804 2 2 0 3 8 1609 1.0 0.19402985074626866
table-0203-257 9 2 0 226 352 128970 0.16666666666666666 0.0050753412049333365
table-0203-9 0 1 0 209 256 14654 0.2 0.0
table-0203-482 24 7 0 119 225 2030 0.125 0.4169427354472314
table-0203-364 2 2 0 164 441 65840 0.16666666666666666 0.0008293707840318479
table-0203-627 2 4 0 49 180 1953 0.010752688172043012 0.008117308195862791
table-0203-86 17 6 17 50 64 1251 0.125 2.0535055350553506
table-0203-488 1 8 0 2191 403 351254 0.25 0.0018520423911925095
table-0203-743 2 7 4 93 281 12786 0.038461538461538464 0.13016528925619836
table-0203-632 5 2 0 49 180 1953 0.010752688172043012 0.015972767740246138
table-0203-49 2 3 0 234 219 133456 0.5 0.009024772078460263
table-0203-886 3 4 0 57 92 1649 0.03333333333333333 0.18037661050545095
table-0203-861 2 5 4 104 110 1355 1.0 0.27956989247311825
table-0203-144 3 4 0 9 68 2596 0.3333333333333333 0.07043407043407043
table-0203-655 5 2 0 49 180 1953 0.010752688172043012 0.015710919088766692
table-0203-78 96 5 255 48 161 3204 0.14285714285714285 0.2615571776155718
table-0203-40 2 1 0 206 256 9314 1.0 0.0023646546359676417
table-0203-842 2 5 4 92 102 742 1.0 0.2261380323054332
table-0203-666 3 2 0 49 180 1953 0.010752688172043012 0.005236973029588898
table-0203-280 3 2 0 95 118 14295 0.5 0.038314176245210725
table-0203-384 1 1 0 9 4 903 1.0 2.211764705882353
table-0203-475 3 6 0 129 90 4614 0.3333333333333333 0.2751322751322751
table-0203-455 26 4 0 7 23 23167 0.14285714285714285 0.41201264488935724
table-0203-179 12 3 0 154 204 238 1.0 0.17226728466589417
table-0203-521 17 2 0 151 195 1809 0.3333333333333333 0.07942088934850051
table-0203-58 1 6 0 159 204 901 1.0 0.1622340425531915
table-0203-469 0 1 0 105 81 12611 0.3333333333333333 0.0
table-0203-727 2 3 0 103 89 2513 1.0 0.19161676646706588
table-0203-795 1 3 0 14 22 874 1.0 0.07930367504835589
table-0203-223 14 2 0 27090 986 972714 0.043478260869565216 0.005952031326480665
table-0203-821 3 5 6 100 104 962 1.0 0.3146964856230032
table-0203-782 8 5 5 268 229 9179 1.0 0.4371941272430669
table-0203-139 6 3 1 252 224 20795 0.07142857142857142 0.04463768115942029
table-0203-652 6 2 0 49 180 1953 0.010752688172043012 0.01230688661953391
table-0203-899 2 5 4 96 118 1078 1.0 0.31551724137931036
table-0203-45 6 18 0 269 284 25296 1.0 0.09277087344652547
table-0203-999 2 4 2 353 150 18502 0.5 0.028737259343148358
table-0203-820 3 5 6 100 104 962 1.0 0.19488817891373802
table-0203-992 4 3 0 29 31 1302 1.0 0.32294787297783106
table-0203-526 3 2 0 41 117 531 1.0 0.06289592760180995
table-0203-621 2 4 0 49 180 1953 0.010752688172043012 0.00864100549882168
table-0203-379 1 1 0 9 4 903 1.0 1.911764705882353
table-0203-945 1 3 0 104 129 13911 1.0 0.0064858951316714855
table-0203-314 1 5 2 4 492 1166 0.043478260869565216 0.39436619718309857
table-0203-363 19 2 0 164 441 65840 0.16666666666666666 0.015112978731247005
table-0203-36 2 3 0 165 107 11829 1.0 0.008653577742625849
table-0203-459 1 3 0 7 23 23167 0.14285714285714285 0.01185458377239199
table-0203-183 18 6 15 167 216 62067 0.3333333333333333 0.9027052681537732
table-0203-719 2 6 0 233 373 9775 0.3333333333333333 0.0024649970420035495
table-0203-216 12 10 0 63 27 2026 0.5 1.6323319027181689
table-0203-908 2 5 4 96 118 1078 1.0 0.3258620689655172
table-0203-200 31 5 0 12 17 1468 0.3333333333333333 1.424641148325359
table-0203-726 1 3 0 197 251 2838 1.0 0.3333333333333333
table-0203-812 2 2 0 25 43 2775 1.0 0.028979045920642
table-0203-244 2 3 0 72 115 18816 0.25 0.04894456042681512
table-0203-122 1 2 0 12 30 1008 1.0 0.013249651324965132
table-0203-66 7 3 14 569 271 15275 1.0 0.008210822646230841
table-0203-129 4 3 1 252 224 20795 0.07142857142857142 0.027246376811594204
table-0203-201 3 3 0 30 48 923 1.0 0.09350191120258747
table-0203-44 15 6 7 904 713 14065 1.0 0.18492984021412928
table-0203-73 2 2 0 1052 390 94142 0.5 0.01807355516637478
table-0203-438 2 10 4 125 235 1617 0.125 0.020497803806734993
table-0203-273 3 2 2 136 116 51471 0.5 0.025389916575988394
table-0203-728 3 2 2 31 46 1743 1.0 0.05462724935732648
table-0203-600 2 3 2 252 684 18658 0.037037037037037035 0.09090909090909091
table-0203-397 1 2 0 44 71 18739 1.0 0.014841556357801846
table-0203-131 5 3 1 252 224 20795 0.07142857142857142 0.03159420289855072
table-0203-417 6 6 0 135 250 2459 0.1111111111111111 0.06447593832736334
table-0203-63 4 5 4 229 371 18546 0.25 0.009298902863259299
table-0203-959 68 7 67 55 60 4126 0.5 11.807775377969762
table-0203-971 118 16 118 195 336 2447 1.0 11.272894898586355
table-0203-952 0 1 0 27 75 5463 1.0 0.0
table-0203-762 32 7 54 93 281 12786 0.038461538461538464 3.419421487603306
table-0203-889 3 4 0 57 92 1649 0.03333333333333333 0.21209117938553024
table-0203-376 19 7 0 157 178 2709 0.125 1.1804597701149426
table-0203-234 2 5 0 99 103 2105 0.5 0.04932735426008968
table-0203-486 17 4 0 208 311 170947 0.5 0.06399290937292267
table-0203-57 1 2 0 9 23 1029 0.5 0.07589285714285714
table-0203-196 22 12 0 40 107 872 1.0 0.10689228229467602
table-0203-994 3 2 0 186 152 7043 0.3333333333333333 0.007798165137614679
table-0203-578 1 3 1 252 684 18658 0.037037037037037035 0.0404777704047777
table-0203-744 12 7 17 93 281 12786 0.038461538461538464 1.4958677685950412
table-0203-447 60 6 0 122 228 1584 0.1111111111111111 2.3641891891891893
table-0203-561 4 9 0 589 380 18413 0.08333333333333333 0.03393565447333627
table-0203-827 2 5 4 100 104 962 1.0 0.28115015974440893
table-0203-997 1 3 0 168 142 44704 1.0 0.0079671656204732
table-0203-227 18 17 1 27090 986 972714 0.043478260869565216 0.007537934410181107
table-0203-114 8 5 0 142 165 11427 0.3333333333333333 0.14241184492499512
table-0203-966 11 2 0 82 28 22151 0.3333333333333333 0.1500789889415482
table-0203-347 2 3 0 106 154 11778 1.0 0.028949950932286556
table-0203-895 3 4 0 57 92 1649 0.03333333333333333 0.20614469772051536
table-0203-67 13 4 0 569 271 15275 1.0 0.030380043791054114
table-0203-409 1 5 2 41 67 1602 1.0 0.13788968824940048
table-0203-56 1 5 0 24 35 2001 0.3333333333333333 0.11811023622047244
table-0203-991 22 4 0 177 177 57415 1.0 0.051379702011091065
table-0203-777 3 5 0 506 228 51921 0.2 0.008869565217391304
table-0203-548 4 9 0 589 380 18413 0.08333333333333333 0.042309387395328336
table-0203-871 3 3 0 40 33 1261 1.0 0.12464080459770115
table-0203-115 3 4 0 92 112 6602 0.2 0.3923076923076923
table-0203-28 4 2 0 33 60 6385 0.5 0.04203056768558952
table-0203-852 2 5 4 104 110 1355 1.0 0.17025089605734767
table-0203-888 3 4 0 57 92 1649 0.03333333333333333 0.19326065411298315
table-0203-692 7 2 0 49 180 1953 0.010752688172043012 0.012568735271013355
table-0203-847 2 6 6 92 102 742 1.0 0.2276064610866373
table-0203-50 2 3 0 112 88 6564 1.0 0.07254464285714286
table-0203-37 2 4 0 305 493 2613 1.0 0.05133767172812726
table-0203-188 16 11 0 29 77 769 1.0 0.37633818281636017
table-0203-547 4 5 4 589 380 18413 0.08333333333333333 0.14521815777875716
table-0203-444 2 10 4 126 225 1715 0.125 0.0397936624907885
table-0203-938 2 5 4 114 113 1341 1.0 0.28822495606326887
table-0203-272 21 5 0 193 234 4742 0.5 1.2889355007865757
table-0203-449 2 10 2 122 228 1584 0.1111111111111111 0.04594594594594595
table-0203-601 1 3 1 252 684 18658 0.037037037037037035 0.019907100199071003
table-0203-822 2 5 4 100 104 962 1.0 0.29073482428115016
table-0203-88 4 5 8 416 491 16057 0.25 0.03214069132807762
table-0203-528 1 6 0 41 117 531 1.0 0.025339366515837104
table-0203-553 2 1 1 589 380 18413 0.08333333333333333 0.007271925958572058
table-0203-440 60 6 0 126 225 1715 0.125 2.577008106116433
table-0203-191 28 6 0 201 293 65747 0.5 0.159174649963154
table-0203-298 4 4 0 683 182 11816 0.2 0.05039193729003359
table-0203-949 18 15 80 27 75 5463 1.0 1.3145716072545341
table-0203-593 5 3 5 252 684 18658 0.037037037037037035 0.13138686131386862
table-0203-458 12 3 0 7 23 23167 0.14285714285714285 0.1588514225500527
table-0203-132 7 3 1 252 224 20795 0.07142857142857142 0.04927536231884058
table-0203-921 12 3 0 13 54 7177 0.16666666666666666 0.310065756196257
table-0203-207 20 7 0 13 106 587 0.1111111111111111 0.6095551894563427
table-0203-329 5 7 19 28 26 1723 0.3333333333333333 0.2749221183800623
table-0203-746 17 7 20 93 281 12786 0.038461538461538464 1.3543388429752066
table-0203-725 1 5 0 172 212 148115 1.0 0.01998572448251249
table-0203-598 9 3 9 252 684 18658 0.037037037037037035 0.23224950232249503
table-0203-177 9 2 0 23 68 119325 0.5 0.0070233243735368074
table-0203-809 4 3 0 46 63 1365 1.0 0.044206607724523034
table-0203-382 1 1 0 9 4 903 1.0 1.9941176470588236
table-0203-616 4 2 0 49 180 1953 0.010752688172043012 0.007331762241424456
table-0203-484 7 6 2 119 225 2030 0.125 0.08707998106956934
table-0203-226 2 6 0 27090 986 972714 0.043478260869565216 0.0013705335291238376
table-0203-791 4 4 0 22 93 2073 0.3333333333333333 0.16029143897996356
table-0203-831 2 5 4 100 104 962 1.0 0.2571884984025559
table-0203-773 19 2 0 506 228 51921 0.2 0.03930434782608696
table-0203-897 3 4 0 57 92 1649 0.03333333333333333 0.20317145688800792
table-0203-702 8 4 0 465 262 138941 0.5 0.04515506077473588
table-0203-737 3 2 1 28 42 3424 1.0 0.04736063147508633
table-0203-141 7 10 1 101 144 2380 1.0 1.193979933110368
table-0203-269 1 7 1 51 132 7177 1.0 0.049926578560939794
table-0203-250 2 3 0 187 156 16950 1.0 0.018435549026808665
table-0203-609 5 2 0 49 180 1953 0.010752688172043012 0.015187221785807803
table-0203-941 8 6 21 56 54 3039 0.5 0.16750539180445723
table-0203-771 3 3 0 14 19 668 1.0 0.20465434633812457
table-0203-90 6 6 2 416 491 16057 0.25 0.09248029108550637
table-0203-934 2 5 4 114 113 1341 1.0 0.3374340949033392
table-0203-796 5 3 0 104 54 20602 1.0 0.04966013594562175
table-0203-776 7 5 0 506 228 51921 0.2 0.018318840579710144
table-0203-926 2 5 4 114 113 1341 1.0 0.27768014059753954
table-0203-544 8 7 0 589 380 18413 0.08333333333333333 0.08924636403702071
table-0203-832 3 2 0 27 43 2162 1.0 0.29393939393939394
table-0203-405 2 3 0 174 100 40308 0.3333333333333333 0.033777154870357394
table-0203-799 0 1 0 7 23 1401 1.0 0.0
table-0203-163 8 8 11 925 437 38175 1.0 0.025436905280179115
table-0203-807 14 5 22 103 89 5977 0.5 0.19865571321882
table-0203-292 15 4 11 383 478 832 1.0 0.09696691176470588
table-0203-789 14 3 0 55 60 85062 0.5 0.14363778298204527
table-0203-974 1 3 0 21 40 1218 1.0 0.12121212121212122
table-0203-969 1 5 1 98 72 3113 0.5 0.02857142857142857
table-0203-79 36 6 94 48 161 3204 0.14285714285714285 0.17106494478757253
table-0203-714 16 8 0 233 373 9775 0.3333333333333333 0.160422007493591
table-0203-324 44 5 37 231 221 11862 0.3333333333333333 3.7977346278317152
table-0203-290 1 2 0 97 130 13871 1.0 0.01993067590987868
table-0203-345 0 1 0 109 179 33508 0.25 0.0
table-0203-24 3 2 0 41 53 846 0.5 0.013409961685823755
table-0203-763 30 7 66 93 281 12786 0.038461538461538464 4.080578512396694
table-0203-875 42 5 0 706 967 22294 1.0 0.625287797390637
table-0203-294 13 4 0 171 174 9464 0.25 0.39251715740535753
table-0203-337 22 4 0 96 233 6131 0.25 6.218531468531468
table-0203-898 3 4 0 57 92 1649 0.03333333333333333 0.19722497522299307
table-0203-31 2 3 2 544 487 73459 0.5 0.04549563121422115
table-0203-105 4 3 0 57 70 2053 1.0 0.13387130146906684
table-0203-572 11 4 0 485 251 154345 0.5 0.04504298518383026
table-0203-751 18 7 30 93 281 12786 0.038461538461538464 1.7396694214876034
table-0203-987 4 5 0 158 110 40879 1.0 0.06621773288439955
table-0203-332 0 1 0 0 0 0 0.0 0.0
table-0203-448 29 6 0 122 228 1584 0.1111111111111111 0.7243243243243244
table-0203-494 6 4 0 12 112 616 0.5 0.7160751565762005
table-0203-150 3 4 2 136 249 7547 1.0 0.030712530712530713
table-0203-629 5 2 0 49 180 1953 0.010752688172043012 0.009164702801780571
table-0203-977 47 7 68 85 140 2516 1.0 1.8049663735126746
table-0203-749 7 7 8 93 281 12786 0.038461538461538464 0.5433884297520661
table-0203-828 2 5 4 100 104 962 1.0 0.31150159744408945
table-0203-426 7 6 0 124 219 1534 0.1111111111111111 0.10032428050263478
table-0203-247 16 8 0 240 435 15636 0.3333333333333333 0.8094021461420542
table-0203-829 2 5 4 100 104 962 1.0 0.29073482428115016
table-0203-605 1 3 1 252 684 18658 0.037037037037037035 0.019243530192435302
table-0203-849 9 6 6 358 205 19488 1.0 0.12827496757457846
table-0203-165 1 8 0 925 437 38175 1.0 0.013558057093102805
table-0203-305 4 5 6 4 492 1166 0.043478260869565216 1.8873239436619718
table-0203-266 1 3 0 120 157 3194 1.0 0.0065021876519202725
table-0203-442 2 10 2 126 225 1715 0.125 0.050110537951363304
table-0203-256 12 4 0 226 352 128970 0.16666666666666666 0.02145843742603939
table-0203-184 16 2 0 157 189 1766 0.3333333333333333 0.11273792093704246
table-0203-233 0 1 0 115 58 26591 1.0 0.0
table-0203-425 6 6 0 124 219 1534 0.1111111111111111 0.08897446291041751
table-0203-106 7 3 0 176 219 9743 1.0 0.049533799533799536
table-0203-323 0 1 0 46 83 2703 1.0 0.0
table-0203-770 8 5 0 144 72 24264 0.5 0.12492456246228123
table-0203-48 2 3 0 379 278 111063 1.0 0.0047964580002459725
table-0203-3 5 3 0 32 393 8401 0.1111111111111111 0.7715877437325905
table-0203-837 2 5 4 92 102 742 1.0 0.2261380323054332
table-0203-311 8 5 10 4 492 1166 0.043478260869565216 3.464788732394366
table-0203-238 1 1 0 191 202 14740 1.0 0.010567296996662959
table-0203-925 2 5 4 114 113 1341 1.0 0.1968365553602812
table-0203-583 1 3 1 252 684 18658 0.037037037037037035 0.025879230258792303
table-0203-160 3 3 0 123 176 4827 1.0 0.1852374236013164
table-0203-803 3 3 0 46 71 1180 1.0 0.02520126006300315
table-0203-219 7 17 9 27090 986 972714 0.043478260869565216 0.0026431718061674008
table-0203-810 4 3 0 7 63 598 1.0 0.049044914816726896
table-0203-640 2 4 0 49 180 1953 0.010752688172043012 0.009164702801780571
table-0203-801 2 3 0 73 98 2008 1.0 0.015750670241286863
table-0203-679 5 2 0 49 180 1953 0.010752688172043012 0.00864100549882168
table-0203-385 1 1 0 9 4 903 1.0 0.8470588235294118
table-0203-880 3 4 0 57 92 1649 0.03333333333333333 0.2319127849355798
table-0203-210 1 4 0 13 106 587 0.1111111111111111 0.015925315760571115
table-0203-387 53 4 106 359 300 259745 1.0 0.09352885387028526
table-0203-867 7 3 0 46 42 1598 1.0 0.4734151329243354
table-0203-65 1 6 0 254 1044 1124 1.0 0.18384401114206128
table-0203-747 11 7 15 93 281 12786 0.038461538461538464 1.015495867768595
table-0203-190 6 3 0 63 49 1565 1.0 0.31015507753876936
table-0203-989 6 3 0 320 322 21045 1.0 0.012742460710746141
table-0203-96 111 4 0 380 398 13159 0.5 13.042042042042041
table-0203-137 6 3 1 252 224 20795 0.07142857142857142 0.051304347826086956
table-0203-113 3 3 0 19 37 929 1.0 0.14739769566944774
table-0203-680 2 4 0 49 180 1953 0.010752688172043012 0.00968840010473946
table-0203-276 6 3 0 18 51 820 1.0 0.31959535406519296
table-0203-253 10 2 4 226 352 128970 0.16666666666666666 0.009519551897336104
table-0203-246 7 2 3 150 160 60029 0.5 0.03429247142294048
table-0203-646 5 2 0 49 180 1953 0.010752688172043012 0.008379156847342237
table-0203-423 6 10 0 124 219 1534 0.1111111111111111 0.08654235914065667
table-0203-661 5 2 0 49 180 1953 0.010752688172043012 0.014663524482848913
table-0203-890 3 4 0 57 92 1649 0.03333333333333333 0.18533201189296333
table-0203-696 2 4 0 49 180 1953 0.010752688172043012 0.010997643362136685
table-0203-497 1 3 1 606 448 9868 1.0 0.008701563562202584
table-0203-232 12 3 0 10 23 868 0.5 1.0841121495327102
table-0203-535 3 9 0 589 380 18413 0.08333333333333333 0.027104451300132216
table-0203-761 87 7 128 93 281 12786 0.038461538461538464 9.12706611570248
table-0203-169 8 3 0 21 145 5117 0.1111111111111111 0.07489641984489535
table-0203-97 1 2 0 13 52 1783 1.0 0.004117344312918168
table-0203-961 6 2 0 23 66 7519 0.3333333333333333 0.06536203522504892
table-0203-729 10 2 0 6 21 800 1.0 0.5714285714285714
table-0203-159 4 2 1 28 42 4679 1.0 0.10761154855643044
table-0203-735 6 4 0 546 614 4034 1.0 0.03832623588224403
table-0203-579 1 3 1 252 684 18658 0.037037037037037035 0.025879230258792303
