table_id rows cols nulls inlinks outlinks views table_imp table_fraction
table-0009-223 0 0 0 252 246 11765 0.05263157894736842 0.0
table-0009-188 0 1 0 683 293 56470 0.25 0.0
table-0009-608 11 5 4 54 59 1672 0.5 2.2606060606060607
table-0009-688 11 3 2 201 292 85589 0.16666666666666666 0.2044214757393052
table-0009-854 10 4 8 216 110 14007 0.043478260869565216 0.3532058492688414
table-0009-195 13 2 0 254 116 33622 0.3333333333333333 0.0955430662658476
table-0009-283 6 4 0 1699 457 63968 0.25 0.14882286995515695
table-0009-974 16 6 18 61 71 6703 1.0 0.7875180375180375
table-0009-796 1 37 0 89 118 13619 0.5 0.02525747915644924
table-0009-592 7 5 2 16 49 2563 0.1 0.03918014500836587
table-0009-852 1 3 0 26 42 4219 1.0 0.05146198830409357
table-0009-297 2 1 0 864 396 69337 1.0 0.0029735188509874325
table-0009-390 5 3 0 5 83 111 1.0 0.057751804743898245
table-0009-373 4 5 7 22 35 652 1.0 0.4938956714761376
table-0009-431 32 3 0 18 56 7869 0.1 2.267945793640145
table-0009-968 16 14 0 697 262 369369 0.25 0.09398403423586536
table-0009-101 5 2 0 122 87 18782 0.5 0.02411665731912507
table-0009-987 44 10 246 42 42 124569 0.3333333333333333 0.23962893475088598
table-0009-187 1 1 0 683 293 56470 0.25 0.0136986301369863
table-0009-813 31 6 36 20 587 19401 0.1111111111111111 1.1106706309877767
table-0009-754 4 6 4 10 47 20719 1.0 0.24269662921348314
table-0009-109 5 6 0 41 42 1523 1.0 0.19977490151941474
table-0009-549 13 5 28 141 197 757 1.0 0.03950489178772606
table-0009-914 6 3 0 29 49 4165 1.0 0.2650096836668819
table-0009-734 1 3 0 21 33 2340 1.0 0.09079365079365079
table-0009-521 1 3 0 25 38 1329 1.0 0.04722703639514731
table-0009-233 4 11 0 29 37 8693 0.5 0.05063291139240506
table-0009-246 1 3 0 502 443 9299 1.0 0.15586034912718205
table-0009-444 55 8 17 49 129 29799 0.5 2.2527472527472527
table-0009-429 33 3 0 18 56 7869 0.1 1.5875486381322956
table-0009-336 11 3 0 101 98 4127 1.0 0.6529680365296804
table-0009-896 2 3 0 194 146 59185 0.3333333333333333 0.0033211557622052474
table-0009-837 1 2 0 23 53 1762 1.0 0.012813370473537604
table-0009-733 29 4 10 239 177 116640 0.25 0.2231107556977209
table-0009-74 9 6 0 543 446 12190 0.14285714285714285 0.05506607929515418
table-0009-173 4 3 0 47 77 27631 1.0 0.01845585973546601
table-0009-31 36 6 0 8 322 6225 0.5 3.8343949044585988
table-0009-27 14 5 14 8 13 808 0.25 0.5323741007194245
table-0009-126 9 5 0 476 122 400224 0.25 0.04396650171298059
table-0009-19 12 4 8 20 30 3876 0.3333333333333333 0.20912408759124088
table-0009-629 24 7 28 94 155 8300 1.0 0.31759140474663244
table-0009-449 0 1 0 90 75 13488 1.0 0.0
table-0009-71 1 3 0 25 37 1473 1.0 0.04093023255813953
table-0009-516 6 2 0 2338 961 520177 0.25 0.005188014461079679
table-0009-759 41 6 41 113 129 9302 0.5 2.4556533513879484
table-0009-54 6 5 0 17 27 2540 1.0 0.7406372275013974
table-0009-495 2 3 0 134 128 69968 1.0 0.03815503501569669
table-0009-665 25 7 37 392 560 7988 0.25 0.86852344869957
table-0009-352 1 3 0 43 76 2685 1.0 0.04065040650406504
table-0009-259 17 13 10 134 243 202793 0.1111111111111111 1.6905428091773922
table-0009-950 3 3 0 11 24 915 1.0 0.27287319422150885
table-0009-132 7 3 0 8 337 398 1.0 1.715953307392996
table-0009-204 5 6 0 0 0 0 0.0 445.0
table-0009-527 4 5 0 76 17 48939 0.5 0.009249129786176032
table-0009-589 11 5 0 359 290 6934 0.2 0.2021755438859715
table-0009-952 8 2 0 15 62 7776 0.3333333333333333 0.23947750362844702
table-0009-670 1 3 0 373 403 2771 1.0 0.12886597938144329
table-0009-907 4 6 4 110 186 84720 1.0 0.21497584541062803
table-0009-574 0 1 0 520 373 217484 0.3333333333333333 0.0
table-0009-966 6 5 0 331 290 176284 0.3333333333333333 0.0170412675018423
table-0009-553 27 8 22 72 118 265385 0.5 0.5009306654257795
table-0009-676 33 6 0 16 32 6758 0.3333333333333333 1.5146198830409356
table-0009-855 2 3 0 216 110 14007 0.043478260869565216 0.06974128233970754
table-0009-349 1 4 0 10 12 508 0.5 0.1728395061728395
table-0009-568 2 3 0 315 341 2736 1.0 0.22994652406417113
table-0009-874 17 3 0 605 324 54766 0.14285714285714285 0.605026256564141
table-0009-539 6 2 0 152 120 14666 0.5 0.045714285714285714
table-0009-930 1 4 0 142 176 11420 0.3333333333333333 0.012619267466912895
table-0009-55 3 5 0 17 27 2540 1.0 0.2990497484628284
table-0009-506 4 4 2 322 290 20484 0.2 0.10235546038543897
table-0009-175 8 3 0 74 86 3819 1.0 1.0069084628670122
table-0009-573 17 2 0 520 373 217484 0.3333333333333333 0.04217275477491308
table-0009-242 1 2 0 5 21 748 1.0 0.0196078431372549
table-0009-747 4 3 0 159 152 1280 0.125 0.6991404011461319
table-0009-251 5 2 1 279 258 61823 0.3333333333333333 0.031757575757575755
table-0009-785 1 5 1 83 102 10386 0.5 0.002896613190730838
table-0009-656 4 3 0 8 34 5941 1.0 0.40148011100832565
table-0009-764 2 3 0 118 151 27762 0.5 0.027362766493201275
table-0009-555 6 6 0 410 201 80233 1.0 0.01726680302525805
table-0009-888 1 3 0 77 57 2980 1.0 0.061508889956751564
table-0009-322 4 4 9 25 117 4751 0.1 0.03425117528542646
table-0009-647 2 2 0 52 118 13966 0.25 0.01802179379715004
table-0009-649 1 2 0 52 118 13966 0.25 0.015088013411567477
table-0009-728 4 3 0 299 137 122207 0.5 0.08965915655690353
table-0009-216 1 4 2 252 246 11765 0.05263157894736842 0.015867768595041323
table-0009-218 38 5 77 252 246 11765 0.05263157894736842 1.8497520661157025
table-0009-159 10 4 0 90 186 37415 0.3333333333333333 0.01551867626181035
table-0009-9 1 2 0 31 46 2478 1.0 0.07540983606557378
table-0009-165 6 4 0 174 217 33797 0.3333333333333333 0.17856477166821993
table-0009-421 3 5 0 79 103 13388 0.5 0.049893842887473464
table-0009-588 17 6 37 359 290 6934 0.2 0.6744186046511628
table-0009-498 10 7 0 32 254 1984 1.0 0.4233395406579764
table-0009-198 1 2 1 7 13 770 1.0 0.05056179775280899
table-0009-571 10 2 4 520 373 217484 0.3333333333333333 0.014403756716485304
table-0009-922 41 4 0 0 0 0 0.0 3001.0
table-0009-895 3 3 0 16 28 1264 1.0 0.1673398730525101
table-0009-1 1 4 0 52 89 5204 1.0 0.005065234075211052
table-0009-653 8 2 1 16 35 3061 0.25 0.13264346190028223
table-0009-743 1 3 0 61 58 20587 1.0 0.031423895253682485
table-0009-635 2 4 0 21 18 17151 0.017241379310344827 0.002526847757422615
table-0009-913 1 2 1 15 30 1406 1.0 0.016129032258064516
table-0009-611 0 1 0 18 13 723 1.0 0.0
table-0009-699 3 2 0 50 101 8129 1.0 0.08888888888888889
table-0009-81 1 5 2 8 40 1265 1.0 0.16797488226059654
table-0009-476 11 4 11 392 686 1010 0.5 1.2635782747603834
table-0009-579 4 8 3 37 88 1501 0.05555555555555555 0.09907120743034056
table-0009-619 2 3 0 81 130 1484 1.0 0.031105306897779888
table-0009-430 6 3 0 18 56 7869 0.1 0.3797128673017577
table-0009-657 3 4 3 162 156 9239 0.5 0.05541189508681197
table-0009-885 37 3 3 22 59 3607 1.0 1.0028985507246377
table-0009-78 21 6 3 543 446 12190 0.14285714285714285 0.3284691629955947
table-0009-243 1 5 0 39 31 1599 0.5 0.075
table-0009-220 8 5 22 252 246 11765 0.05263157894736842 0.13950413223140495
table-0009-334 5 5 0 567 323 8200 1.0 0.044438635472487255
table-0009-202 28 4 24 900 352 2516641 0.3333333333333333 0.11525732252192619
table-0009-537 3 3 0 89 106 15419 1.0 0.15973292244478685
table-0009-775 2 3 0 22 50 1205 1.0 0.09106354060482501
table-0009-86 1 2 0 30 45 8391 0.3333333333333333 0.011690209449585971
table-0009-805 24 2 24 18 35 9554 0.14285714285714285 0.05665859564164649
table-0009-17 5 28 1 376 240 31601 0.08333333333333333 0.06186114429842028
table-0009-66 10 13 14 5 37 330 1.0 1.8623063683304648
table-0009-955 1 2 1 55 67 5922 1.0 0.006783291681542306
table-0009-942 1 2 1 5 23 1014 1.0 0.020569620253164556
table-0009-692 2 3 0 197 224 299385 0.3333333333333333 0.036545979942206354
table-0009-422 35 5 0 11 88 1622 0.5 13.544061302681992
table-0009-832 1 3 0 117 108 1608 1.0 0.026502732240437157
table-0009-89 12 3 0 72 123 1117 0.2 0.5463108320251178
table-0009-455 2 4 2 101 137 3636 1.0 0.04364640883977901
table-0009-282 13 7 0 485 562 29243 0.09090909090909091 0.9166666666666666
table-0009-800 3 2 2 139 167 61153 0.3333333333333333 0.004999271950686793
table-0009-424 2 2 0 18 56 7869 0.1 0.14262713001475916
table-0009-63 8 2 0 81 114 24955 0.3333333333333333 0.0572230619736558
table-0009-478 1 3 0 89 72 3022 1.0 0.08930075821398484
table-0009-658 30 5 30 23 34 29634 0.2 0.2868885324779471
table-0009-116 1 3 0 39 65 2970 1.0 0.018212765957446808
table-0009-432 6 3 0 18 56 7869 0.1 0.5145578961492017
table-0009-33 110 6 1 8 237 7735 0.5 8.30159497341711
table-0009-420 4 2 4 79 103 13388 0.5 0.021496815286624203
table-0009-377 11 4 0 49 58 79888 0.5 0.06667622598221967
table-0009-503 6 5 3 322 290 20484 0.2 0.34817987152034263
table-0009-37 4 1 0 1060 397 33103 0.07142857142857142 0.0036231884057971015
table-0009-985 3 3 0 20 47 2517 1.0 0.11787072243346007
table-0009-11 5 1 0 661 399 6747 0.125 0.038461538461538464
table-0009-876 1 2 1 605 324 54766 0.14285714285714285 0.010502625656414103
table-0009-93 3 7 0 110 192 7801 0.16666666666666666 1.1035940803382664
table-0009-32 1 1 0 973 223 50678 1.0 0.002369668246445498
table-0009-642 10 4 0 21 18 17151 0.017241379310344827 0.0235417982733207
table-0009-663 8 3 0 392 560 7988 0.25 0.424943682162605
table-0009-388 10 9 0 2273 625 196093 0.14285714285714285 0.05825242718446602
table-0009-927 1 2 1 7 13 918 1.0 0.017924528301886792
table-0009-411 2 4 0 193 240 110899 0.3333333333333333 0.017217942908926143
table-0009-321 1 4 0 25 117 4751 0.1 0.029885829415715246
table-0009-200 16 4 16 172 192 296169 0.25 0.1875180583646345
table-0009-77 54 6 31 543 446 12190 0.14285714285714285 0.9124449339207048
table-0009-784 11 2 1 83 102 10386 0.5 0.12032085561497326
table-0009-755 44 6 0 10 47 20719 1.0 56.42022471910112
table-0009-859 4 9 4 216 110 14007 0.043478260869565216 0.04499437570303712
table-0009-773 36 3 1 500 415 119553 1.0 0.20081326243353143
table-0009-628 20 5 42 186 160 1542 0.5 10.326829268292682
table-0009-84 17 4 46 6 25 565 0.5 4.091836734693878
table-0009-13 33 8 0 661 399 6747 0.125 1.5604929051530994
table-0009-375 11 6 7 808 142 13652 0.3333333333333333 0.46017699115044247
table-0009-996 23 7 0 1145 605 90814 0.16666666666666666 0.30866834170854274
table-0009-360 0 1 0 9 17 1367 1.0 0.0
table-0009-622 8 4 4 235 171 89193 0.5 0.052645991647840076
table-0009-406 65 5 65 19 85 12300 0.5 4.328834355828221
table-0009-396 89 4 31 246 179 366550 0.5 0.8447434819175778
table-0009-989 11 18 0 154 158 6384 1.0 0.5488474204171241
table-0009-341 5 3 0 159 196 2600 1.0 0.42086956521739133
table-0009-724 24 31 583 513 501 51680 0.3333333333333333 0.8852672750977836
table-0009-738 32 3 0 54 84 19222 1.0 0.3682498373454782
table-0009-581 4 8 4 37 88 1501 0.05555555555555555 0.05263157894736842
table-0009-112 6 3 0 44 59 16649 1.0 0.2867853795688847
table-0009-749 8 4 0 159 152 1280 0.125 2.7249283667621778
table-0009-711 1 3 0 79 89 1021 1.0 0.11491935483870967
table-0009-758 26 6 0 10 47 20719 1.0 33.33932584269663
table-0009-828 30 3 0 166 286 1113 1.0 0.2230928785434432
table-0009-228 1 5 2 56 80 1237 1.0 0.19270833333333334
table-0009-834 1 5 0 18 31 1232 0.5 0.1277139208173691
table-0009-362 10 3 10 2762 1075 377212 0.07692307692307693 0.010148376259798432
table-0009-274 3 3 0 13 61 4837 0.3333333333333333 0.02069781194559432
table-0009-329 10 4 1 773 265 495832 0.5 0.16664672807752123
table-0009-744 1 6 1 43 59 2682 0.5 0.017722299275697333
table-0009-2 1 1 0 232 120 11877 1.0 0.007112375533428165
table-0009-519 14 7 19 67 87 2924 0.5 0.6302106678619454
table-0009-949 2 5 4 739 376 42007 1.0 0.007536117418632968
table-0009-121 9 5 0 94 23 15893 0.16666666666666666 0.07686807293528782
table-0009-727 1 6 1 103 141 4348 1.0 0.06680584551148225
table-0009-161 1 3 0 65 79 2724 1.0 0.015637371338083926
table-0009-128 8 3 0 8 337 398 1.0 2.8560311284046693
table-0009-423 2 2 0 18 56 7869 0.1 0.009526365222058231
table-0009-997 8 5 7 1145 605 90814 0.16666666666666666 0.07160804020100503
table-0009-543 18 5 18 481 491 6508 0.14285714285714285 2.146718146718147
table-0009-425 2 2 0 18 56 7869 0.1 0.16610760767476185
table-0009-986 1 2 0 124 158 4930 0.5 0.053712480252764615
table-0009-462 8 6 0 48 78 1961 1.0 0.10259238830667403
table-0009-808 5 4 5 18 35 9554 0.14285714285714285 0.008958837772397095
table-0009-366 10 6 0 2762 1075 377212 0.07692307692307693 0.01613241881298992
table-0009-648 3 2 0 52 118 13966 0.25 0.03185247275775356
table-0009-325 1 3 0 264 290 309458 1.0 0.008333926917871643
table-0009-4 2 3 0 24 77 1923 1.0 0.020674079221681723
table-0009-90 37 2 4 1055 1172 25623 0.5 0.06551688947851822
table-0009-79 33 7 8 543 446 12190 0.14285714285714285 0.6159140969162996
table-0009-135 2 3 0 8 337 398 1.0 0.5953307392996109
table-0009-677 4 6 0 506 571 3451 1.0 0.07991513437057991
table-0009-263 2 4 0 134 243 202793 0.1111111111111111 0.04756575265808618
table-0009-400 7 13 1 126 63 53983 0.5 0.0692242355605889
table-0009-569 5 4 0 437 234 3382 0.5 0.9773869346733668
table-0009-827 34 5 0 166 286 1113 1.0 0.5522009679649689
table-0009-969 15 4 0 697 262 369369 0.25 0.06378075878528516
table-0009-505 22 4 12 322 290 20484 0.2 0.5027837259100643
table-0009-708 26 3 0 16 69 2382 0.5 0.0764945652173913
table-0009-346 24 2 0 180 254 2835 0.5 0.22548317823908376
table-0009-722 3 3 0 41 59 11203 1.0 0.35617808904452225
table-0009-872 8 3 3 605 324 54766 0.14285714285714285 0.16654163540885222
table-0009-826 30 5 0 166 286 1113 1.0 0.6619036644388108
table-0009-157 3 3 0 34 45 5702 1.0 0.10871080139372823
table-0009-544 17 5 25 481 491 6508 0.14285714285714285 1.5482625482625483
table-0009-217 1 4 2 252 246 11765 0.05263157894736842 0.013884297520661157
table-0009-620 0 1 0 826 468 56478 0.3333333333333333 0.0
table-0009-814 60 6 77 20 587 19401 0.1111111111111111 2.2461182689131154
table-0009-125 12 2 3 476 122 400224 0.25 0.04215835553863723
table-0009-60 1 3 0 236 147 28805 1.0 0.010882822028332864
table-0009-967 7 7 5 697 262 369369 0.25 0.07390338243765945
table-0009-770 3 2 0 723 665 32146 0.16666666666666666 0.040797720797720795
table-0009-345 25 6 9 7 183 460 1.0 1.68926296633303
table-0009-130 5 3 0 8 337 398 1.0 1.2607003891050583
table-0009-882 8 5 0 259 346 1401 1.0 0.19480519480519481
table-0009-736 16 11 57 161 141 20069 0.5 0.6686024003097174
table-0009-211 11 5 22 252 246 11765 0.05263157894736842 0.40231404958677686
table-0009-618 1 3 0 278 311 12476 0.2 0.014001806684733513
table-0009-441 2 2 0 18 56 7869 0.1 0.11364551187441299
table-0009-610 13 2 0 43 83 7759 0.5 0.08770883054892602
table-0009-185 1 3 0 0 0 0 0.0 23.0
table-0009-905 3 2 0 40 60 1943 0.5 0.4309349749903809
table-0009-780 0 0 0 54 285 39295 0.3333333333333333 0.0
table-0009-248 18 5 18 50 34 14502 0.5 0.2747916067835585
table-0009-565 5 4 0 449 229 5989 0.5 1.0329411764705883
table-0009-327 3 3 0 28 46 2253 1.0 0.25593329057087877
table-0009-474 2 3 0 160 102 26318 0.3333333333333333 0.052451539338654506
table-0009-106 8 3 0 41 42 5834 1.0 0.11899563318777293
table-0009-272 23 6 34 81 111 8350 1.0 0.4510245901639344
table-0009-353 183 4 175 305 1373 84492 0.5 9.596290234588107
table-0009-678 9 2 0 492 527 198 1.0 0.04822061315667848
table-0009-158 7 3 0 81 123 9103 1.0 0.052207293666026874
table-0009-931 1 3 0 142 176 11420 0.3333333333333333 0.024622960911049555
table-0009-959 6 2 0 123 160 35959 0.5 0.023169601482854494
table-0009-973 1 2 0 6 10 2167 1.0 0.04935622317596566
table-0009-419 3 3 1 188 226 102613 0.25 0.05953643387365551
table-0009-935 3 3 0 67 74 732 0.3333333333333333 0.022549869904596703
table-0009-49 3 2 3 12 23 988 0.5 0.03524229074889868
table-0009-350 1 6 0 285 323 0 0.5 0.06532663316582915
table-0009-250 2 2 0 279 258 61823 0.3333333333333333 0.01575757575757576
table-0009-108 1 3 0 26 16 1272 0.3333333333333333 0.14857142857142858
table-0009-340 119 4 91 165 159 100596 0.5 1.3616494845360825
table-0009-819 17 2 0 5141 94 782345 0.5 0.2658157602663707
table-0009-904 8 6 0 1918 487 11812 1.0 0.39880689350419796
table-0009-356 5 2 3 8 17 722 1.0 0.1316348195329087
table-0009-194 5 8 18 4298 345 240171 0.5 0.010982583831557058
table-0009-254 6 3 0 371 183 212390 0.25 0.02651195499296765
table-0009-238 7 2 0 77 97 3907 0.5 0.21568627450980393
table-0009-981 19 4 0 413 409 50616 0.25 0.08863493833182357
table-0009-493 6 5 1 23 36 844 1.0 0.666406858924396
table-0009-415 6 5 10 221 256 3245 1.0 0.9660056657223796
table-0009-114 5 5 2 2345 531 385181 0.5 0.011909620450413683
table-0009-82 10 3 20 153 44 211679 0.3333333333333333 0.0018390804597701149
table-0009-654 12 2 0 16 35 3061 0.25 0.09548447789275635
table-0009-138 9 3 0 8 337 398 1.0 2.272373540856031
table-0009-144 7 3 0 8 337 398 1.0 1.6420233463035019
table-0009-525 3 11 0 84 103 1260 0.3333333333333333 0.1650602409638554
table-0009-719 2 3 0 321 406 18241 0.3333333333333333 0.0007048072716667477
table-0009-361 1 3 0 11 93 3064 1.0 0.05555555555555555
table-0009-763 10 2 0 20 24 6868 0.5 0.16578599735799207
table-0009-829 16 6 0 166 286 1113 1.0 0.6040562341553354
table-0009-991 12 3 0 140 139 10726 1.0 0.19117647058823528
table-0009-214 10 5 20 252 246 11765 0.05263157894736842 0.26330578512396696
table-0009-803 1 3 0 17 26 1518 1.0 0.13957934990439771
table-0009-499 10 3 0 32 254 1984 1.0 0.3780260707635009
table-0009-300 17 6 0 32 89 11951 0.2 0.09264248704663212
table-0009-40 4 1 0 1060 397 33103 0.07142857142857142 0.0036231884057971015
table-0009-14 36 19 0 661 399 6747 0.125 4.141896938013443
table-0009-990 1 3 0 154 158 6384 1.0 0.045554335894621295
table-0009-379 56 8 0 39 197 1234 0.041666666666666664 48.63636363636363
table-0009-475 17 5 0 362 131 12004 0.5 0.3378350726417025
table-0009-709 3 3 0 16 48 1534 1.0 0.09210134128166915
table-0009-840 8 2 5 55 81 5804 1.0 0.20762286860581744
table-0009-119 7 5 0 94 23 15893 0.16666666666666666 0.03575259206292456
table-0009-162 15 4 11 178 202 6840 1.0 0.35185185185185186
table-0009-864 3 3 0 1011 701 628007 1.0 0.005156564378742425
table-0009-943 3 3 0 336 188 4430 0.3333333333333333 0.00930927479600046
table-0009-583 4 8 4 37 88 1501 0.05555555555555555 0.05108359133126935
table-0009-351 1 3 0 63 55 7364 1.0 0.009413832057236098
table-0009-305 4 4 2 206 117 30860 0.16666666666666666 0.07634090161237249
table-0009-445 2 3 0 49 129 29799 0.5 0.07000407000407001
table-0009-884 2 5 0 259 346 1401 1.0 0.049434436531210726
table-0009-937 30 4 30 26 37 9763 0.25 1.964071856287425
table-0009-821 2 3 3 168 365 4555 0.5 0.004729225189346798
table-0009-702 1 2 0 50 101 8129 1.0 0.044444444444444446
table-0009-197 12 5 5 102 214 5002 1.0 0.5881870385561936
table-0009-145 4 3 0 8 337 398 1.0 1.046692607003891
table-0009-170 9 3 5 30 59 1525 1.0 0.21900220102714602
table-0009-433 6 3 0 18 56 7869 0.1 0.22957198443579765
table-0009-662 1 1 0 227 319 287 1.0 0.013480815762184583
table-0009-447 1 3 0 33 89 5923 0.5 0.019615535504119264
table-0009-179 38 2 33 110 88 1425 0.3333333333333333 0.2001563721657545
table-0009-897 8 2 0 23 40 1398 0.5 0.1976
table-0009-154 4 4 3 573 288 68041 0.25 0.40823970037453183
table-0009-318 14 4 10 25 117 4751 0.1 0.3972464741437206
table-0009-946 152 3 44 0 0 0 0.0 9188.0
table-0009-454 1 3 0 26 26 61974 1.0 0.04965920155793573
table-0009-522 1 3 0 311 348 2610 1.0 0.08995502248875563
table-0009-136 7 3 0 8 337 398 1.0 1.6070038910505837
table-0009-631 8 4 0 21 18 17151 0.017241379310344827 0.011665613813434407
table-0009-533 1 3 0 310 333 3126 1.0 0.12222222222222222
table-0009-315 1 3 0 129 138 32611 1.0 0.01663222123806712
table-0009-535 2 8 0 97 77 8970 0.3333333333333333 0.09644763482422235
table-0009-510 6 5 1 15 16 1868 0.2 0.3317914213624895
table-0009-694 1 2 0 13 49 3838 0.5 0.029601029601029602
table-0009-208 0 0 0 252 246 11765 0.05263157894736842 0.0
table-0009-836 3 3 0 90 88 13653 1.0 0.06645139360978926
table-0009-172 54 2 50 170 119 3592 0.3333333333333333 0.2139389736477115
table-0009-953 7 3 0 15 62 7776 0.3333333333333333 0.22786647314949202
table-0009-236 1 3 1 333 348 4055 1.0 0.4322033898305085
table-0009-504 6 11 3 322 290 20484 0.2 0.09250535331905782
table-0009-372 2 3 0 943 299 310797 1.0 0.008455573203774642
table-0009-687 47 3 17 201 292 85589 0.16666666666666666 0.652885443583118
table-0009-718 4 3 0 7 31 1543 0.5 0.13827433628318583
table-0009-617 4 3 0 278 311 12476 0.2 0.012014453477868113
table-0009-68 3 11 0 714 419 234328 0.16666666666666666 0.015501055236154575
table-0009-266 7 7 0 50 71 1063 0.3333333333333333 3.5503355704697985
table-0009-226 10 2 0 80 102 6225 0.3333333333333333 0.47874720357941836
table-0009-570 22 3 1 7 29 776 1.0 3.7554858934169277
table-0009-531 1 3 0 178 210 3175 1.0 0.10007047216349542
table-0009-851 2 3 0 22 46 1014 1.0 0.11668372569089049
table-0009-489 1 3 0 65 110 2754 1.0 0.04079460801702731
table-0009-868 4 9 3 605 324 54766 0.14285714285714285 0.03788447111777944
table-0009-988 21 8 45 42 42 124569 0.3333333333333333 0.08025849489264124
table-0009-892 4 3 0 145 122 15827 0.08333333333333333 0.06916520979020979
table-0009-820 1 2 1 64 99 23872 0.5 0.008333333333333333
table-0009-97 6 3 0 0 0 0 0.0 79.0
table-0009-652 1 1 1 44 148 11144 0.16666666666666666 0.0
table-0009-453 1 3 0 112 100 7032 0.5 0.06653491436100131
table-0009-265 51 3 0 134 243 202793 0.1111111111111111 1.0800223838836038
table-0009-856 4 9 3 216 110 14007 0.043478260869565216 0.10686164229471316
table-0009-141 10 3 0 8 337 398 1.0 2.5058365758754864
table-0009-64 44 4 0 98 182 2217 0.5 3.710376282782212
table-0009-866 4 3 0 1111 535 96624 0.07142857142857142 0.007725348413213436
table-0009-623 35 5 3 259 259 47554 0.3333333333333333 0.8589398023360287
table-0009-275 2 2 0 32 78 12696 0.5 0.06921241050119331
table-0009-343 8 4 0 81 110 4541 0.5 0.31444241316270566
table-0009-53 3 2 0 6 18 618 1.0 0.11949685534591195
table-0009-577 1 2 1 39 51 6603 1.0 0.011085180863477246
table-0009-413 0 1 0 193 240 110899 0.3333333333333333 0.0
table-0009-741 10 5 0 0 0 0 0.0 647.0
table-0009-96 9 3 0 110 192 7801 0.16666666666666666 0.44820295983086683
table-0009-199 0 1 0 13 17 1337 1.0 0.0
table-0009-239 1 2 1 9 26 3297 1.0 0.014349775784753363
table-0009-538 1 3 0 318 349 3185 1.0 0.0981169474727453
table-0009-794 17 2 2 89 118 13619 0.5 0.11378126532614026
table-0009-541 18 6 18 481 491 6508 0.14285714285714285 6.121621621621622
table-0009-963 33 15 0 327 160 324653 0.5 0.1711964820130703
table-0009-418 3 4 0 188 226 102613 0.25 0.027117103469171337
table-0009-742 0 1 0 729 273 2917 1.0 0.0
table-0009-294 4 4 0 17 58 4924 0.2 0.040646946158757184
table-0009-684 1 3 1 201 292 85589 0.16666666666666666 0.009474590869939707
table-0009-461 0 1 0 95 142 18960 0.3333333333333333 0.0
table-0009-56 38 8 22 171 212 226965 0.5 0.3796067582254718
table-0009-12 4 1 0 661 399 6747 0.125 0.013069454817027632
table-0009-793 1 4 0 3 4 307 1.0 0.1978021978021978
table-0009-192 3 5 3 4298 345 240171 0.5 0.003899142188718482
table-0009-210 1 5 1 252 246 11765 0.05263157894736842 0.02727272727272727
table-0009-938 4 4 4 26 37 9763 0.25 0.23353293413173654
table-0009-940 14 9 9 353 241 9741 1.0 0.04697072838665759
table-0009-270 0 1 0 40 264 1636 0.3333333333333333 0.0
table-0009-695 1 2 0 13 49 3838 0.5 0.039897039897039896
table-0009-15 5 4 2 376 240 31601 0.08333333333333333 0.050975706889685383
table-0009-262 3 3 0 134 243 202793 0.1111111111111111 0.13094571908226077
table-0009-562 0 1 0 61 46 54927 1.0 0.0
table-0009-276 1 2 1 86 131 4034 0.3333333333333333 0.025606469002695417
table-0009-507 3 5 0 127 152 17065 1.0 0.009253609924750864
table-0009-457 1 3 0 22 155 1219 0.5 0.20268006700167504
table-0009-319 14 4 9 25 117 4751 0.1 0.39422431161853594
table-0009-621 1 3 0 96 146 1997 1.0 0.018634349752410736
table-0009-469 7 2 0 48 78 1961 1.0 0.07391064533921676
table-0009-761 9 3 0 1031 860 5913 1.0 0.001455424539937836
table-0009-178 15 3 0 110 88 1425 0.3333333333333333 0.44487881157154024
table-0009-748 8 4 0 159 152 1280 0.125 2.8567335243553007
table-0009-88 6 6 0 72 123 1117 0.2 0.17896389324960754
table-0009-378 4 2 0 62 85 20153 1.0 0.050697084917617236
table-0009-944 37 5 0 336 188 4430 0.3333333333333333 0.6557866911849213
table-0009-85 2 2 0 30 45 8391 0.3333333333333333 0.03263516804676084
table-0009-643 3 4 0 21 18 17151 0.017241379310344827 0.005769635712781638
table-0009-131 5 3 0 8 337 398 1.0 1.206225680933852
table-0009-386 23 19 48 2273 625 196093 0.14285714285714285 0.48797965788257053
table-0009-180 5 3 0 5 75 5282 1.0 0.014240170031880977
table-0009-376 28 6 78 808 142 13652 0.3333333333333333 1.2070796460176991
table-0009-167 4 3 0 199 132 2990 1.0 0.05516431924882629
table-0009-148 1 3 0 8 337 398 1.0 0.2529182879377432
table-0009-984 5 2 0 42 70 7381 0.5 0.2132768361581921
table-0009-765 1 3 0 18 58 1443 1.0 0.07641819034224097
table-0009-710 1 3 0 346 367 2763 1.0 0.13802435723951287
table-0009-675 8 4 0 16 32 6758 0.3333333333333333 0.22138680033416874
table-0009-776 1 3 0 21 40 1529 1.0 0.05527123848515865
table-0009-594 12 3 0 16 49 2563 0.1 0.040295593976575575
table-0009-720 0 1 0 324 202 204989 0.3333333333333333 0.0
table-0009-467 6 11 5 48 78 1961 1.0 0.10231660231660232
table-0009-69 2 1 0 714 419 234328 0.16666666666666666 0.0009824612473619096
table-0009-881 1 1 0 177 335 6125 1.0 0.005535872453498672
table-0009-494 4 11 0 103 264 9520 0.5 0.006254370289798772
table-0009-280 7 6 0 75 84 28742 0.5 0.19332372718539864
table-0009-3 1 5 2 30 35 1138 1.0 0.1808695652173913
table-0009-287 3 2 0 248 170 69872 0.3333333333333333 0.04396135265700483
table-0009-480 1 2 0 212 144 1349 1.0 0.0015471545809229114
table-0009-681 4 5 8 22 18 765 1.0 0.8805620608899297
table-0009-196 6 3 0 1124 240 160257 0.5 0.017482517482517484
table-0009-436 2 3 0 18 56 7869 0.1 0.036227022675432714
table-0009-925 0 1 0 239 346 4055 1.0 0.0
table-0009-355 1 3 0 175 207 3019 1.0 0.166270783847981
table-0009-472 7 7 3 451 399 22282 0.5 0.05155367231638418
table-0009-723 1 3 0 4 34 860 0.5 0.04047217537942664
table-0009-520 4 5 2 28 35 2494 1.0 0.30812151270923743
table-0009-994 4 2 2 7 37 1282 1.0 0.11512415349887133
table-0009-171 19 3 0 170 119 3592 0.3333333333333333 0.4590846047156727
table-0009-875 1 4 1 605 324 54766 0.14285714285714285 0.06264066016504126
table-0009-911 3 2 0 209 150 4929 0.25 0.04155977424320164
table-0009-231 4 6 0 52 73 1623 1.0 0.09494535519125682
table-0009-964 1 3 0 779 398 155972 0.3333333333333333 0.019761606022584692
table-0009-548 9 3 0 21 32 3492 0.3333333333333333 0.04772502472799209
table-0009-634 20 4 0 21 18 17151 0.017241379310344827 0.05074752579490419
table-0009-222 16 5 34 252 246 11765 0.05263157894736842 0.16330578512396693
table-0009-332 10 24 99 275 254 27222 0.5 0.33222188541982417
table-0009-129 2 3 0 8 337 398 1.0 0.4591439688715953
table-0009-982 3 3 0 192 177 18437 0.5 0.03507194244604316
table-0009-123 4 3 0 195 147 952 1.0 0.06676036542515812
table-0009-490 1 2 1 16 46 5914 0.5 0.015055467511885896
table-0009-303 7 15 1 206 117 30860 0.16666666666666666 0.32675222112537017
table-0009-552 1 3 0 114 134 66702 1.0 0.015046296296296295
table-0009-18 13 3 0 20 30 3876 0.3333333333333333 0.1686131386861314
table-0009-309 8 6 2 445 118 43338 0.5 0.03128115653040878
table-0009-698 2 2 1 50 101 8129 1.0 0.0457516339869281
table-0009-256 0 1 0 205 278 2571 0.5 0.0
table-0009-726 14 3 5 45 332 74746 0.5 0.01735592094336489
table-0009-36 5 1 0 1060 397 33103 0.07142857142857142 0.012639029322548028
table-0009-586 27 4 21 87 102 3362 1.0 0.3112188670927926
table-0009-65 4 3 0 77 141 2998 1.0 0.08509766425351728
table-0009-264 5 4 0 134 243 202793 0.1111111111111111 0.38500279798545045
table-0009-637 1 5 0 21 18 17151 0.017241379310344827 0.0017266793009054538
table-0009-725 21 31 542 513 501 51680 0.3333333333333333 0.5441112559756628
table-0009-428 6 3 0 18 56 7869 0.1 0.3915201932107876
table-0009-511 7 5 10 15 16 1868 0.2 0.191757779646762
table-0009-798 2 2 0 89 118 13619 0.5 0.004659146640510054
table-0009-919 1 3 0 30 25 193 1.0 0.03577817531305903
table-0009-302 1 6 0 32 89 11951 0.2 0.007115716753022453
table-0009-330 2 3 0 181 217 5537 1.0 0.05342096393663633
table-0009-917 10 4 2 285 116 2451 0.16666666666666666 0.21733771569433033
table-0009-134 8 3 0 8 337 398 1.0 1.9961089494163424
table-0009-599 1 3 0 311 334 2587 1.0 0.1440677966101695
table-0009-304 3 2 0 206 117 30860 0.16666666666666666 0.04606778545574202
table-0009-886 5 3 0 2400 514 1491696 1.0 0.010191030243016874
table-0009-271 3 7 5 47 90 2128 0.5 0.9075425790754258
table-0009-668 6 6 6 22 38 947 1.0 0.3078856424756519
table-0009-213 1 5 1 252 246 11765 0.05263157894736842 0.02727272727272727
table-0009-951 12 2 3 15 62 7776 0.3333333333333333 0.22568940493468795
table-0009-113 3 4 0 75 97 24843 0.3333333333333333 0.03967576791808874
table-0009-257 14 13 2 134 243 202793 0.1111111111111111 1.5433687744823728
table-0009-804 13 2 13 18 35 9554 0.14285714285714285 0.028087167070217918
table-0009-740 3 2 0 76 92 3100 0.5 0.11380880121396054
table-0009-342 35 4 0 273 91 116205 0.5 0.46842837273991655
table-0009-225 21 5 35 252 246 11765 0.05263157894736842 1.6446280991735538
table-0009-846 1 3 0 295 196 6889 0.25 0.010342084327764518
table-0009-848 2 5 0 10 22 236 1.0 0.08675445391169635
table-0009-799 1 3 0 20 45 1376 1.0 0.0811491935483871
table-0009-596 26 1 0 16 49 2563 0.1 0.039459007250418295
table-0009-674 2 3 0 35 62 12582 1.0 0.10599334073251943
table-0009-977 31 6 37 2404 1054 285416 0.07692307692307693 0.21298286218107676
table-0009-314 5 3 0 658 181 6709 0.25 0.022332892381915805
table-0009-164 3 4 0 174 217 33797 0.3333333333333333 0.08946877912395154
table-0009-831 13 9 0 166 286 1113 1.0 0.06914035492048859
table-0009-395 24 4 13 41 55 3595 0.3333333333333333 0.8216957605985037
table-0009-122 0 1 0 34 41 3687 1.0 0.0
table-0009-721 3 3 0 339 347 5069 1.0 0.1695132365499573
table-0009-556 1 3 0 251 71 5528 1.0 0.031516404029966416
table-0009-792 4 2 0 3 4 307 1.0 1.6593406593406594
table-0009-923 96 4 1 0 0 0 0.0 6971.0
table-0009-546 17 3 18 481 491 6508 0.14285714285714285 0.8455598455598455
table-0009-615 22 8 16 278 311 12476 0.2 0.14498644986449866
table-0009-221 15 4 18 252 246 11765 0.05263157894736842 0.11950413223140496
table-0009-779 0 1 0 54 285 39295 0.3333333333333333 0.0
table-0009-245 0 1 0 84 112 4832 0.3333333333333333 0.0
table-0009-34 22 6 17 30 86 14228 0.5 6.465753424657534
table-0009-369 12 10 0 2762 1075 377212 0.07692307692307693 0.061275195968645016
table-0009-690 4 3 0 197 224 299385 0.3333333333333333 0.03314635390107088
table-0009-80 2 5 0 543 446 12190 0.14285714285714285 0.034140969162995596
table-0009-207 50 5 112 252 246 11765 0.05263157894736842 1.4381818181818182
table-0009-843 18 5 0 295 196 6889 0.25 0.31742243436754175
table-0009-912 3 3 0 209 150 4929 0.25 0.02719343252950231
table-0009-958 1 2 1 20 54 2327 1.0 0.008040626322471435
table-0009-442 2 2 0 18 56 7869 0.1 0.13296659063464378
table-0009-807 13 2 13 18 35 9554 0.14285714285714285 0.03801452784503632
table-0009-338 2 5 0 10 85 1566 0.5 0.3630952380952381
table-0009-560 5 4 0 444 228 2669 0.5 0.5907692307692308
table-0009-518 2 3 0 31 70 2170 1.0 0.07192575406032482
table-0009-901 10 5 20 359 357 15493 0.25 0.043449550977284736
table-0009-898 2 5 0 23 40 1398 0.5 0.0864
table-0009-812 33 6 41 20 587 19401 0.1111111111111111 1.129170796167823
table-0009-502 1 3 0 52 66 6206 0.3333333333333333 0.07750865051903114
table-0009-844 18 5 0 295 196 6889 0.25 0.286793953858393
table-0009-241 29 10 0 118 91 19996 0.3333333333333333 0.33209525890321173
table-0009-823 10 12 0 19 53 1071 0.5 0.2594594594594595
table-0009-921 45 4 0 0 0 0 0.0 2930.0
table-0009-409 2 2 2 193 240 110899 0.3333333333333333 0.010647938377888537
table-0009-333 12 5 0 567 323 8200 1.0 0.11645536531172396
table-0009-139 11 3 0 8 337 398 1.0 3.0583657587548636
table-0009-206 1 3 0 148 395 9012 1.0 0.030198446937014668
table-0009-500 41 4 0 341 315 11279 0.1 0.8616780045351474
table-0009-470 7 2 0 48 78 1961 1.0 0.0763927192498621
table-0009-551 1 2 1 21 133 7609 1.0 0.00841452612931798
table-0009-685 1 3 1 201 292 85589 0.16666666666666666 0.00516795865633075
table-0009-945 39 6 0 336 188 4430 0.3333333333333333 0.7288817377312953
table-0009-508 5 5 0 127 152 17065 1.0 0.018202155786048405
table-0009-781 41 10 264 54 285 39295 0.3333333333333333 3.3513708513708513
table-0009-739 2 2 2 41 104 2964 0.3333333333333333 0.021434460016488046
table-0009-16 4 4 0 376 240 31601 0.08333333333333333 0.04606398513208549
table-0009-295 19 6 6 17 58 4924 0.2 0.3719940412853799
table-0009-358 1 2 0 9 17 1367 1.0 0.032432432432432434
table-0009-603 32 7 4 13 538 260270 1.0 0.30502684236212785
table-0009-277 3 2 0 11 5 2340 0.5 0.054732775273663874
table-0009-268 7 6 0 50 71 1063 0.3333333333333333 0.13674496644295303
table-0009-638 2 3 0 21 18 17151 0.017241379310344827 0.002653190145293746
table-0009-298 2 3 0 32 53 1123 1.0 0.03256364712847839
table-0009-46 256 6 1 9 476 17728 0.5 13.423571796191457
table-0009-47 1 3 0 42 77 2894 1.0 0.02323594737741329
table-0009-370 32 17 32 2762 1075 377212 0.07692307692307693 0.18218085106382978
table-0009-296 0 0 0 17 58 4924 0.2 0.0
table-0009-717 1 3 0 17 25 6294 1.0 0.20578231292517007
table-0009-598 5 4 0 16 49 2563 0.1 0.01701059676519799
table-0009-716 8 5 0 11 597 7665 0.3333333333333333 0.038170115691706044
table-0009-845 18 5 0 295 196 6889 0.25 0.3313444709626094
table-0009-273 3 3 1 13 61 4837 0.3333333333333333 0.01596688350088705
table-0009-98 11 10 11 0 0 0 0.0 3003.0
table-0009-289 5 3 0 79 77 3978 1.0 0.2020997375328084
table-0009-954 2 3 0 14 68 1307 1.0 0.028419384057971016
table-0009-745 0 1 0 133 148 0 1.0 0.0
table-0009-407 40 3 11 34 52 151845 0.5 1.0975274725274726
table-0009-237 7 2 0 74 98 4392 0.5 0.283363802559415
table-0009-59 10 5 5 236 147 28805 1.0 0.0519748569284173
table-0009-863 2 3 0 216 155 30036 1.0 0.03805794831636648
table-0009-481 11 3 0 162 149 4508 1.0 0.40322039584032204
table-0009-557 6 3 0 687 597 358836 0.2 0.03497164461247637
table-0009-412 3 3 0 193 240 110899 0.3333333333333333 0.06048935206162211
table-0009-595 8 5 0 16 49 2563 0.1 0.051659230340211935
table-0009-281 10 5 0 485 562 29243 0.09090909090909091 0.2737306843267108
table-0009-267 7 7 0 50 71 1063 0.3333333333333333 2.7298657718120807
table-0009-143 2 3 0 8 337 398 1.0 0.5719844357976653
table-0009-94 30 6 0 110 192 7801 0.16666666666666666 7.91754756871036
table-0009-224 2 3 0 252 246 11765 0.05263157894736842 0.040661157024793386
table-0009-140 1 3 0 8 337 398 1.0 0.31906614785992216
table-0009-311 4 2 0 45 41 0 0.5 0.03321117727897389
table-0009-391 24 4 49 5 83 111 1.0 0.537985562048814
table-0009-616 5 3 0 278 311 12476 0.2 0.01842818428184282
table-0009-320 10 4 4 25 117 4751 0.1 0.2635997313633311
table-0009-408 0 1 0 156 190 2178 1.0 0.0
table-0009-877 4 9 4 605 324 54766 0.14285714285714285 0.01350337584396099
table-0009-731 10 5 2 239 177 116640 0.25 0.11875249900039984
table-0009-795 3 2 0 89 118 13619 0.5 0.026238352133398726
table-0009-705 1 3 0 306 332 2708 1.0 0.16975060337892195
table-0009-279 3 9 0 52 34 2347 1.0 0.2437755481233742
table-0009-899 28 5 33 359 357 15493 0.25 0.2256999471737982
table-0009-640 5 8 0 21 18 17151 0.017241379310344827 0.017182564750473785
table-0009-786 4 2 3 89 114 15626 0.3333333333333333 0.015359741309620048
table-0009-513 1 2 0 49 78 2032 0.3333333333333333 0.010946327683615819
table-0009-371 10 10 0 2762 1075 377212 0.07692307692307693 0.046052631578947366
table-0009-229 1 5 2 55 80 1182 1.0 0.15625
table-0009-630 12 3 0 1313 490 343271 0.3333333333333333 0.01007489639965023
table-0009-558 2 3 0 687 597 358836 0.2 0.014263619178553016
table-0009-364 20 5 22 2762 1075 377212 0.07692307692307693 0.051511758118701005
table-0009-42 22 8 4 1060 397 33103 0.07142857142857142 0.2948264239973037
table-0009-660 25 7 1 23 34 29634 0.2 0.4839615076182839
table-0009-584 1 1 1 37 88 1501 0.05555555555555555 0.0
table-0009-10 1 5 0 661 399 6747 0.125 0.035847647498132934
table-0009-354 5 2 0 23 48 2078 1.0 0.06663818880820162
table-0009-693 1 3 0 306 340 2550 1.0 0.1317289423685877
table-0009-712 9 2 0 151 409 142551 0.2 0.101987072061288
table-0009-633 1 4 0 21 18 17151 0.017241379310344827 0.0017687934301958306
table-0009-232 1 5 2 17 33 1455 1.0 0.156
table-0009-701 2 2 0 50 101 8129 1.0 0.08496732026143791
table-0009-970 1 3 0 492 273 34136 0.5 0.010122311261071278
table-0009-933 20 2 0 80 104 150648 0.5 0.37138695944432
table-0009-540 13 2 1 292 172 7400 0.5 0.13105867346938777
table-0009-667 1 2 1 6 6 5191 1.0 0.08296943231441048
table-0009-887 11 5 0 398 365 223023 1.0 0.20586943150865478
table-0009-732 29 4 1 239 177 116640 0.25 0.14234306277489003
table-0009-961 2 2 2 57 91 22058 1.0 0.009297851875601153
table-0009-380 2 5 2 18 28 613 1.0 0.3953488372093023
table-0009-186 2 2 0 49 72 1122 0.5 0.011042944785276074
table-0009-181 17 9 18 5 75 5282 1.0 0.8882040382571732
table-0009-902 1 1 0 384 311 21392 1.0 0.005139664804469274
table-0009-24 1 3 0 33 55 2875 1.0 0.03820375335120643
table-0009-972 8 3 0 58 40 6161 0.5 0.16724409448818897
table-0009-182 1 2 0 6 5 880 1.0 0.12374581939799331
table-0009-416 2 2 2 188 226 102613 0.25 0.007120133313134373
table-0009-374 4 9 13 808 142 13652 0.3333333333333333 0.8973451327433628
table-0009-746 2 3 0 159 152 1280 0.125 0.5071633237822349
table-0009-858 4 9 2 216 110 14007 0.043478260869565216 0.13948256467941508
table-0009-115 15 4 0 1025 507 730104 0.5 0.015789236252086433
table-0009-247 0 1 0 17 6 1469 1.0 0.0
table-0009-680 0 1 0 54 93 1718 1.0 0.0
table-0009-23 1 5 2 12 41 1682 1.0 0.11072362685265912
table-0009-67 18 4 0 714 419 234328 0.16666666666666666 0.03749727094097955
table-0009-547 10 3 3 30 107 1118 0.5 1.8480725623582765
table-0009-686 4 3 4 201 292 85589 0.16666666666666666 0.04163077806488659
table-0009-645 2 5 0 21 18 17151 0.017241379310344827 0.005811749842072015
table-0009-782 12 4 0 15 53 3043 0.5 0.06751205572423648
table-0009-769 3 2 0 723 665 32146 0.16666666666666666 0.03851851851851852
table-0009-700 1 2 0 50 101 8129 1.0 0.044444444444444446
table-0009-193 9 6 5 4298 345 240171 0.5 0.00792825578372758
table-0009-485 18 6 30 26 71 8257 0.3333333333333333 4.952229299363057
table-0009-576 29 12 0 36 19 154 1.0 2.0507662835249043
table-0009-593 8 5 0 16 49 2563 0.1 0.04880089235917457
table-0009-392 7 8 6 79 365 21807 0.5 0.06488612157955104
table-0009-839 1 3 0 13 18 897 1.0 0.26244343891402716
table-0009-870 6 11 5 605 324 54766 0.14285714285714285 0.047636909227306824
table-0009-191 4 3 0 683 293 56470 0.25 0.24025289778714437
table-0009-51 1 3 0 958 273 56533 0.5 0.012082957619477006
table-0009-99 11 3 16 9467 595 330049 0.5 0.042383807129504285
table-0009-212 6 5 16 252 246 11765 0.05263157894736842 0.07421487603305785
table-0009-58 21 2 0 38 37 1088 1.0 0.7674418604651163
table-0009-530 1 3 0 4 10 678 1.0 0.0984
table-0009-729 21 7 29 94 113 5972 1.0 0.5661638936401804
table-0009-651 86 4 79 44 148 11144 0.16666666666666666 0.2937237543979117
table-0010-1000 8 7 0 1045 386 42715 0.5 0.21752085816448152
table-0009-308 1 1 0 445 118 43338 0.5 0.005234297108673978
table-0009-971 3 5 1 52 23 976 1.0 0.25638406537282943
table-0009-177 178 7 179 8 677 2069 1.0 142.0375939849624
table-0009-234 1 5 2 18 35 1715 1.0 0.0632118451025057
table-0009-479 0 1 0 10 34 1341 0.5 0.0
table-0009-867 8 4 8 605 324 54766 0.14285714285714285 0.22393098274568643
table-0009-714 10 2 6 151 409 142551 0.2 0.04069906631553747
table-0009-103 8 3 0 36 60 8403 1.0 0.03288084464555053
table-0009-133 1 3 0 8 337 398 1.0 0.21011673151750973
table-0009-600 9 3 0 48 40 5358 1.0 0.05476810336515283
table-0009-252 16 4 12 371 183 212390 0.25 0.06863572433192687
table-0009-160 13 2 0 90 186 37415 0.3333333333333333 0.020805796250061192
table-0009-30 8 3 0 44 38 1784 1.0 1.7422222222222221
table-0009-965 16 14 0 331 290 176284 0.3333333333333333 0.04458364038319823
table-0009-908 27 7 29 110 186 84720 1.0 1.5777777777777777
table-0009-323 6 4 7 25 117 4751 0.1 0.14237743451981194
table-0009-149 22 4 21 269 175 377903 0.3333333333333333 0.15412033076703735
table-0009-434 2 2 0 18 56 7869 0.1 0.1090835905004696
table-0009-348 6 4 0 144 130 4665 0.5 0.05821325648414986
table-0009-344 1 7 0 7 183 460 1.0 0.004094631483166515
table-0009-365 10 5 0 2762 1075 377212 0.07692307692307693 0.015327547592385218
table-0009-443 2 2 0 18 56 7869 0.1 0.15027505702401717
table-0009-35 0 1 0 18 28 2783 1.0 0.0
table-0009-118 6 5 0 94 23 15893 0.16666666666666666 0.028423310690025027
table-0009-999 8 7 0 1045 386 42715 0.5 0.22069924513309497
table-0009-26 14 5 14 8 13 808 0.25 0.5899280575539568
table-0009-979 8 2 0 106 151 30917 0.5 0.048772226926333616
table-0009-756 40 6 0 10 47 20719 1.0 65.59325842696629
table-0009-70 0 0 0 714 419 234328 0.16666666666666666 0.0
table-0009-563 2 9 1 382 272 308518 1.0 0.016993678679911337
table-0009-385 1 7 0 2273 625 196093 0.14285714285714285 0.002311604253351826
table-0009-381 2 6 2 19 31 692 1.0 0.39859320046893315
table-0009-152 0 1 0 573 288 68041 0.25 0.0
table-0009-307 25 3 1 206 117 30860 0.16666666666666666 0.3343205001645278
table-0009-464 7 6 0 48 78 1961 1.0 0.0948703805846663
table-0009-514 1 2 0 49 78 2032 0.3333333333333333 0.014124293785310734
table-0009-842 18 5 0 295 196 6889 0.25 0.34049323786793956
table-0009-482 1 2 0 16 17 1806 0.3333333333333333 0.055201698513800426
table-0009-529 3 6 8 186 105 1217 0.3333333333333333 1.2976588628762542
table-0009-83 28 3 56 153 44 211679 0.3333333333333333 0.006436781609195402
table-0009-219 2 5 4 252 246 11765 0.05263157894736842 0.030578512396694214
table-0009-587 6 3 0 72 151 1795 1.0 0.31678607983623336
table-0009-456 74 8 0 22 155 1219 0.5 23.502512562814072
table-0009-417 7 3 0 188 226 102613 0.25 0.042872292076958037
table-0009-471 8 4 0 48 78 1961 1.0 0.07363485934914506
table-0009-7 6 13 4 15 10 537 0.5 1.6073170731707318
table-0009-671 4 5 8 27 24 1178 1.0 0.311046511627907
table-0009-497 13 14 0 32 254 1984 1.0 2.466790813159528
table-0009-249 1 2 0 187 133 1555 1.0 0.02446808510638298
table-0009-857 4 9 3 216 110 14007 0.043478260869565216 0.09448818897637795
table-0009-822 2 3 0 77 109 1488 1.0 0.21696969696969698
table-0009-155 1 3 0 159 237 280 1.0 0.06021341463414634
table-0009-825 1 3 0 65 155 3788 1.0 0.05059646236116824
table-0009-62 1 2 0 29 39 2616 0.5 0.028954423592493297
table-0009-5 8 4 0 15 10 537 0.5 1.1780487804878048
table-0009-317 9 4 7 25 117 4751 0.1 0.2501678979180658
table-0009-468 6 8 5 48 78 1961 1.0 0.08769994484280198
table-0009-523 75 5 34 199 214 39014 1.0 0.6844392929585628
table-0009-301 6 6 0 32 89 11951 0.2 0.02998272884283247
table-0009-880 4 9 2 605 324 54766 0.14285714285714285 0.052138034508627154
table-0009-772 17 3 6 36 121 4608 0.5 0.34775374376039936
table-0009-515 2 1 0 2338 961 520177 0.25 0.0018995486018913786
table-0009-22 1 5 2 38 36 1934 1.0 0.08779931584948689
table-0009-696 1 3 0 57 47 2007 1.0 0.041112454655380895
table-0009-890 3 3 0 225 143 6216 1.0 0.14860287891617274
table-0009-849 3 1 0 14 27 3044 0.3333333333333333 0.17351973684210525
table-0009-976 3 8 0 2404 1054 285416 0.07692307692307693 0.010139416983523447
table-0009-850 2 2 0 14 27 3044 0.3333333333333333 0.05592105263157895
table-0009-168 6 3 0 32 62 3894 1.0 0.05609418282548476
table-0009-625 1 3 0 186 214 3135 1.0 0.12964426877470356
table-0009-156 1 3 0 16 24 1000 1.0 0.06708760852407261
table-0009-613 1 3 0 320 339 2501 1.0 0.11261730969760167
table-0009-683 1 3 1 201 292 85589 0.16666666666666666 0.010048808498420901
table-0009-771 3 2 0 723 665 32146 0.16666666666666666 0.06267806267806268
table-0009-293 4 6 0 17 58 4924 0.2 0.11151308789104064
table-0009-151 1 1 0 573 288 68041 0.25 0.007022471910112359
table-0009-87 6 6 0 72 123 1117 0.2 0.19309262166405022
table-0009-646 5 2 1 52 118 13966 0.25 0.055741827326068735
table-0009-582 4 8 3 37 88 1501 0.05555555555555555 0.058823529411764705
table-0009-169 32 10 32 32 62 3894 1.0 6.606648199445983
table-0009-316 16 4 11 25 117 4751 0.1 0.38079247817327067
table-0009-789 1 5 0 89 114 15626 0.3333333333333333 0.015521422797089733
table-0009-306 25 13 25 206 117 30860 0.16666666666666666 0.9746627179993419
table-0009-261 60 15 50 134 243 202793 0.1111111111111111 3.213206491326245
table-0009-291 42 16 15 210 196 7391 0.3333333333333333 0.702213959776914
table-0009-240 9 6 0 118 91 19996 0.3333333333333333 0.06969630762508193
table-0009-347 1 1 0 137 150 6887 1.0 0.06792058516196448
table-0009-627 4 23 17 74 156 5884 0.5 0.6535067347886669
table-0009-326 1 2 0 12 66 8410 1.0 0.007425742574257425
table-0009-536 1 3 0 18 42 1825 1.0 0.01838235294117647
table-0009-105 7 12 0 21 43 1193 0.5 0.35625
table-0009-932 10 4 0 221 276 6052 1.0 0.3561320754716981
table-0009-312 7 4 2 658 181 6709 0.25 0.028246829040541592
table-0009-597 9 5 0 16 49 2563 0.1 0.05291411042944785
table-0009-451 4 6 6 180 202 2847 1.0 0.2658753709198813
table-0009-473 1 3 0 451 399 22282 0.5 0.015713276836158193
table-0009-915 11 4 2 285 116 2451 0.16666666666666666 0.23788003286770748
table-0009-847 6 2 3 10 22 236 1.0 0.13090627420604184
table-0009-703 1 2 0 50 101 8129 1.0 0.044444444444444446
table-0009-903 1 3 0 1047 533 194913 0.5 0.009385014497176866
table-0009-679 0 1 0 74 119 49769 0.16666666666666666 0.0
table-0009-564 13 2 1 302 192 6792 0.5 0.1302102545186278
table-0009-496 1 3 0 56 76 1022 1.0 0.05442176870748299
table-0009-934 4 6 2 56 52 683 1.0 0.025024061597690085
table-0009-751 14 11 0 159 152 1280 0.125 1.7679083094555874
table-0009-591 3 5 0 16 49 2563 0.1 0.016383156720580033
table-0009-227 1 5 2 57 81 1097 1.0 0.09758454106280193
table-0009-111 1 2 1 14 33 1167 1.0 0.008057675996607293
table-0009-659 6 5 9 23 34 29634 0.2 0.11287089013632719
table-0009-29 1 3 0 0 0 0 0.0 99.0
table-0009-288 1 3 0 248 170 69872 0.3333333333333333 0.03816425120772947
table-0009-910 5 3 0 209 150 4929 0.25 0.055926115956900974
table-0009-774 1 3 1 500 415 119553 1.0 0.005317485142320926
table-0009-766 7 2 2 723 665 32146 0.16666666666666666 0.08957264957264957
table-0009-260 11 4 5 134 243 202793 0.1111111111111111 0.6933407946278679
table-0009-438 2 2 0 18 56 7869 0.1 0.06695290487052194
table-0009-427 24 3 18 18 56 7869 0.1 0.9918153763585134
table-0009-184 69 2 63 186 223 4053 0.3333333333333333 0.3872746553552492
table-0009-483 1 3 0 16 17 1806 0.3333333333333333 0.2632696390658174
table-0009-737 3 3 0 23 36 1454 1.0 0.18840579710144928
table-0009-163 1 4 0 174 217 33797 0.3333333333333333 0.01994408201304753
table-0009-215 2 5 4 252 246 11765 0.05263157894736842 0.0371900826446281
table-0009-752 14 11 0 159 152 1280 0.125 1.7507163323782235
table-0009-791 2 2 0 3 4 307 1.0 0.5824175824175825
table-0009-440 2 2 0 18 56 7869 0.1 0.08452971957600966
table-0009-43 6 7 4 1060 397 33103 0.07142857142857142 0.09032692955847657
table-0009-941 15 5 0 353 241 9741 1.0 0.23893805309734514
table-0009-561 11 5 4 62 66 3894 0.5 0.1201329534662868
table-0009-484 2 3 0 59 49 8247 1.0 0.13936651583710408
table-0009-730 52 4 5 239 177 116640 0.25 0.5252565640410503
table-0009-861 4 9 3 216 110 14007 0.043478260869565216 0.09898762654668167
table-0009-73 23 6 0 41 143 1253 0.5 1.1499085923217551
table-0009-401 4 3 0 24 42 2753 0.3333333333333333 0.03829201101928375
table-0009-916 10 4 0 285 116 2451 0.16666666666666666 0.2218570254724733
table-0009-398 5 3 0 67 148 65228 1.0 0.07262021589793916
table-0009-545 17 5 21 481 491 6508 0.14285714285714285 1.6274131274131274
table-0009-883 4 5 0 259 346 1401 1.0 0.1009635525764558
table-0009-458 45 6 76 59 95 6739 1.0 0.8926770708283314
table-0009-975 13 9 0 2404 1054 285416 0.07692307692307693 0.07059018019507357
table-0009-655 3 2 0 16 35 3061 0.25 0.15522107243650046
table-0009-802 0 1 0 139 167 61153 0.3333333333333333 0.0
table-0009-682 1 3 1 201 292 85589 0.16666666666666666 0.0068906115417743325
table-0009-650 15 5 15 26 355 90818 1.0 0.017223502304147466
table-0009-873 7 3 3 605 324 54766 0.14285714285714285 0.34996249062265566
table-0009-697 14 3 0 271 154 53346 0.5 0.020366089835696884
table-0009-104 17 10 18 36 60 8403 1.0 1.4850678733031675
table-0009-509 1 5 0 15 16 1868 0.2 0.05592935239697225
table-0009-153 0 0 0 573 288 68041 0.25 0.0
table-0009-830 33 3 0 166 286 1113 1.0 0.2175616501498041
table-0009-460 6 2 0 95 142 18960 0.3333333333333333 0.13561190738699008
table-0009-367 19 4 0 2762 1075 377212 0.07692307692307693 0.04118840985442329
table-0009-790 1 3 0 24 42 1952 1.0 0.039978390059427334
table-0009-841 4 2 0 62 73 0 0.5 0.3228200371057514
table-0009-559 1 3 0 687 597 358836 0.2 0.006272555421893796
table-0009-142 9 3 0 8 337 398 1.0 2.5214007782101167
table-0009-609 15 2 5 43 83 7759 0.5 0.1434964200477327
table-0009-205 7 2 1 9 22 1180 0.5 0.5234375
table-0009-816 53 6 63 20 587 19401 0.1111111111111111 1.5797819623389495
table-0009-357 9 2 0 9 17 1367 1.0 0.34459459459459457
table-0009-235 1 2 1 75 119 549 1.0 0.0051813471502590676
table-0009-337 1 3 0 19 31 1328 1.0 0.07459677419354839
table-0009-957 1 3 0 22 23 3669 1.0 0.03565891472868217
table-0009-554 5 4 0 444 232 4270 0.5 1.0446650124069479
table-0009-120 7 5 0 94 23 15893 0.16666666666666666 0.039685377189846265
table-0009-924 23 4 0 0 0 0 0.0 1605.0
table-0009-900 3 3 3 359 357 15493 0.25 0.010961436872688853
table-0009-815 68 6 74 20 587 19401 0.1111111111111111 2.2117608192930294
table-0009-269 90 16 167 40 264 1636 0.3333333333333333 6.148148148148148
table-0009-788 1 11 1 89 114 15626 0.3333333333333333 0.005335489086499595
table-0009-244 1 2 1 84 112 4832 0.3333333333333333 0.002280091203648146
table-0009-612 0 1 0 18 13 723 1.0 0.0
table-0009-426 2 2 0 18 56 7869 0.1 0.023212129343888367
table-0009-707 6 8 1 40 48 2951 0.3333333333333333 0.025949475854957896
table-0009-762 13 7 10 1031 860 5913 1.0 0.030391237850905323
table-0009-387 12 9 0 2273 625 196093 0.14285714285714285 0.19059177068885808
table-0009-414 1 2 0 6 32 536 1.0 0.0300187617260788
table-0009-661 10 7 1 23 34 29634 0.2 0.17502004811547714
table-0009-110 14 2 0 121 133 26227 0.3333333333333333 0.37365107913669066
table-0009-450 0 1 0 15 10 715 1.0 0.0
table-0009-824 1 3 0 282 203 27290 1.0 0.017224287484510534
table-0009-894 10 1 0 31 75 992 0.3333333333333333 0.08623744831659776
table-0009-50 1 5 2 12 23 988 0.5 0.10044052863436123
table-0009-920 4 4 0 0 0 0 0.0 271.0
table-0009-639 23 3 0 21 18 17151 0.017241379310344827 0.028595493788165928
table-0009-137 17 3 0 8 337 398 1.0 5.101167315175097
table-0009-107 11 9 12 41 42 5834 1.0 3.1058951965065504
table-0009-492 10 3 2 16 46 5914 0.5 0.7781299524564184
table-0009-810 51 6 62 20 587 19401 0.1111111111111111 1.6617112652791544
table-0009-72 1 5 2 8 36 1429 1.0 0.2
table-0009-339 15 5 0 2027 57 5029 0.5 0.47218100890207715
table-0009-871 1 1 1 605 324 54766 0.14285714285714285 0.0
table-0009-614 22 6 1 278 311 12476 0.2 0.14778681120144535
table-0009-878 4 9 4 605 324 54766 0.14285714285714285 0.01350337584396099
table-0009-566 22 5 10 28 109 2162 1.0 5.186612576064909
table-0009-100 6 7 8 43 50 25475 1.0 0.6407249466950959
table-0009-862 1 1 1 216 110 14007 0.043478260869565216 0.0
table-0009-174 21 10 20 47 77 27631 1.0 1.9138726545678253
table-0009-201 23 4 0 172 192 296169 0.25 0.5050563420976596
table-0009-865 0 1 0 271 289 72583 1.0 0.0
table-0009-534 1 3 0 97 77 8970 0.3333333333333333 0.01233204491073072
table-0009-190 4 4 3 683 293 56470 0.25 0.5437302423603794
table-0009-664 25 7 37 392 560 7988 0.25 0.8545975834527955
table-0009-995 4 3 0 26 27 6274 0.5 0.12531709791983764
table-0009-632 2 4 0 21 18 17151 0.017241379310344827 0.003958728153295431
table-0009-95 26 6 35 110 192 7801 0.16666666666666666 2.0063424947145876
table-0009-486 7 6 9 26 71 8257 0.3333333333333333 2.732484076433121
table-0009-644 3 4 0 21 18 17151 0.017241379310344827 0.005769635712781638
table-0009-706 7 8 1 40 48 2951 0.3333333333333333 0.030761299192301084
table-0009-783 5 7 0 15 53 3043 0.5 0.11805679585640293
table-0009-713 40 10 69 151 409 142551 0.2 1.6150347139095045
table-0009-39 5 1 0 1060 397 33103 0.07142857142857142 0.012639029322548028
table-0009-448 1 3 0 359 350 8982 1.0 0.03745583038869258
table-0009-57 9 3 0 171 212 226965 0.5 0.08477423179527714
table-0009-310 5 9 5 498 397 79231 0.5 0.18603823921742996
table-0009-20 33 3 0 422 385 35277 0.5 0.06343027249828258
table-0009-605 4 5 2 30 46 1482 0.5 0.46540880503144655
table-0009-328 0 1 0 15 25 3672 1.0 0.0
table-0009-92 29 4 0 104 138 25240 0.3333333333333333 0.028150530158178342
table-0009-909 7 3 0 209 150 4929 0.25 0.046177526936890714
table-0009-8 1 5 2 31 34 1057 1.0 0.12408759124087591
table-0009-488 6 3 0 449 451 13574 0.1 0.028582507062538082
table-0009-399 1 2 1 14 39 2429 1.0 0.018304431599229287
table-0009-575 20 10 0 11 21 328 1.0 2.1046277665995974
table-0009-669 54 5 0 48 53 6763 0.5 0.684484389782403
table-0009-404 5 4 5 362 634 854 0.5 0.9505208333333334
table-0009-284 7 6 16 1699 457 63968 0.25 0.06193946188340807
table-0009-363 22 14 0 2762 1075 377212 0.07692307692307693 0.15145576707726763
table-0009-929 1 2 0 91 116 10719 0.5 0.016477857878475798
table-0009-626 3 3 0 263 195 57076 1.0 0.05754212905877518
table-0009-673 2 2 2 13 19 1860 1.0 0.043761638733705775
table-0009-817 56 6 67 20 587 19401 0.1111111111111111 1.7803105384869509
table-0009-809 8 5 0 18 35 9554 0.14285714285714285 0.0685230024213075
table-0009-313 19 4 17 658 181 6709 0.25 0.09407828184577076
table-0009-777 0 1 0 54 285 39295 0.3333333333333333 0.0
table-0009-962 2 5 4 229 217 8150 1.0 0.09056444818871104
table-0009-286 16 3 0 1699 457 63968 0.25 0.22841928251121077
table-0009-602 16 4 31 32 246 1720 0.5 0.6324528301886793
table-0009-38 2 7 0 1060 397 33103 0.07142857142857142 0.02005392652510954
table-0009-384 17 7 21 2273 625 196093 0.14285714285714285 0.16655108645399908
table-0009-91 5 14 0 162 142 7252 1.0 0.1053472827666376
table-0009-580 4 8 3 37 88 1501 0.05555555555555555 0.10681114551083591
table-0009-528 39 5 76 186 105 1217 0.3333333333333333 15.08361204013378
table-0009-604 0 1 0 213 256 4897 1.0 0.0
table-0009-48 5 2 5 19 21 1465 0.5 0.06368646662584201
table-0009-25 1 5 2 7 49 845 1.0 0.07628398791540786
table-0009-960 1 2 0 3 13 852 1.0 0.027283511269276393
table-0009-691 2 5 1 197 224 299385 0.3333333333333333 0.034506204317525074
table-0009-285 105 4 0 1699 457 63968 0.25 1.5980941704035874
table-0009-983 3 3 0 62 57 973 0.5 0.03794642857142857
table-0009-299 5 6 0 32 89 11951 0.2 0.025492227979274612
table-0009-176 4 2 4 8 677 2069 1.0 0.3007518796992481
table-0009-833 1 2 1 18 31 1232 0.5 0.03065134099616858
table-0009-550 10 2 0 275 305 10512 1.0 0.0163302752293578
table-0009-918 100 5 202 285 116 2451 0.16666666666666666 1.1405094494658998
table-0009-889 1 1 0 543 329 59789 0.5 0.0011627440760194059
table-0009-389 9 9 17 106 114 22472 0.5 0.11506053268765133
table-0009-75 4 4 0 543 446 12190 0.14285714285714285 0.09966960352422907
table-0009-567 3 8 0 362 345 114525 0.3333333333333333 0.006961033623590455
table-0009-869 4 9 2 605 324 54766 0.14285714285714285 0.05138784696174044
table-0009-41 3 8 0 1060 397 33103 0.07142857142857142 0.03370407819346141
table-0009-806 9 2 9 18 35 9554 0.14285714285714285 0.025423728813559324
table-0009-491 5 2 0 16 46 5914 0.5 0.2115689381933439
table-0009-860 4 9 3 216 110 14007 0.043478260869565216 0.08098987626546682
table-0009-183 58 3 5 186 223 4053 0.3333333333333333 0.6046659597030752
table-0009-189 0 0 0 683 293 56470 0.25 0.0
table-0009-835 1 3 0 27 44 24064 1.0 0.06619187264348554
table-0009-978 45 4 87 2404 1054 285416 0.07692307692307693 0.08805863228081777
table-0009-466 7 9 13 48 78 1961 1.0 0.09624931053502482
table-0009-61 1 1 0 1048 537 71939 1.0 0.0002795851972346482
table-0009-459 1 3 0 59 95 6739 1.0 0.02040816326530612
table-0009-768 5 2 0 723 665 32146 0.16666666666666666 0.08045584045584045
table-0009-465 0 1 0 48 78 1961 1.0 0.0
table-0009-477 12 7 0 15 34 16767 0.5 0.6472938612422812
table-0009-359 1 4 0 9 17 1367 1.0 0.043243243243243246
table-0009-980 7 6 23 413 409 50616 0.25 0.013587903282001254
table-0009-209 74 5 138 252 246 11765 0.05263157894736842 3.4765289256198346
table-0009-203 11 4 1 900 352 2516641 0.3333333333333333 0.07016382591428098
table-0009-393 3 2 0 19 40 3997 1.0 0.13402061855670103
table-0009-542 18 3 18 481 491 6508 0.14285714285714285 2.370656370656371
table-0009-258 6 13 2 134 243 202793 0.1111111111111111 0.9367655288192501
table-0009-487 48 5 0 449 451 13574 0.1 0.45000830886833215
table-0009-778 0 1 0 54 285 39295 0.3333333333333333 0.0
table-0009-255 1 2 0 205 278 2571 0.5 0.04363207547169811
table-0009-906 3 3 0 57 68 1391 0.5 0.030267753201396973
table-0009-879 4 9 4 605 324 54766 0.14285714285714285 0.01350337584396099
table-0009-590 10 5 0 16 49 2563 0.1 0.054587283881762406
table-0009-501 6 2 0 52 66 6206 0.3333333333333333 0.1508650519031142
table-0009-926 36 3 36 604 218 1327152 0.25 0.09352738884794891
table-0009-715 5 5 5 11 597 7665 0.3333333333333333 0.027415675411438814
table-0009-939 5 2 0 852 310 111000 0.5 0.011487197474570327
table-0009-452 5 6 0 112 100 7032 0.5 0.054677206851119896
table-0009-324 9 3 1 25 117 4751 0.1 0.13935527199462727
table-0009-331 5 3 0 536 319 27807 0.3333333333333333 0.008460099243471894
table-0009-532 0 1 0 155 195 1765 1.0 0.0
table-0009-368 23 17 23 2762 1075 377212 0.07692307692307693 0.12139557670772676
table-0009-572 30 2 0 520 373 217484 0.3333333333333333 0.03305188061588477
table-0009-891 8 2 0 221 72 2594 0.5 0.5141843971631206
table-0009-394 2 2 0 41 55 3595 0.3333333333333333 0.06234413965087282
table-0009-750 14 11 0 159 152 1280 0.125 1.7535816618911175
table-0009-403 1 2 0 71 86 4714 0.5 0.026772793053545588
table-0009-278 10 5 0 27 70 772 0.5 2.5902912621359224
table-0009-641 21 4 0 21 18 17151 0.017241379310344827 0.05314803116445568
table-0009-818 1 3 0 20 74 1834 1.0 0.03395889186773905
table-0009-578 4 8 3 37 88 1501 0.05555555555555555 0.11764705882352941
table-0009-787 2 2 0 89 114 15626 0.3333333333333333 0.00582053354890865
table-0009-936 11 4 21 26 37 9763 0.25 0.4296407185628742
table-0009-607 5 8 0 191 270 57975 0.3333333333333333 0.16752577319587628
table-0009-636 1 4 0 21 18 17151 0.017241379310344827 0.0018109075594862076
table-0009-801 1 3 0 139 167 61153 0.3333333333333333 0.0019900014560986262
table-0009-797 1 10 1 89 118 13619 0.5 0.00784698381559588
table-0009-290 1 3 0 79 77 3978 1.0 0.04199475065616798
table-0009-993 1 3 0 126 165 80938 0.5 0.017919822649177904
table-0009-402 2 3 0 24 42 2753 0.3333333333333333 0.02231404958677686
table-0009-753 15 3 0 73 38 15560 0.5 0.22347066167290885
table-0009-52 1 1 0 958 273 56533 0.5 0.007033363390441839
table-0009-893 10 1 0 31 75 992 0.3333333333333333 0.11340815121086828
table-0009-147 1 3 0 8 337 398 1.0 0.21011673151750973
table-0009-124 3 3 0 195 147 952 1.0 0.035137034434293744
table-0009-437 2 2 0 18 56 7869 0.1 0.017174292231316248
table-0009-956 3 2 0 72 112 13372 1.0 0.05276595744680851
table-0009-435 32 3 0 18 56 7869 0.1 1.945659465986851
table-0009-410 2 3 0 193 240 110899 0.3333333333333333 0.011554145899410966
table-0009-601 1 2 0 48 40 5358 1.0 0.0027962587985729437
table-0009-230 1 5 2 56 80 1112 1.0 0.15151515151515152
table-0009-838 2 5 0 306 203 229707 0.5 0.012486621476988941
table-0009-21 6 3 0 422 385 35277 0.5 0.015393226980128743
table-0009-397 30 8 15 23 527 5150 0.3333333333333333 0.0889917695473251
table-0009-446 1 2 1 77 51 19686 1.0 0.019853709508881923
table-0009-76 47 6 24 543 446 12190 0.14285714285714285 0.8188325991189427
table-0009-735 3 2 0 76 92 2928 0.5 0.06506849315068493
table-0009-405 6 3 0 123 144 4555 0.5 0.08408679927667269
table-0009-44 109 6 0 221 279 12905 0.5 8.081681971967134
table-0009-585 3 3 0 200 130 7325 1.0 0.04440697020798201
table-0009-853 8 5 12 216 110 14007 0.043478260869565216 0.7120359955005624
table-0009-524 4 3 0 121 199 4055 0.5 0.037008214440121055
table-0009-811 73 6 96 20 587 19401 0.1111111111111111 2.735711925999339
table-0009-517 4 3 0 306 163 80882 1.0 0.040622187941894844
table-0009-928 2 2 1 91 116 10719 0.5 0.03244078269824923
table-0009-28 1 5 2 15 44 1913 1.0 0.10327455919395466
table-0009-767 5 2 0 723 665 32146 0.16666666666666666 0.07361823361823362
table-0009-382 10 2 0 2273 625 196093 0.14285714285714285 0.03952843273231623
table-0009-689 6 3 0 197 224 299385 0.3333333333333333 0.04589495155532891
table-0009-253 53 4 1 371 183 212390 0.25 0.3109001406469761
table-0009-166 5 3 0 199 132 2990 1.0 0.03873239436619718
table-0009-150 28 4 4 269 175 377903 0.3333333333333333 0.2405189620758483
table-0009-45 2 3 0 140 246 5267 0.5 0.017784803873135066
table-0009-704 9 2 0 83 93 6328 0.5 0.19269340974212035
table-0009-948 14 5 28 739 376 42007 1.0 0.04419653141145885
table-0009-439 2 2 0 18 56 7869 0.1 0.0719173487186368
table-0009-672 7 4 5 68 204 10279 0.5 0.07230982384376855
table-0009-102 37 2 0 733 530 72166 0.5 0.12792411125437467
table-0009-606 11 2 0 33 48 11208 0.5 0.25165562913907286
table-0009-383 13 7 21 2273 625 196093 0.14285714285714285 0.09096162736939437
table-0009-760 21 14 0 1031 860 5913 1.0 0.03949380827865213
table-0009-127 5 2 3 34 49 3147 1.0 0.11384335154826958
table-0009-292 28 5 0 17 58 4924 0.2 0.5230900191530112
table-0009-757 29 6 0 10 47 20719 1.0 31.031460674157305
table-0009-947 1 3 0 69 388 11231 1.0 0.009176489201803655
table-0009-335 4 2 0 78 94 4065 0.5 0.04031919361612768
table-0009-117 4 5 0 94 23 15893 0.16666666666666666 0.01787629603146228
table-0009-624 34 4 12 259 259 47554 0.3333333333333333 0.6217430368373764
table-0009-526 3 11 0 84 103 1260 0.3333333333333333 0.18072289156626506
table-0009-6 29 3 0 15 10 537 0.5 4.021951219512195
table-0009-666 24 6 0 392 560 7988 0.25 0.06840057341798075
table-0009-998 9 18 0 74 63 3962 1.0 0.3793264733395697
table-0009-463 0 1 0 48 78 1961 1.0 0.0
table-0009-992 14 2 9 126 165 80938 0.5 0.07315721411416959
table-0009-512 6 5 7 15 16 1868 0.2 0.20142977291841885
table-0009-146 7 3 0 8 337 398 1.0 1.8171206225680934
