table_id rows cols nulls inlinks outlinks views table_imp table_fraction
table-0404-573 7 4 0 247 126 28856 0.3333333333333333 0.1846884604638167
table-0404-359 2 2 0 83 116 972 0.25 0.11164274322169059
table-0404-76 1 2 0 16 26 974 1.0 0.031420765027322405
table-0404-850 2 4 2 138 136 679 0.5 0.15281899109792285
table-0404-932 13 5 0 224 235 2013 0.5 1.7125984251968505
table-0404-396 60 8 47 73 167 36940 0.5 1.0087751371115175
table-0404-642 6 6 0 42 52 820 0.5 0.8813559322033898
table-0404-831 1 2 0 67 69 28974 1.0 0.015468607825295723
table-0404-992 6 4 0 20 39 885 1.0 0.3528722157092614
table-0404-429 6 3 0 98 110 8070 0.3333333333333333 0.06433878157503714
table-0404-410 110 3 0 103 128 5429 1.0 0.6403676295058487
table-0404-182 8 3 0 632 248 105286 0.125 0.022830811122165784
table-0404-87 3 4 0 201 618 4644 0.125 0.18808049535603716
table-0404-492 2 5 0 91 146 1919 0.3333333333333333 0.18213866039952997
table-0404-86 36 4 0 201 618 4644 0.125 2.1145510835913313
table-0404-446 23 4 0 212 284 1367 0.05555555555555555 5.53393665158371
table-0404-447 4 9 1 212 284 1367 0.05555555555555555 0.834841628959276
table-0404-980 0 1 0 178 216 2088 0.14285714285714285 0.0
table-0404-713 233 5 237 423 728 22901 0.5 6.910685805422648
table-0404-929 1 3 0 11 25 1487 1.0 0.22782608695652173
table-0404-387 1 15 4 391 420 23019 0.3333333333333333 0.04567423876268729
table-0404-151 6 9 0 255 156 5617 0.058823529411764705 0.03536977491961415
table-0404-163 1 2 1 56 77 0 1.0 0.012250161186331399
table-0404-653 5 4 0 41 53 986 0.5 2.1420454545454546
table-0404-590 4 5 0 99 199 1811 0.1111111111111111 0.9671772428884027
table-0404-233 5 3 0 526 468 134627 1.0 0.027262640672055794
table-0404-406 4 5 8 119 98 6377 1.0 0.20351758793969849
table-0404-620 2 3 0 42 220 927 0.1111111111111111 0.05625
table-0404-413 2 3 0 35 26 2219 1.0 0.09182736455463728
table-0404-172 2 2 0 37 141 1658 0.3333333333333333 0.038834951456310676
table-0404-122 4 14 7 37 248 1487 1.0 0.02354172116139158
table-0404-639 7 6 0 43 58 504 0.5 1.0532544378698225
table-0404-527 3 4 0 227 427 2153 0.125 0.6649076517150396
table-0404-790 1 1 0 71 73 5237 1.0 0.005426181324892607
table-0404-465 6 10 0 71 220 1691 0.047619047619047616 0.03366027641551494
table-0404-998 1 7 2 1049 344 2635 1.0 0.07044830741079597
table-0404-484 8 11 0 32 35 2212 0.5 0.6272965879265092
table-0404-881 5 8 0 196 176 12669 0.1111111111111111 0.038971638441134465
table-0404-341 2 2 0 61 86 862 0.3333333333333333 0.18095238095238095
table-0404-43 5 1 0 298 122 1912 0.058823529411764705 0.17346938775510204
table-0404-643 5 4 0 255 723 39912 1.0 0.009224337710728404
table-0404-720 1 2 1 54 70 4098 1.0 0.017304189435336976
table-0404-591 5 2 0 99 199 1811 0.1111111111111111 0.087527352297593
table-0404-662 1 1 0 112 250 3954 1.0 0.001133168254501196
table-0404-766 1 2 0 24 37 741 0.5 0.007751937984496124
table-0404-379 3 6 0 105 233 1290 0.07142857142857142 0.193717277486911
table-0404-938 3 2 2 51 69 965 1.0 0.06275303643724696
table-0404-775 11 10 20 205 271 38699 0.041666666666666664 0.04707505941884536
table-0404-117 7 15 13 37 248 1487 1.0 0.05433279772803707
table-0404-847 3 5 0 115 180 2219 0.058823529411764705 0.5281954887218046
table-0404-166 1 4 0 7 8 3951 1.0 0.3283582089552239
table-0404-231 6 5 0 574 785 6291 0.1111111111111111 0.19748520710059173
table-0404-452 3 6 0 212 284 1367 0.05555555555555555 0.9524886877828054
table-0404-857 57 3 15 34 110 3711 0.5 2.4158163265306123
table-0404-525 3 4 0 227 427 2153 0.125 0.6912928759894459
table-0404-165 15 5 3 7 8 3951 1.0 3.455223880597015
table-0404-46 10 4 1 41 210 67 1.0 2.984313725490196
table-0404-681 10 4 0 54 88 877 0.5 3.050761421319797
table-0404-65 2 2 2 57 102 5513 1.0 0.03942028985507246
table-0404-319 1 3 0 39 56 573 1.0 0.5096774193548387
table-0404-849 1 3 0 59 70 4284 0.3333333333333333 0.020869138227350845
table-0404-882 8 1 0 0 0 0 0.0 210.0
table-0404-528 1 4 1 227 427 2153 0.125 0.31398416886543534
table-0404-543 3 3 6 290 160 8294 0.07142857142857142 0.0017234247897421756
table-0404-171 5 9 5 37 141 1658 0.3333333333333333 0.47815533980582525
table-0404-934 3 2 2 282 268 93512 0.3333333333333333 0.022866258973677212
table-0404-741 0 1 0 30 61 2761 1.0 0.0
table-0404-963 11 5 0 176 220 2282 0.14285714285714285 0.20702045328911
table-0404-473 1 2 0 10 22 1365 1.0 0.03391304347826087
table-0404-863 2 12 0 418 448 51852 0.2 0.009987589385970096
table-0404-546 3 3 6 290 160 8294 0.07142857142857142 0.0017234247897421756
table-0404-575 0 1 0 12 40 1564 1.0 0.0
table-0404-627 6 5 0 398 248 851791 0.2 0.22518108223263741
table-0404-234 4 10 4 250 265 807 1.0 0.4008574490889603
table-0404-548 15 2 1 290 160 8294 0.07142857142857142 0.028470977526540743
table-0404-788 16 3 6 117 109 12907 0.5 0.08021916268614779
table-0404-942 3 2 3 23 75 3455 0.25 0.01369002763124843
table-0404-785 15 7 22 205 271 38699 0.041666666666666664 0.05021850801196044
table-0404-286 0 1 0 56 514 34062 1.0 0.0
table-0404-566 12 6 6 81 199 85509 1.0 7.445141065830721
table-0404-598 2 5 0 84 125 1582 0.3333333333333333 0.17631917631917632
table-0404-996 0 1 0 3545 672 2807112 0.25 0.0
table-0404-420 7 3 0 296 618 10550 1.0 0.030949326491340603
table-0404-520 48 4 32 615 787 7730 0.3333333333333333 0.6114622840286557
table-0404-563 15 3 0 657 306 88834 0.3333333333333333 0.03461662892267874
table-0404-15 13 5 0 618 614 236925 0.058823529411764705 0.005005622256882731
table-0404-199 5 7 0 212 446 2182 0.043478260869565216 0.027114803625377642
table-0404-997 68 7 136 1049 344 2635 1.0 5.308325709057639
table-0404-501 6 4 0 266 279 14115 0.3333333333333333 0.059750906511114615
table-0404-718 1 3 0 144 152 9504 1.0 0.0392512077294686
table-0404-783 16 11 0 205 271 38699 0.041666666666666664 0.06179559917196964
table-0404-596 3 3 0 49 53 8334 1.0 0.4394765539803708
table-0404-612 11 4 1 41 41 23803 0.3333333333333333 1.9702380952380953
table-0404-829 6 5 0 582 781 6969 0.1111111111111111 0.11893095768374165
table-0404-331 1 7 1 17 64 1574 0.3333333333333333 0.028716216216216218
table-0404-35 5 1 0 298 122 1912 0.058823529411764705 0.17346938775510204
table-0404-130 5 15 15 37 248 1487 1.0 0.04857815477747468
table-0404-730 4 4 4 58 153 1797 0.1 0.2602040816326531
table-0404-725 8 2 0 258 120 121843 0.2 0.11771995043370508
table-0404-426 4 2 0 636 240 84594 0.25 0.04672600127145582
table-0404-258 1 4 0 305 596 8304 0.038461538461538464 0.0063804575699571596
table-0404-136 116 10 158 279 980 187202 0.1111111111111111 5.709279506588169
table-0404-872 1 3 0 198 164 10232 1.0 0.051118210862619806
table-0404-606 1 3 0 6 29 310 1.0 0.08963815789473684
table-0404-599 42 7 34 84 125 1582 0.3333333333333333 4.508365508365508
table-0404-868 2 12 0 418 448 51852 0.2 0.011287748951007624
table-0404-194 9 12 0 212 446 2182 0.043478260869565216 0.033836858006042296
table-0404-455 4 3 0 71 220 1691 0.047619047619047616 0.027641551493535442
table-0404-733 0 1 0 923 696 256492 0.5 0.0
table-0404-405 3 4 9 261 139 3479 0.1 0.0034292530192336365
table-0404-188 9 13 0 212 446 2182 0.043478260869565216 0.03361027190332326
table-0404-974 2 5 0 181 220 2212 0.08333333333333333 0.038536179650679236
table-0404-703 24 41 518 1253 629 102442 0.09090909090909091 0.3450245354356045
table-0404-979 10 5 0 178 216 2088 0.14285714285714285 0.2100972091564754
table-0404-856 1 3 0 171 251 21107 1.0 0.00545584527975317
table-0404-158 2 2 0 67 81 3902 0.5 0.09158679446219382
table-0404-714 0 1 0 16 29 2914 1.0 0.0
table-0404-14 22 9 1 618 614 236925 0.058823529411764705 0.0196234901519823
table-0404-947 70 3 0 59 165 1132 0.5 5.1867612293144205
table-0404-12 9 2 0 505 278 6099 0.3333333333333333 0.10905125408942203
table-0404-884 17 11 6 327 114 2270 1.0 0.37846930193439865
table-0404-918 11 2 0 56 76 7683 0.5 0.2990566037735849
table-0404-818 1 7 0 10 38 8829 1.0 0.02734107997265892
table-0404-340 16 11 55 125 140 1850 0.25 2.32220367278798
table-0404-178 2 2 0 52 318 1727 0.3333333333333333 0.02059202059202059
table-0404-201 8 4 0 212 446 2182 0.043478260869565216 0.0209214501510574
table-0404-269 2 4 0 305 596 8304 0.038461538461538464 0.01585999453103637
table-0404-237 1 3 0 31 31 2269 0.2 0.03425692695214106
table-0404-736 1 2 1 54 75 5110 1.0 0.010095642933049946
table-0404-69 4 4 0 35 68 2840 1.0 0.11855670103092783
table-0404-745 1 1 0 286 378 21311 0.3333333333333333 0.003236245954692557
table-0404-195 9 12 0 212 446 2182 0.043478260869565216 0.033987915407854986
table-0404-221 4 10 4 261 32 4384 1.0 0.6018158236057068
table-0404-852 8 4 6 188 147 255746 0.14285714285714285 0.04825227963525836
table-0404-241 2 3 0 262 302 7935 1.0 0.08109813821394762
table-0404-302 1 3 0 16 25 920 1.0 0.16
table-0404-251 2 4 0 305 596 8304 0.038461538461538464 0.025339531492115576
table-0404-772 66 3 88 8 44 1065 1.0 8.209959623149395
table-0404-682 10 6 0 54 88 877 0.5 1.3553299492385786
table-0404-628 89 4 0 68 35 1977 0.3333333333333333 2.7926605504587156
table-0404-33 11 8 22 485 312 102817 0.25 0.2697274031563845
table-0404-661 7 6 0 47 68 771 0.5 0.967032967032967
table-0404-554 3 3 0 290 160 8294 0.07142857142857142 0.0071694471253274505
table-0404-632 8 6 0 36 51 514 0.5 1.1299435028248588
table-0404-837 34 4 15 8 314 1709 0.3333333333333333 2.3484848484848486
table-0404-267 2 4 0 305 596 8304 0.038461538461538464 0.022969647251845776
table-0404-110 12 13 18 37 248 1487 1.0 0.0989873323119465
table-0404-361 1 3 0 40 56 523 1.0 0.3165829145728643
table-0404-796 9 3 0 18 43 453 0.2 0.32205683355886333
table-0404-459 12 10 0 71 220 1691 0.047619047619047616 0.06843513152028534
table-0404-416 3 2 0 1108 190 354975 0.25 0.005883323252872931
table-0404-976 10 4 0 178 217 2303 0.16666666666666666 0.18142431627403197
table-0404-672 12 6 0 49 82 619 0.5 0.9465408805031447
table-0404-146 14 9 0 255 156 5617 0.058823529411764705 0.07260111694026061
table-0404-816 3 5 0 10 38 8829 1.0 0.066473000683527
table-0404-470 6 8 0 71 220 1691 0.047619047619047616 0.030539456085599645
table-0404-982 0 1 0 181 215 2562 0.125 0.0
table-0404-614 14 7 19 42 220 927 0.1111111111111111 1.3859375
table-0404-249 2 4 0 305 596 8304 0.038461538461538464 0.025977577249111292
table-0404-239 3 4 2 31 31 2269 0.2 0.13249370277078085
table-0404-593 5 2 0 99 199 1811 0.1111111111111111 0.36980306345733044
table-0404-191 9 13 0 212 446 2182 0.043478260869565216 0.034818731117824776
table-0404-175 3 5 0 144 377 992 1.0 0.0186278964107224
table-0404-838 23 4 5 8 314 1709 0.3333333333333333 1.3292929292929292
table-0404-789 12 4 4 6 41 11908 0.5 16.277486910994764
table-0404-924 9 3 0 622 585 30582 1.0 0.10623033354310887
table-0404-935 14 2 0 282 268 93512 0.3333333333333333 0.1592661526189843
table-0404-307 1 3 0 40 54 547 1.0 0.45145631067961167
table-0404-515 17 6 17 313 253 18047 0.3333333333333333 2.5933503836317136
table-0404-6 1 5 0 107 241 8006 0.5 0.018834866403854577
table-0404-965 10 4 0 182 201 2233 0.3333333333333333 0.22421052631578947
table-0404-409 45 5 8 380 393 48642 0.25 0.11665151711898887
table-0404-805 2 6 3 10 38 8829 1.0 0.026144907723855092
table-0404-358 1 3 0 39 56 757 1.0 0.2961165048543689
table-0404-502 17 4 4 698 538 18783 0.3333333333333333 1.110223642172524
table-0404-509 2 4 0 698 538 18783 0.3333333333333333 0.14376996805111822
table-0404-247 1 4 0 305 596 8304 0.038461538461538464 0.009752985142648801
table-0404-517 11 6 0 295 341 23280 0.3333333333333333 0.9423347398030942
table-0404-735 3 2 0 99 116 14666 0.3333333333333333 0.03198494825964252
table-0404-266 13 4 4 305 596 8304 0.038461538461538464 0.11202260504967641
table-0404-602 1 2 1 17 26 2576 1.0 0.03
table-0404-732 32 9 47 106 114 3926 0.5 2.080246913580247
table-0404-701 23 8 20 1253 629 102442 0.09090909090909091 0.19620304078513395
table-0404-975 70 3 0 60 166 1039 0.5 4.890736342042755
table-0404-34 5 1 0 298 122 1912 0.058823529411764705 0.17346938775510204
table-0404-70 2 6 0 35 68 2840 1.0 0.044673539518900345
table-0404-536 5 9 14 261 136 3217 0.1111111111111111 0.07977437550362611
table-0404-181 1 3 0 11 26 627 1.0 0.06309859154929577
table-0404-403 5 9 14 261 139 3479 0.1 0.07320709706277025
table-0404-352 22 4 0 401 657 11034 0.14285714285714285 0.22974313747106162
table-0404-48 33 4 0 41 210 67 1.0 10.770588235294118
table-0404-423 4 2 0 636 240 84594 0.25 0.039574062301335027
table-0404-82 6 4 0 74 153 52669 0.5 0.018049490538573507
table-0404-385 2 6 0 105 233 1290 0.07142857142857142 0.07460732984293193
table-0404-449 4 5 1 212 284 1367 0.05555555555555555 0.4592760180995475
table-0404-664 5 6 0 39 53 861 0.5 0.9107142857142857
table-0404-206 9 13 0 212 446 2182 0.043478260869565216 0.03255287009063444
table-0404-1 3 2 2 6 14 1039 1.0 0.28716216216216217
table-0404-883 41 5 3 557 429 32589 0.5 0.37165705296276874
table-0404-619 21 4 0 42 220 927 0.1111111111111111 0.5515625
table-0404-722 0 1 0 503 424 21100 1.0 0.0
table-0404-973 11 5 0 181 220 2212 0.08333333333333333 0.2123648461325201
table-0404-44 4 1 0 298 122 1912 0.058823529411764705 0.07142857142857142
table-0404-988 7 13 7 253 371 6639 0.16666666666666666 0.4159897392047884
table-0404-367 2 3 0 4 19 317 1.0 0.08448275862068966
table-0404-537 5 7 10 261 136 3217 0.1111111111111111 0.053988718775181306
table-0404-304 1 3 0 39 54 459 1.0 0.34183673469387754
table-0404-623 12 4 0 42 220 927 0.1111111111111111 0.31484375
table-0404-457 6 8 0 71 220 1691 0.047619047619047616 0.0318769505127062
table-0404-569 107 5 55 10 119 4943 0.5 9.832147937411095
table-0404-844 15 3 2 214 175 37352 0.3333333333333333 0.051819098595919634
table-0404-610 6 6 0 39 50 684 0.5 1.0116279069767442
table-0404-273 1 4 0 305 596 8304 0.038461538461538464 0.008021146659374714
table-0404-707 3 3 0 13 25 967 1.0 0.13184737438609748
table-0404-85 36 4 0 201 618 4644 0.125 2.386222910216718
table-0404-572 13 3 0 247 126 28856 0.3333333333333333 0.2198938250908075
table-0404-177 3 8 5 52 318 1727 0.3333333333333333 0.11711711711711711
table-0404-800 37 7 76 394 1002 771959 0.2 1.9530038759689923
table-0404-787 36 12 0 205 271 38699 0.041666666666666664 0.3570497584911447
table-0404-189 9 13 0 212 446 2182 0.043478260869565216 0.033685800604229606
table-0404-417 9 3 0 1108 190 354975 0.25 0.02595260350800022
table-0404-584 29 6 0 273 318 6919 0.3333333333333333 0.7805294619982921
table-0404-608 6 6 0 46 56 621 0.5 1.4911242603550297
table-0404-676 10 6 0 43 70 578 0.5 1.35
table-0404-886 20 11 5 327 114 2270 1.0 0.4847210541070928
table-0404-890 11 2 0 39 67 1833 0.5 0.13512092534174552
table-0404-238 6 4 8 31 31 2269 0.2 0.19193954659949622
table-0404-564 6 2 0 657 306 88834 0.3333333333333333 0.01643481074086056
table-0404-477 10 4 0 20 48 1179 0.25 0.16
table-0404-214 4 3 0 4 15 1634 0.5 0.5097402597402597
table-0404-802 11 9 33 113 208 17229 0.14285714285714285 0.6983532934131736
table-0404-943 0 1 0 23 75 3455 0.25 0.0
table-0404-401 1 2 0 261 139 3479 0.1 0.0016400775309378262
table-0404-476 15 4 0 20 48 1179 0.25 0.24943089430894308
table-0404-464 5 7 0 71 220 1691 0.047619047619047616 0.15782434239857335
table-0404-456 3 3 0 71 220 1691 0.047619047619047616 0.01939366919304503
table-0404-475 2 3 0 69 131 45865 1.0 0.023266581780298647
table-0404-138 18 10 77 279 980 187202 0.1111111111111111 0.33950098121670874
table-0404-902 1 2 1 58 90 17991 0.3333333333333333 0.02345679012345679
table-0404-891 0 1 0 67 56 3439 0.5 0.0
table-0404-334 1 3 0 41 56 767 1.0 0.46710526315789475
table-0404-523 16 7 0 227 427 2153 0.125 5.094986807387863
table-0404-133 5 15 15 37 248 1487 1.0 0.04783079855012892
table-0404-696 2 3 0 82 68 8291 1.0 0.2138364779874214
table-0404-395 2 4 2 18 34 1907 0.25 0.13164556962025317
table-0404-67 302 8 17 35 68 2840 1.0 14.880584192439862
table-0404-814 6 6 0 10 38 8829 1.0 0.1266233766233766
table-0404-926 8 2 0 73 79 12509 0.5 0.08033240997229917
table-0404-912 1 8 0 472 386 90126 1.0 0.026452527161076995
table-0404-204 9 13 0 212 446 2182 0.043478260869565216 0.03066465256797583
table-0404-851 6 4 6 188 147 255746 0.14285714285714285 0.02013677811550152
table-0404-374 4 10 4 14 40 885 1.0 0.5459249676584734
table-0404-147 9 9 0 255 156 5617 0.058823529411764705 0.06109324758842444
table-0404-611 8 4 7 41 41 23803 0.3333333333333333 1.0416666666666667
table-0404-244 1 4 0 305 596 8304 0.038461538461538464 0.02260504967641965
table-0404-698 4 3 0 195 241 5968 1.0 0.2565359477124183
table-0404-291 12 2 0 66 104 38101 1.0 0.5200845665961945
table-0404-356 34 4 0 401 657 11034 0.14285714285714285 0.27714695182449567
table-0404-925 2 2 2 73 79 12509 0.5 0.008002462296091105
table-0404-383 2 6 0 105 233 1290 0.07142857142857142 0.09554973821989529
table-0404-839 4 5 1 8 314 1709 0.3333333333333333 0.25353535353535356
table-0404-773 11 2 0 205 271 38699 0.041666666666666664 0.039638120064402364
table-0404-371 4 10 4 19 33 3192 1.0 0.5483870967741935
table-0404-726 9 5 0 58 153 1797 0.1 0.6284013605442177
table-0404-921 10 3 0 1 2 8293 1.0 0.22189349112426035
table-0404-717 1 3 0 16 29 983 1.0 0.057480635955972276
table-0404-88 36 4 0 201 618 4644 0.125 2.315015479876161
table-0404-380 4 7 0 105 233 1290 0.07142857142857142 0.2643979057591623
table-0404-930 8 3 7 105 268 3685 0.5 0.3491189427312775
table-0404-885 16 4 14 327 114 2270 1.0 0.06321839080459771
table-0404-66 18 3 0 906 615 56373 1.0 0.09607147228001468
table-0404-461 8 9 8 71 220 1691 0.047619047619047616 0.038118591172536784
table-0404-770 1 3 0 48 54 2247 1.0 0.017092257001647446
table-0404-640 8 4 0 83 70 95208 0.5 0.14279306220095694
table-0404-160 13 5 5 25 25 5631 0.5 2.0964285714285715
table-0404-378 18 7 0 105 233 1290 0.07142857142857142 0.9607329842931938
table-0404-375 16 3 0 824 3 1962 0.5 3.132956152758133
table-0404-346 1 3 0 38 50 794 1.0 0.2688679245283019
table-0404-111 12 13 20 37 248 1487 1.0 0.08957064384738986
table-0404-5 6 4 0 35 79 14456 1.0 0.04777341750554513
table-0404-522 19 6 0 227 427 2153 0.125 1.3825857519788918
table-0404-21 1 2 0 250 166 203239 0.125 0.0019013816706806947
table-0404-821 2 4 0 719 240 16849 0.5 0.02670653743039802
table-0404-848 4 2 0 189 132 49319 0.5 0.02155115072502328
table-0404-391 77 8 42 95 179 34587 0.5 0.686325167037862
table-0404-673 10 4 0 52 76 536 0.5 4.763636363636364
table-0404-678 52 4 0 28 10 1379 0.5 2.394152046783626
table-0404-213 41 6 6 95 178 5656 1.0 0.9366313309776207
table-0404-631 5 4 0 36 51 514 0.5 2.0847457627118646
table-0404-562 2 5 0 449 285 59511 0.5 0.021032219570405727
table-0404-558 15 2 1 290 160 8294 0.07142857142857142 0.028195229560181993
table-0404-510 5 4 3 149 141 1003 0.5 0.16336996336996337
table-0404-73 0 1 0 286 325 14622 1.0 0.0
table-0404-388 3 3 0 391 420 23019 0.3333333333333333 0.07612373127114548
table-0404-397 1 3 0 73 167 36940 0.5 0.028519195612431443
table-0404-236 5 2 0 31 31 2269 0.2 0.16221662468513853
table-0404-740 4 3 0 21 40 2103 1.0 0.18652612282309808
table-0404-530 0 1 0 68 67 2465 1.0 0.0
table-0404-648 10 5 0 255 723 39912 1.0 0.028990775662289272
table-0404-270 12 4 0 305 596 8304 0.038461538461538464 0.11749156868106828
table-0404-243 1 4 0 305 596 8304 0.038461538461538464 0.028347461489381096
table-0404-781 21 6 32 205 271 38699 0.041666666666666664 0.05918883692402055
table-0404-260 2 4 0 305 596 8304 0.038461538461538464 0.031173092698933553
table-0404-155 9 9 0 255 156 5617 0.058823529411764705 0.05635471314943307
table-0404-550 5 3 10 290 160 8294 0.07142857142857142 0.004687715428098717
table-0404-728 78 6 0 58 153 1797 0.1 4.311224489795919
table-0404-605 4 3 0 26 34 1030 0.5 0.671875
table-0404-695 4 3 0 652 520 22572 1.0 0.13856098931984262
table-0404-106 12 13 19 37 248 1487 1.0 0.1113187100631516
table-0404-531 7 3 0 190 122 14307 0.5 0.1853157121879589
table-0404-310 2 6 1 54 147 3311 1.0 0.03726271385048043
table-0404-274 1 4 0 305 596 8304 0.038461538461538464 0.008021146659374714
table-0404-198 9 13 0 212 446 2182 0.043478260869565216 0.029909365558912385
table-0404-858 2 5 0 22 79 810 0.16666666666666666 0.24736842105263157
table-0404-680 0 1 0 0 0 0 0.0 0.0
table-0404-218 15 6 8 12 17 905 0.3333333333333333 0.5360884749708964
table-0404-212 4 6 4 28 21 1054 0.5 0.7625698324022346
table-0404-576 5 3 0 196 205 9309 1.0 0.4593558282208589
table-0404-645 11 46 405 255 723 39912 1.0 0.005861771254600809
table-0404-344 1 3 0 39 54 625 1.0 0.34210526315789475
table-0404-587 1 3 0 5 25 530 1.0 0.07671957671957672
table-0404-808 5 3 0 10 38 8829 1.0 0.09159261790840738
table-0404-240 11 4 0 18 60 1486 0.5 0.22734701289268205
table-0404-312 5 10 2 54 147 3311 1.0 0.15631591281931098
table-0404-812 2 6 1 10 38 8829 1.0 0.0336637047163363
table-0404-26 3 3 0 119 205 2939 1.0 0.0070268259413880044
table-0404-487 2 4 0 179 213 4021 0.3333333333333333 0.07540056550424128
table-0404-995 3 4 0 3545 672 2807112 0.25 0.00520597555454957
table-0404-11 6 3 0 52 62 33996 0.2 0.06381226842321944
table-0404-750 2 5 1 76 214 283 1.0 0.4554794520547945
table-0404-483 1 3 0 212 299 7780 0.14285714285714285 0.03692641868042357
table-0404-609 5 4 0 39 50 684 0.5 2.383720930232558
table-0404-489 0 1 0 18 22 4981 1.0 0.0
table-0404-985 11 5 0 182 215 2825 0.14285714285714285 0.2108451110470147
table-0404-749 3 3 0 17 13 947 1.0 0.2626728110599078
table-0404-187 9 12 0 212 446 2182 0.043478260869565216 0.033987915407854986
table-0404-686 6 5 0 3438 319 1468 1.0 0.03315845561111567
table-0404-468 18 4 0 71 220 1691 0.047619047619047616 0.16874721355327685
table-0404-325 1 3 0 1185 582 1059376 1.0 0.0049804742769822856
table-0404-37 6 7 0 298 122 1912 0.058823529411764705 1.6408163265306122
table-0404-822 1 3 0 238 241 14556 1.0 0.056309083436087135
table-0404-101 5 3 0 101 84 12088 0.3333333333333333 0.19602019602019602
table-0404-706 6 3 5 1253 629 102442 0.09090909090909091 0.034269165795189446
table-0404-173 0 1 0 144 377 992 1.0 0.0
table-0404-281 44 7 0 475 257 1314099 1.0 7.368421052631579
table-0404-345 1 3 0 40 54 714 1.0 0.3854748603351955
table-0404-224 1 4 0 66 117 17250 0.25 0.05757776307081403
table-0404-104 30 13 268 26 93 350 1.0 0.272690078418002
table-0404-365 1 3 0 41 55 645 1.0 0.2682926829268293
table-0404-830 26 18 11 23 135 746 1.0 0.7317388493859082
table-0404-329 1 3 0 41 64 685 1.0 0.2043956043956044
table-0404-349 12 15 18 171 232 4726 0.3333333333333333 0.16537596802398202
table-0404-879 3 5 0 196 176 12669 0.1111111111111111 0.0634564374617425
table-0404-549 1 1 1 290 160 8294 0.07142857142857142 0.0
table-0404-427 2 5 0 10 46 580 0.3333333333333333 0.32166301969365424
table-0404-466 16 15 0 71 220 1691 0.047619047619047616 0.11324119482835489
table-0404-390 20 8 18 127 41 1885 0.5 1.5286624203821657
table-0404-242 9 4 0 305 596 8304 0.038461538461538464 0.10700938838756723
table-0404-607 5 4 0 46 56 621 0.5 2.710059171597633
table-0404-860 2 5 0 22 79 810 0.16666666666666666 0.24912280701754386
table-0404-469 16 4 8 71 220 1691 0.047619047619047616 0.1098974587605885
table-0404-58 16 5 16 367 234 21261 1.0 2.614310645724258
table-0404-552 0 1 0 290 160 8294 0.07142857142857142 0.0
table-0404-313 49 13 0 54 147 3311 1.0 0.7918912584954301
table-0404-697 1 3 0 19 11 1216 1.0 0.12382075471698113
table-0404-828 8 5 0 582 781 6969 0.1111111111111111 0.14610244988864143
table-0404-571 1 2 0 53 71 12338 1.0 0.01042611060743427
table-0404-38 4 1 0 298 122 1912 0.058823529411764705 0.07142857142857142
table-0404-197 5 12 0 212 446 2182 0.043478260869565216 0.016691842900302116
table-0404-954 1 3 0 49 94 5218 1.0 0.03685180310608055
table-0404-649 5 4 0 43 53 623 0.5 2.5174418604651163
table-0404-803 2 5 0 113 208 17229 0.14285714285714285 0.020209580838323353
table-0404-913 2 3 0 157 161 38311 0.3333333333333333 0.015659018589850946
table-0404-542 3 3 1 290 160 8294 0.07142857142857142 0.01068523369640149
table-0404-394 4 4 4 18 34 1907 0.25 0.16286919831223629
table-0404-141 1 2 1 17 29 2605 1.0 0.03822937625754527
table-0404-601 13 2 0 220 137 47064 0.1 0.13086651053864168
table-0404-799 45 7 52 394 1002 771959 0.2 3.426841085271318
table-0404-972 12 5 0 173 211 3437 0.14285714285714285 0.31639085894405045
table-0404-211 1 3 0 430 506 15342 1.0 0.011183851609383524
table-0404-836 10 4 0 20 37 1296 0.5 0.07520325203252033
table-0404-257 1 4 0 305 596 8304 0.038461538461538464 0.010482180293501049
table-0404-624 92 4 65 398 248 851791 0.2 0.9989348103962505
table-0404-978 11 9 15 178 216 2088 0.14285714285714285 0.07243650047036689
table-0404-737 2 3 0 90 68 786 1.0 0.048716260697827515
table-0404-169 8 10 0 10 75 2541 1.0 0.26409366869037293
table-0404-369 31 4 0 73 177 2696 0.5 1.961661341853035
table-0404-202 5 5 0 212 446 2182 0.043478260869565216 0.019788519637462237
table-0404-431 1 5 2 44 51 3688 1.0 0.10204081632653061
table-0404-333 6 5 6 5 84 1171 0.5 0.021610169491525423
table-0404-55 8 7 13 963 130 380728 0.25 0.05650177725118483
table-0404-217 1 2 0 14 17 983 0.3333333333333333 0.030014641288433383
table-0404-150 10 9 0 255 156 5617 0.058823529411764705 0.05195464545608394
table-0404-754 4 10 0 9 41 124 1.0 0.26883910386965376
table-0404-966 10 5 0 177 223 3371 0.14285714285714285 0.13941548183254343
table-0404-574 26 2 0 170 382 2646 1.0 0.31128345498783455
table-0404-210 0 1 0 234 127 8066 1.0 0.0
table-0404-859 14 3 0 22 79 810 0.16666666666666666 0.7210526315789474
table-0404-81 1 2 0 18 29 1061 1.0 0.01098901098901099
table-0404-626 3 4 0 398 248 851791 0.2 0.057094162760971456
table-0404-561 0 1 0 12 25 1511 1.0 0.0
table-0404-948 5 3 0 150 201 15097 1.0 0.0827691635728325
table-0404-52 25 4 23 6 22 2363 0.2 0.6706181202370872
table-0404-421 13 3 0 434 183 50159 0.5 0.01766279453259555
table-0404-504 20 4 2 698 538 18783 0.3333333333333333 1.4456869009584665
table-0404-272 6 4 0 305 596 8304 0.038461538461538464 0.055054233889344634
table-0404-719 2 2 0 20 25 3661 1.0 0.059967585089141004
table-0404-434 1 5 0 12 31 3729 0.25 0.011968085106382979
table-0404-894 166 4 166 104 269 3913 0.5 19.52020202020202
table-0404-579 11 7 14 17 37 575 1.0 0.8256756756756757
table-0404-27 5 4 0 20 26 2186 0.5 0.11917562724014337
table-0404-335 1 3 0 41 56 687 1.0 0.47023809523809523
table-0404-100 11 10 3 101 84 12088 0.3333333333333333 0.2684882684882685
table-0404-39 4 6 0 298 122 1912 0.058823529411764705 0.7673469387755102
table-0404-121 4 14 7 37 248 1487 1.0 0.03676992638541161
table-0404-665 2 3 0 7 12 1092 0.5 0.08445440956651719
table-0404-309 10 13 3 54 147 3311 1.0 0.2636512772439653
table-0404-874 1 1 0 39 36 30699 1.0 0.0852029241240232
table-0404-68 29 8 1 35 68 2840 1.0 1.4982817869415808
table-0404-314 3 3 0 54 147 3311 1.0 0.06890086711975626
table-0404-556 4 2 0 290 160 8294 0.07142857142857142 0.004825589411278092
table-0404-437 4 8 2 212 284 1367 0.05555555555555555 0.5678733031674208
table-0404-59 10 7 1 42 93 876 0.2 0.15994854202401373
table-0404-746 13 5 0 286 378 21311 0.3333333333333333 0.04791222669508249
table-0404-922 11 2 0 1 2 8293 1.0 0.06804733727810651
table-0404-771 1 2 1 49 83 3625 1.0 0.012549537648612946
table-0404-691 10 4 0 61 88 836 0.5 5.676470588235294
table-0404-278 2 3 0 17 34 731 1.0 0.146223888591323
table-0404-513 5 4 4 380 179 221972 0.3333333333333333 0.0052122114668652275
table-0404-186 12 5 0 23 58 2538 0.5 0.30042462845010615
table-0404-115 7 14 15 37 248 1487 1.0 0.05306229214154927
table-0404-583 8 4 0 273 318 6919 0.3333333333333333 0.5264730999146029
table-0404-105 16 13 30 37 248 1487 1.0 0.10421882590336684
table-0404-923 1 4 0 1 2 8293 1.0 0.03106508875739645
table-0404-915 1 3 0 10 57 2054 1.0 0.006530168015781239
table-0404-419 3 4 0 78 119 2864 1.0 0.06340167046317388
table-0404-654 6 6 0 41 53 986 0.5 0.8863636363636364
table-0404-96 0 1 0 96 189 1549 1.0 0.0
table-0404-368 1 2 0 7 16 738 0.5 0.05982905982905983
table-0404-128 4 13 2 37 248 1487 1.0 0.043271925563319755
table-0404-493 49 5 40 91 146 1919 0.3333333333333333 4.346650998824912
table-0404-581 17 5 0 207 264 5829 0.3333333333333333 2.156555772994129
table-0404-342 13 3 0 51 90 418 1.0 0.6318214032600992
table-0404-876 2 3 0 10 86 2111 1.0 0.24022346368715083
table-0404-290 5 3 0 81 101 845 1.0 1.3695652173913044
table-0404-300 1 3 0 39 49 523 1.0 0.32105263157894737
table-0404-495 3 5 6 205 149 6353 1.0 0.05385496807988214
table-0404-763 6 6 0 357 114 6583 0.3333333333333333 0.1316765578635015
table-0404-305 1 3 0 38 54 632 1.0 0.43783783783783786
table-0404-424 3 2 0 636 240 84594 0.25 0.041004450095359184
table-0404-897 3 19 18 164 174 27776 0.2 0.14250411861614498
table-0404-731 8 3 0 535 231 309303 0.5 0.007082606683987614
table-0404-134 5 15 15 37 248 1487 1.0 0.042711408392810436
table-0404-855 7 4 0 188 147 255746 0.14285714285714285 0.057560790273556234
table-0404-415 17 2 0 99 456 79467 0.5 0.0940959409594096
table-0404-298 2 4 0 278 347 1916 0.14285714285714285 0.1542056074766355
table-0404-743 1 1 0 286 378 21311 0.3333333333333333 0.003236245954692557
table-0404-622 4 5 4 42 220 927 0.1111111111111111 0.10234375
table-0404-216 1 2 0 14 17 983 0.3333333333333333 0.030014641288433383
table-0404-916 1 2 0 10 15 763 1.0 0.02930056710775047
table-0404-102 8 8 15 26 93 350 1.0 0.034231162632117285
table-0404-207 1 3 1 212 446 2182 0.043478260869565216 0.00392749244712991
table-0404-75 1 2 1 9 10 387 1.0 0.04491725768321513
table-0404-77 7 3 0 349 294 15094 1.0 0.046365791032984396
table-0404-906 12 6 0 127 371 6300 1.0 0.06054872280037843
table-0404-261 3 4 2 305 596 8304 0.038461538461538464 0.023607693008841493
table-0404-933 0 1 0 410 551 25349 0.5 0.0
table-0404-951 1 3 0 16 31 766 1.0 0.043975069252077566
table-0404-288 2 3 0 458 1625 50477 0.16666666666666666 0.008105760880054038
table-0404-634 5 4 0 39 50 779 0.5 2.189655172413793
table-0404-618 3 11 2 42 220 927 0.1111111111111111 0.165625
table-0404-535 5 3 0 261 136 3217 0.1111111111111111 0.014826752618855762
table-0404-332 0 1 0 2660 883 1215254 0.3333333333333333 0.0
table-0404-833 319 4 319 795 763 110 1.0 19.635531135531135
table-0404-460 4 9 4 71 220 1691 0.047619047619047616 0.020285332144449397
table-0404-61 4 4 0 42 93 876 0.2 0.051457975986277875
table-0404-867 2 12 0 418 448 51852 0.2 0.009337509603451333
table-0404-321 2 2 0 69 124 8035 0.5 0.011662598318416057
table-0404-835 10 6 0 269 284 17133 0.5 0.23334843679202538
table-0404-791 1 3 0 186 138 10408 1.0 0.04203233256351039
table-0404-119 7 14 10 37 248 1487 1.0 0.05134337281865401
table-0404-734 15 2 0 99 116 14666 0.3333333333333333 0.2568203198494826
table-0404-674 10 6 0 52 76 536 0.5 1.490909090909091
table-0404-316 1 3 0 40 56 748 1.0 0.6026490066225165
table-0404-560 4 3 0 10 122 2995 1.0 0.025480427046263344
table-0404-782 50 11 70 205 271 38699 0.041666666666666664 0.17028291037338036
table-0404-903 14 2 0 58 90 17991 0.3333333333333333 0.4728395061728395
table-0404-8 0 1 0 14 121 863 0.5 0.0
table-0404-7 15 4 11 474 430 14683 1.0 0.15264660663298923
table-0404-118 6 14 8 37 248 1487 1.0 0.03613467359216771
table-0404-675 10 4 0 43 70 578 0.5 4.372222222222222
table-0404-185 3 3 0 13 20 590 1.0 0.7398523985239852
table-0404-780 46 10 34 205 271 38699 0.041666666666666664 0.22556160392547728
table-0404-404 13 2 1 261 139 3479 0.1 0.060235574772625616
table-0404-540 15 2 1 261 136 3217 0.1111111111111111 0.0692989524576954
table-0404-768 11 3 0 64 151 84135 0.3333333333333333 0.7701329163408913
table-0404-784 12 11 0 205 271 38699 0.041666666666666664 0.12688798589281608
table-0404-752 4 10 0 9 41 124 1.0 0.3034623217922607
table-0404-418 18 8 10 1108 190 354975 0.25 0.08077197998570407
table-0404-254 1 4 0 305 596 8304 0.038461538461538464 0.01075562847507064
table-0404-547 5 3 9 290 160 8294 0.07142857142857142 0.005377085343995588
table-0404-481 6 18 21 212 299 7780 0.14285714285714285 0.4976920988324735
table-0404-917 1 2 1 56 76 7683 0.5 0.017924528301886792
table-0404-636 5 4 0 43 58 535 0.5 2.165680473372781
table-0404-18 2 3 0 38 55 1109 1.0 0.13728432108027006
table-0404-887 19 11 0 327 114 2270 1.0 0.3858985141575554
table-0404-50 1 4 0 41 210 67 1.0 0.28823529411764703
table-0404-940 1 2 1 77 45 3210 1.0 0.007979840403191937
table-0404-904 7 6 5 48 39 1839 1.0 1.010797342192691
table-0404-485 4 4 0 221 258 913 0.07692307692307693 2.019047619047619
table-0404-479 3 13 8 212 299 7780 0.14285714285714285 0.19983708932935107
table-0404-108 5 15 15 37 248 1487 1.0 0.044654534583909423
table-0404-964 12 4 0 177 211 2251 0.16666666666666666 0.2716207559256887
table-0404-145 9 9 0 255 156 5617 0.058823529411764705 0.0599086139786766
table-0404-103 10 11 16 26 93 350 1.0 0.07446300715990453
table-0404-90 3 4 0 201 618 4644 0.125 0.13544891640866874
table-0404-832 10 3 0 55 63 4382 0.5 0.1937759336099585
table-0404-739 6 3 0 153 166 27676 1.0 0.2645096731154103
table-0404-9 22 13 250 14 121 863 0.5 0.1777228402691938
table-0404-870 2 12 0 2570 356 391828 0.3333333333333333 0.0038394245723172627
table-0404-157 0 1 0 159 166 7002 1.0 0.0
table-0404-983 12 5 0 179 215 2204 0.14285714285714285 0.30033619723571164
table-0404-888 17 5 0 327 114 2270 1.0 0.11059714045416316
table-0404-343 1 3 0 38 56 536 1.0 0.41040462427745666
table-0404-323 12 2 0 10 17 1397 0.5 0.7636363636363637
table-0404-425 7 2 0 636 240 84594 0.25 0.0843928798474253
table-0404-908 1 3 0 533 463 19823 1.0 0.016816270878309284
table-0404-364 2 3 0 72 86 1070 0.5 0.13904607922392886
table-0404-900 2 2 0 56 79 15999 0.5 0.029725963771481654
table-0404-646 3 7 6 255 723 39912 1.0 0.0009542418321443177
table-0404-57 5 4 0 963 130 380728 0.25 0.14817831753554503
table-0404-986 0 1 0 182 215 2825 0.14285714285714285 0.0
table-0404-296 8 5 0 278 347 1916 0.14285714285714285 0.8995327102803738
table-0404-30 65 9 183 485 312 102817 0.25 1.3644189383070302
table-0404-774 15 14 0 205 271 38699 0.041666666666666664 0.1686728513378824
table-0404-438 8 4 6 212 284 1367 0.05555555555555555 0.6470588235294118
table-0404-436 11 4 8 212 284 1367 0.05555555555555555 1.3438914027149322
table-0404-71 1 2 1 73 155 1075 1.0 0.013916500994035786
table-0404-471 6 8 0 71 220 1691 0.047619047619047616 0.03588943379402586
table-0404-453 13 6 0 71 220 1691 0.047619047619047616 0.35911725367810965
table-0404-315 1 3 0 39 54 523 1.0 0.46116504854368934
table-0404-83 1 2 1 76 196 2263 1.0 0.005398457583547558
table-0404-919 0 1 0 113 68 6779 1.0 0.0
table-0404-613 32 9 88 42 220 927 0.1111111111111111 0.9375
table-0404-993 25 4 28 3545 672 2807112 0.25 0.021091402938392526
table-0404-289 1 3 0 11 18 671 1.0 0.1781021897810219
table-0404-853 20 4 15 188 147 255746 0.14285714285714285 0.14266717325227962
table-0404-467 13 15 0 71 220 1691 0.047619047619047616 0.09585376727596968
table-0404-657 9 2 0 74 128 40882 0.25 0.37952559300873906
table-0404-36 4 1 0 298 122 1912 0.058823529411764705 0.07142857142857142
table-0404-880 1 6 0 196 176 12669 0.1111111111111111 0.02468883901244644
table-0404-570 25 11 4 158 339 174 1.0 0.9350588235294117
table-0404-656 13 2 0 74 128 40882 0.25 0.29712858926342073
table-0404-245 3 4 0 305 596 8304 0.038461538461538464 0.01923252210372801
table-0404-353 19 4 0 401 657 11034 0.14285714285714285 0.2146400617352001
table-0404-262 1 4 0 305 596 8304 0.038461538461538464 0.008203445447087777
table-0404-116 4 10 4 37 248 1487 1.0 0.013863458017263929
table-0404-123 7 16 8 37 248 1487 1.0 0.09028063226336834
table-0404-190 9 13 0 212 446 2182 0.043478260869565216 0.03406344410876133
table-0404-17 3 3 0 510 281 24483 1.0 0.04146489104116223
table-0404-516 1 3 0 19 31 1614 1.0 0.11127167630057803
table-0404-78 1 9 1 334 192 357224 0.5 0.006262721152340692
table-0404-327 14 5 14 93 65 7678 0.16666666666666666 0.2505952380952381
table-0404-944 14 3 0 20 33 2476 0.3333333333333333 1.4432432432432432
table-0404-168 2 3 0 0 0 0 0.0 185.0
table-0404-84 1 3 0 101 144 35896 1.0 0.009408042627591375
table-0404-139 39 7 87 279 980 187202 0.1111111111111111 0.8068404821979255
table-0404-893 9 3 7 104 269 3913 0.5 0.36767676767676766
table-0404-149 6 9 0 255 156 5617 0.058823529411764705 0.035708241665256386
table-0404-180 0 1 0 10 22 1186 1.0 0.0
table-0404-690 1 2 0 72 93 43893 0.3333333333333333 0.0032196692521586417
table-0404-183 4 2 0 632 248 105286 0.125 0.006231345237471854
table-0404-414 2 2 1 226 222 31428 1.0 0.04964539007092199
table-0404-753 4 10 0 9 41 124 1.0 0.3095723014256619
table-0404-220 4 10 4 261 32 4384 1.0 0.4072632944228275
table-0404-92 40 6 0 201 618 4644 0.125 0.8660990712074303
table-0404-795 2 5 0 18 43 453 0.2 0.2408660351826793
table-0404-968 10 4 0 176 218 2725 0.14285714285714285 0.2397940419271791
table-0404-862 2 3 1 22 79 810 0.16666666666666666 0.11228070175438597
table-0404-439 2 5 0 212 284 1367 0.05555555555555555 0.26018099547511314
table-0404-869 1 1 1 2570 356 391828 0.3333333333333333 0.0
table-0404-219 53 12 57 12 17 905 0.3333333333333333 1.8020954598370198
table-0404-895 3 18 8 164 174 27776 0.2 0.2644151565074135
table-0404-709 100 3 0 113 118 3761 0.3333333333333333 12.821238938053098
table-0404-767 103 2 6 64 151 84135 0.3333333333333333 4.019546520719312
table-0404-127 13 12 20 37 248 1487 1.0 0.09782893015956055
table-0404-901 3 3 0 44 26 1925 1.0 0.48698884758364314
table-0404-54 28 5 0 6 22 2363 0.2 1.1812023708721422
table-0404-428 16 7 6 10 46 580 0.3333333333333333 2.612691466083151
table-0404-793 8 2 0 135 59 9117 0.3333333333333333 0.21642969984202212
table-0404-114 14 14 36 37 248 1487 1.0 0.1097492619857255
table-0404-458 7 10 0 71 220 1691 0.047619047619047616 0.04057066428889879
table-0404-126 3 13 3 37 248 1487 1.0 0.015358170471955458
table-0404-899 1 2 1 56 79 15999 0.5 0.008824895494658615
table-0404-507 9 4 0 698 538 18783 0.3333333333333333 0.6293929712460063
table-0404-372 4 10 4 19 33 3192 1.0 0.5610098176718092
table-0404-538 15 2 1 261 136 3217 0.1111111111111111 0.07010475423045931
table-0404-692 10 6 0 61 88 836 0.5 1.611764705882353
table-0404-755 4 10 0 9 41 124 1.0 0.3136456211812627
table-0404-866 1 12 0 418 448 51852 0.2 0.0036049878848767804
table-0404-280 6 9 6 475 257 1314099 1.0 0.053663570691434466
table-0404-909 1 3 0 327 351 4082 1.0 0.051291793313069906
table-0404-347 18 2 0 126 150 12749 0.5 0.12586088154269973
table-0404-854 2 3 0 188 147 255746 0.14285714285714285 0.012917933130699088
table-0404-708 0 1 0 25 45 938 1.0 0.0
table-0404-813 4 6 0 10 38 8829 1.0 0.09876965140123035
table-0404-252 1 4 0 305 596 8304 0.038461538461538464 0.0076565490839485915
table-0404-98 9 11 20 185 307 8098 0.3333333333333333 0.21174743024963288
table-0404-45 4 6 0 298 122 1912 0.058823529411764705 0.6938775510204082
table-0404-268 2 4 0 305 596 8304 0.038461538461538464 0.021784705131710873
table-0404-693 10 4 0 61 98 914 0.5 5.402298850574713
table-0404-671 10 4 0 49 82 619 0.5 2.006289308176101
table-0404-990 9 2 8 253 371 6639 0.16666666666666666 0.05044890979050876
table-0404-700 2 1 0 181 87 21033 1.0 0.014069066325598392
table-0404-205 9 13 0 212 446 2182 0.043478260869565216 0.030740181268882175
table-0404-95 1 3 0 10 12 482 1.0 0.20174165457184326
table-0404-196 2 1 0 212 446 2182 0.043478260869565216 0.00256797583081571
table-0404-937 5 3 1 282 268 93512 0.3333333333333333 0.14570592927412923
table-0404-751 2 3 0 142 226 3192 1.0 0.15404699738903394
table-0404-621 4 11 2 42 220 927 0.1111111111111111 0.23125
table-0404-174 7 8 5 144 377 992 1.0 0.3225806451612903
table-0404-896 3 25 20 164 174 27776 0.2 0.1457990115321252
table-0404-677 2 2 0 7 26 4689 0.5 0.0427807486631016
table-0404-748 27 8 54 8 13 1510 0.3333333333333333 1.3618700667880996
table-0404-825 22 5 0 582 781 6969 0.1111111111111111 0.41759465478841873
table-0404-585 1 3 0 24 37 2934 1.0 0.03519356460532931
table-0404-336 4 5 4 182 185 701 0.2 0.6410256410256411
table-0404-351 0 1 0 401 657 11034 0.14285714285714285 0.0
table-0404-125 7 13 8 37 248 1487 1.0 0.06976570382272711
table-0404-486 1 2 0 179 213 4021 0.3333333333333333 0.021677662582469368
table-0404-503 24 4 4 698 538 18783 0.3333333333333333 1.6142172523961662
table-0404-551 17 2 1 290 160 8294 0.07142857142857142 0.03860471529022474
table-0404-955 5 5 2 406 181 26050 0.2 0.020265187135602783
table-0404-991 3 5 8 253 371 6639 0.16666666666666666 0.05686190679777683
table-0404-685 11 6 0 60 95 760 0.5 1.64
table-0404-600 8 6 10 84 125 1582 0.3333333333333333 0.43243243243243246
table-0404-137 54 10 108 279 980 187202 0.1111111111111111 1.9184188393608075
table-0404-970 11 5 1 178 218 3966 0.125 0.23060541527228476
table-0404-500 5 4 0 95 188 5340 0.5 0.18433179723502305
table-0404-132 10 12 14 37 248 1487 1.0 0.07727663390755203
table-0404-669 5 4 0 53 80 660 0.5 1.5494505494505495
table-0404-553 0 1 0 290 160 8294 0.07142857142857142 0.0
table-0404-539 5 3 0 261 136 3217 0.1111111111111111 0.014826752618855762
table-0404-914 3 4 3 131 137 687 0.5 0.13832599118942732
table-0404-877 2 1 0 196 176 12669 0.1111111111111111 0.008365639665374413
table-0404-381 19 7 0 105 233 1290 0.07142857142857142 0.8979057591623036
table-0404-688 3 3 0 26 27 804 1.0 0.24554608830364058
table-0404-865 1 12 0 418 448 51852 0.2 0.0036049878848767804
table-0404-80 15 5 13 42 86 47239 1.0 0.13805798435342845
table-0404-41 4 1 0 298 122 1912 0.058823529411764705 0.07142857142857142
table-0404-370 2 2 0 56 84 835 0.25 0.06993006993006994
table-0404-764 1 4 0 357 114 6583 0.3333333333333333 0.018916913946587538
table-0404-279 0 1 0 56 36 9271 1.0 0.0
table-0404-667 5 6 0 44 64 818 0.5 1.0857142857142856
table-0404-322 1 3 0 41 54 548 1.0 0.285
table-0404-142 2 3 0 420 349 24971 1.0 0.030415811088295688
table-0404-758 4 10 0 9 41 124 1.0 0.2830957230142566
table-0404-264 2 4 0 305 596 8304 0.038461538461538464 0.014766201804757998
table-0404-889 34 18 36 327 114 2270 1.0 0.9572469862629661
table-0404-592 5 2 0 99 199 1811 0.1111111111111111 0.31072210065645517
table-0404-89 36 4 6 201 618 4644 0.125 2.1733746130030958
table-0404-192 9 13 0 212 446 2182 0.043478260869565216 0.034818731117824776
table-0404-448 31 5 14 212 284 1367 0.05555555555555555 3.9434389140271495
table-0404-442 12 8 9 212 284 1367 0.05555555555555555 2.3914027149321266
table-0404-2 78 10 313 93 155 19783 0.3333333333333333 3.0654873917952576
table-0404-949 0 1 0 103 19 2169 1.0 0.0
table-0404-113 17 15 39 37 248 1487 1.0 0.179178655506147
table-0404-898 3 18 7 164 174 27776 0.2 0.37644151565074135
table-0404-810 3 5 0 10 38 8829 1.0 0.12183868762816132
table-0404-72 1 3 0 134 186 2447 1.0 0.05909797822706065
table-0404-779 9 3 3 205 271 38699 0.041666666666666664 0.02821436786015487
table-0404-399 15 2 1 261 139 3479 0.1 0.07380348889220217
table-0404-339 35 6 35 125 140 1850 0.25 4.404006677796327
table-0404-293 1 3 0 38 55 675 1.0 0.3709677419354839
table-0404-679 0 1 0 0 0 0 0.0 0.0
table-0404-529 1 2 1 227 427 2153 0.125 0.0633245382585752
table-0404-408 1 3 0 25 28 3165 1.0 0.18997912317327767
table-0404-499 16 2 0 953 340 161782 0.5 0.0811803100353549
table-0404-544 5 3 9 290 160 8294 0.07142857142857142 0.005377085343995588
table-0404-229 24 5 0 574 785 6291 0.1111111111111111 0.7562869822485208
table-0404-617 1 19 0 42 220 927 0.1111111111111111 0.0265625
table-0404-23 6 3 0 250 166 203239 0.125 0.09760425909494233
table-0404-303 1 3 0 40 54 608 1.0 0.3631578947368421
table-0404-143 14 6 14 255 156 5617 0.058823529411764705 0.10374005753934676
table-0404-276 24 5 17 59 71 6395 1.0 0.9952814290529154
table-0404-655 36 5 9 74 128 40882 0.25 4.730337078651686
table-0404-842 3 4 0 161 90 28375 1.0 0.06148055207026349
table-0404-200 5 3 0 212 446 2182 0.043478260869565216 0.020090634441087614
table-0404-74 1 2 1 17 41 1300 1.0 0.008232235701906412
table-0404-478 13 21 110 212 299 7780 0.14285714285714285 1.085256584306272
table-0404-99 25 5 0 579 503 79765 0.3333333333333333 0.03563941299790356
table-0404-512 3 4 0 657 770 919 1.0 0.038766392851995964
table-0404-834 333 4 333 795 763 129 1.0 21.899267399267398
table-0404-823 12 3 8 582 781 6969 0.1111111111111111 0.10957683741648107
table-0404-559 3 4 0 10 122 2995 1.0 0.003416370106761566
table-0404-864 2 12 0 418 448 51852 0.2 0.0108740618166775
table-0404-927 6 3 0 73 79 12509 0.5 0.07079101261926747
table-0404-148 10 9 0 255 156 5617 0.058823529411764705 0.05144694533762058
table-0404-797 2 3 2 18 43 453 0.2 0.10148849797023005
table-0404-47 12 4 2 41 210 67 1.0 2.4156862745098038
table-0404-250 2 4 0 305 596 8304 0.038461538461538464 0.020964360587002098
table-0404-129 5 10 8 37 248 1487 1.0 0.033705765853293976
table-0404-705 13 3 0 1253 629 102442 0.09090909090909091 0.08736223956238436
table-0404-683 1 6 0 146 219 1836 1.0 0.07983761840324763
table-0404-140 24 5 1 279 980 187202 0.1111111111111111 0.4042612839921503
table-0404-633 4 3 0 82 37 7510 1.0 0.19194395796847635
table-0404-956 11 5 0 406 181 26050 0.2 0.0488997555012225
table-0404-263 3 4 2 305 596 8304 0.038461538461538464 0.024063439978124147
table-0404-792 2 2 1 85 110 4039 1.0 0.024498886414253896
table-0404-152 10 9 0 255 156 5617 0.058823529411764705 0.051785412083262816
table-0404-159 9 2 0 64 89 5612 0.5 0.18728222996515678
table-0404-60 5 8 2 42 93 876 0.2 0.09005145797598628
table-0404-156 1 2 1 54 74 2731 1.0 0.00903471231573942
table-0404-625 35 5 36 398 248 851791 0.2 0.5724328930549638
table-0404-348 1 3 0 39 50 482 1.0 0.35096153846153844
table-0404-53 5 4 4 6 22 2363 0.2 0.1109229466553768
table-0404-248 2 4 0 305 596 8304 0.038461538461538464 0.032175736031355394
table-0404-920 3 3 0 278 200 7351 1.0 0.07986913010007698
table-0404-721 12 4 15 21 70 1216 0.5 0.33860759493670883
table-0404-31 6 7 14 485 312 102817 0.25 0.05308464849354376
table-0404-56 27 5 3 963 130 380728 0.25 0.23481931279620852
table-0404-615 12 7 12 42 220 927 0.1111111111111111 1.053125
table-0404-282 44 8 0 475 257 1314099 1.0 4.121517027863777
table-0404-363 3 6 2 87 72 2298 1.0 0.11279385171790235
table-0404-62 3 3 0 100 170 2281 1.0 0.01693966832841591
table-0404-684 10 4 0 60 95 760 0.5 4.8914285714285715
table-0404-153 6 9 0 255 156 5617 0.058823529411764705 0.03418514130986631
table-0404-957 11 5 0 406 181 26050 0.2 0.04739514763964642
table-0404-742 1 1 0 286 378 21311 0.3333333333333333 0.0016575893914278948
table-0404-541 5 3 0 261 136 3217 0.1111111111111111 0.014826752618855762
table-0404-230 9 5 0 574 785 6291 0.1111111111111111 0.28291420118343197
table-0404-25 1 6 0 9 58 1038 1.0 0.0893371757925072
table-0404-981 10 5 0 181 215 2562 0.125 0.20591715976331362
table-0404-786 11 16 33 205 271 38699 0.041666666666666664 0.1054205320861765
table-0404-433 1 2 0 12 31 3729 0.25 0.006981382978723404
table-0404-658 5 4 0 44 52 1011 0.5 2.422857142857143
table-0404-193 9 12 0 212 446 2182 0.043478260869565216 0.033534743202416915
table-0404-524 16 7 0 227 427 2153 0.125 5.142480211081794
table-0404-366 1 3 0 39 54 696 1.0 0.273972602739726
table-0404-215 3 3 0 23 46 1560 1.0 0.24361593462717057
table-0404-704 25 41 556 1253 629 102442 0.09090909090909091 0.33633657791006355
table-0404-107 11 12 17 37 248 1487 1.0 0.11161765255408991
table-0404-324 2 2 0 40 49 853 0.3333333333333333 0.13344051446945338
table-0404-164 1 2 1 7 8 3951 1.0 0.05223880597014925
table-0404-971 11 5 0 178 216 2744 0.125 0.2324588163514338
table-0404-931 166 4 166 105 268 3685 0.5 21.53964757709251
table-0404-715 15 4 0 11 19 2029 1.0 0.7817638266068759
table-0404-845 6 4 0 214 175 37352 0.3333333333333333 0.0457683655263362
table-0404-843 12 4 0 161 90 28375 1.0 0.18318695106649938
table-0404-644 3 4 0 255 723 39912 1.0 0.005907211341845776
table-0404-659 6 6 0 44 52 1011 0.5 0.88
table-0404-412 1 2 1 70 84 5602 1.0 0.008788159111933395
table-0404-311 1 3 0 54 147 3311 1.0 0.01195219123505976
table-0404-232 2 3 0 35 101 13017 1.0 0.040366572114335586
table-0404-227 23 5 0 574 785 6291 0.1111111111111111 0.7200443786982249
table-0404-432 5 2 0 12 31 3729 0.25 0.04222074468085106
table-0404-597 2 5 0 84 125 1582 0.3333333333333333 0.09009009009009009
table-0404-32 2 6 3 485 312 102817 0.25 0.01606886657101865
table-0404-135 10 11 18 279 980 187202 0.1111111111111111 0.552565180824222
table-0404-24 3 2 0 250 166 203239 0.125 0.007859044238813537
table-0404-910 3 2 2 60 117 18011 0.5 0.013736263736263736
table-0404-747 13 4 0 8 13 1510 0.3333333333333333 1.0625379477838495
table-0404-663 5 4 0 39 53 861 0.5 2.488095238095238
table-0404-49 1 4 0 41 210 67 1.0 0.24509803921568626
table-0404-630 0 0 0 68 35 1977 0.3333333333333333 0.0
table-0404-647 3 5 0 255 723 39912 1.0 0.005043849684191394
table-0404-641 5 4 0 42 52 820 0.5 2.1920903954802258
table-0404-491 2 5 0 91 146 1919 0.3333333333333333 0.17743830787309048
table-0404-350 1 3 0 39 51 514 1.0 0.3065326633165829
table-0404-819 15 3 16 416 232 112715 0.5 0.32936372915957807
table-0404-756 4 10 0 9 41 124 1.0 0.27494908350305497
table-0404-179 3 3 0 363 357 30114 0.5 0.02531645569620253
table-0404-40 5 1 0 298 122 1912 0.058823529411764705 0.17346938775510204
table-0404-330 12 6 14 17 64 1574 0.3333333333333333 0.41131756756756754
table-0404-162 1 3 0 471 388 26545 1.0 0.016391165439644396
table-0404-712 1 2 1 54 87 5063 1.0 0.014136904761904762
table-0404-357 4 4 5 11 8 1175 0.5 0.6558704453441295
table-0404-723 1 2 1 10 39 1132 1.0 0.012611275964391691
table-0404-841 2 7 2 34 44 231 1.0 0.07215793056501021
table-0404-519 31 4 9 615 787 7730 0.3333333333333333 0.4222503160556258
table-0404-508 10 4 0 698 538 18783 0.3333333333333333 0.7172523961661342
table-0404-144 14 9 0 255 156 5617 0.058823529411764705 0.07192418344897614
table-0404-496 11 6 1 131 300 1095 0.3333333333333333 1.7734806629834254
table-0404-22 10 3 0 250 166 203239 0.125 0.12916719482824185
table-0404-328 13 5 13 93 65 7678 0.16666666666666666 0.44107142857142856
table-0404-729 7 4 7 58 153 1797 0.1 0.45068027210884354
table-0404-400 3 4 2 261 139 3479 0.1 0.008945877441479051
table-0404-176 2 2 2 22 32 3560 1.0 0.060126582278481014
table-0404-776 8 4 4 205 271 38699 0.041666666666666664 0.01909069999233305
table-0404-946 2 3 1 20 33 2476 0.3333333333333333 1.0162162162162163
table-0404-594 4 2 0 99 199 1811 0.1111111111111111 0.07221006564551423
table-0404-256 2 4 0 305 596 8304 0.038461538461538464 0.023060796645702306
table-0404-275 2 4 0 305 596 8304 0.038461538461538464 0.029532403609515995
table-0404-595 1 5 0 97 96 2994 0.2 0.6784452296819788
table-0404-987 1 1 0 747 425 66985 1.0 0.0004233501105414178
table-0404-711 1 3 0 41 77 2073 1.0 0.038288288288288286
table-0404-440 3 7 0 212 284 1367 0.05555555555555555 0.45248868778280543
table-0404-285 40 8 0 475 257 1314099 1.0 6.573400412796698
table-0404-960 12 4 0 181 225 3034 0.1 0.14176644108971023
table-0404-533 2 4 1 261 136 3217 0.1111111111111111 0.04464141821112006
table-0404-757 4 10 0 9 41 124 1.0 0.26272912423625255
table-0404-953 35 5 92 6 238 4400 1.0 2.3028909329829172
table-0404-670 6 6 0 53 80 660 0.5 0.8406593406593407
table-0404-545 15 2 1 290 160 8294 0.07142857142857142 0.03012546532469323
table-0404-360 1 3 0 38 56 588 1.0 0.2627450980392157
table-0404-568 12 7 0 81 199 85509 1.0 22.354231974921632
table-0404-131 5 15 15 37 248 1487 1.0 0.04413138522476739
table-0404-578 1 5 0 119 153 4716 0.14285714285714285 0.32149200710479575
table-0404-532 7 4 0 190 122 14307 0.5 0.19001468428781204
table-0404-445 5 5 5 212 284 1367 0.05555555555555555 0.5180995475113123
table-0404-91 34 4 0 201 618 4644 0.125 2.2755417956656347
table-0404-398 2 3 1 261 139 3479 0.1 0.03056508125838676
table-0404-557 5 9 14 290 160 8294 0.07142857142857142 0.03412381083689508
table-0404-377 11 8 0 105 233 1290 0.07142857142857142 0.4908376963350785
table-0404-798 2 3 1 18 43 453 0.2 0.05277401894451962
table-0404-451 1 5 0 212 284 1367 0.05555555555555555 0.13574660633484162
table-0404-824 49 5 0 582 781 6969 0.1111111111111111 0.9216035634743875
table-0404-462 6 8 0 71 220 1691 0.047619047619047616 0.030985287561301828
table-0404-892 0 1 0 358 325 8741 1.0 0.0
table-0404-555 5 3 0 290 160 8294 0.07142857142857142 0.015855508065628018
table-0404-984 0 1 0 179 215 2204 0.14285714285714285 0.0
table-0404-109 5 15 15 37 248 1487 1.0 0.042860879638279586
table-0404-16 21 4 0 618 614 236925 0.058823529411764705 0.016268272334868876
table-0404-804 2 3 0 41 89 2890 1.0 0.09643022716736208
table-0404-577 1 3 0 138 129 54334 1.0 0.017080391710316556
table-0404-936 4 2 0 282 268 93512 0.3333333333333333 0.031108747673491092
table-0404-284 44 8 0 475 257 1314099 1.0 8.479102167182663
table-0404-255 2 4 0 305 596 8304 0.038461538461538464 0.01585999453103637
table-0404-482 1 16 0 212 299 7780 0.14285714285714285 0.04262829215313603
table-0404-223 1 3 0 66 117 17250 0.25 0.02316346790205162
table-0404-840 0 1 0 79 84 1424 1.0 0.0
table-0404-498 16 7 0 131 300 1095 0.3333333333333333 10.342541436464089
table-0404-124 5 17 4 37 248 1487 1.0 0.06957886476589066
table-0404-51 11 5 13 6 22 2363 0.2 0.2768839966130398
table-0404-765 0 1 0 357 114 6583 0.3333333333333333 0.0
table-0404-637 6 6 0 43 58 535 0.5 0.8579881656804734
table-0404-603 72 4 0 23 9 1060 0.5 1.2553859964093357
table-0404-292 0 1 0 66 104 38101 1.0 0.0
table-0404-638 5 4 0 43 58 504 0.5 2.2958579881656807
table-0404-759 3 10 0 9 41 124 1.0 0.21384928716904278
table-0404-807 1 5 0 10 38 8829 1.0 0.03383458646616541
table-0404-393 1 5 0 18 34 1907 0.25 0.08185654008438818
table-0404-154 14 9 0 255 156 5617 0.058823529411764705 0.07124724995769166
table-0404-277 1 1 0 164 191 8785 1.0 0.011936339522546418
table-0404-384 4 8 0 105 233 1290 0.07142857142857142 0.20026178010471204
table-0404-846 2 2 0 115 180 2219 0.058823529411764705 0.17105263157894737
table-0404-589 6 4 0 99 199 1811 0.1111111111111111 1.1597374179431073
table-0404-518 2 2 0 169 169 3940 0.5 0.07759562841530054
table-0404-253 1 4 0 305 596 8304 0.038461538461538464 0.0076565490839485915
table-0404-702 24 8 21 1253 629 102442 0.09090909090909091 0.2096371973292575
table-0404-295 5 3 0 278 347 1916 0.14285714285714285 0.852803738317757
table-0404-28 3 2 0 38 50 726 0.5 0.04986149584487535
table-0404-727 8 10 0 58 153 1797 0.1 0.5110544217687075
table-0404-294 8 6 0 278 347 1916 0.14285714285714285 1.483644859813084
table-0404-526 3 4 0 227 427 2153 0.125 0.6068601583113457
table-0404-967 16 5 0 184 216 3250 0.14285714285714285 0.44786729857819907
table-0404-687 10 3 0 3439 319 1468 1.0 0.016476760390195917
table-0404-301 1 3 0 39 54 559 1.0 0.36787564766839376
table-0404-308 1 3 0 39 54 554 1.0 0.4375
table-0404-120 8 14 15 37 248 1487 1.0 0.0669257501588132
table-0404-506 20 4 0 698 538 18783 0.3333333333333333 1.4792332268370607
table-0404-407 3 3 0 76 120 5288 1.0 0.0429384376616658
table-0404-64 2 2 1 17 40 404 1.0 0.0283436669619132
table-0404-961 2 5 0 181 225 3034 0.1 0.020996009023078258
table-0404-744 1 1 0 286 378 21311 0.3333333333333333 0.003236245954692557
table-0404-629 89 1 1 68 35 1977 0.3333333333333333 0.8073394495412844
table-0404-435 1 3 0 12 31 3729 0.25 0.06682180851063829
table-0404-699 3 3 0 30 65 3993 1.0 0.1046133853151397
table-0404-928 0 1 0 8 43 4340 1.0 0.0
table-0404-873 1 3 0 33 106 1997 1.0 0.08448652585579024
table-0404-907 15 4 11 321 378 29011 0.5 0.007386285557235125
table-0404-20 10 2 0 250 166 203239 0.125 0.04335150209151984
table-0404-355 35 4 0 401 657 11034 0.14285714285714285 0.36357623194796607
table-0404-762 7 9 0 32 52 2498 1.0 0.23636363636363636
table-0404-911 3 2 0 60 117 18011 0.5 0.011098901098901099
table-0404-19 30 2 0 250 166 203239 0.125 0.2072506021041957
table-0404-422 4 2 0 636 240 84594 0.25 0.06993006993006994
table-0404-875 9 6 9 45 46 1587 1.0 1.0964777947932618
table-0404-941 3 2 3 23 75 3455 0.25 0.01369002763124843
table-0404-668 1 3 0 15 21 2375 1.0 0.06253077301821763
table-0404-225 12 2 0 574 785 6291 0.1111111111111111 0.17233727810650887
table-0404-989 9 2 9 253 371 6639 0.16666666666666666 0.030782385634886705
table-0404-208 9 13 0 212 446 2182 0.043478260869565216 0.03308157099697885
table-0404-760 2 3 0 154 222 9167 1.0 0.07231503579952267
table-0404-402 5 9 14 261 139 3479 0.1 0.07380348889220217
table-0404-222 1 2 1 66 117 17250 0.25 0.01257445400397088
table-0404-490 0 1 0 22 61 2285 1.0 0.0
table-0404-10 27 6 54 14 121 863 0.5 0.45392116467518195
table-0404-710 1 3 1 113 118 3761 0.3333333333333333 0.09026548672566372
table-0404-474 13 11 0 104 128 86173 0.3333333333333333 0.2722507488232777
table-0404-494 8 6 9 91 146 1919 0.3333333333333333 0.418331374853114
table-0404-337 1 5 0 125 140 1850 0.25 0.12687813021702837
table-0404-392 2 3 0 95 179 34587 0.5 0.022271714922048998
table-0404-94 4 3 0 560 279 488 1.0 0.030866283654387743
table-0404-376 7 7 0 105 233 1290 0.07142857142857142 0.3913612565445026
table-0404-259 1 4 0 305 596 8304 0.038461538461538464 0.010391030899644518
table-0404-962 10 4 0 170 206 2548 0.16666666666666666 0.2531287848203472
table-0404-472 5 3 0 71 220 1691 0.047619047619047616 0.034774855104770394
table-0404-97 32 9 19 96 189 1549 1.0 1.5437806873977087
table-0404-689 12 2 0 72 93 43893 0.3333333333333333 0.07815015366603249
table-0404-161 17 4 1 0 0 0 0.0 565.0
table-0404-806 3 5 0 10 38 8829 1.0 0.09723171565276828
table-0404-13 52 6 52 505 278 6099 0.3333333333333333 2.421664849145765
table-0404-287 9 3 0 458 1625 50477 0.16666666666666666 0.03681366399691209
table-0404-4 1 2 1 7 20 3329 1.0 0.01806083650190114
table-0404-778 8 4 4 205 271 38699 0.041666666666666664 0.01947404738173733
table-0404-666 5 4 0 44 64 818 0.5 2.4171428571428573
table-0404-480 2 15 2 212 299 7780 0.14285714285714285 0.1851751289709476
table-0404-651 1 3 0 209 264 128319 1.0 0.02015924106386583
table-0404-939 0 1 0 48 35 342 1.0 0.0
table-0404-463 6 8 0 71 220 1691 0.047619047619047616 0.03588943379402586
table-0404-63 4 8 0 204 133 11944 0.2 0.18681102362204724
table-0404-861 2 3 2 22 79 810 0.16666666666666666 0.14736842105263157
table-0404-382 32 7 3 105 233 1290 0.07142857142857142 1.4005235602094241
table-0404-505 32 4 4 698 538 18783 0.3333333333333333 2.176517571884984
table-0404-801 1 7 2 394 1002 771959 0.2 0.07025193798449612
table-0404-362 1 3 0 38 55 551 1.0 0.33668341708542715
table-0404-443 3 7 3 212 284 1367 0.05555555555555555 1.592760180995475
table-0404-386 3 15 16 391 420 23019 0.3333333333333333 0.11744804253262446
table-0404-817 2 7 0 10 38 8829 1.0 0.04579630895420369
table-0404-694 10 6 0 61 98 914 0.5 1.5229885057471264
table-0404-326 1 3 0 41 54 522 1.0 0.2534562211981567
table-0404-450 1 4 0 212 284 1367 0.05555555555555555 0.11764705882352941
table-0404-777 8 4 4 205 271 38699 0.041666666666666664 0.019397377903856476
table-0404-79 1 4 0 334 192 357224 0.5 0.003992484734617191
table-0404-809 4 5 0 10 38 8829 1.0 0.13072453861927547
table-0404-604 10 3 0 119 100 13930 1.0 0.40012970168612194
table-0404-738 5 4 1 723 666 216697 1.0 0.026253918495297807
table-0404-815 1 6 0 10 38 8829 1.0 0.03417634996582365
table-0404-454 4 3 0 71 220 1691 0.047619047619047616 0.03388319215336603
table-0404-441 8 5 0 212 284 1367 0.05555555555555555 1.0565610859728507
table-0404-811 7 6 0 10 38 8829 1.0 0.3062200956937799
table-0404-905 7 5 0 127 371 6300 1.0 0.030711010843461176
table-0404-318 3 2 2 33 40 7037 1.0 0.07646622123236822
table-0404-950 7 3 0 22 49 925 1.0 0.17219020172910662
table-0404-969 10 5 0 173 214 2671 0.125 0.3035946297098311
table-0404-586 1 3 0 10 23 837 0.5 0.07011686143572621
table-0404-616 3 33 0 42 220 927 0.1111111111111111 0.09375
table-0405-1000 1 2 1 59 71 18403 1.0 0.007390120575651498
table-0404-265 1 4 0 305 596 8304 0.038461538461538464 0.009752985142648801
table-0404-373 4 10 4 14 40 885 1.0 0.4398447606727037
table-0404-228 41 5 0 574 785 6291 0.1111111111111111 1.3154585798816567
table-0404-660 5 4 0 47 68 771 0.5 2.3241758241758244
table-0404-588 13 6 0 99 199 1811 0.1111111111111111 2.1684901531728666
table-0404-521 17 5 10 341 292 7458 1.0 0.6466165413533834
table-0404-299 11 7 0 278 347 1916 0.14285714285714285 2.088785046728972
table-0404-724 0 1 0 84 78 2495 1.0 0.0
table-0404-959 11 4 0 175 215 2801 0.14285714285714285 0.1742369622686854
table-0404-235 4 10 4 250 265 807 1.0 0.47481243301178994
table-0404-3 8 8 28 93 155 19783 0.3333333333333333 0.20812946932630785
table-0404-534 16 2 1 261 136 3217 0.1111111111111111 0.08573730862207897
table-0404-488 1 5 0 179 213 4021 0.3333333333333333 0.04429783223374175
table-0404-29 1 3 0 34 45 1181 1.0 0.061126005361930295
table-0404-794 13 2 0 135 59 9117 0.3333333333333333 0.34083728278041076
table-0404-226 48 5 0 574 785 6291 0.1111111111111111 1.507396449704142
table-0404-826 41 5 0 582 781 6969 0.1111111111111111 0.7859688195991091
table-0404-246 4 4 0 305 596 8304 0.038461538461538464 0.022513900282563122
table-0404-952 34 5 93 6 238 4400 1.0 2.0709592641261496
table-0404-999 1 3 0 16 29 107698 1.0 0.06204583566238122
table-0404-878 8 6 0 196 176 12669 0.1111111111111111 0.1864925525402979
table-0404-93 1 3 0 55 71 7334 1.0 0.03453000822143053
table-0404-977 10 5 0 180 217 2349 0.125 0.25740228977497037
table-0404-42 8 7 0 298 122 1912 0.058823529411764705 2.0673469387755103
table-0404-820 5 3 0 13 2 12155 1.0 1.9446153846153846
table-0404-582 5 7 0 207 264 5829 0.3333333333333333 0.6086105675146771
table-0404-354 59 3 0 401 657 11034 0.14285714285714285 0.34020504905743576
table-0404-411 13 3 0 103 128 5429 1.0 0.05693482931487229
table-0404-716 6 8 12 248 327 10577 1.0 0.012024898613599925
table-0404-652 8 3 0 24 42 20019 0.5 0.5666356011183598
table-0404-580 7 3 0 75 86 10234 1.0 0.23163377192982457
table-0404-994 6 4 1 3545 672 2807112 0.25 0.008313099304498127
table-0404-827 21 5 0 582 781 6969 0.1111111111111111 0.38997772828507793
table-0404-514 14 4 14 313 253 18047 0.3333333333333333 2.067774936061381
table-0404-297 15 9 50 278 347 1916 0.14285714285714285 1.9182242990654206
table-0404-761 11 3 2 359 149 42796 0.5 0.07291666666666667
table-0404-511 7 2 0 657 770 919 1.0 0.06816544170629774
table-0404-565 3 7 3 81 199 85509 1.0 0.1400208986415883
table-0404-945 6 2 0 20 33 2476 0.3333333333333333 2.4
table-0404-444 5 6 0 212 284 1367 0.05555555555555555 1.4457013574660633
table-0404-650 6 6 0 43 53 623 0.5 0.9767441860465116
table-0404-958 11 5 0 406 181 26050 0.2 0.05157983825465488
table-0404-635 6 6 0 39 50 779 0.5 0.9080459770114943
table-0404-167 2 3 0 7 8 3951 1.0 0.31343283582089554
table-0404-317 1 3 0 45 55 749 1.0 0.5574712643678161
table-0404-170 1 2 1 56 78 4314 1.0 0.010451045104510451
table-0404-209 9 13 0 212 446 2182 0.043478260869565216 0.03345921450151058
table-0404-271 3 4 0 305 596 8304 0.038461538461538464 0.029714702397229058
table-0404-338 1 6 0 125 140 1850 0.25 0.09682804674457429
table-0404-184 23 2 0 632 248 105286 0.125 0.039273184269780596
table-0404-389 2 3 0 112 50 57317 1.0 0.04810810810810811
table-0404-567 12 7 6 81 199 85509 1.0 15.105538140020899
table-0404-871 71 4 0 2571 356 391828 0.3333333333333333 0.255151632970451
table-0404-497 16 7 0 131 300 1095 0.3333333333333333 8.922651933701658
table-0404-769 8 3 1 211 124 19630 0.5 0.05069124423963134
table-0404-320 1 3 0 38 54 782 1.0 0.47643979057591623
table-0404-203 9 13 0 212 446 2182 0.043478260869565216 0.030211480362537766
table-0404-112 5 15 6 37 248 1487 1.0 0.06397369306079743
table-0404-430 3 4 0 98 110 8070 0.3333333333333333 0.052154531946508174
table-0404-283 44 8 0 475 257 1314099 1.0 6.2670278637770895
table-0404-306 1 3 0 40 54 511 1.0 0.35436893203883496
