table_id rows cols nulls inlinks outlinks views table_imp table_fraction
table-0001-590 4 2 0 14 20 1015 1.0 0.2951310861423221
table-0001-851 100 5 0 113 119 0 1.0 6.362694300518135
table-0001-156 4 5 4 19 30 664 1.0 0.2873004857737682
table-0001-889 0 1 0 224 584 929 1.0 0.0
table-0001-956 6 4 6 355 279 945 0.5 0.5691823899371069
table-0001-24 6 6 0 87 138 2143 0.3333333333333333 0.8378378378378378
table-0001-703 1 2 1 297 413 36508 1.0 0.010399856553702708
table-0001-185 2 2 0 233 72 60530 1.0 0.025544837441943552
table-0001-494 7 3 0 106 164 12748 0.3333333333333333 0.5934718100890207
table-0001-74 0 1 0 12 6 517 1.0 0.0
table-0001-809 161 2 0 22 1136 64555 0.038461538461538464 1.8684290953545233
table-0001-40 14 4 0 11 31 948 0.5 0.26948775055679286
table-0001-808 84 2 0 22 1136 64555 0.038461538461538464 0.9307762836185819
table-0001-238 21 3 0 17 19 1239 0.25 0.6560150375939849
table-0001-119 11 4 6 0 0 0 0.0 1210.0
table-0001-613 2 2 0 259 283 9398 0.25 0.015690376569037656
table-0001-241 67 3 67 36 84 893 0.5 5.930622009569378
table-0001-823 148 2 0 22 1136 64555 0.038461538461538464 1.5762530562347188
table-0001-394 13 5 15 453 309 4129 0.08333333333333333 1.6644518272425248
table-0001-447 6 3 0 23 151 737 0.09090909090909091 0.3561430793157076
table-0001-802 0 1 0 95 92 900 1.0 0.0
table-0001-565 1 2 0 2859 233 608115 0.2 0.0028407767894565268
table-0001-288 6 5 1 325 148 18436 0.06666666666666667 0.10455595213100986
table-0001-978 7 3 0 283 187 67626 1.0 0.16900647948164146
table-0001-709 9 2 0 4 31 2240 0.5 0.024287484510532836
table-0001-890 1 2 1 111 133 3614 1.0 0.007518796992481203
table-0001-221 8 6 0 160 142 5521 0.3333333333333333 0.26521739130434785
table-0001-812 79 2 0 22 1136 64555 0.038461538461538464 0.8389364303178484
table-0001-244 36 2 1 42 89 2827 0.5 0.5472353870458135
table-0001-835 0 1 0 14 15 2360 1.0 0.0
table-0001-88 10 4 0 13 14 844 1.0 8.222929936305732
table-0001-338 0 1 0 25 25 4031 1.0 0.0
table-0001-962 0 1 0 157 235 2964 1.0 0.0
table-0001-663 8 6 1 36 74 1528 1.0 0.4354090354090354
table-0001-894 0 1 0 12 19 1706 1.0 0.0
table-0001-656 3 2 0 54 78 7858 1.0 0.01953125
table-0001-183 6 5 0 95 113 24031 0.5 0.05298852287971382
table-0001-811 42 2 0 22 1136 64555 0.038461538461538464 0.4795232273838631
table-0001-408 7 9 11 35 34 18881 0.5 0.020589668615984404
table-0001-216 39 5 0 203 216 30607 0.14285714285714285 1.3712217965091529
table-0001-27 0 1 0 159 241 815 1.0 0.0
table-0001-600 2 2 0 79 101 30780 1.0 0.054183266932270914
table-0001-806 32 2 0 22 1136 64555 0.038461538461538464 0.3403117359413203
table-0001-788 16 6 0 386 69 11198 0.5 0.10512521840419337
table-0001-678 3 5 3 22 39 691 1.0 0.28300094966761635
table-0001-454 10 11 0 23 151 737 0.09090909090909091 0.30637636080870917
table-0001-101 38 3 0 68 121 11498 0.25 0.08912402075490894
table-0001-197 1 3 0 70 125 1248 1.0 0.02594299368492917
table-0001-631 23 7 0 237 250 5957 0.3333333333333333 2.300531914893617
table-0001-701 0 1 0 9 21 1617 1.0 0.0
table-0001-967 100 6 227 20 1220 1872 0.25 12.040332147093713
table-0001-773 1 2 0 692 469 16542 0.07692307692307693 0.03
table-0001-691 3 2 0 0 0 0 0.0 279.0
table-0001-630 15 6 0 273 271 5881 0.3333333333333333 0.783157894736842
table-0001-981 2 2 0 536 855 13060 1.0 0.013098931402964495
table-0001-885 0 1 0 10 22 2354 1.0 0.0
table-0001-181 3 3 0 10 18 943 1.0 0.5396113602391629
table-0001-227 1 3 0 735 345 51736 1.0 0.015968623056450484
table-0001-122 1 3 1 699 453 83296 1.0 0.0018520883893217524
table-0001-464 1 1 0 12 36 4774 1.0 0.019058963668850508
table-0001-267 14 3 14 1277 976 51036 0.05263157894736842 0.3704612365063788
table-0001-273 1 5 2 47 80 1337 1.0 0.15579710144927536
table-0001-710 6 5 0 84 91 20497 1.0 0.07989831124023969
table-0001-359 28 3 18 105 370 39521 0.041666666666666664 10.4765625
table-0001-326 3 3 0 253 305 4315 1.0 0.043897355737918455
table-0001-258 26 3 26 1277 976 51036 0.05263157894736842 0.5721295387634936
table-0001-89 9 3 0 13 14 844 1.0 2.910828025477707
table-0001-961 2 3 0 258 205 15034 1.0 0.06446440025657472
table-0001-941 0 1 0 15 26 1971 1.0 0.0
table-0001-500 0 1 0 93 82 869 1.0 0.0
table-0001-98 19 3 2 75 65 44893 0.14285714285714285 0.14346472241209082
table-0001-296 18 5 18 325 148 18436 0.06666666666666667 0.24060466092798657
table-0001-405 3 3 0 330 320 4770 1.0 0.0023115024766097963
table-0001-277 2 3 0 68 102 1963 1.0 0.02704257767548907
table-0001-980 4 3 0 145 103 397 1.0 0.11198208286674133
table-0001-80 2 10 0 180 206 78083 1.0 0.07110921865020225
table-0001-200 1 3 1 114 155 4704 1.0 0.07664233576642336
table-0001-110 0 1 0 4559 947 230794 1.0 0.0
table-0001-807 69 2 0 22 1136 64555 0.038461538461538464 0.6528117359413202
table-0001-435 23 6 0 101 497 59172 0.5 12.540322580645162
table-0001-804 3 7 0 795 472 334010 0.25 0.004131531714585661
table-0001-246 14 7 0 191 188 6915 0.16666666666666666 0.036471492914423816
table-0001-132 58 2 0 108 105 12930 0.14285714285714285 0.35290851034291265
table-0001-167 3 3 0 57 189 77038 0.09090909090909091 0.17814726840855108
table-0001-46 11 6 0 119 76 113773 0.14285714285714285 0.076670389593325
table-0001-113 16 3 0 232 481 89049 0.041666666666666664 0.04779883712149815
table-0001-643 1 5 2 147 170 2383 1.0 0.08225696804894629
table-0001-247 42 4 0 191 188 6915 0.16666666666666666 0.15945292760628366
table-0001-250 40 4 24 187 147 56735 0.5 0.16983271902466684
table-0001-286 2 5 2 325 148 18436 0.06666666666666667 0.023094688221709007
table-0001-903 4 4 0 287 541 172962 1.0 0.03372110145781181
table-0001-346 6 3 0 209 112 48385 0.25 0.04448563484708063
table-0001-131 3 3 0 11 20 95 1.0 0.18263266712611992
table-0001-461 22 2 22 785 473 48693 0.5 0.02326095697627664
table-0001-694 1 5 0 287 396 22282 0.25 0.10991787744788377
table-0001-97 1 2 1 55 112 14527 1.0 0.02040816326530612
table-0001-465 3 5 1 27 39 662 1.0 0.21180237877401648
table-0001-887 1 3 1 18 21 3456 1.0 0.27906976744186046
table-0001-957 1 3 0 75 95 3169 1.0 0.07191780821917808
table-0001-445 1 3 0 23 151 737 0.09090909090909091 0.08475894245723173
table-0001-189 3 5 0 233 72 60530 1.0 0.06484458735262594
table-0001-224 1 2 0 4 5 611 1.0 0.13372093023255813
table-0001-926 17 2 0 11 436 5837 1.0 4.505703422053232
table-0001-622 3 2 0 136 140 24171 0.2 0.006716417910447761
table-0001-669 1 2 1 54 38 278 1.0 0.005920847616079776
table-0001-986 1 5 0 111 218 2446 0.1 0.20185614849187936
table-0001-569 2 3 0 139 181 24869 1.0 0.02971887550200803
table-0001-875 0 1 0 15 18 1715 1.0 0.0
table-0001-419 1 2 0 76 105 4333 0.3333333333333333 0.015555555555555555
table-0001-368 13 3 0 105 370 39521 0.041666666666666664 7.5234375
table-0001-872 100 5 0 152 149 0 1.0 7.316062176165803
table-0001-109 10 3 0 4559 947 230794 1.0 0.015673323897887507
table-0001-257 6 3 6 1277 976 51036 0.05263157894736842 0.25711481844946027
table-0001-578 4 9 0 217 201 10865 1.0 0.17450365726227796
table-0001-935 1 3 0 105 109 7936 1.0 0.009316379201812917
table-0001-239 111 3 0 17 19 1239 0.25 4.43984962406015
table-0001-645 1 3 1 36 122 6697 1.0 0.0186219739292365
table-0001-917 7 3 0 155 86 2072 0.3333333333333333 0.33872901678657075
table-0001-155 2 4 1 19 30 664 1.0 0.06939625260235947
table-0001-904 0 1 0 14 23 1918 1.0 0.0
table-0001-166 3 2 0 57 189 77038 0.09090909090909091 0.22565320665083136
table-0001-505 1 6 0 4 10 25278 0.5 0.0051813471502590676
table-0001-619 18 2 0 136 140 24171 0.2 0.14701492537313432
table-0001-125 1 3 0 9 24 1560 1.0 0.08502994011976048
table-0001-898 0 1 0 17 13 3788 1.0 0.0
table-0001-928 3 3 0 369 339 48421 1.0 0.0021053995400511774
table-0001-692 13 2 0 0 0 0 0.0 1079.0
table-0001-834 8 9 0 289 244 8678 0.5 0.12154547893748323
table-0001-595 2 3 0 32 23 1153 0.5 0.022298456260720412
table-0001-175 0 1 0 113 143 518 1.0 0.0
table-0001-574 4 9 0 217 201 10865 1.0 0.18181818181818182
table-0001-626 11 3 0 100 89 28891 0.5 0.07362924281984334
table-0001-995 4 8 4 600 551 26153 1.0 0.12374743450440662
table-0001-830 13 4 10 152 140 392984 0.3333333333333333 0.16140497595651265
table-0001-140 7 3 0 508 452 9728 1.0 0.22316939890710383
table-0001-927 2 2 0 11 436 5837 1.0 0.4296577946768061
table-0001-18 6 4 0 10 29 748 0.5 0.13811420982735723
table-0001-299 122 4 0 97 130 15402 0.3333333333333333 29.688995215311003
table-0001-989 5 5 3 36 37 1199 0.5 0.6784203102961918
table-0001-124 3 5 0 24 25 902 1.0 0.21011438892233594
table-0001-49 7 4 0 119 76 113773 0.14285714285714285 0.007883844688259641
table-0001-827 79 2 0 22 1136 64555 0.038461538461538464 0.8485635696821516
table-0001-988 6 2 0 183 143 17442 0.5 0.072879978325657
table-0001-432 10 6 0 101 497 59172 0.5 5.306451612903226
table-0001-383 3 2 0 49 59 6923 0.5 0.05730129390018484
table-0001-531 6 6 3 184 368 1460 0.08333333333333333 0.177375913813005
table-0001-518 0 1 0 166 180 2740 1.0 0.0
table-0001-557 1 2 0 108 89 36145 0.3333333333333333 0.009654062751407884
table-0001-805 62 2 0 22 1136 64555 0.038461538461538464 0.7049205378973105
table-0001-164 0 1 0 98 85 5774 1.0 0.0
table-0001-696 1 3 0 168 99 2303 1.0 0.021772151898734177
table-0001-841 100 5 0 113 119 0 1.0 7.058031088082902
table-0001-202 2 2 0 11 19 881 0.5 0.09821428571428571
table-0001-253 2 3 0 65 119 2281 1.0 0.021376361881119847
table-0001-63 19 5 0 130 217 2771 1.0 0.2935545628589662
table-0001-510 215 6 356 251 445 14645 0.1111111111111111 15.193997856377278
table-0001-19 5 3 0 1227 526 99931 0.25 0.05372405372405373
table-0001-511 49 2 3 251 445 14645 0.1111111111111111 0.3654876741693462
table-0001-457 3 3 0 37 58 6309 0.5 0.022917137051253103
table-0001-909 13 16 0 200 139 17828 0.5 0.10836888076376193
table-0001-764 5 6 0 692 469 16542 0.07692307692307693 0.23857142857142857
table-0001-308 8 3 1 856 318 211168 0.3333333333333333 0.016698106616362746
table-0001-657 0 1 0 54 78 7858 1.0 0.0
table-0001-679 1 2 1 54 38 233 1.0 0.005920847616079776
table-0001-52 7 4 0 11 20 881 0.5 0.08861671469740634
table-0001-714 1 3 0 32 28 1845 1.0 0.03599476439790576
table-0001-977 34 3 30 23 53 796 1.0 0.49896265560165975
table-0001-648 3 7 6 85 267 13571 0.09090909090909091 0.5412621359223301
table-0001-198 3 3 0 200 225 8458 1.0 0.0187685072287058
table-0001-544 3 3 0 49 771 5473 0.07692307692307693 0.11363636363636363
table-0001-836 4 7 4 30 57 219 1.0 0.189453125
table-0001-65 16 5 0 130 217 2771 1.0 0.41799617102744097
table-0001-942 0 1 0 9 14 1646 1.0 0.0
table-0001-145 1 4 0 173 91 53012 0.1111111111111111 0.007097038351303399
table-0001-417 20 3 8 139 105 260374 1.0 0.380547686496695
table-0001-583 167 6 284 207 364 16663 0.1111111111111111 8.377105666156202
table-0001-966 4 6 4 20 1220 1872 0.25 0.4958481613285884
table-0001-362 5 3 1 105 370 39521 0.041666666666666664 3.1171875
table-0001-1 11 4 11 128 235 993 0.5 0.7973593570608496
table-0001-874 100 5 0 152 149 0 1.0 8.963730569948186
table-0001-893 3 2 2 21 30 1442 1.0 0.20959595959595959
table-0001-177 1 3 0 69 99 5980 0.5 0.021774856203779787
table-0001-59 1 4 0 60 93 9269 0.16666666666666666 0.03302456705598067
table-0001-22 3 4 0 13 31 1346 0.5 0.04213938411669368
table-0001-32 5 4 0 14 32 1605 0.5 0.048368953880764905
table-0001-453 10 11 0 23 151 737 0.09090909090909091 0.2667185069984448
table-0001-477 6 11 0 38 140 1177 0.3333333333333333 0.21579601990049752
table-0001-369 2 3 2 105 370 39521 0.041666666666666664 0.671875
table-0001-845 100 5 0 113 119 0 1.0 6.693264248704663
table-0001-240 56 3 56 249 141 82866 1.0 0.2471163557114761
table-0001-96 1 3 0 306 356 2914 1.0 0.11098062243100411
table-0001-707 25 6 25 99 158 2780 1.0 1.701376421304608
table-0001-828 104 2 0 22 1136 64555 0.038461538461538464 1.3141809290953546
table-0001-516 2 3 0 157 138 17350 0.3333333333333333 0.020620704019995835
table-0001-820 75 2 0 22 1136 64555 0.038461538461538464 1.012377750611247
table-0001-5 7 2 0 239 67 6389 0.5 0.048528652555498195
table-0001-655 21 13 0 76 90 7027 0.3333333333333333 0.5846861471861472
table-0001-824 70 2 0 22 1136 64555 0.038461538461538464 0.7849938875305623
table-0001-633 8 6 0 237 250 5957 0.3333333333333333 0.18351063829787234
table-0001-915 11 2 0 203 380 16500 0.1111111111111111 0.09994794377928162
table-0001-605 14 11 7 454 462 3929 0.25 1.9926062846580406
table-0001-665 7 2 0 5 19 326 1.0 0.06767458603311735
table-0001-152 0 1 0 38 69 2808 1.0 0.0
table-0001-801 0 1 0 95 92 900 1.0 0.0
table-0001-186 1 5 0 233 72 60530 1.0 0.018578063594140763
table-0001-349 3 3 1 105 370 39521 0.041666666666666664 1.1328125
table-0001-182 8 3 0 114 77 52332 0.5 0.03709856035437431
table-0001-729 1 3 1 23 24 4871 1.0 0.04025256511444357
table-0001-671 1 5 0 29 36 1955 0.2 0.056372549019607844
table-0001-78 14 3 23 6 57 1529 1.0 0.6891025641025641
table-0001-879 100 5 0 152 149 0 1.0 9.265284974093264
table-0001-949 5 4 3 95 107 2518 0.3333333333333333 0.08828883495145631
table-0001-402 5 3 0 470 464 11856 1.0 0.04247844139252635
table-0001-172 14 3 0 66 102 2409 0.5 0.09731543624161074
table-0001-584 40 2 0 207 364 16663 0.1111111111111111 0.23660030627871362
table-0001-625 12 2 5 100 89 28891 0.5 0.07885117493472585
table-0001-713 1 2 1 29 42 3035 1.0 0.005073431241655541
table-0001-180 3 6 10 16 31 1440 0.5 0.21108490566037735
table-0001-489 10 3 8 273 143 151508 1.0 0.16997930067439737
table-0001-929 72 8 46 369 339 48421 1.0 0.5088912642114469
table-0001-857 100 5 0 95 92 0 1.0 6.696373056994819
table-0001-654 3 5 4 85 267 13571 0.09090909090909091 0.6237864077669902
table-0001-194 8 9 42 46 39 936 0.3333333333333333 1.12691466083151
table-0001-732 6 4 0 181 149 3710 1.0 0.0643725897359834
table-0001-611 10 3 0 259 283 9398 0.25 0.056485355648535567
table-0001-680 4 5 3 153 118 3436 1.0 0.06917885264341957
table-0001-527 7 4 0 57 39 11169 0.25 0.8333333333333334
table-0001-604 14 4 0 454 462 3929 0.25 1.1571164510166358
table-0001-203 8 13 0 139 152 108215 0.09090909090909091 0.8908851884312007
table-0001-36 1 3 0 23 74 1218 1.0 0.07729049066435084
table-0001-314 4 3 3 63 77 20490 0.5 0.02212671123845909
table-0001-162 17 2 0 57 98 7090 0.3333333333333333 0.06885567262925754
table-0001-327 21 13 101 250 210 20947 0.5 0.19299464179400674
table-0001-424 12 6 0 101 497 59172 0.5 6.504032258064516
table-0001-739 45 4 0 126 103 65465 0.3333333333333333 0.7672304973491543
table-0001-509 1 2 1 251 445 14645 0.1111111111111111 0.015541264737406217
table-0001-543 61 3 0 49 771 5473 0.07692307692307693 2.913510101010101
table-0001-537 34 3 0 184 368 1460 0.08333333333333333 0.19045786841092727
table-0001-528 2 2 0 4 47 432 1.0 0.23850574712643677
table-0001-436 3 6 0 101 497 59172 0.5 1.7862903225806452
table-0001-916 32 2 0 155 86 2072 0.3333333333333333 0.4292565947242206
table-0001-690 17 2 0 0 0 0 0.0 758.0
table-0001-55 126 3 0 8 14 872 0.25 5.509920634920635
table-0001-262 15 4 15 1277 976 51036 0.05263157894736842 0.4185475956820412
table-0001-302 1 1 0 18 26 5246 1.0 0.01893939393939394
table-0001-171 4 3 0 202 220 127625 0.3333333333333333 0.05936154949784792
table-0001-399 11 5 14 453 309 4129 0.08333333333333333 1.06312292358804
table-0001-330 0 1 0 11 30 1897 1.0 0.0
table-0001-99 10 9 5 16 29 514 0.5 0.9207397622192867
table-0001-781 5 3 0 3675 623 931095 1.0 0.0062868283279665284
table-0001-782 29 3 0 70 117 68698 0.5 0.3469640644361834
table-0001-90 9 4 6 13 14 844 1.0 4.178343949044586
table-0001-193 89 9 43 122 259 1886 1.0 9.725563909774436
table-0001-233 9 2 2 145 328 4118 0.16666666666666666 0.3940708604483008
table-0001-95 17 4 0 848 528 131275 0.09090909090909091 0.08728737690241718
table-0001-325 8 15 49 160 175 8554 0.25 1.0125932835820894
table-0001-855 100 5 0 95 92 0 1.0 5.993782383419689
table-0001-628 23 7 0 273 271 5881 0.3333333333333333 5.941052631578947
table-0001-910 12 2 0 15 36 3943 1.0 0.4453900709219858
table-0001-642 25 7 0 11 61 6718 0.5 10.96236559139785
table-0001-116 16 3 0 232 481 89049 0.041666666666666664 0.04900702257796572
table-0001-779 85 8 36 100 156 60900 1.0 5.783116299955097
table-0001-700 1 2 0 54 38 543 1.0 0.007167341851043939
table-0001-475 6 11 0 38 140 1177 0.3333333333333333 0.19465174129353233
table-0001-366 10 3 3 105 370 39521 0.041666666666666664 4.78125
table-0001-530 1 2 1 73 93 6825 1.0 0.01270053475935829
table-0001-388 4 6 14 17 16 475 0.5 1.163716814159292
table-0001-561 15 3 0 37 70 2820 0.3333333333333333 0.019759450171821305
table-0001-61 1 4 0 60 93 9269 0.16666666666666666 0.029802658074909383
table-0001-106 106 4 3 4559 947 230794 1.0 0.07936258321539026
table-0001-737 4 3 0 20 32 1380 1.0 0.419327731092437
table-0001-311 1 2 1 52 58 1436 1.0 0.015937731653076354
table-0001-660 4 9 0 3 14 336 0.3333333333333333 0.4575645756457565
table-0001-712 2 2 0 125 142 6007 0.5 0.11129848229342328
table-0001-363 4 3 0 105 370 39521 0.041666666666666664 2.796875
table-0001-8 3 4 0 20 34 9246 0.3333333333333333 0.09336332958380203
table-0001-810 34 2 0 22 1136 64555 0.038461538461538464 0.4553789731051345
table-0001-556 1 2 0 108 89 36145 0.3333333333333333 0.011263073209975865
table-0001-170 7 3 0 202 220 127625 0.3333333333333333 0.09666427546628407
table-0001-659 10 6 0 3 14 336 0.3333333333333333 2.804428044280443
table-0001-888 0 1 0 223 573 849 1.0 0.0
table-0001-617 2 2 1 6 14 1082 1.0 0.20967741935483872
table-0001-328 2 4 2 341 278 1559 0.5 0.07291666666666667
table-0001-332 22 7 19 1425 545 1540923 0.25 0.040328603435399554
table-0001-401 5 2 0 1780 164 314102 1.0 0.009284435307381126
table-0001-433 6 6 0 101 497 59172 0.5 3.129032258064516
table-0001-222 2 2 2 16 30 1857 1.0 0.032753326509723645
table-0001-268 22 3 22 1277 976 51036 0.05263157894736842 0.612855740922473
table-0001-938 0 1 0 14 16 0 1.0 0.0
table-0001-374 35 5 90 180 594 15941 0.5 0.09588927565058843
table-0001-867 2 3 2 21 33 3615 1.0 0.03772436872528141
table-0001-356 1 3 0 105 370 39521 0.041666666666666664 0.6328125
table-0001-173 0 1 0 119 158 5003 1.0 0.0
table-0001-213 31 5 22 203 216 30607 0.14285714285714285 1.720732226479353
table-0001-699 0 1 0 12 21 1777 1.0 0.0
table-0001-784 0 1 0 11 25 1386 1.0 0.0
table-0001-92 1 2 1 141 129 842 1.0 0.0015127388535031848
table-0001-785 10 17 2 462 888 37264 0.5 1.4550561797752808
table-0001-731 21 8 2 181 149 3710 1.0 0.41530703055473156
table-0001-217 9 4 0 203 216 30607 0.14285714285714285 0.15708812260536398
table-0001-589 1 2 1 82 113 31551 1.0 0.008293321693583587
table-0001-321 2 2 0 7 47 910 1.0 0.05425055928411633
table-0001-210 8 4 8 247 239 1254 1.0 0.3684210526315789
table-0001-638 1 2 1 189 320 14265 0.1111111111111111 0.010802469135802469
table-0001-361 1 3 0 105 370 39521 0.041666666666666664 0.703125
table-0001-130 1 2 1 6 4 1254 1.0 0.18095238095238095
table-0001-85 1 2 1 58 79 13436 1.0 0.01310344827586207
table-0001-551 71 3 1 49 771 5473 0.07692307692307693 4.134469696969697
table-0001-43 2 4 0 33 50 6986 0.5 0.015355086372360844
table-0001-169 13 3 0 202 220 127625 0.3333333333333333 0.0896700143472023
table-0001-969 1 3 0 13 24 1165 1.0 0.11432414256893074
table-0001-891 1 2 1 56 114 3772 1.0 0.03740157480314961
table-0001-370 4 3 2 105 370 39521 0.041666666666666664 1.5234375
table-0001-135 1 2 0 131 124 70740 0.3333333333333333 0.014637391882900865
table-0001-490 44 9 48 49 90 2496 0.5 6.595375722543353
table-0001-650 5 7 5 85 267 13571 0.09090909090909091 0.9975728155339806
table-0001-636 3 2 3 28 59 6492 1.0 0.04837721984078383
table-0001-933 0 1 0 10 12 1408 1.0 0.0
table-0001-999 1 3 0 114 112 3084 1.0 0.05387575590984057
table-0001-572 1 5 0 217 201 10865 1.0 0.0794148380355277
table-0001-108 1 6 0 4559 947 230794 1.0 0.003110202512624277
table-0001-448 10 4 0 23 151 737 0.09090909090909091 1.0062208398133747
table-0001-76 3 3 0 43 75 3934 1.0 0.16449783116449784
table-0001-291 58 5 55 325 148 18436 0.06666666666666667 0.8563930296031913
table-0001-165 22 6 0 57 189 77038 0.09090909090909091 1.328978622327791
table-0001-398 13 5 15 453 309 4129 0.08333333333333333 1.3953488372093024
table-0001-853 6 7 6 56 79 1649 1.0 0.9414694894146949
table-0001-51 2 2 0 20 36 5021 1.0 0.03107937841243175
table-0001-722 10 3 2 188 167 3878 1.0 0.22797394583476174
table-0001-414 2 3 0 185 149 54103 1.0 0.016323400525854515
table-0001-390 69 12 0 189 312 4407 0.5 0.35239213384208984
table-0001-128 1 2 0 9 5 4093 1.0 0.14453125
table-0001-849 30 6 26 18 63 1133 0.5 1.9005235602094241
table-0001-652 3 6 5 85 267 13571 0.09090909090909091 0.49271844660194175
table-0001-606 14 15 14 454 462 3929 0.25 1.7042513863216266
table-0001-719 22 5 34 153 143 2482 1.0 2.4670781893004117
table-0001-744 15 4 15 636 469 3052 0.3333333333333333 0.7275693311582382
table-0001-269 11 3 11 1277 976 51036 0.05263157894736842 0.16535819430814525
table-0001-87 3 2 0 48 35 4153 0.25 0.023091423185673893
table-0001-82 1 3 0 37 54 1679 1.0 0.05834752981260647
table-0001-375 13 6 0 50 92 4285 0.5 2.1050420168067228
table-0001-593 1 2 0 74 100 17056 1.0 0.030666666666666665
table-0001-523 28 7 0 1302 750 181594 0.034482758620689655 0.03685552976241653
table-0001-514 1 3 0 104 93 6892 1.0 0.025146815238668876
table-0001-205 1 4 1 139 152 108215 0.09090909090909091 0.03549517966695881
table-0001-586 0 1 0 10 27 1799 1.0 0.0
table-0001-468 7 3 0 326 213 9890 1.0 0.025416367687601495
table-0001-799 4 5 0 38 39 4155 0.5 0.02591283863368669
table-0001-864 1 3 1 31 30 7715 1.0 0.05963302752293578
table-0001-480 2 4 0 110 22 80864 0.5 0.019731433269388872
table-0001-860 100 5 0 95 92 0 1.0 7.7357512953367875
table-0001-93 121 6 180 848 528 131275 0.09090909090909091 0.459265890778872
table-0001-21 19 3 0 1227 526 99931 0.25 0.18705738705738706
table-0001-517 1 3 0 9 40 712 1.0 0.03399852180339985
table-0001-758 1 3 0 228 255 26810 1.0 0.027110501029512696
table-0001-350 2 3 1 105 370 39521 0.041666666666666664 0.7109375
table-0001-667 36 3 0 163 142 8483 0.5 1.7058823529411764
table-0001-157 2 6 2 43 84 3519 0.3333333333333333 0.5748502994011976
table-0001-491 2 3 0 49 90 2496 0.5 0.5317919075144508
table-0001-734 3 2 1 51 82 13844 0.5 0.06921555702043507
table-0001-620 3 2 0 136 140 24171 0.2 0.01673773987206823
table-0001-705 303 5 401 297 413 36508 1.0 5.04769589384974
table-0001-958 1 3 0 290 252 129717 1.0 0.011272642462878022
table-0001-598 20 2 0 101 105 25230 0.5 0.07371337419192343
table-0001-48 9 6 1 119 76 113773 0.14285714285714285 0.030352802049799617
table-0001-305 1 3 0 103 113 5867 1.0 0.026912181303116147
table-0001-252 5 3 0 44 120 3125 1.0 0.08882586500283607
table-0001-635 0 1 0 996 316 5245 1.0 0.0
table-0001-924 72 2 0 11 436 5837 1.0 18.509505703422054
table-0001-459 4 7 0 112 519 321 1.0 0.21493555724033359
table-0001-280 5 3 0 32 34 894 1.0 0.3001765744555621
table-0001-664 37 9 0 197 155 3783 1.0 0.8397949375200257
table-0001-803 1 1 0 0 0 0 0.0 305.0
table-0001-392 2 5 1 453 309 4129 0.08333333333333333 0.20930232558139536
table-0001-858 3 3 0 124 161 6225 1.0 0.06359265734265734
table-0001-932 0 1 0 11 12 1717 1.0 0.0
table-0001-508 1 2 0 95 143 3663 1.0 0.006447995514437903
table-0001-161 3 19 0 131 325 110521 0.5 0.002147423092289253
table-0001-344 19 3 0 0 0 0 0.0 523.0
table-0001-754 1 4 1 45 29 81503 0.1 0.014504431909750202
table-0001-624 5 6 2 27 58 1312 1.0 0.20749838396897222
table-0001-684 5 3 0 98 138 4402 1.0 0.07429912995442618
table-0001-683 4 5 2 22 23 660 1.0 0.33238636363636365
table-0001-906 96 2 0 104 49 3077 0.3333333333333333 0.9387040280210157
table-0001-376 1 3 0 77 111 2682 1.0 0.019436875567665757
table-0001-607 15 5 0 454 462 3929 0.25 1.1866913123844731
table-0001-576 4 9 0 217 201 10865 1.0 0.17659352142110762
table-0001-410 2 7 0 668 423 19974 0.3333333333333333 0.09430496019595835
table-0001-970 7 5 11 737 426 19631 0.25 0.13208585580627408
table-0001-272 1 5 2 48 85 1459 1.0 0.08488612836438923
table-0001-741 7 3 0 329 391 14388 0.5 0.13059529303184125
table-0001-348 5 3 0 105 370 39521 0.041666666666666664 3.203125
table-0001-103 32 2 0 68 121 11498 0.25 0.032505850035608914
table-0001-715 0 1 0 31 79 7297 1.0 0.0
table-0001-237 4 2 0 17 19 1239 0.25 0.2161654135338346
table-0001-730 3 3 3 32 72 30941 0.3333333333333333 0.09539748953974896
table-0001-704 2 3 0 297 413 36508 1.0 0.027434104357181282
table-0001-479 1 6 1 154 93 9768 1.0 0.028287461773700305
table-0001-345 6 4 4 209 112 48385 0.25 0.06654309545875811
table-0001-763 0 1 0 6 18 1362 1.0 0.0
table-0001-603 30 4 0 20 115 5416 0.5 0.8506552191595119
table-0001-953 4 6 3 752 253 78124 0.5 0.008624726818607556
table-0001-786 6 3 0 54 57 1580 1.0 0.47334754797441364
table-0001-336 10 2 0 65 175 391 1.0 0.02065039665717919
table-0001-139 1 1 0 1684 1266 61439 0.14285714285714285 0.0005064546022715028
table-0001-146 3 3 0 63 98 3081 1.0 0.2823076923076923
table-0001-761 18 2 18 115 217 4021 0.25 0.19383787017648818
table-0001-371 3 3 0 154 142 51007 0.5 0.05033959248901319
table-0001-873 100 5 0 152 149 0 1.0 8.021761658031089
table-0001-839 0 1 0 9 17 537 1.0 0.0
table-0001-793 0 1 0 12 19 1553 1.0 0.0
table-0001-333 34 14 0 1425 545 1540923 0.25 0.10519577509868772
table-0001-539 23 5 25 151 139 9965 1.0 0.5079022988505747
table-0001-295 37 5 34 325 148 18436 0.06666666666666667 0.483518790678144
table-0001-261 31 3 34 1277 976 51036 0.05263157894736842 0.6113837095191365
table-0001-542 6 3 0 49 771 5473 0.07692307692307693 0.5606060606060606
table-0001-681 2 3 0 142 213 2264 0.5 0.027179942311959176
table-0001-973 2 2 0 37 55 5171 0.3333333333333333 0.025791707476330396
table-0001-661 1 2 0 0 0 0 0.0 23.0
table-0001-179 1 2 1 5 15 1085 1.0 0.024516129032258065
table-0001-496 0 1 0 105 106 1972 1.0 0.0
table-0001-783 0 1 0 14 18 1625 1.0 0.0
table-0001-255 1 3 1 1277 976 51036 0.05263157894736842 0.01324828263002944
table-0001-597 1 2 1 109 127 6244 0.5 0.00781571369806664
table-0001-733 14 3 0 181 149 3710 1.0 0.2838920201720558
table-0001-525 2 8 0 1302 750 181594 0.034482758620689655 0.008884303441951107
table-0001-50 6 4 0 18 33 1248 0.5 0.07639366827253957
table-0001-53 4 2 0 8 14 872 0.25 0.19642857142857142
table-0001-563 1 5 0 2859 233 608115 0.2 0.0063335351371489775
table-0001-963 3 3 0 176 125 6562 1.0 0.11925175370226032
table-0001-343 22 6 0 0 0 0 0.0 1150.0
table-0001-813 1 2 0 22 1136 64555 0.038461538461538464 0.009168704156479218
table-0001-421 3 5 1 29 44 797 1.0 0.15364775239498896
table-0001-451 10 11 0 23 151 737 0.09090909090909091 0.3483670295489891
table-0001-112 16 4 4 232 481 89049 0.041666666666666664 0.08525258627199275
table-0001-300 1 3 0 153 284 6436 0.5 0.03542650736315643
table-0001-892 0 1 0 12 22 2588 1.0 0.0
table-0001-506 0 1 0 105 95 1339 1.0 0.0
table-0001-347 20 5 0 209 112 48385 0.25 0.22465245597775718
table-0001-265 13 4 13 1277 976 51036 0.05263157894736842 0.3366045142296369
table-0001-750 9 4 8 45 29 81503 0.1 0.34568896051571313
table-0001-623 5 3 0 136 140 24171 0.2 0.023560767590618335
table-0001-144 13 4 0 173 91 53012 0.1111111111111111 0.10481779718848096
table-0001-670 1 6 0 29 36 1955 0.2 0.059313725490196076
table-0001-952 6 4 5 92 123 2328 0.3333333333333333 0.10901318133238333
table-0001-7 2 5 2 25 40 1182 0.5 0.3343465045592705
table-0001-12 3 3 0 466 588 12103 0.5 0.04863271655477321
table-0001-191 3 2 0 17 39 6351 1.0 0.09185606060606061
table-0001-334 7 3 0 1425 545 1540923 0.25 0.0016714676908851666
table-0001-562 1 3 0 17 37 1701 1.0 0.08858057630736393
table-0001-568 9 3 0 8 56 1011 1.0 0.19726459758022094
table-0001-747 1 3 1 39 19 3633 0.5 0.03488372093023256
table-0001-358 30 3 22 105 370 39521 0.041666666666666664 12.3203125
table-0001-94 25 5 0 848 528 131275 0.09090909090909091 0.19342484830398887
table-0001-711 0 1 0 13 22 1885 1.0 0.0
table-0001-353 2 3 2 105 370 39521 0.041666666666666664 0.6640625
table-0001-854 100 5 0 95 92 0 1.0 5.979274611398964
table-0001-884 0 1 0 152 149 1451 1.0 0.0
table-0001-870 100 5 0 95 92 0 1.0 8.90362694300518
table-0001-755 6 4 4 45 29 81503 0.1 0.23448831587429492
table-0001-340 2 2 0 0 0 0 0.0 33.0
table-0001-524 1 30 0 1302 750 181594 0.034482758620689655 0.0010317255610007739
table-0001-176 2 6 0 36 33 3839 0.5 0.14059590316573556
table-0001-306 27 2 0 8 90 596 1.0 0.46207605344295993
table-0001-151 10 11 69 19 43 2574 0.3333333333333333 0.5987328405491025
table-0001-658 1 5 2 150 165 2162 1.0 0.17621776504297995
table-0001-529 2 3 0 35 36 1840 1.0 0.13356311934510987
table-0001-672 9 11 0 29 36 1955 0.2 0.20294117647058824
table-0001-832 1 3 0 10 20 795 1.0 0.18494271685761046
table-0001-114 16 3 0 232 481 89049 0.041666666666666664 0.058068413501472474
table-0001-997 2 2 2 183 231 2422 1.0 0.007543323139653415
table-0001-994 3 7 0 600 551 26153 1.0 0.06772908366533864
table-0001-115 16 3 0 232 481 89049 0.041666666666666664 0.05232953258325153
table-0001-199 0 1 0 118 146 5678 1.0 0.0
table-0001-73 1 3 0 22 32 5393 1.0 0.10115864527629234
table-0001-133 15 2 0 134 118 75819 0.3333333333333333 0.19769304710028837
table-0001-251 7 6 0 73 53 441 1.0 0.31219726992514313
table-0001-30 13 4 0 11 27 1826 0.5 0.19334389857369255
table-0001-56 4 2 2 67 114 18340 0.5 0.010645321010067668
table-0001-142 31 16 354 103 121 2181 0.25 0.9742410303587856
table-0001-17 6 4 0 15 33 893 0.5 0.13438735177865613
table-0001-68 1 3 0 139 123 5972 1.0 0.06487080813633865
table-0001-249 6 7 0 191 188 6915 0.16666666666666666 0.03735032406898824
table-0001-943 0 1 0 20 22 1790 1.0 0.0
table-0001-455 7 5 14 189 179 2047 0.5 0.3666158536585366
table-0001-483 10 6 0 39 58 4031 0.3333333333333333 0.08629925008927508
table-0001-629 19 7 0 273 271 5881 0.3333333333333333 4.6421052631578945
table-0001-726 4 9 0 538 473 110694 1.0 0.07452339688041594
table-0001-968 440 7 1064 20 1220 1872 0.25 75.89798339264532
table-0001-549 9 3 0 49 771 5473 0.07692307692307693 0.6287878787878788
table-0001-342 21 3 0 0 0 0 0.0 426.0
table-0001-905 0 1 0 13 14 2016 1.0 0.0
table-0001-397 13 5 15 453 309 4129 0.08333333333333333 1.5880398671096345
table-0001-472 5 11 0 38 140 1177 0.3333333333333333 0.17786069651741293
table-0001-856 100 5 0 95 92 0 1.0 6.560621761658031
table-0001-278 44 2 0 2430 425 72164 0.5 0.1318012842176411
table-0001-950 0 1 0 24 19 299 1.0 0.0
table-0001-487 12 10 0 340 280 137581 0.3333333333333333 0.025030111412225234
table-0001-282 6 3 0 48 58 7514 1.0 0.28497109826589595
table-0001-920 17 5 0 9 182 4464 1.0 0.9170626349892008
table-0001-632 18 7 0 237 250 5957 0.3333333333333333 1.8404255319148937
table-0001-964 3 2 0 143 19 6348 0.2 0.18161925601750548
table-0001-438 13 6 0 101 497 59172 0.5 7.125
table-0001-983 10 2 0 536 855 13060 1.0 0.06428817649086521
table-0001-29 7 7 15 159 241 815 1.0 0.06921565664198277
table-0001-289 60 5 49 325 148 18436 0.06666666666666667 0.8503044299811043
table-0001-384 13 4 0 49 59 6923 0.5 0.2301293900184843
table-0001-242 58 5 58 401 191 12672 0.5 2.0910493827160495
table-0001-382 20 8 7 49 59 6923 0.5 1.1734442390634627
table-0001-149 9 8 0 2892 813 33113 1.0 0.004571675560653667
table-0001-533 2 7 1 184 368 1460 0.08333333333333333 0.05848403232012313
table-0001-290 51 5 43 325 148 18436 0.06666666666666667 0.7484778500944783
table-0001-677 8 4 5 26 29 9037 0.5 0.4208103130755064
table-0001-990 1 5 0 13 12 517 0.5 0.27078384798099764
table-0001-947 0 1 0 19 43 2669 1.0 0.0
table-0001-602 3 3 0 125 134 36179 1.0 0.026422132421510723
table-0001-987 1 1 0 111 218 2446 0.1 0.3480278422273782
table-0001-54 5 3 0 8 14 872 0.25 0.18253968253968253
table-0001-649 1 7 1 85 267 13571 0.09090909090909091 0.21844660194174756
table-0001-673 37 7 13 369 286 8619 0.3333333333333333 2.485391140433553
table-0001-592 1 2 1 33 57 5624 1.0 0.0047181524708219515
table-0001-540 1 3 0 11 16 1299 1.0 0.05934718100890208
table-0001-10 5 3 0 103 82 11416 1.0 0.20205479452054795
table-0001-337 30 7 53 47 69 2937 0.3333333333333333 0.7676413255360623
table-0001-279 2 3 0 80 73 3878 1.0 0.38269680436477005
table-0001-608 13 5 13 454 462 3929 0.25 1.5157116451016637
table-0001-780 40 4 0 100 156 60900 1.0 0.6008082622361922
table-0001-982 6 2 0 536 855 13060 1.0 0.04395036194415719
table-0001-450 12 11 0 23 151 737 0.09090909090909091 0.38880248833592534
table-0001-423 0 1 0 99 146 290 1.0 0.0
table-0001-386 2 11 0 14 39 2307 0.3333333333333333 0.03594914511179308
table-0001-944 1 3 0 83 111 792 1.0 0.047104247104247106
table-0001-301 2 3 0 153 284 6436 0.5 0.026813003612114476
table-0001-478 5 11 0 38 140 1177 0.3333333333333333 0.22201492537313433
table-0001-2 21 4 0 19 38 917 0.5 0.35241502683363146
table-0001-14 1 2 0 74 106 18386 0.3333333333333333 0.010430247718383311
table-0001-47 10 6 0 119 76 113773 0.14285714285714285 0.07174298666316274
table-0001-426 8 6 0 101 497 59172 0.5 4.366935483870968
table-0001-564 1 4 0 2859 233 608115 0.2 0.0041447399059283754
table-0001-284 3 5 3 325 148 18436 0.06666666666666667 0.035061935754776404
table-0001-686 3 5 5 727 181 26174 0.5 0.007994465370128373
table-0001-601 7 3 0 3064 781 672399 0.5 0.02230147817119285
table-0001-653 5 5 9 85 267 13571 0.09090909090909091 0.720873786407767
table-0001-482 29 5 28 107 147 3151 0.5 0.9740458015267176
table-0001-685 5 5 6 630 1115 364 1.0 0.006455852345434214
table-0001-515 1 3 0 8 17 1076 1.0 0.11406096361848574
table-0001-3 1 2 1 4 15 1443 1.0 0.031825795644891124
table-0001-843 100 5 0 113 119 0 1.0 7.217616580310881
table-0001-304 2 5 4 189 259 2492 1.0 0.054407144038366134
table-0001-996 5 5 5 600 551 26153 1.0 0.07364481468067126
table-0001-67 8 8 0 130 217 2771 1.0 0.029514996809189533
table-0001-641 9 2 0 189 320 14265 0.1111111111111111 0.06520061728395062
table-0001-150 14 3 14 2892 813 33113 1.0 0.010423420278290359
table-0001-749 0 1 0 249 711 21545 1.0 0.0
table-0001-379 19 4 0 17 5 5352 1.0 5.122302158273381
table-0001-9 5 4 0 20 34 9246 0.3333333333333333 0.09561304836895389
table-0001-466 5 3 0 100 112 7559 1.0 0.09394107837687604
table-0001-512 11 2 0 251 445 14645 0.1111111111111111 0.1045016077170418
table-0001-266 24 4 24 1277 976 51036 0.05263157894736842 0.6344455348380765
table-0001-991 3 5 1 13 15 697 0.5 0.8567073170731707
table-0001-521 8 3 8 435 97 17094 0.5 0.12512479201331114
table-0001-817 46 2 0 22 1136 64555 0.038461538461538464 0.4758557457212714
table-0001-912 1 2 1 203 380 16500 0.1111111111111111 0.014055179593961478
table-0001-532 46 7 12 184 368 1460 0.08333333333333333 1.3466717968449404
table-0001-159 3 6 3 76 141 17517 0.2 0.38308457711442784
table-0001-753 1 4 1 45 29 81503 0.1 0.029814665592264304
table-0001-498 0 1 0 109 106 1600 1.0 0.0
table-0001-497 0 1 0 105 106 1972 1.0 0.0
table-0001-504 54 8 54 90 261 5060 0.3333333333333333 3.9498730964467006
table-0001-439 14 6 1 101 497 59172 0.5 7.600806451612903
table-0001-850 100 5 0 113 119 0 1.0 6.2911917098445596
table-0001-381 5 2 0 49 59 6923 0.5 0.08163894023413432
table-0001-675 50 11 85 160 227 30383 0.5 11.996977025392987
table-0001-471 6 11 0 38 140 1177 0.3333333333333333 0.1958955223880597
table-0001-959 1 4 1 344 617 931 0.5 0.2077922077922078
table-0001-231 30 3 31 145 328 4118 0.16666666666666666 1.0014461315979755
table-0001-100 0 1 0 32 62 1537 1.0 0.0
table-0001-575 4 9 0 217 201 10865 1.0 0.16927899686520376
table-0001-37 6 2 4 294 211 102083 0.3333333333333333 0.03313659958757022
table-0001-946 0 1 0 7 17 1688 1.0 0.0
table-0001-485 1 3 0 27 65 1223 1.0 0.0507399577167019
table-0001-936 0 1 0 44 102 6374 1.0 0.0
table-0001-579 8 5 0 217 201 10865 1.0 0.6551724137931034
table-0001-718 3 5 11 153 143 2482 1.0 0.1337448559670782
table-0001-899 0 1 0 15 34 1032 1.0 0.0
table-0001-693 39 5 0 287 396 22282 0.25 2.233733417561592
table-0001-214 96 6 63 203 216 30607 0.14285714285714285 3.215836526181354
table-0001-254 3 4 0 1277 976 51036 0.05263157894736842 0.1481844946025515
table-0001-147 8 8 34 7 34 452 1.0 2.1226415094339623
table-0001-984 8 6 0 167 245 47911 1.0 0.0059214772822945025
table-0001-742 2 2 0 4 17 2444 1.0 0.033172496984318456
table-0001-297 2 14 0 80 122 6583 0.1111111111111111 0.1268041237113402
table-0001-826 60 2 0 22 1136 64555 0.038461538461538464 0.678942542787286
table-0001-960 3 3 0 87 87 2170 1.0 0.06591166477916195
table-0001-391 2 5 1 453 309 4129 0.08333333333333333 0.2026578073089701
table-0001-591 21 12 111 213 249 112217 0.3333333333333333 0.427789046653144
table-0001-41 5 5 4 32 31 3062 1.0 0.40896739130434784
table-0001-245 1 2 1 7 32 1423 0.5 0.0407725321888412
table-0001-725 4 9 0 538 473 110694 1.0 0.0878105141536684
table-0001-560 1 2 1 74 105 3074 1.0 0.008433200177541057
table-0001-136 2 7 0 182 171 2079 0.3333333333333333 0.29985007496251875
table-0001-121 2 3 0 18 32 2887 1.0 0.07394668959587274
table-0001-248 21 4 0 191 188 6915 0.16666666666666666 0.06596726353949248
table-0001-118 18 3 0 232 481 89049 0.041666666666666664 0.07974024012685947
table-0001-312 2 2 0 15 20 803 0.5 0.5175097276264592
table-0001-882 0 1 0 17 17 3034 1.0 0.0
table-0001-939 0 1 0 11 18 1671 1.0 0.0
table-0001-407 13 3 1 35 34 18881 0.5 0.0685916179337232
table-0001-520 4 3 0 38 54 18120 0.5 0.15598290598290598
table-0001-587 1 1 0 911 260 184798 1.0 0.00042280047661144636
table-0001-790 0 1 0 13 19 2594 1.0 0.0
table-0001-571 4 9 0 217 201 10865 1.0 0.148380355276907
table-0001-187 18 5 0 233 72 60530 1.0 0.16130760986066453
table-0001-880 0 1 0 13 22 2082 1.0 0.0
table-0001-847 100 5 0 113 119 0 1.0 6.526424870466321
table-0001-735 2 5 0 51 82 13844 0.5 0.061305207646671064
table-0001-503 3 3 0 124 171 709 1.0 0.013423767132965945
table-0001-848 1 5 0 18 63 1133 0.5 0.004581151832460733
table-0001-367 11 3 0 105 370 39521 0.041666666666666664 6.4453125
table-0001-143 1 3 0 38 63 1304 1.0 0.09196141479099679
table-0001-748 126 16 281 249 711 21545 1.0 5.999279279279279
table-0001-66 22 3 0 130 217 2771 1.0 0.08966177409061901
table-0001-403 4 7 4 330 320 4770 1.0 0.05855806274078151
table-0001-689 3 2 0 0 0 0 0.0 129.0
table-0001-309 9 2 0 856 318 211168 0.3333333333333333 0.01599944106756096
table-0001-276 2 3 0 25 66 3014 1.0 0.08934817170111288
table-0001-998 2 2 0 173 214 8333 0.5 0.06912442396313365
table-0001-695 40 5 0 287 396 22282 0.25 2.2122552116234995
table-0001-594 25 4 0 120 41 45964 0.5 0.8590580955654864
table-0001-752 17 4 10 45 29 81503 0.1 0.6728444802578566
table-0001-513 1 3 0 23 19 2725 1.0 0.12696148359486448
table-0001-220 5 4 0 160 142 5521 0.3333333333333333 0.04463768115942029
table-0001-16 2 4 0 17 45 2920 0.5 0.01644100580270793
table-0001-536 12 4 0 184 368 1460 0.08333333333333333 0.07579838399384378
table-0001-229 141 5 198 145 328 4118 0.16666666666666666 8.20173535791757
table-0001-420 11 4 0 77 54 42012 0.5 0.03352270943846323
table-0001-285 3 5 3 325 148 18436 0.06666666666666667 0.042410245643501994
table-0001-922 0 1 0 14 16 2673 1.0 0.0
table-0001-772 1 2 0 692 469 16542 0.07692307692307693 0.06714285714285714
table-0001-352 31 3 27 105 370 39521 0.041666666666666664 13.734375
table-0001-70 1 3 0 131 165 27902 0.3333333333333333 0.010618932038834952
table-0001-979 35 10 20 0 0 0 0.0 2103.0
table-0001-871 100 5 0 95 92 0 1.0 7.722279792746114
table-0001-11 9 9 11 466 588 12103 0.5 0.6338627804159161
table-0001-612 10 3 0 259 283 9398 0.25 0.07426778242677824
table-0001-58 1 2 0 60 93 9269 0.16666666666666666 0.030608135320177206
table-0001-918 1 1 0 590 381 146557 1.0 0.0008027292795504716
table-0001-776 1 2 0 692 469 16542 0.07692307692307693 0.03
table-0001-640 40 2 0 189 320 14265 0.1111111111111111 0.2222222222222222
table-0001-588 8 3 0 911 260 184798 1.0 0.016681400622669793
table-0001-429 6 6 0 101 497 59172 0.5 3.2096774193548385
table-0001-676 1 2 1 54 38 410 1.0 0.005920847616079776
table-0001-484 12 2 0 39 58 4031 0.3333333333333333 0.01761695036305202
table-0001-647 3 5 4 85 267 13571 0.09090909090909091 0.5849514563106796
table-0001-387 8 5 0 128 119 170178 0.3333333333333333 0.10199855959668708
table-0001-688 8 2 0 0 0 0 0.0 269.0
table-0001-599 10 10 2 175 141 7013 0.125 0.14375561545372867
table-0001-570 3 2 0 33 46 1193 0.5 0.04017857142857143
table-0001-774 1 2 0 692 469 16542 0.07692307692307693 0.03
table-0001-364 37 3 26 105 370 39521 0.041666666666666664 14.8203125
table-0001-902 17 3 0 287 541 172962 1.0 0.11515240759829186
table-0001-798 0 1 0 37 93 5456 1.0 0.0
table-0001-736 1 2 1 25 43 3919 1.0 0.030254777070063694
table-0001-120 1 2 1 52 79 1756 1.0 0.02342786683107275
table-0001-416 1 2 1 84 113 57841 1.0 0.006725663716814159
table-0001-768 21 8 19 692 469 16542 0.07692307692307693 1.7107142857142856
table-0001-71 4 4 0 131 165 27902 0.3333333333333333 0.07281553398058252
table-0001-104 307 5 394 18 617 36725 0.5 94.05504587155963
table-0001-866 1 2 1 107 113 2459 1.0 0.049738219895287955
table-0001-698 6 3 0 93 110 12866 1.0 0.13038884192730346
table-0001-212 45 4 43 149 361 7989 0.5 0.9944277753964852
table-0001-522 9 6 5 1302 750 181594 0.034482758620689655 0.051901527527011146
table-0001-859 100 5 0 95 92 0 1.0 7.706735751295337
table-0001-434 2 6 0 101 497 59172 0.5 0.9354838709677419
table-0001-225 1 3 0 119 76 30850 1.0 0.020062329567588626
table-0001-236 1 2 0 77 88 46340 1.0 0.02383419689119171
table-0001-825 29 2 0 22 1136 64555 0.038461538461538464 0.3319070904645477
table-0001-34 51 8 34 57 97 17547 1.0 1.1220843672456575
table-0001-861 3 3 3 29 43 6973 1.0 0.0665163472378805
table-0001-765 1 2 0 692 469 16542 0.07692307692307693 0.03
table-0001-559 32 10 100 104 113 7849 0.3333333333333333 1.1210453920220083
table-0001-473 4 11 0 38 140 1177 0.3333333333333333 0.13432835820895522
table-0001-842 4 7 4 32 56 1991 1.0 0.2051909892262488
table-0001-614 1 2 0 15 29 849 0.5 0.04580152671755725
table-0001-271 1 5 2 50 84 1405 1.0 0.20221606648199447
table-0001-57 3 4 0 67 114 18340 0.5 0.015926720580953953
table-0001-550 16 3 0 49 771 5473 0.07692307692307693 1.0271464646464648
table-0001-723 37 6 65 53 94 1795 1.0 1.8093567251461988
table-0001-728 5 3 0 317 218 117429 0.3333333333333333 0.021577026812628908
table-0001-795 0 1 0 23 35 2729 1.0 0.0
table-0001-716 9 3 0 153 143 2482 1.0 1.1872427983539096
table-0001-425 5 6 0 101 497 59172 0.5 2.6653225806451615
table-0001-69 2 2 1 131 165 27902 0.3333333333333333 0.017597087378640776
table-0001-762 1 5 2 38 101 2416 1.0 0.007768764994858905
table-0001-831 30 4 5 152 140 392984 0.3333333333333333 0.4223290821660046
table-0001-411 4 4 0 60 117 11503 0.5 0.040501165501165504
table-0001-470 11 4 0 38 140 1177 0.3333333333333333 0.8582089552238806
table-0001-148 9 6 1 2892 813 33113 1.0 0.011919605007231559
table-0001-42 13 4 0 56 48 18716 0.5 0.25679442508710804
table-0001-877 7 2 0 117 541 15000 0.3333333333333333 0.08294392523364486
table-0001-499 0 1 0 109 106 1600 1.0 0.0
table-0001-495 3 5 6 125 168 1321 1.0 0.5280487804878049
table-0001-357 7 3 0 105 370 39521 0.041666666666666664 3.3203125
table-0001-430 6 6 0 101 497 59172 0.5 3.245967741935484
table-0001-234 2 2 1 28 41 6932 1.0 0.08722741433021806
table-0001-446 17 5 0 23 151 737 0.09090909090909091 0.6531881804043546
table-0001-320 51 9 245 6 152 1188 1.0 9.448275862068966
table-0001-488 1 2 1 71 90 8519 1.0 0.013399153737658674
table-0001-275 2 8 0 23 36 6353 0.2 0.022383985441310282
table-0001-821 12 2 0 22 1136 64555 0.038461538461538464 0.11430317848410758
table-0001-393 4 5 3 453 309 4129 0.08333333333333333 0.5448504983388704
table-0001-553 0 1 0 11 19 1034 1.0 0.0
table-0001-365 6 3 6 105 370 39521 0.041666666666666664 2.1796875
table-0001-33 3 4 1 112 117 32840 0.5 0.010359577596577997
table-0001-668 1 3 0 93 174 1745 1.0 0.07232516437537358
table-0001-223 10 3 10 25 90 7192 0.25 0.1402056684223727
table-0001-39 6 4 0 14 32 898 0.5 0.10803059273422562
table-0001-184 10 5 8 233 72 60530 1.0 0.15952125759199715
table-0001-335 29 2 0 65 175 391 1.0 0.07630351844001695
table-0001-777 3 2 0 100 156 60900 1.0 0.08172429277054333
table-0001-226 3 2 0 243 194 13167 0.5 0.043993759750390014
table-0001-160 4 3 0 148 135 4934 1.0 0.2092095721537346
table-0001-940 0 1 0 8 19 0 1.0 0.0
table-0001-15 4 2 0 53 72 6065 0.5 0.08561643835616438
table-0001-682 1 2 1 54 38 246 1.0 0.005920847616079776
table-0001-580 4 5 0 217 201 10865 1.0 0.290491118077325
table-0001-746 3 5 1 630 1115 365 1.0 0.004692021258199509
table-0001-378 14 9 33 17 5 5352 1.0 4.26978417266187
table-0001-609 16 12 7 259 283 9398 0.25 0.26359832635983266
table-0001-111 9 5 0 232 481 89049 0.041666666666666664 0.048100883485615045
table-0001-294 22 5 19 325 148 18436 0.06666666666666667 0.2876338442158304
table-0001-770 2 2 2 692 469 16542 0.07692307692307693 0.06714285714285714
table-0001-323 1 2 1 160 175 8554 0.25 0.029850746268656716
table-0001-404 26 13 29 330 320 4770 1.0 0.28002201430930107
table-0001-400 12 3 0 1780 164 314102 1.0 0.04138205451289873
table-0001-646 4 6 10 85 267 13571 0.09090909090909091 0.4563106796116505
table-0001-373 100 4 162 30 211 10474 0.5 14.834494773519165
table-0001-437 18 6 0 101 497 59172 0.5 10.685483870967742
table-0001-377 2 3 0 22 46 3025 1.0 0.0158311345646438
table-0001-900 2 2 0 12 129 1487 1.0 0.03794940079893475
table-0001-38 6 3 0 294 211 102083 0.3333333333333333 0.017706037118680226
table-0001-44 0 1 0 11 24 1345 1.0 0.0
table-0001-760 12 2 12 115 217 4021 0.25 0.0518994914747233
table-0001-126 4 3 4 87 86 14324 0.5 0.46372688477951635
table-0001-315 1 3 0 63 77 20490 0.5 0.00588984399872652
table-0001-243 1 2 1 50 54 995 1.0 0.026823134953897737
table-0001-534 2 7 1 184 368 1460 0.08333333333333333 0.06310119276644863
table-0001-195 2 2 2 141 158 9039 1.0 0.026263952724885097
table-0001-467 1 2 0 75 97 18541 1.0 0.020246478873239437
table-0001-975 14 2 0 322 175 19371 0.5 0.06054456282766785
table-0001-372 2 3 0 154 142 51007 0.5 0.03995205753096284
table-0001-789 2 3 0 386 69 11198 0.5 0.04222481071636575
table-0001-837 40 4 0 3 13 403 0.3333333333333333 7.148351648351649
table-0001-985 13 9 46 894 999 20678 0.5 0.13652217239661185
table-0001-443 5 6 0 101 497 59172 0.5 3.0846774193548385
table-0001-127 4 3 4 87 86 14324 0.5 0.4779516358463727
table-0001-615 6 2 0 75 34 122874 0.3333333333333333 0.13099921321793864
table-0001-865 0 1 0 12 18 1363 1.0 0.0
table-0001-582 1 2 1 207 364 16663 0.1111111111111111 0.011485451761102604
table-0001-310 9 3 1 856 318 211168 0.3333333333333333 0.03521274365961014
table-0001-158 20 2 0 48 126 8740 0.5 0.010533569600315023
table-0001-83 1 2 0 23 46 777 1.0 0.009515928837401738
table-0001-840 7 2 0 300 218 10762 0.5 0.2244541484716157
table-0001-555 12 4 0 65 103 3899 0.3333333333333333 0.12657838004311672
table-0001-283 10 5 7 325 148 18436 0.06666666666666667 0.1299601091748898
table-0001-25 6 6 0 87 138 2143 0.3333333333333333 0.7972972972972973
table-0001-458 1 2 1 30 56 4765 1.0 0.004088659350118356
table-0001-908 0 1 0 46 80 3973 1.0 0.0
table-0001-585 7 2 0 207 364 16663 0.1111111111111111 0.05130168453292496
table-0001-211 5 2 0 247 239 1254 1.0 0.18736842105263157
table-0001-263 14 4 14 1277 976 51036 0.05263157894736842 0.2787046123650638
table-0001-228 4 3 0 82 864 143409 1.0 0.016111898016997167
table-0001-440 3 6 0 101 497 59172 0.5 1.596774193548387
table-0001-639 167 6 284 189 320 14265 0.1111111111111111 8.384645061728396
table-0001-64 14 3 0 130 217 2771 1.0 0.14438417358008934
table-0001-444 14 6 0 101 497 59172 0.5 7.967741935483871
table-0001-596 3 2 0 16 23 2345 1.0 0.049415515409139216
table-0001-26 10 2 1 56 167 6316 0.5 0.021636876763875823
table-0001-822 7 2 0 22 1136 64555 0.038461538461538464 0.10406479217603912
table-0001-740 32 6 60 17 38 22503 0.5 5.972815533980582
table-0001-767 0 1 0 692 469 16542 0.07692307692307693 0.0
table-0001-86 3 11 3 53 135 2926 0.3333333333333333 0.01632286995515695
table-0001-815 132 2 0 22 1136 64555 0.038461538461538464 1.4741748166259168
table-0001-545 16 3 0 49 771 5473 0.07692307692307693 1.2234848484848484
table-0001-298 14 6 0 80 122 6583 0.1111111111111111 0.30927835051546393
table-0001-717 6 4 0 153 143 2482 1.0 0.38065843621399176
table-0001-449 10 4 0 23 151 737 0.09090909090909091 0.8390357698289269
table-0001-204 6 11 2 139 152 108215 0.09090909090909091 0.5390008764241893
table-0001-316 5 6 0 561 344 48603 0.3333333333333333 0.04621094217646354
table-0001-102 14 2 0 68 121 11498 0.25 0.012819208464747177
table-0001-881 100 5 0 152 149 0 1.0 8.753367875647669
table-0001-897 0 1 0 16 14 2185 1.0 0.0
table-0001-778 4 2 0 100 156 60900 1.0 0.07184553210597217
table-0001-706 0 0 0 297 413 36508 1.0 0.0
table-0002-1000 7 4 3 549 384 135400 0.25 0.01616564897447941
table-0001-129 15 5 3 103 44 13430 0.3333333333333333 0.36714636714636717
table-0001-507 0 1 0 105 95 1339 1.0 0.0
table-0001-355 20 3 7 105 370 39521 0.041666666666666664 11.375
table-0001-526 1 3 0 408 246 130338 1.0 0.008169934640522876
table-0001-674 7 3 4 369 286 8619 0.3333333333333333 0.16635249764373233
table-0001-816 161 2 0 22 1136 64555 0.038461538461538464 1.797677261613692
table-0001-45 1 3 0 153 410 11875 1.0 0.027123082678638236
table-0001-558 6 3 0 45 57 209551 1.0 0.24771573604060915
table-0001-486 39 4 30 181 136 219163 0.5 0.30925666199158486
table-0001-235 39 3 39 28 58 688 0.5 4.951612903225806
table-0001-322 4 13 3 433 366 13471 1.0 0.5283125707814269
table-0001-287 5 5 1 325 148 18436 0.06666666666666667 0.08482049128700399
table-0001-123 1 3 0 30 59 3052 1.0 0.03867214236824093
table-0001-538 33 11 0 184 368 1460 0.08333333333333333 0.5590611773759138
table-0001-971 7 5 15 737 426 19631 0.25 0.11612548156301596
table-0001-914 42 2 0 203 380 16500 0.1111111111111111 0.3185840707964602
table-0001-519 2 2 0 38 54 18120 0.5 0.0495014245014245
table-0001-794 0 1 0 11 24 3148 1.0 0.0
table-0001-138 0 1 0 1684 1266 61439 0.14285714285714285 0.0
table-0001-797 2 2 2 10 133 6641 1.0 0.05886681383370125
table-0001-745 0 1 0 1179 688 968773 0.5 0.0
table-0001-207 8 11 5 139 152 108215 0.09090909090909091 0.6717791411042945
table-0001-819 26 2 0 22 1136 64555 0.038461538461538464 0.2830073349633252
table-0001-463 1 2 1 75 98 34252 1.0 0.013960323291697281
table-0001-79 15 3 25 6 57 1529 1.0 0.6068376068376068
table-0001-934 0 1 0 21 67 1850 1.0 0.0
table-0001-573 1 1 0 217 201 10865 1.0 0.03343782654127482
table-0001-209 16 3 0 139 152 108215 0.09090909090909091 0.31156879929886067
table-0001-787 0 1 0 19 21 1927 1.0 0.0
table-0001-137 14 6 28 182 171 2079 0.3333333333333333 0.553223388305847
table-0001-771 3 3 3 692 469 16542 0.07692307692307693 0.18857142857142858
table-0001-662 1 5 1 57 55 2052 0.5 0.06838365896980461
table-0001-913 213 6 355 203 380 16500 0.1111111111111111 14.88495575221239
table-0001-818 2 2 0 22 1136 64555 0.038461538461538464 0.0316320293398533
table-0001-293 26 5 23 325 148 18436 0.06666666666666667 0.3564980054587445
table-0001-406 1 2 0 121 102 34481 1.0 0.011346817957572768
table-0001-354 6 3 8 105 370 39521 0.041666666666666664 1.0703125
table-0001-775 1 2 0 692 469 16542 0.07692307692307693 0.03
table-0001-838 22 4 0 3 13 403 0.3333333333333333 3.5054945054945055
table-0001-324 6 20 36 160 175 8554 0.25 1.4482276119402986
table-0001-259 1 2 1 1277 976 51036 0.05263157894736842 0.007360157016683023
table-0001-331 1 5 1 67 71 22035 1.0 0.016798167472639347
table-0001-84 1 2 0 23 46 777 1.0 0.007860984691766652
table-0001-413 1 2 1 94 121 4131 1.0 0.008866075594960336
table-0001-456 3 3 0 34 48 1181 1.0 0.21730382293762576
table-0001-976 5 3 0 322 175 19371 0.5 0.09183155758498224
table-0001-721 75 9 0 188 167 3878 1.0 1.5882756256427837
table-0001-618 11 9 0 248 122 27914 0.5 0.6743682310469314
table-0001-35 2 4 0 9 30 654 0.5 0.05967741935483871
table-0001-154 1 3 0 50 111 11031 1.0 0.022976854198344315
table-0001-666 184 4 144 6 155 980 0.5 87.57692307692308
table-0001-907 11 3 0 104 49 3077 0.3333333333333333 0.26304728546409806
table-0001-13 1 1 0 130 114 2241 1.0 0.00791817881887166
table-0001-428 3 6 0 101 497 59172 0.5 1.721774193548387
table-0001-201 12 6 3 50 114 8171 0.5 0.1533623055809698
table-0001-442 7 6 0 101 497 59172 0.5 3.9274193548387095
table-0001-868 100 5 0 95 92 0 1.0 6.805181347150259
table-0001-168 3 2 1 202 220 127625 0.3333333333333333 0.01721664275466284
table-0001-23 12 4 0 15 26 3826 1.0 0.40516473731077474
table-0001-925 81 2 0 11 436 5837 1.0 17.00380228136882
table-0001-541 0 1 0 43 36 2921 1.0 0.0
table-0001-796 5 3 0 8 56 1076 1.0 0.5458715596330275
table-0001-502 1 2 1 73 112 23850 0.2 0.011564211807668898
table-0001-163 2 3 0 57 98 7090 0.3333333333333333 0.014334721881891693
table-0001-107 9 4 3 4559 947 230794 1.0 0.019796963184288235
table-0001-329 2 2 0 22 44 4931 0.5 0.13903743315508021
table-0001-577 4 9 0 217 201 10865 1.0 0.16091954022988506
table-0001-581 2 5 0 217 201 10865 1.0 0.20376175548589343
table-0001-260 25 3 25 1277 976 51036 0.05263157894736842 0.5068694798822375
table-0001-792 10 3 0 97 81 32046 0.16666666666666666 0.12158054711246201
table-0001-481 52 6 57 138 186 4593 0.3333333333333333 0.4392126592049402
table-0001-341 8 3 0 0 0 0 0.0 285.0
table-0001-232 6 2 2 145 328 4118 0.16666666666666666 0.19812002892263195
table-0001-965 3 2 0 143 19 6348 0.2 0.17943107221006566
table-0001-474 8 11 0 38 140 1177 0.3333333333333333 0.26741293532338306
table-0001-948 1 5 0 95 107 2518 0.3333333333333333 0.03125
table-0001-937 0 1 0 14 12 1393 1.0 0.0
table-0001-141 10 4 8 103 121 2181 0.25 0.29500153327200246
table-0001-493 10 3 2 106 164 12748 0.3333333333333333 0.5281899109792285
table-0001-396 13 5 15 453 309 4129 0.08333333333333333 1.4750830564784052
table-0001-757 3 4 3 45 29 81503 0.1 0.07332796132151491
table-0001-60 7 2 0 60 93 9269 0.16666666666666666 0.17398308497784937
table-0001-441 4 6 0 101 497 59172 0.5 1.9838709677419355
table-0001-895 0 1 0 46 72 3564 1.0 0.0
table-0001-412 1 9 1 6 5 518 1.0 0.32083333333333336
table-0001-192 7 11 7 48 70 4383 0.5 1.8141592920353982
table-0001-554 14 7 1 223 158 2410 0.5 0.24351613541872896
table-0001-896 10 6 0 247 152 108363 0.5 0.20201798640052643
table-0001-756 3 4 3 45 29 81503 0.1 0.09830781627719581
table-0001-921 0 1 0 11 15 1171 1.0 0.0
table-0001-409 0 1 0 668 423 19974 0.3333333333333333 0.0
table-0001-4 6 2 0 22 204 5587 0.5 0.024364723467862483
table-0001-901 0 1 0 14 14 0 1.0 0.0
table-0001-955 0 1 0 10 20 2679 1.0 0.0
table-0001-844 100 5 0 113 119 0 1.0 7.098445595854923
table-0001-452 10 11 0 23 151 737 0.09090909090909091 0.32892690513219286
table-0001-727 7 2 0 317 218 117429 0.3333333333333333 0.03339679517689989
table-0001-800 5 11 5 575 636 3258 0.5 0.31370038412291934
table-0001-738 12 4 10 126 103 65465 0.3333333333333333 0.11890936632163596
table-0001-215 60 3 0 203 216 30607 0.14285714285714285 0.9616858237547893
table-0001-951 1 5 0 92 123 2328 0.3333333333333333 0.04275026718916993
table-0001-274 11 8 0 23 36 6353 0.2 0.12738853503184713
table-0001-911 0 1 0 8 25 944 1.0 0.0
table-0001-621 1 2 0 136 140 24171 0.2 0.002771855010660981
table-0001-814 75 2 0 22 1136 64555 0.038461538461538464 0.816320293398533
table-0001-318 3 6 1 118 115 283095 1.0 0.05556800358503249
table-0001-395 13 5 15 453 309 4129 0.08333333333333333 1.4850498338870433
table-0001-972 0 1 0 25 45 925 1.0 0.0
table-0001-81 3 5 4 28 51 1227 1.0 0.19392265193370165
table-0001-256 8 4 8 1277 976 51036 0.05263157894736842 0.3056918547595682
table-0001-883 0 1 0 152 149 1451 1.0 0.0
table-0001-720 1 3 1 20 27 3437 1.0 0.24793388429752067
table-0001-954 1 3 1 92 106 2204 0.5 0.028064992614475627
table-0001-77 2 3 0 39 57 4896 1.0 0.1052393857271906
table-0001-431 9 6 0 101 497 59172 0.5 5.366935483870968
table-0001-264 8 4 8 1277 976 51036 0.05263157894736842 0.323846908734053
table-0001-567 1 3 0 11 21 712 1.0 0.031294964028776975
table-0001-313 2 2 1 28 39 10781 1.0 0.01773604590505999
table-0001-876 100 5 0 152 149 0 1.0 7.406217616580311
table-0001-548 47 3 0 49 771 5473 0.07692307692307693 2.3920454545454546
table-0001-105 0 1 0 291 99 93782 0.2 0.0
table-0001-687 10 2 0 0 0 0 0.0 419.0
table-0001-930 0 1 0 11 12 1541 1.0 0.0
table-0001-945 1 3 0 38 78 10149 0.5 0.018363939899833055
table-0001-863 10 7 8 112 165 7396 0.5 0.5072875933167437
table-0001-206 1 8 0 139 152 108215 0.09090909090909091 0.0740578439964943
table-0001-339 22 3 2 0 0 0 0.0 525.0
table-0001-769 3 7 5 692 469 16542 0.07692307692307693 0.15
table-0001-616 12 8 0 75 34 122874 0.3333333333333333 0.13178599527930762
table-0001-993 0 1 0 600 551 26153 1.0 0.0
table-0001-415 1 3 0 64 115 2095 1.0 0.015287428932406822
table-0001-218 6 4 0 203 216 30607 0.14285714285714285 0.09450830140485313
table-0001-178 0 1 0 69 99 5980 0.5 0.0
table-0001-919 13 4 5 57 88 2931 1.0 0.287012987012987
table-0001-869 100 5 0 95 92 0 1.0 7.725388601036269
table-0001-492 8 3 0 106 164 12748 0.3333333333333333 0.4836795252225519
table-0001-389 4 5 1 0 0 0 0.0 415.0
table-0001-196 1 3 0 85 108 17604 1.0 0.019165879335942774
table-0001-385 2 9 0 14 39 2307 0.3333333333333333 0.030688294607628234
table-0001-460 85 11 85 112 519 321 1.0 5.164897649734647
table-0001-878 190 8 0 117 541 15000 0.3333333333333333 11.163551401869158
table-0001-886 0 1 0 16 15 1880 1.0 0.0
table-0001-188 2 4 0 233 72 60530 1.0 0.023222579492675956
table-0001-833 1 3 0 55 63 7484 1.0 0.030584380120152924
table-0001-469 292 4 549 134 1203 59004 0.5 11.241022519780888
table-0001-535 1 7 0 184 368 1460 0.08333333333333333 0.02770296267795306
table-0001-281 18 4 13 139 118 561 1.0 0.3574660633484163
table-0001-190 9 3 1 233 72 60530 1.0 0.06073597713469096
table-0001-566 1 5 0 2859 233 608115 0.2 0.007777208587528524
table-0001-91 1 3 0 13 14 844 1.0 0.25477707006369427
table-0001-75 12 5 0 11 4 469 1.0 2.523404255319149
table-0001-230 14 2 5 145 328 4118 0.16666666666666666 0.8322487346348517
table-0001-974 26 4 0 1767 524 597063 1.0 0.11145416814293668
table-0001-28 9 6 16 159 241 815 1.0 0.12558561281547528
table-0001-317 0 1 0 30 74 2795 1.0 0.0
table-0001-829 13 2 0 22 1136 64555 0.038461538461538464 0.13279339853300734
table-0001-153 5 6 5 267 372 302081 0.16666666666666666 0.046632532493107524
table-0001-72 1 3 0 131 165 27902 0.3333333333333333 0.01972087378640777
table-0001-303 8 3 1 446 426 14346 0.5 0.4610361340879408
table-0001-134 12 2 0 131 124 70740 0.3333333333333333 0.38988689288090483
table-0001-708 0 1 0 133 247 8420 1.0 0.0
table-0001-862 1 3 1 47 144 3705 1.0 0.022443890274314215
table-0001-627 14 5 0 61 99 1465 0.5 2.9291217257318953
table-0001-501 0 1 0 93 82 869 1.0 0.0
table-0001-651 4 5 7 85 267 13571 0.09090909090909091 0.6456310679611651
table-0001-552 21 3 0 49 771 5473 0.07692307692307693 1.067550505050505
table-0001-270 1 3 0 7 21 107 1.0 0.0818639798488665
table-0001-380 16 6 42 17 5 5352 1.0 2.8453237410071943
table-0001-702 1 2 1 297 413 36508 1.0 0.0039447731755424065
table-0001-992 4 5 0 3 25 497 1.0 0.9754464285714286
table-0001-610 4 2 0 259 283 9398 0.25 0.036610878661087864
table-0001-20 5 3 0 1227 526 99931 0.25 0.05555555555555555
table-0001-31 4 4 0 8 28 643 0.5 0.10674157303370786
table-0001-751 4 4 4 45 29 81503 0.1 0.10233682514101532
table-0001-724 1 3 1 20 20 3998 1.0 0.1650485436893204
table-0001-743 53 5 0 636 469 3052 0.3333333333333333 3.4877650897226755
table-0001-418 3 2 0 76 105 4333 0.3333333333333333 0.10755555555555556
table-0001-637 12 5 12 478 253 290531 0.5 0.034160162514701164
table-0001-174 1 3 0 18 14 3383 1.0 0.035704400774979245
table-0001-6 1 1 0 15 14 1065 0.5 0.09277374566109182
table-0001-931 0 1 0 15 22 2064 1.0 0.0
table-0001-846 100 5 0 113 119 0 1.0 7.450777202072539
table-0001-427 18 6 0 101 497 59172 0.5 10.169354838709678
table-0001-546 35 3 0 49 771 5473 0.07692307692307693 2.4286616161616164
table-0001-791 5 5 0 97 81 32046 0.16666666666666666 0.12375162831089882
table-0001-547 6 3 0 49 771 5473 0.07692307692307693 0.29608585858585856
table-0001-923 28 2 0 11 436 5837 1.0 7.258555133079848
table-0001-292 40 5 30 325 148 18436 0.06666666666666667 0.5706487507873189
table-0001-219 11 5 0 160 142 5521 0.3333333333333333 0.6052173913043478
table-0001-476 5 11 0 38 140 1177 0.3333333333333333 0.1654228855721393
table-0001-351 18 3 6 105 370 39521 0.041666666666666664 7.7578125
table-0001-62 12 5 0 130 217 2771 1.0 0.16703892788768346
table-0001-360 11 3 4 105 370 39521 0.041666666666666664 6.203125
table-0001-319 20 8 32 1282 333 196739 0.5 0.19158669939745593
table-0001-208 22 12 0 139 152 108215 0.09090909090909091 0.8847502191060473
table-0001-852 1 3 1 17 21 3657 1.0 0.30303030303030304
table-0001-759 8 4 8 115 217 4021 0.25 0.16153155848040682
table-0001-307 7 3 0 150 121 19746 1.0 0.08732846194974157
table-0001-117 16 2 0 232 481 89049 0.041666666666666664 0.03420675073623801
table-0001-422 5 4 0 106 104 1218 0.5 0.0821842250413679
table-0001-462 4 3 0 785 473 48693 0.5 0.007639726578206675
table-0001-697 1 3 0 84 188 11431 1.0 0.018151815181518153
table-0001-644 12 6 0 57 76 1304 0.5 1.6683804627249357
table-0001-634 1 2 1 996 316 5245 1.0 0.0004009876960091172
table-0001-766 0 0 0 692 469 16542 0.07692307692307693 0.0
