table_id rows cols nulls inlinks outlinks views table_imp table_fraction
table-0408-861 9 7 15 15 32 0 0.3333333333333333 0.701195219123506
table-0408-152 1 3 0 52 37 10627 1.0 0.042837078651685394
table-0408-175 8 9 13 213 220 6192 0.045454545454545456 0.4596841230257689
table-0408-464 4 2 0 57 95 5257 0.2 0.03215502555366269
table-0408-312 20 27 332 192 327 2427 0.1 0.48612862547288777
table-0408-985 6 2 1 211 198 65625 0.3333333333333333 0.11926091825307951
table-0408-605 17 9 33 136 150 4599 0.14285714285714285 0.7562065541211519
table-0408-932 1 2 1 53 154 20528 0.25 0.0025343470721621983
table-0408-977 0 1 0 43 40 7526 1.0 0.0
table-0408-412 0 1 0 170 112 2038 0.05263157894736842 0.0
table-0408-532 4 5 0 302 341 1246 0.3333333333333333 1.2178988326848248
table-0408-793 5 3 0 78 245 34512 0.07142857142857142 0.026268241834607367
table-0408-399 5 2 0 234 148 9926 0.25 0.0735609756097561
table-0408-669 14 2 0 68516 1373 4018324 0.16666666666666666 0.005618850336613154
table-0408-721 1 4 1 32 45 2223 0.3333333333333333 0.011143410852713179
table-0408-620 17 8 74 147 227 2687 0.3333333333333333 0.4815447710184552
table-0408-734 17 9 0 93 264 1629 1.0 0.549575524587538
table-0408-738 27 21 30 93 264 1629 1.0 0.3727374659618773
table-0408-242 1 3 0 14 20 714 1.0 0.29693486590038315
table-0408-144 7 3 0 351 291 29912 1.0 0.09184617417734901
table-0408-640 1 15 0 621 330 502143 0.25 0.0008324562242847574
table-0408-69 2 2 2 55 76 10114 1.0 0.04138594802694899
table-0408-90 16 4 0 196 239 2558 0.1 0.17080378250591016
table-0408-266 2 3 0 68 114 6611 0.25 0.027816028642247314
table-0408-427 1 3 0 0 0 0 0.0 166.0
table-0408-433 2 2 2 6 44 1451 1.0 0.017094017094017096
table-0408-259 2 3 0 11 92 3769 1.0 0.21820062047569805
table-0408-723 1 2 0 89 61 509 1.0 0.002904525438021175
table-0408-186 3 7 3 56 85 1217 0.14285714285714285 0.14177563661390227
table-0408-344 11 5 0 97 107 4105 1.0 0.27682276229994074
table-0408-474 1 3 0 22 57 3217 1.0 0.04122407688416793
table-0408-495 4 4 0 8 55 1378 0.25 0.31551724137931036
table-0408-265 3 2 0 68 114 6611 0.25 0.01652437345083999
table-0408-157 5 4 0 95 80 1425 0.25 0.2227891156462585
table-0408-162 7 9 10 213 220 6192 0.045454545454545456 0.4081463009143807
table-0408-53 10 11 7 468 533 6166 0.08333333333333333 0.05310305867161649
table-0408-307 0 1 0 192 327 2427 0.1 0.0
table-0408-710 6 5 0 96 78 3709 0.5 0.051921258488781916
table-0408-486 5 12 4 19 24 922 0.3333333333333333 0.2966507177033493
table-0408-898 0 1 0 454 113 310582 0.3333333333333333 0.0
table-0408-570 7 6 0 893 76 1474508 0.5 0.13936183629713708
table-0408-193 5 13 1 283 264 41643 1.0 0.05753803596127247
table-0408-225 4 5 0 85 141 869 0.16666666666666666 0.22757475083056478
table-0408-869 1 3 0 20 51 1050 1.0 0.026753141467369273
table-0408-638 7 3 0 36 53 1149 1.0 0.22754836846664742
table-0408-622 17 8 74 199 309 5099 0.16666666666666666 0.22944145904575802
table-0408-246 0 1 0 6 17 624 1.0 0.0
table-0408-494 6 6 0 82 143 825 0.16666666666666666 0.26359143327841844
table-0408-419 4 5 4 170 112 2038 0.05263157894736842 0.008671659440283799
table-0408-198 6 6 0 86 139 881 0.16666666666666666 0.2671118530884808
table-0408-529 1 2 0 72 120 2604 0.3333333333333333 0.005998080614203455
table-0408-114 22 2 2 200 242 4491 0.25 1.5451388888888888
table-0408-986 27 13 49 211 198 65625 0.3333333333333333 1.242441209406495
table-0408-553 8 3 0 316 404 44831 1.0 0.05553057553956835
table-0408-993 5 5 5 161 284 377575 0.16666666666666666 0.10732553891121666
table-0408-475 14 17 30 220 297 9414 0.5 0.7601776461880089
table-0408-707 7 6 7 459 375 42143 0.25 0.0736455463728191
table-0408-613 1 3 0 92 122 1222 0.2 0.08755760368663594
table-0408-990 10 3 0 161 284 377575 0.16666666666666666 0.0650347095359883
table-0408-468 5 7 0 18 14 4022 0.5 0.042753623188405795
table-0408-518 1 3 0 193 701 1344 1.0 0.017315135465471584
table-0408-414 5 6 0 170 112 2038 0.05263157894736842 0.01103665746945211
table-0408-421 1 3 0 307 298 24169 1.0 0.04085801838610827
table-0408-38 19 2 0 581 359 80212 0.25 0.037427129770244455
table-0408-951 2 2 2 46 100 5519 0.5 0.030710172744721688
table-0408-720 1 3 1 32 45 2223 0.3333333333333333 0.020833333333333332
table-0408-70 1 2 1 78 119 4666 1.0 0.013418079096045197
table-0408-46 12 11 7 468 533 6166 0.08333333333333333 0.07206843676862239
table-0408-369 2 6 0 229 298 12887 0.125 0.004906894816305989
table-0408-813 20 6 0 902 739 10533 0.06666666666666667 0.7687876407436501
table-0408-568 8 3 0 830 273 2800466 0.25 0.0568343616516374
table-0408-668 4 4 0 14 42 1829 0.5 0.028421839940164548
table-0408-797 10 5 1 78 245 34512 0.07142857142857142 0.17331480194579568
table-0408-45 1 3 0 56 88 929 0.2 0.08105872622001654
table-0408-220 65 1 0 220 321 11575 1.0 0.30098941156049297
table-0408-787 10 4 10 78 245 34512 0.07142857142857142 0.030020847810979846
table-0408-410 10 5 8 170 112 2038 0.05263157894736842 0.15727236893969254
table-0408-435 1 5 1 247 298 50216 0.25 0.0015997482363431328
table-0408-472 1 2 0 66 121 7023 0.2 0.004588263704419222
table-0408-693 10 3 1 182 288 87253 0.2 0.09918915916916583
table-0408-827 8 4 3 191 309 1486 0.16666666666666666 1.5778894472361809
table-0408-286 3 5 0 27 30 8934 0.5 0.10986101919258769
table-0408-128 16 7 32 312 547 3406 0.05555555555555555 0.8256029684601113
table-0408-708 1 3 0 459 375 42143 0.25 0.013957759412304867
table-0408-305 0 1 0 192 327 2427 0.1 0.0
table-0408-546 8 5 0 300 350 1429 0.25 2.2217391304347824
table-0408-821 135 2 0 116 148 31997 1.0 0.18444260713793578
table-0408-349 9 4 9 887 510 19456 0.5 0.12018930261630503
table-0408-958 1 2 0 27 48 7739 0.1111111111111111 0.001625406351587897
table-0408-221 0 1 0 453 229 19849 1.0 0.0
table-0408-134 2 2 0 81 131 1236 0.125 0.05687203791469194
table-0408-199 14 8 12 202 240 4856 0.3333333333333333 0.36436276468238116
table-0408-673 41 5 32 66 112 1176 0.3333333333333333 6.396
table-0408-817 14 6 0 902 739 10533 0.06666666666666667 0.5569520816967792
table-0408-338 7 5 0 2602 1585 218020 0.25 0.00865860934963298
table-0408-171 1 6 0 213 220 6192 0.045454545454545456 0.09226932668329177
table-0408-432 5 4 0 89 214 66229 1.0 0.15855704697986578
table-0408-737 15 2 0 93 264 1629 1.0 0.05109722889636393
table-0408-555 1 5 2 347 380 368 1.0 0.0024446812511753277
table-0408-7 1 4 1 25 49 3490 0.3333333333333333 0.011380652890086853
table-0408-521 1 3 0 30 63 9399 0.5 0.30889487870619947
table-0408-183 6 7 0 56 85 1217 0.14285714285714285 0.2099105299380592
table-0408-238 7 4 0 96 91 205427 1.0 0.09018203975931145
table-0408-130 22 7 39 312 547 3406 0.05555555555555555 1.1311069882498455
table-0408-477 32 8 0 139 179 6734 1.0 1.140092879256966
table-0408-749 10 5 10 195 455 11234 1.0 0.048813522591830104
table-0408-852 14 8 14 432 313 5698 1.0 6.333333333333333
table-0408-770 7 3 0 227 201 19794 1.0 0.0528013379524549
table-0408-829 8 4 3 191 309 1486 0.16666666666666666 1.7738693467336684
table-0408-382 1 2 0 33 48 12518 0.16666666666666666 0.010994044892349977
table-0408-182 6 5 0 56 85 1217 0.14285714285714285 0.194769442532691
table-0408-549 6 5 0 44 58 439 0.3333333333333333 2.2071005917159763
table-0408-795 9 5 1 78 245 34512 0.07142857142857142 0.15413481584433633
table-0408-530 2 3 0 72 120 2604 0.3333333333333333 0.11588291746641075
table-0408-74 1 3 0 87 144 988 0.16666666666666666 0.10285132382892057
table-0408-358 1 2 0 82 106 6885 0.16666666666666666 0.01828761429758936
table-0408-353 2 4 1 320 181 107650 0.25 0.014629605000664982
table-0408-726 1 3 0 62 43 971 1.0 0.02342404409231829
table-0408-970 1 2 1 8 8 9664 1.0 0.05420054200542006
table-0408-585 16 5 0 168 229 109 1.0 0.3004784688995215
table-0408-191 6 6 6 75 115 3402 0.5 0.07017543859649122
table-0408-992 10 8 0 161 284 377575 0.16666666666666666 0.07234198027036902
table-0408-460 0 1 0 180 147 99977 1.0 0.0
table-0408-606 34 9 41 136 150 4599 0.14285714285714285 1.529294935451837
table-0408-465 1 3 0 57 95 5257 0.2 0.00596252129471891
table-0408-22 10 4 10 114 239 235932 0.023809523809523808 0.024110117482027002
table-0408-902 16 9 0 42 39 1038 0.5 2.1715039577836412
table-0408-267 2 3 0 13 19 922 1.0 0.2927215189873418
table-0408-786 12 4 12 78 245 34512 0.07142857142857142 0.035441278665740095
table-0408-127 54 7 98 312 547 3406 0.05555555555555555 2.877551020408163
table-0408-441 10 2 0 832 791 280850 1.0 0.0008314307207052644
table-0408-758 7 2 0 98 108 44588 0.5 0.08012114537444934
table-0408-454 9 2 3 3 14 426 0.5 1.079295154185022
table-0408-725 30 6 18 9 50 37213 1.0 1.784799316823228
table-0408-560 11 18 4 73 140 8871 0.08333333333333333 0.5409060175794456
table-0408-299 2 1 0 158 178 36948 1.0 0.00886899918633035
table-0408-616 0 1 0 92 199 33760 0.3333333333333333 0.0
table-0408-824 10 4 1 102 151 9641 0.5 0.07662981319100266
table-0408-258 2 3 0 16 20 950 1.0 0.42572062084257206
table-0408-639 23 3 0 621 330 502143 0.25 0.02084967945651134
table-0408-671 17 3 0 68513 1373 4018324 0.16666666666666666 0.009101501812532367
table-0408-963 1 2 0 27 48 7739 0.1111111111111111 0.001625406351587897
table-0408-576 126 5 7 55 395 40829 0.2 25.761523046092183
table-0408-621 6 4 4 199 309 5099 0.16666666666666666 0.08402540302882266
table-0408-672 16 4 0 99 72 716 1.0 1.051622418879056
table-0408-336 37 39 890 13 31 762 0.2 1.3957597173144876
table-0408-438 1 3 0 46 73 7517 0.5 0.01913171449595291
table-0408-702 10 4 0 18 24 749 0.5 0.9442307692307692
table-0408-587 16 5 0 168 229 109 1.0 0.3497607655502392
table-0408-211 2 6 2 241 219 58687 0.25 0.02336325237592397
table-0408-928 5 2 0 101 78 7582 1.0 0.007598104943237686
table-0408-207 7 5 7 88 88 25328 0.2 0.0652954619653934
table-0408-867 22 17 0 30 56 815 1.0 1.3713699031974187
table-0408-319 15 6 8 192 327 2427 0.1 0.9886506935687264
table-0408-210 8 3 0 85 147 1950 1.0 0.12116582442120108
table-0408-213 8 2 0 525 295 21527 0.25 0.0540223135642983
table-0408-598 1 3 0 16 55 885 1.0 0.02347560975609756
table-0408-277 1 3 0 43 57 1809 1.0 0.03610964681075382
table-0408-317 0 1 0 192 327 2427 0.1 0.0
table-0408-784 12 4 12 78 245 34512 0.07142857142857142 0.04753300903405142
table-0408-395 4 5 2 240 220 6258 0.5 0.1521511017838405
table-0408-404 4 5 0 112 333 21501 0.1 0.11072210065645514
table-0408-463 4 8 0 596 322 458180 0.25 0.0877776778487274
table-0408-663 7 2 0 173 195 13473 0.3333333333333333 0.12220058422590069
table-0408-836 4 1 0 27 55 3961 0.3333333333333333 0.013497513615912858
table-0408-25 8 5 8 114 239 235932 0.023809523809523808 0.030773277222514467
table-0408-343 69 2 0 2622 476 1125967 1.0 0.07967271797494246
table-0408-328 3 2 0 37 52 5483 0.2 0.002087797373770672
table-0408-748 3 5 3 195 455 11234 1.0 0.012406544587712644
table-0408-846 1 3 0 199 237 63311 0.16666666666666666 0.04433760683760684
table-0408-981 1 2 1 7 21 908 1.0 0.016074450084602367
table-0408-254 3 3 0 13 23 823 1.0 0.5098039215686274
table-0408-58 3 2 0 468 533 6166 0.08333333333333333 0.02195141635057703
table-0408-676 16 2 2 204 250 3278 0.3333333333333333 0.9761904761904762
table-0408-593 0 1 0 212 248 3744 1.0 0.0
table-0408-71 19 26 301 191 254 1943 0.08333333333333333 0.4533974744437763
table-0408-332 56 3 54 279 302 196413 0.14285714285714285 0.9033852236224363
table-0408-542 9 2 8 171 251 2987 0.125 0.026472534745201854
table-0408-12 3 3 0 6 6 1431 1.0 1.419871794871795
table-0408-82 12 5 0 6 19 1662 0.25 0.3922277451423407
table-0408-257 3 5 2 7 131 4151 0.3333333333333333 0.36617100371747213
table-0408-997 5 2 0 184 154 24770 0.3333333333333333 0.06885856079404466
table-0408-293 18 3 0 1267 458 114558 0.125 0.2754448398576512
table-0408-324 1 3 0 37 37 1211 1.0 0.20868113522537562
table-0408-76 6 7 0 69 84 23473 0.3333333333333333 0.04886293792255685
table-0408-29 10 5 10 114 239 235932 0.023809523809523808 0.0341048570927582
table-0408-84 6 2 0 6 19 1662 0.25 0.08540442837776774
table-0408-794 8 5 1 78 245 34512 0.07142857142857142 0.13148019457956914
table-0408-536 4 5 0 299 344 1261 0.3333333333333333 1.3466666666666667
table-0408-820 4 3 0 32 45 5153 0.5 0.022388059701492536
table-0408-841 38 5 81 295 879 7839 0.2 2.807073954983923
table-0408-217 12 2 0 171 267 64962 0.3333333333333333 0.036325494092966766
table-0408-270 1 3 0 18 32 4689 1.0 0.08543007606787595
table-0408-110 23 3 0 737 825 188591 0.25 0.3387968908415005
table-0408-722 3 4 0 43 29 4899 0.5 0.09212158808933002
table-0408-481 1 3 0 37 105 3192 0.3333333333333333 0.027034969144872172
table-0408-260 21 2 0 1063 301 3210 1.0 0.05974655974655975
table-0408-418 4 7 0 170 112 2038 0.05263157894736842 0.01103665746945211
table-0408-729 3 6 0 287 268 8566 0.3333333333333333 0.08463541666666667
table-0408-876 28 2 0 58 143 12436 0.2 0.026780088216761186
table-0408-514 14 2 0 115 214 48392 1.0 0.02548834103177695
table-0408-810 14 6 0 902 739 10533 0.06666666666666667 0.5284105786855198
table-0408-41 1 3 0 1541 335 249223 1.0 0.004588559192413582
table-0408-760 4 1 0 654 361 6885 0.16666666666666666 0.005813014694009366
table-0408-756 8 5 0 304 345 1105 0.3333333333333333 2.143478260869565
table-0408-777 7 2 0 113 112 7092 0.5 0.03663177925784967
table-0408-819 4 3 0 302 344 1679 0.3333333333333333 1.242152466367713
table-0408-697 1 3 0 182 288 87253 0.2 0.014217483061201821
table-0408-303 0 1 0 192 327 2427 0.1 0.0
table-0408-557 10 9 39 73 140 8871 0.08333333333333333 0.4198782961460446
table-0408-27 10 5 10 114 239 235932 0.023809523809523808 0.036209012800280556
table-0408-483 10 12 6 18 24 1430 0.3333333333333333 0.3261372397841172
table-0408-57 3 2 0 468 533 6166 0.08333333333333333 0.022435638770075053
table-0408-681 2 2 0 174 193 8653 0.5 0.025483304042179262
table-0408-649 0 1 0 217 313 7381 1.0 0.0
table-0408-809 20 7 1 902 739 10533 0.06666666666666667 0.2867242733699921
table-0408-487 2 1 2 19 24 922 0.3333333333333333 0.0
table-0408-335 1 11 0 13 31 762 0.2 0.020023557126030624
table-0408-619 6 4 4 147 227 2687 0.3333333333333333 0.17634996582365003
table-0408-679 12 3 0 20 12 18067 1.0 0.6899766899766899
table-0408-897 4 4 0 454 113 310582 0.3333333333333333 0.09324442501093134
table-0408-177 8 9 10 213 220 6192 0.045454545454545456 0.4605153782211139
table-0408-3 9 2 0 147 204 74345 0.3333333333333333 0.01708446431422641
table-0408-584 16 5 0 168 229 109 1.0 0.3382775119617225
table-0408-967 9 3 1 31 54 1944 0.5 0.2033898305084746
table-0408-660 26 4 0 107 154 84634 1.0 0.20281669478471356
table-0408-850 8 8 8 432 313 5698 1.0 3.522727272727273
table-0408-507 3 2 0 17 42 1081 1.0 0.030817610062893082
table-0408-775 2 3 0 14 18 1631 1.0 0.782608695652174
table-0408-523 30 4 0 7 82 544 1.0 1.6002331002331003
table-0408-51 2 6 1 468 533 6166 0.08333333333333333 0.014849487531272697
table-0408-631 10 4 0 207 140 1353 0.25 2.1534653465346536
table-0408-189 219 8 219 180 330 2822 1.0 94.99259259259259
table-0408-445 4 4 4 173 149 3450 0.25 0.03749669923422234
table-0408-538 1 3 0 71 88 890 1.0 0.43109540636042404
table-0408-356 1 2 0 82 106 6885 0.16666666666666666 0.01828761429758936
table-0408-20 10 5 19 114 239 235932 0.023809523809523808 0.03480624232859898
table-0408-578 24 5 16 55 395 40829 0.2 3.2685370741482966
table-0408-971 2 2 0 51 106 463 0.3333333333333333 0.17391304347826086
table-0408-348 2 5 1 269 228 87977 0.5 0.23464912280701755
table-0408-778 18 4 0 194 153 140 1.0 0.09530910220565393
table-0408-232 7 3 0 34 81 190 1.0 1.5517241379310345
table-0408-909 10 5 8 93 121 176 1.0 1.098744769874477
table-0408-455 1 4 1 3 14 426 0.5 0.09691629955947137
table-0408-766 4 5 0 294 346 1197 0.3333333333333333 1.2903225806451613
table-0408-206 2 5 2 88 88 25328 0.2 0.010120796604635978
table-0408-68 3 7 3 74 109 1140 0.125 0.15639810426540285
table-0408-906 2 3 0 12 28 2098 0.5 0.12790697674418605
table-0408-287 1 2 0 64 78 7567 0.5 0.03002309468822171
table-0408-703 49 4 4 22 48 3463 1.0 11.850507982583455
table-0408-608 44 3 0 290 184 190047 0.25 0.10173335493277175
table-0408-659 12 3 0 107 154 84634 1.0 0.15279102178537374
table-0408-389 8 7 8 473 418 30477 0.2 0.16681146828844484
table-0408-968 3 3 0 114 94 4136 1.0 0.32447954055994255
table-0408-409 1 1 0 170 112 2038 0.05263157894736842 0.0036788858231507028
table-0408-759 5 1 0 654 361 6885 0.16666666666666666 0.015824317778136605
table-0408-845 2 3 0 180 205 4737 1.0 0.06649427410417437
table-0408-430 6 4 0 89 214 66229 1.0 0.24748322147651006
table-0408-744 0 1 0 224 322 110994 1.0 0.0
table-0408-607 20 6 11 136 150 4599 0.14285714285714285 0.8813306852035749
table-0408-94 16 3 0 196 239 2558 0.1 0.149822695035461
table-0408-633 19 8 15 657 419 43197 0.2 0.3135236990868242
table-0408-498 18 6 0 77 142 963 0.16666666666666666 0.7558479532163743
table-0408-982 12 8 8 221 224 14673 1.0 0.3335548172757475
table-0408-330 19 2 0 54 42 21554 1.0 1.0591872791519434
table-0408-705 22 6 8 184 264 16397 1.0 1.5508793969849246
table-0408-629 14 6 0 207 140 1353 0.25 2.492574257425743
table-0408-320 19 27 316 192 327 2427 0.1 0.32786885245901637
table-0408-143 8 4 0 6 7 665 1.0 13.35678391959799
table-0408-651 15 4 0 6 68 563 1.0 0.6656441717791411
table-0408-562 12 11 14 73 140 8871 0.08333333333333333 0.555104800540906
table-0408-66 4 7 0 74 109 1140 0.125 0.18077183480027081
table-0408-337 2 3 0 170 346 12582 1.0 0.02885379984096331
table-0408-262 2 2 0 23 24 3706 0.5 0.03423304805793285
table-0408-126 59 7 110 312 547 3406 0.05555555555555555 3.375386518243661
table-0408-917 0 1 0 21 39 3026 0.5 0.0
table-0408-776 2 3 0 34 33 5297 1.0 0.06119525173966435
table-0408-142 1 4 0 41 113 5112 0.2 0.12722611980572046
table-0408-423 1 5 2 14 15 1065 1.0 0.05649717514124294
table-0408-91 22 3 0 196 239 2558 0.1 0.15602836879432624
table-0408-172 16 9 25 213 220 6192 0.045454545454545456 0.9068994181213632
table-0408-764 5 3 0 24 45 3222 1.0 0.1910192444761226
table-0408-840 1 2 1 355 438 17024 1.0 0.007857733664185277
table-0408-511 1 3 0 73 85 881 1.0 0.41509433962264153
table-0409-1000 30 13 52 192 192 15224 0.3333333333333333 2.5776487663280117
table-0408-79 3 5 1 14 22 1009 1.0 0.2992383025027203
table-0408-772 16 11 3 32 43 873 1.0 0.5682901005823187
table-0408-236 6 5 9 42 133 3659 0.2 1.5985130111524164
table-0408-652 2 3 0 276 254 17894 1.0 0.013026909317156634
table-0408-231 2 5 0 659 266 3345 1.0 0.008860037720952674
table-0408-699 2 3 0 52 66 2605 1.0 0.08106334099113882
table-0408-934 3 2 0 52 88 27021 0.3333333333333333 0.023853211009174313
table-0408-863 13 3 0 87 83 12048 1.0 0.28043948126801155
table-0408-457 0 1 0 166 151 101461 1.0 0.0
table-0408-116 14 3 2 585 127 22096 0.25 0.20901098901098902
table-0408-132 44 7 87 312 547 3406 0.05555555555555555 2.2937538651824365
table-0408-163 68 9 96 213 220 6192 0.045454545454545456 3.4688279301745637
table-0408-67 3 7 4 74 109 1140 0.125 0.13134732566012186
table-0408-54 10 11 4 468 533 6166 0.08333333333333333 0.05641191187151965
table-0408-712 2 3 0 6 114 16701 1.0 0.011353711790393014
table-0408-889 3 22 0 139 216 3623 0.3333333333333333 0.09591280653950954
table-0408-398 1 2 1 28 40 5224 1.0 0.00989068193649141
table-0408-807 2 6 0 902 739 10533 0.06666666666666667 0.07384131971720345
table-0408-428 8 4 0 89 214 66229 1.0 0.276006711409396
table-0408-245 0 1 0 76 89 1299 1.0 0.0
table-0408-436 16 4 0 20 17 13421 0.5 0.0800561797752809
table-0408-86 15 2 2 203 228 1946 0.3333333333333333 0.25093167701863356
table-0408-798 13 5 1 78 245 34512 0.07142857142857142 0.2316886726893676
table-0408-636 35 5 29 657 419 43197 0.2 0.3562835193506305
table-0408-294 12 5 0 1267 458 114558 0.125 0.19750889679715303
table-0408-306 19 26 297 192 327 2427 0.1 0.45397225725094575
table-0408-843 36 5 71 295 879 7839 0.2 3.9517684887459805
table-0408-256 90 6 205 7 131 4151 0.3333333333333333 12.027881040892193
table-0408-674 8 7 16 66 112 1176 0.3333333333333333 0.82
table-0408-887 1 1 0 1029 619 89519 1.0 0.0009672806796198166
table-0408-125 55 7 108 312 547 3406 0.05555555555555555 2.885590599876314
table-0408-689 20 4 2 270 321 21290 0.5 0.9376757263355201
table-0408-496 7 4 0 8 55 1378 0.25 0.5586206896551724
table-0408-678 0 0 0 204 250 3278 0.3333333333333333 0.0
table-0408-478 5 10 5 186 238 112516 1.0 0.10543268198410995
table-0408-911 1 2 1 49 61 13615 1.0 0.018830525272547076
table-0408-612 16 4 0 6 69 587 1.0 0.7184265010351967
table-0408-623 1 5 2 18 38 1232 1.0 0.10357142857142858
table-0408-603 1 3 0 136 150 4599 0.14285714285714285 0.047666335650446874
table-0408-855 1 2 1 9 8 752 1.0 0.04645476772616137
table-0408-974 3 2 0 13 30 1177 1.0 0.06103515625
table-0408-765 8 5 0 294 346 1197 0.3333333333333333 2.217741935483871
table-0408-154 21 7 32 55 16 1164 1.0 2.3971861471861473
table-0408-519 1 3 0 73 81 899 1.0 0.24006622516556292
table-0408-602 1 6 0 136 150 4599 0.14285714285714285 0.05461767626613704
table-0408-617 0 1 0 92 199 33760 0.3333333333333333 0.0
table-0408-881 1 3 0 24 27 2863 1.0 0.03422818791946309
table-0408-244 2 3 0 105 107 712 0.5 0.11802575107296137
table-0408-930 1 2 0 101 78 7582 1.0 0.0058997050147492625
table-0408-394 2 3 0 27 45 1263 1.0 0.15666666666666668
table-0408-976 1 6 1 33 43 1757 0.5 0.041758241758241756
table-0408-169 8 9 12 213 220 6192 0.045454545454545456 0.4979218620116376
table-0408-561 11 22 0 73 140 8871 0.08333333333333333 0.5300878972278567
table-0408-407 2 8 1 170 112 2038 0.05263157894736842 0.010116936013664432
table-0408-283 37 7 29 63 107 1076 0.3333333333333333 7.900255754475704
table-0408-204 2 6 0 202 240 4856 0.3333333333333333 0.0067918497802636835
table-0408-89 3 3 0 22 33 1382 1.0 0.20376597175521183
table-0408-318 6 6 5 192 327 2427 0.1 0.17150063051702397
table-0408-6 6 4 5 25 49 3490 0.3333333333333333 0.08265947888589398
table-0408-24 8 5 8 114 239 235932 0.023809523809523808 0.028932140978432403
table-0408-35 9 4 3 60 116 2337 0.5 1.1084953940634596
table-0408-93 16 3 0 196 239 2558 0.1 0.13652482269503546
table-0408-590 40 5 65 18 48 1664 1.0 1.1432791728212703
table-0408-833 7 6 0 52 28 7940 0.5 0.30527817403708984
table-0408-753 1 9 0 195 455 11234 1.0 0.005417705060136526
table-0408-284 8 6 10 63 107 1076 0.3333333333333333 0.8184143222506394
table-0408-247 3 3 0 23 53 884 1.0 0.19304837952090184
table-0408-853 45 8 45 432 313 5698 1.0 20.633838383838384
table-0408-453 4 5 3 41 77 1348 0.3333333333333333 0.03678580746151839
table-0408-690 6 4 4 202 239 3026 0.3333333333333333 0.6426076833527358
table-0408-572 2 4 0 722 1100 5039 0.3333333333333333 0.09063136456211812
table-0408-359 1 2 0 82 106 6885 0.16666666666666666 0.01828761429758936
table-0408-148 19 25 285 189 277 2243 0.07142857142857142 0.18129421011265393
table-0408-251 25 8 2 56 98 18847 0.07692307692307693 1.3310901749663526
table-0408-402 2 2 0 234 148 9926 0.25 0.012487804878048781
table-0408-531 8 5 0 302 341 1246 0.3333333333333333 2.217898832684825
table-0408-910 20 7 0 133 79 24422 0.5 0.20796217623680965
table-0408-47 4 4 0 468 533 6166 0.08333333333333333 0.03526753288677266
table-0408-695 13 2 0 182 288 87253 0.2 0.03054537376430079
table-0408-513 1 7 1 68 64 1813 0.5 0.21100917431192662
table-0408-626 23 4 0 5 76 704 1.0 1.1519364448857994
table-0408-780 5 3 0 22 54 1057 1.0 0.2631578947368421
table-0408-903 123 1 1 6 137 3692 0.5 1.284657236126224
table-0408-2 24 4 19 19 22 1922 0.3333333333333333 0.8180568285976169
table-0408-943 0 1 0 5 8 192 1.0 0.0
table-0408-952 5 2 0 46 100 5519 0.5 0.10684580934101087
table-0408-879 20 3 6 58 143 12436 0.2 0.1632010081915564
table-0408-995 6 2 1 179 154 17153 0.3333333333333333 0.09547288211564321
table-0408-195 17 6 0 86 139 881 0.16666666666666666 1.01669449081803
table-0408-610 68 4 48 155 161 59655 0.3333333333333333 2.4505747126436783
table-0408-239 1 3 0 13 29 750 1.0 0.10438247011952191
table-0408-386 1 2 0 61 132 5828 0.25 0.00326477309826967
table-0408-718 7 8 7 112 334 6459 1.0 0.6330049261083743
table-0408-769 1 2 1 47 62 276 1.0 0.04310344827586207
table-0408-185 3 7 0 56 85 1217 0.14285714285714285 0.11286992429456297
table-0408-736 43 20 304 93 264 1629 1.0 0.4509050136152491
table-0408-99 9 4 4 206 243 2691 0.25 2.5362694300518136
table-0408-800 19 5 10 78 245 34512 0.07142857142857142 0.29895760945100763
table-0408-222 12 6 0 85 141 869 0.16666666666666666 0.6411960132890365
table-0408-802 3 7 4 14 95 1138 0.5 0.017857142857142856
table-0408-912 6 2 0 164 195 5052 0.3333333333333333 0.0859470468431772
table-0408-470 1 3 0 44 114 5076 1.0 0.01255841121495327
table-0408-937 1 2 1 10 5 157 1.0 0.08296943231441048
table-0408-341 21 6 21 398 187 3562 0.3333333333333333 1.374031007751938
table-0408-469 33 3 14 12 43 869 0.5 4.236051502145923
table-0408-980 12 9 10 71 89 928 0.3333333333333333 0.6481303930968361
table-0408-156 5 4 0 95 80 1425 0.25 0.22789115646258504
table-0408-408 2 8 0 170 112 2038 0.05263157894736842 0.008146104322690842
table-0408-706 8 6 8 460 375 42143 0.25 0.14251606978879705
table-0408-801 10 4 10 78 245 34512 0.07142857142857142 0.038359972202918695
table-0408-44 14 13 0 133 104 19664 0.5 0.15500376222723852
table-0408-665 0 1 0 803 405 20334 0.5 0.0
table-0408-179 7 9 11 213 220 6192 0.045454545454545456 0.41230257689110555
table-0408-167 8 9 10 213 220 6192 0.045454545454545456 0.4779717373233583
table-0408-103 10 6 0 202 143 13786 0.25 0.2777017783857729
table-0408-119 20 7 35 312 547 3406 0.05555555555555555 1.1614100185528757
table-0408-535 8 5 0 299 344 1261 0.3333333333333333 2.6622222222222223
table-0408-574 11 4 0 212 182 25412 0.3333333333333333 0.13528071265796562
table-0408-121 18 7 32 312 547 3406 0.05555555555555555 0.9931972789115646
table-0408-658 40 3 0 107 154 84634 1.0 0.32428665737548595
table-0408-411 4 3 0 170 112 2038 0.05263157894736842 0.05531467612665878
table-0408-785 17 4 17 78 245 34512 0.07142857142857142 0.049617790132036134
table-0408-854 35 8 35 432 313 5698 1.0 16.843434343434343
table-0408-5 39 7 0 266 456 2634 0.3333333333333333 0.26755957016041115
table-0408-291 1 5 0 29 26 6752 0.1111111111111111 0.03418272218769422
table-0408-925 1 3 0 101 155 4279 1.0 0.009922522767432378
table-0408-709 21 4 0 5 74 363 1.0 1.0593047034764826
table-0408-255 0 1 0 8 22 306 1.0 0.0
table-0408-416 7 7 6 170 112 2038 0.05263157894736842 0.01708054132177112
table-0408-444 45 3 0 173 149 3450 0.25 0.45682598362820176
table-0408-969 2 2 0 8 8 9664 1.0 0.1951219512195122
table-0408-117 22 7 38 312 547 3406 0.05555555555555555 1.1620284477427334
table-0408-471 4 2 0 66 121 7023 0.2 0.0794494083554697
table-0408-145 9 4 1 281 128 21750 1.0 0.05626715462031107
table-0408-302 17 26 259 192 327 2427 0.1 0.39281210592686
table-0408-834 3 2 2 22 35 3601 1.0 0.06359447004608294
table-0408-516 15 5 0 193 701 1344 1.0 0.1984110816866979
table-0408-768 2 2 0 47 62 276 1.0 0.1206896551724138
table-0408-732 5 4 1 514 659 2192 0.5 0.03341288782816229
table-0408-482 8 2 1 18 24 1430 0.3333333333333333 0.18889745566692367
table-0408-384 1 5 0 36 45 1672 0.5 0.04029850746268657
table-0408-112 1 3 0 21 35 1600 1.0 0.09328782707622298
table-0408-11 3 2 0 8 8 5174 0.5 0.4194528875379939
table-0408-81 4 3 2 23 64 205 1.0 0.037589828634604756
table-0408-541 14 9 0 171 251 2987 0.125 0.23229649238914626
table-0408-874 19 2 0 85 68 6045 1.0 0.319763624425476
table-0408-64 8 7 4 74 109 1140 0.125 0.3019634394041977
table-0408-261 4 2 2 23 24 3706 0.5 0.08558262014483213
table-0408-873 1 1 0 1905 301 64990 0.5 0.0004836258118004698
table-0408-700 3 3 0 22 58 2439 1.0 0.05554399833576035
table-0408-208 4 5 4 88 88 25328 0.2 0.047665687234737186
table-0408-268 5 3 0 36 37 3850 1.0 0.7345750873108265
table-0408-533 22 4 0 116 94 950 1.0 1.367965367965368
table-0408-153 1 3 0 26 45 1051 1.0 0.11261261261261261
table-0408-830 8 4 3 191 309 1486 0.16666666666666666 1.7939698492462313
table-0408-634 20 20 192 657 419 43197 0.2 0.056095086244383245
table-0408-357 2 2 0 82 106 6885 0.16666666666666666 0.1288445552784705
table-0408-202 2 6 0 202 240 4856 0.3333333333333333 0.006592089492608869
table-0408-150 1 2 1 78 122 4722 1.0 0.020474137931034482
table-0408-123 73 7 140 312 547 3406 0.05555555555555555 3.7990105132962277
table-0408-201 2 6 0 202 240 4856 0.3333333333333333 0.005593288054334798
table-0408-537 21 4 0 5 74 489 1.0 0.9660493827160493
table-0408-42 16 2 0 249 72 4995 0.2 0.1603913430180848
table-0408-476 1 3 0 128 136 9857 1.0 0.017701453104359312
table-0408-459 0 1 0 27 23 4160 1.0 0.0
table-0408-965 2 2 0 49 106 505 0.3333333333333333 0.1751269035532995
table-0408-755 1 5 2 83 119 1284 1.0 0.12893700787401574
table-0408-566 16 3 0 59 92 4751 1.0 0.5632464712269273
table-0408-373 17 8 16 229 298 12887 0.125 0.054479114242576746
table-0408-97 54 4 61 146 131 17544 0.3333333333333333 0.3717095747758172
table-0408-856 1 3 0 27 52 1710 1.0 0.05207600281491907
table-0408-289 0 1 0 13 52 8379 1.0 0.0
table-0408-577 167 5 83 55 395 40829 0.2 27.95390781563126
table-0408-376 2 6 0 229 298 12887 0.125 0.0041519879214896825
table-0408-479 16 5 0 37 105 3192 0.3333333333333333 0.28474875110196884
table-0408-448 8 2 0 45 198 1691 1.0 0.1454224315572564
table-0408-940 8 2 0 19 50 5503 0.3333333333333333 0.08286403861625101
table-0408-998 13 13 24 184 154 24770 0.3333333333333333 0.6290322580645161
table-0408-650 18 4 0 7 71 475 1.0 1.0180790960451978
table-0408-374 2 6 0 229 298 12887 0.125 0.0039003522898842474
table-0408-814 10 6 0 902 739 10533 0.06666666666666667 0.39591516103692065
table-0408-534 16 4 0 7 68 321 1.0 0.7886178861788617
table-0408-731 16 4 2 603 691 8385 0.5 0.2586254485233232
table-0408-743 3 4 0 639 280 192109 0.25 0.004926955027212833
table-0408-501 4 7 0 77 142 963 0.16666666666666666 0.21929824561403508
table-0408-929 1 2 0 101 78 7582 1.0 0.001430231518727094
table-0408-181 2 2 0 56 85 1217 0.14285714285714285 0.04817618719889883
table-0408-677 20 4 24 204 250 3278 0.3333333333333333 3.876190476190476
table-0408-811 14 6 0 902 739 10533 0.06666666666666667 0.5163655407174653
table-0408-235 3 5 4 42 133 3659 0.2 0.9182156133828996
table-0408-174 8 9 10 213 220 6192 0.045454545454545456 0.4405652535328346
table-0408-528 2 2 0 72 120 2604 0.3333333333333333 0.01199616122840691
table-0408-894 2 2 0 42 62 1256 1.0 0.05228758169934641
table-0408-194 13 6 0 86 139 881 0.16666666666666666 0.7011686143572621
table-0408-415 5 6 5 170 112 2038 0.05263157894736842 0.013927210616213376
table-0408-285 22 12 0 259 176 38355 0.3333333333333333 0.11925770945146912
table-0408-365 2 6 0 229 298 12887 0.125 0.004781077000503271
table-0408-108 1 3 0 198 707 801 1.0 0.06605432870822747
table-0408-896 3 3 1 454 113 310582 0.3333333333333333 0.012789680804547442
table-0408-960 1 2 0 27 48 7739 0.1111111111111111 0.001625406351587897
table-0408-796 2 5 0 78 245 34512 0.07142857142857142 0.03613620569840167
table-0408-938 3 3 0 32 57 1231 1.0 0.09736758642562639
table-0408-23 10 4 10 114 239 235932 0.023809523809523808 0.020778537611783273
table-0408-728 0 1 0 165 59 5367 1.0 0.0
table-0408-15 12 5 0 114 239 235932 0.023809523809523808 0.12712607399614237
table-0408-80 45 3 0 14 414 2447 1.0 3.9324324324324325
table-0408-55 10 11 6 468 533 6166 0.08333333333333333 0.04705027842789121
table-0408-935 2 5 0 52 88 27021 0.3333333333333333 0.021202854230377165
table-0408-345 41 6 53 269 228 87977 0.5 7.558114035087719
table-0408-550 0 1 0 131 180 10888 1.0 0.0
table-0408-490 15 6 0 82 143 825 0.16666666666666666 0.7825370675453048
table-0408-360 0 1 0 82 106 6885 0.16666666666666666 0.0
table-0408-955 11 10 44 17 23 4055 0.3333333333333333 4.816593886462882
table-0408-983 7 2 1 158 185 16809 0.3333333333333333 0.1391054575297497
table-0408-129 11 7 26 312 547 3406 0.05555555555555555 0.5163883735312307
table-0408-839 18 12 0 31 48 592 1.0 1.0599128540305012
table-0408-503 1 3 0 85 57 50983 1.0 0.034308779011099896
table-0408-609 15 4 15 155 161 59655 0.3333333333333333 0.37471264367816093
table-0408-757 4 5 0 304 345 1105 0.3333333333333333 1.008695652173913
table-0408-118 46 7 84 312 547 3406 0.05555555555555555 2.761286332714904
table-0408-158 1 2 1 7 16 1055 1.0 0.037848605577689244
table-0408-102 8 4 0 12062 1081 3766696 0.5 0.004754037034727851
table-0408-893 0 1 0 15 36 2533 0.5 0.0
table-0408-95 16 4 0 196 239 2558 0.1 0.21040189125295508
table-0408-78 1 3 0 6 21 275 1.0 0.15886939571150097
table-0408-340 7 2 0 398 187 3562 0.3333333333333333 0.11531007751937984
table-0408-60 3 3 0 468 533 6166 0.08333333333333333 0.027519974174804295
table-0408-166 8 9 11 213 220 6192 0.045454545454545456 0.4613466334164589
table-0408-362 2 6 0 229 298 12887 0.125 0.004277805737292401
table-0408-628 23 4 0 147 122 795 1.0 1.6465661641541038
table-0408-461 1 3 0 109 52 12282 1.0 0.02917293233082707
table-0408-485 9 2 3 19 24 922 0.3333333333333333 0.4019138755980861
table-0408-104 15 4 0 7 69 531 1.0 0.6629098360655737
table-0408-133 7 7 14 312 547 3406 0.05555555555555555 0.3970315398886827
table-0408-947 1 2 1 7 21 1965 1.0 0.020697167755991286
table-0408-378 2 5 0 229 298 12887 0.125 0.0032712632108706594
table-0408-124 39 7 73 312 547 3406 0.05555555555555555 2.0927643784786643
table-0408-426 1 3 0 37 61 17379 0.3333333333333333 0.056091148115687994
table-0408-219 1 3 0 171 267 64962 0.3333333333333333 0.008060064038864966
table-0408-59 2 3 0 468 533 6166 0.08333333333333333 0.01872326688725688
table-0408-197 2 5 0 86 139 881 0.16666666666666666 0.12687813021702837
table-0408-263 8 3 0 31 561 2133 1.0 0.1524800979791794
table-0408-212 8 2 0 525 295 21527 0.25 0.0551967116852613
table-0408-816 20 6 0 902 739 10533 0.06666666666666667 0.7944488085886358
table-0408-1 53 8 26 85 114 308832 0.5 1.7912663755458516
table-0408-446 11 6 5 214 83 7668 0.2 0.1842934293429343
table-0408-964 1 2 0 27 48 7739 0.1111111111111111 0.001625406351587897
table-0408-101 19 2 2 206 243 2691 0.25 0.6295336787564767
table-0408-857 11 6 0 306 330 10476 0.2 0.05602706732423443
table-0408-984 23 13 43 158 185 16809 0.3333333333333333 1.571604431678293
table-0408-228 1 2 1 176 195 2667 1.0 0.008512544802867384
table-0408-327 7 2 0 37 52 5483 0.2 0.01049392890500522
table-0408-304 19 27 316 192 327 2427 0.1 0.3738965952080706
table-0408-872 7 4 7 1905 301 64990 0.5 0.055409700151996685
table-0408-946 1 3 0 168 120 81067 1.0 0.00696681399355757
table-0408-371 9 9 18 229 298 12887 0.125 0.032964267740312025
table-0408-493 2 5 0 82 143 825 0.16666666666666666 0.13179571663920922
table-0408-564 30 3 0 441 286 54796 1.0 0.27805590321234874
table-0408-492 4 6 0 82 143 825 0.16666666666666666 0.20593080724876442
table-0408-241 1 3 0 50 55 1131 1.0 0.1008462623413258
table-0408-439 7 3 0 932 788 273405 1.0 0.035719674109837056
table-0408-823 4 5 0 172 182 862 0.14285714285714285 0.507361268403171
table-0408-647 19 19 165 857 450 41281 0.25 0.08401826484018265
table-0408-835 7 4 0 27 55 3961 0.3333333333333333 0.058844423395690265
table-0408-226 6 5 0 85 141 869 0.16666666666666666 0.2558139534883721
table-0408-586 16 5 0 168 229 109 1.0 0.3497607655502392
table-0408-667 6 2 0 158 148 24636 0.3333333333333333 0.02164457332228666
table-0408-741 13 4 0 532 664 3164 0.5 0.3459335624284078
table-0408-939 3 2 0 43 52 1018 0.5 0.02880658436213992
table-0408-614 0 1 0 92 199 33760 0.3333333333333333 0.0
table-0408-397 1 2 0 81 123 5200 1.0 0.01471529110684581
table-0408-406 5 6 0 170 112 2038 0.05263157894736842 0.014715543292602811
table-0408-978 3 3 0 122 124 8953 1.0 0.12149808316130935
table-0408-292 25 4 0 1267 458 114558 0.125 0.6967971530249111
table-0408-844 85 5 28 295 879 7839 0.2 19.882636655948552
table-0408-864 0 1 0 118 159 1758 1.0 0.0
table-0408-571 51 4 0 722 1100 5039 0.3333333333333333 3.119653767820774
table-0408-18 10 5 10 114 239 235932 0.023809523809523808 0.041557075223566546
table-0408-346 3 6 3 269 228 87977 0.5 0.5504385964912281
table-0408-350 4 4 0 320 181 107650 0.25 0.022343396728288337
table-0408-502 7 6 0 77 142 963 0.16666666666666666 0.2543859649122807
table-0408-899 5 9 0 11 22 658 0.5 0.7035714285714286
table-0408-719 1 3 0 145 359 2980 1.0 0.004666949512091642
table-0408-848 1 2 1 50 77 3031 1.0 0.03398926654740608
table-0408-168 32 9 43 213 220 6192 0.045454545454545456 1.6990856192851205
table-0408-859 1 3 0 24 37 1104 1.0 0.2540792540792541
table-0408-815 12 6 0 902 739 10533 0.06666666666666667 0.4865147944488086
table-0408-368 10 3 0 229 298 12887 0.125 0.033341721187720184
table-0408-936 23 2 0 93 114 24265 0.5 0.2604568377336102
table-0408-884 2 2 0 21 52 3609 0.3333333333333333 0.012961941533370104
table-0408-643 4 8 2 313 156 102207 1.0 0.04503945385229187
table-0408-599 25 3 0 30 48 2107 0.5 0.51971460758543
table-0408-594 18 5 18 221 323 6867 1.0 0.14473331546502277
table-0408-685 11 3 0 117 93 17797 1.0 0.16463700234192039
table-0408-604 17 9 42 136 150 4599 0.14285714285714285 0.7557100297914597
table-0408-301 12 6 9 192 327 2427 0.1 0.7036569987389659
table-0408-321 0 1 0 192 327 2427 0.1 0.0
table-0408-138 3 7 0 81 131 1236 0.125 0.13134732566012186
table-0408-828 8 4 3 191 309 1486 0.16666666666666666 1.7688442211055277
table-0408-783 5 3 0 78 245 34512 0.07142857142857142 0.04030576789437109
table-0408-17 9 5 9 114 239 235932 0.023809523809523808 0.0338418376293179
table-0408-196 5 6 0 86 139 881 0.16666666666666666 0.3606010016694491
table-0408-393 0 1 0 473 418 30477 0.2 0.0
table-0408-548 2 4 1 44 58 439 0.3333333333333333 0.41420118343195267
table-0408-842 5 5 10 295 879 7839 0.2 0.42443729903536975
table-0408-750 0 1 0 195 455 11234 1.0 0.0
table-0408-871 24 3 0 1400 684 515504 0.3333333333333333 0.046758061932117276
table-0408-804 16 6 0 902 739 10533 0.06666666666666667 0.6504320502749411
table-0408-484 25 7 81 18 24 1430 0.3333333333333333 0.3508095605242868
table-0408-573 2 12 1 212 182 25412 0.3333333333333333 0.024860161591050343
table-0408-767 2 2 0 47 62 276 1.0 0.33405172413793105
table-0408-745 9 5 9 195 455 11234 1.0 0.04068696500162531
table-0408-214 9 2 0 525 295 21527 0.25 0.037580739870816206
table-0408-92 17 3 0 196 239 2558 0.1 0.13445626477541373
table-0408-686 1 2 1 214 290 5578 1.0 0.0037015390609779855
table-0408-442 5 6 0 205 352 0 1.0 0.12947658402203857
table-0408-325 3 2 0 37 52 5483 0.2 0.0037910004944783256
table-0408-352 15 8 0 320 181 107650 0.25 0.08777763000398989
table-0408-308 17 3 0 192 327 2427 0.1 0.24968474148802017
table-0408-422 1 2 1 11 29 1893 1.0 0.01652173913043478
table-0408-37 27 2 0 581 359 80212 0.25 0.10204281585264292
table-0408-160 2 2 0 213 220 6192 0.045454545454545456 0.06234413965087282
table-0408-662 1 5 2 63 94 1538 1.0 0.11678267594740913
table-0408-39 9 2 0 581 359 80212 0.25 0.025229020722088866
table-0408-215 1 3 0 50 117 4600 1.0 0.004698548567175289
table-0408-77 22 13 18 69 84 23473 0.3333333333333333 0.5076828518746158
table-0408-724 4 3 0 10 48 969 1.0 0.19014732965009207
table-0408-65 5 7 0 74 109 1140 0.125 0.2098849018280298
table-0408-497 33 4 0 8 55 1378 0.25 2.6155172413793104
table-0408-111 13 4 17 737 825 188591 0.25 0.12335248394727949
table-0408-275 1 3 0 63 96 2590 1.0 0.05528950805398346
table-0408-200 2 5 0 202 240 4856 0.3333333333333333 0.005593288054334798
table-0408-761 48 8 0 654 361 6885 0.16666666666666666 0.9224931374132085
table-0408-900 10 3 2 43 154 325 1.0 0.4006734006734007
table-0408-140 3 7 3 81 131 1236 0.125 0.14895057549085985
table-0408-522 1 3 0 30 63 9399 0.5 0.05013477088948787
table-0408-184 5 7 4 56 85 1217 0.14285714285714285 0.16311080523055746
table-0408-565 38 7 27 151 284 4431 0.5 18.761290322580646
table-0408-32 2 5 4 56 53 510 1.0 0.08234217749313816
table-0408-295 1 3 0 29 29 4738 1.0 0.07991587802313355
table-0408-280 0 1 0 190 497 2378 0.047619047619047616 0.0
table-0408-791 9 3 0 78 245 34512 0.07142857142857142 0.051563585823488536
table-0408-558 5 4 8 73 140 8871 0.08333333333333333 0.07978363759296822
table-0408-644 2 11 1 313 156 102207 1.0 0.027928007802110116
table-0408-50 2 6 1 468 533 6166 0.08333333333333333 0.016060043580017756
table-0408-582 54 4 2 718 1109 3400 0.3333333333333333 5.217179902755268
table-0408-504 19 4 0 6 74 382 1.0 0.8927875243664717
table-0408-164 8 9 12 213 220 6192 0.045454545454545456 0.48212801330008315
table-0408-367 12 3 0 229 298 12887 0.125 0.027428283844992452
table-0408-473 2 2 0 66 121 7023 0.2 0.01835305481767689
table-0408-975 1 3 0 13 30 1177 1.0 0.0078125
table-0408-279 18 27 292 190 497 2378 0.047619047619047616 0.24503311258278146
table-0408-234 3 5 4 42 133 3659 0.2 1.237918215613383
table-0408-449 12 2 0 45 198 1691 1.0 0.2561083308801884
table-0408-715 10 9 0 6 114 16701 1.0 0.17248908296943233
table-0408-805 16 6 0 902 739 10533 0.06666666666666667 0.6260801256873527
table-0408-642 9 11 5 313 156 102207 1.0 0.13378845642344178
table-0408-75 18 4 0 189 278 2216 0.06666666666666667 0.3748118414450577
table-0408-774 0 1 0 175 154 93233 1.0 0.0
table-0408-447 14 4 0 214 83 7668 0.2 0.1413141314131413
table-0408-837 1 2 1 48 69 7397 1.0 0.003835284618490109
table-0408-525 1 2 0 143 172 15656 1.0 0.003989205678751613
table-0408-372 13 8 11 229 298 12887 0.125 0.21275792652239556
table-0408-515 26 2 0 37 27 3930 0.5 1.0419389978213507
table-0408-392 1 6 1 473 418 30477 0.2 0.00999131190269331
table-0408-385 9 2 0 61 132 5828 0.25 0.10577864838393732
table-0408-895 2 6 0 97 126 1566 1.0 0.13434163701067617
table-0408-298 18 4 0 193 419 2166 0.06666666666666667 0.3117816091954023
table-0408-223 21 6 0 85 141 869 0.16666666666666666 1.2292358803986712
table-0408-641 1 9 0 621 330 502143 0.25 0.0006028131279303416
table-0408-656 1 3 0 44 52 807 1.0 0.11125654450261781
table-0408-625 0 1 0 141 113 15955 1.0 0.0
table-0408-926 2 2 1 77 124 4546 0.5 0.011384845091452035
table-0408-831 1 2 0 21 40 3091 1.0 0.034023668639053255
table-0408-994 5 5 5 161 284 377575 0.16666666666666666 0.10732553891121666
table-0408-746 20 11 10 195 455 11234 1.0 0.0811030447502438
table-0408-973 1 2 1 240 208 385 1.0 0.08962264150943396
table-0408-331 3 3 0 25 37 2138 1.0 0.11370930765703806
table-0408-354 3 3 0 53 64 28858 1.0 0.09184290030211481
table-0408-149 0 1 0 189 277 2243 0.07142857142857142 0.0
table-0408-988 6 2 1 198 178 66606 0.3333333333333333 0.11544628540887227
table-0408-657 31 3 1 961 321 624904 1.0 0.02608039659446061
table-0408-569 8 3 0 830 273 2800466 0.25 0.05588514475557665
table-0408-666 0 1 0 803 405 20334 0.5 0.0
table-0408-508 9 4 0 6 63 386 1.0 0.49414519906323184
table-0408-865 2 4 0 42 71 30239 0.3333333333333333 0.04928041866550371
table-0408-297 18 4 0 193 419 2166 0.06666666666666667 0.36877394636015326
table-0408-451 12 3 0 944 583 3894 1.0 0.11358024691358025
table-0408-269 5 4 4 54 76 2463 1.0 0.4184239733629301
table-0408-888 4 13 3 1029 619 89519 1.0 0.08272352594835562
table-0408-240 5 3 0 20 36 1467 1.0 0.2773873501446879
table-0408-670 11 3 0 68515 1373 4018324 0.16666666666666666 0.004065251165199378
table-0408-740 1 2 0 167 118 327 1.0 0.0013033376777922593
table-0408-377 2 6 0 229 298 12887 0.125 0.005284348263714142
table-0408-188 1 3 0 43 52 2246 1.0 0.014769370597591456
table-0408-927 3 2 0 77 124 4546 0.5 0.01530421799178798
table-0408-56 5 5 1 468 533 6166 0.08333333333333333 0.06335243321765797
table-0408-190 4 8 4 180 330 2822 1.0 1.854320987654321
table-0408-420 2 3 0 170 112 2038 0.05263157894736842 0.005386939955327815
table-0408-595 18 5 18 221 323 6867 1.0 0.20128651835968908
table-0408-527 1 2 1 72 120 2604 0.3333333333333333 0.004558541266794626
table-0408-883 2 2 0 21 52 3609 0.3333333333333333 0.02040816326530612
table-0408-812 14 6 0 902 739 10533 0.06666666666666667 0.5587850222571353
table-0408-632 3 4 0 13 29 1083 0.5 0.027347310847766638
table-0408-136 8 7 4 81 131 1236 0.125 0.31008801624915366
table-0408-916 2 3 0 21 39 3026 0.5 0.16108452950558214
table-0408-680 19 3 0 20 12 18067 1.0 1.1596736596736597
table-0408-281 19 26 299 190 497 2378 0.047619047619047616 0.27970393455395404
table-0408-14 1 3 0 59 89 917 0.2 0.06360708534621579
table-0408-273 5 6 7 61 76 1568 1.0 0.3469387755102041
table-0408-249 4 5 0 56 98 18847 0.07692307692307693 0.3243606998654105
table-0408-109 15 4 0 7 67 446 1.0 0.7008149010477299
table-0408-959 1 2 0 27 48 7739 0.1111111111111111 0.001625406351587897
table-0408-624 16 2 0 141 113 15955 1.0 0.21692345316703351
table-0408-434 4 5 4 247 298 50216 0.25 0.008523248800188822
table-0408-141 1 4 0 41 113 5112 0.2 0.06664867781975176
table-0408-96 18 4 2 196 239 2558 0.1 0.24054373522458627
table-0408-40 16 5 0 62 65 25194 0.5 0.6111111111111112
table-0408-390 5 6 0 473 418 30477 0.2 0.1681146828844483
table-0408-559 11 17 4 73 140 8871 0.08333333333333333 0.5145368492224476
table-0408-592 3 4 3 151 151 3593 0.5 0.10542335362479248
table-0408-875 6 2 4 58 143 12436 0.2 0.016698172652804034
table-0408-878 1 2 0 58 143 12436 0.2 0.003990758244066373
table-0408-771 21 5 6 37 49 16148 0.5 0.6089936934466685
table-0408-945 5 3 0 202 138 14259 1.0 0.07770163415919873
table-0408-692 5 2 4 182 288 87253 0.2 0.01732755748083972
table-0408-790 9 3 0 78 245 34512 0.07142857142857142 0.04197359277275886
table-0408-26 10 5 10 114 239 235932 0.023809523809523808 0.03699807119060144
table-0408-648 8 3 0 857 450 41281 0.25 0.11643835616438356
table-0408-230 3 3 0 25 27 1778 1.0 0.23787976729153198
table-0408-924 62 7 103 101 155 4279 1.0 1.5089030854968057
table-0408-923 27 3 0 38 658 6432 0.14285714285714285 0.9392523364485982
table-0408-701 1 3 0 388 535 4634 1.0 0.04170646290990131
table-0408-313 19 27 312 192 327 2427 0.1 0.36885245901639346
table-0408-950 1 3 1 87 111 1391 0.5 0.09114249037227215
table-0408-972 28 7 97 51 106 463 0.3333333333333333 2.282608695652174
table-0408-552 7 4 11 316 404 44831 1.0 0.04568345323741007
table-0408-425 5 2 0 37 61 17379 0.3333333333333333 0.17090271691498685
table-0408-173 8 8 15 213 220 6192 0.045454545454545456 0.5062344139650873
table-0408-653 3 2 0 39 120 3134 0.5 0.002007351245778459
table-0408-661 14 4 0 153 122 873 1.0 1.0682926829268293
table-0408-877 1 2 0 58 143 12436 0.2 0.002100399075824407
table-0408-920 51 3 0 38 658 6432 0.14285714285714285 1.9240654205607477
table-0408-8 7 4 0 25 49 3490 0.3333333333333333 0.2692422881102126
table-0408-429 2 4 0 89 214 66229 1.0 0.06040268456375839
table-0408-383 0 1 0 33 48 12518 0.16666666666666666 0.0
table-0408-583 3 4 0 718 1109 3400 0.3333333333333333 0.2706645056726094
table-0408-918 30 3 0 38 658 6432 0.14285714285714285 1.2476635514018692
table-0408-788 21 4 0 78 245 34512 0.07142857142857142 0.18749131341209174
table-0408-581 1 1 0 84 98 2297 0.14285714285714285 0.017355793772332824
table-0408-832 1 5 0 139 157 742 0.5 0.18654434250764526
table-0408-763 10 10 20 74 130 8425 1.0 0.33411137045681893
table-0408-100 21 2 2 206 243 2691 0.25 1.0518134715025906
table-0408-458 4 5 8 241 142 7576 1.0 0.05991703794745737
table-0408-687 0 1 0 1884 462 153753 0.3333333333333333 0.0
table-0408-591 1 4 0 151 151 3593 0.5 0.001936912008854455
table-0408-892 4 3 0 15 36 2533 0.5 0.2619047619047619
table-0408-858 8 2 0 306 330 10476 0.2 0.02328248652368391
table-0408-499 24 6 0 77 142 963 0.16666666666666666 1.1885964912280702
table-0408-979 1 3 0 173 57 24505 1.0 0.021401216490200495
table-0408-510 2 4 0 7 55 490 1.0 0.19291338582677164
table-0408-9 91 4 0 118 222 15784 0.5 2.022849807445443
table-0408-742 5 4 0 639 280 192109 0.25 0.012431967917502148
table-0408-500 3 6 0 77 142 963 0.16666666666666666 0.17251461988304093
table-0408-209 5 2 2 41 61 4605 1.0 0.19578686493184635
table-0408-87 14 4 0 7 67 944 1.0 0.6628630705394191
table-0408-170 8 9 12 213 220 6192 0.045454545454545456 0.48960931005818786
table-0408-543 9 2 9 171 251 2987 0.125 0.01588352084712111
table-0408-61 2 5 4 77 129 1125 1.0 0.4367816091954023
table-0408-400 1 2 0 234 148 9926 0.25 0.008195121951219513
table-0408-388 4 2 0 61 132 5828 0.25 0.024485798237022526
table-0408-243 14 8 11 105 107 712 0.5 0.7671673819742489
table-0408-309 19 26 299 192 327 2427 0.1 0.45397225725094575
table-0408-509 39 3 0 93 173 7708 0.25 5.211165048543689
table-0408-505 6 5 0 238 266 9973 0.3333333333333333 0.10681818181818181
table-0408-885 31 16 31 31 51 556 1.0 0.9574433393119192
table-0408-178 7 9 10 213 220 6192 0.045454545454545456 0.38902743142144636
table-0408-551 11 24 96 131 180 10888 1.0 1.1439441978440077
table-0408-135 8 6 3 81 131 1236 0.125 0.31008801624915366
table-0408-880 0 1 0 58 143 12436 0.2 0.0
table-0408-381 19 2 0 8 8 929 0.5 0.2784770295783512
table-0408-890 17 8 0 139 216 3623 0.3333333333333333 1.1525885558583107
table-0408-300 2 2 2 173 206 37035 1.0 0.011904761904761904
table-0408-792 11 3 0 78 245 34512 0.07142857142857142 0.058929812369701184
table-0408-520 21 5 0 30 63 9399 0.5 0.6140161725067386
table-0408-999 6 2 1 192 192 15224 0.3333333333333333 0.10256410256410256
table-0408-870 3 2 0 1400 684 515504 0.3333333333333333 0.03455931156020415
table-0408-891 4 2 0 15 36 2533 0.5 0.1056547619047619
table-0408-682 5 4 4 203 238 3489 0.3333333333333333 1.368421052631579
table-0408-314 0 1 0 192 327 2427 0.1 0.0
table-0408-396 1 2 1 28 39 3172 1.0 0.013296011196641007
table-0408-28 10 5 10 114 239 235932 0.023809523809523808 0.03638435910924075
table-0408-717 36 8 36 112 334 6459 1.0 3.2651888341543516
table-0408-957 1 2 0 27 48 7739 0.1111111111111111 0.001625406351587897
table-0408-949 3 2 0 87 111 1391 0.5 0.1399229781771502
table-0408-773 2 2 1 7 21 3135 1.0 0.030303030303030304
table-0408-30 10 5 10 114 239 235932 0.023809523809523808 0.03734876380852183
table-0408-540 14 9 0 171 251 2987 0.125 0.2256783587028458
table-0408-664 22 4 0 6 75 349 1.0 1.1990846681922196
table-0408-310 0 1 0 192 327 2427 0.1 0.0
table-0408-431 19 4 0 89 214 66229 1.0 1.8196308724832215
table-0408-799 15 5 1 78 245 34512 0.07142857142857142 0.26518415566365533
table-0408-233 29 3 12 22 66 7515 0.5 1.9601626016260163
table-0408-466 1 2 0 57 95 5257 0.2 0.0070272572402044296
table-0408-120 7 7 16 312 547 3406 0.05555555555555555 0.3438466295609153
table-0408-589 2 4 0 77 91 18411 0.3333333333333333 0.023113424154293585
table-0408-987 3 2 2 62 79 8748 1.0 0.03160726294552791
table-0408-597 18 2 0 555 502 7832 0.5 0.11902470324029515
table-0408-862 13 5 0 0 0 0 0.0 1013.0
table-0408-489 1 3 0 152 189 8611 1.0 0.040151926207270754
table-0408-43 8 3 0 249 72 4995 0.2 0.14438185591461608
table-0408-401 1 2 0 234 148 9926 0.25 0.0066341463414634145
table-0408-252 8 6 0 56 98 18847 0.07692307692307693 0.13997308209959622
table-0408-941 5 2 0 5 8 192 1.0 0.6704119850187266
table-0408-218 1 2 0 171 267 64962 0.3333333333333333 0.0007728828530418461
table-0408-635 9 3 0 657 419 43197 0.2 0.07087983765763155
table-0408-733 47 5 17 93 264 1629 1.0 0.5309947140797694
table-0408-789 9 3 0 78 245 34512 0.07142857142857142 0.05392633773453787
table-0408-151 7 6 3 107 222 2462 0.5 0.030193493514777802
table-0408-452 1 5 0 41 77 1348 0.3333333333333333 0.01174015131750587
table-0408-601 1 3 0 21 21 1088 1.0 0.20396270396270397
table-0408-347 6 5 6 269 228 87977 0.5 0.993421052631579
table-0408-488 10 3 0 148 143 5115 1.0 0.19256052589385922
table-0408-205 4 8 3 202 240 4856 0.3333333333333333 0.021574111066719935
table-0408-88 1 3 0 93 141 3344 1.0 0.073706591070163
table-0408-847 42 5 28 0 0 0 0.0 3825.0
table-0408-115 29 3 5 200 242 4491 0.25 2.5868055555555554
table-0408-618 21 7 26 92 199 33760 0.3333333333333333 0.6664962508520791
table-0408-866 4 8 3 42 71 30239 0.3333333333333333 0.10488443087658089
table-0408-931 3 2 0 101 78 7582 1.0 0.009743452221328327
table-0408-567 7 4 0 830 273 2800466 0.25 0.08448030374940674
table-0408-311 14 6 11 192 327 2427 0.1 0.7276166456494325
table-0408-739 15 2 0 93 264 1629 1.0 0.05109722889636393
table-0408-264 4 2 4 68 114 6611 0.25 0.011704764527678326
table-0408-363 2 6 0 229 298 12887 0.125 0.004277805737292401
table-0408-779 2 3 0 31 64 1223 1.0 0.06434782608695652
table-0408-467 2 2 0 57 95 5257 0.2 0.015332197614991482
table-0408-868 0 1 0 13 25 698 1.0 0.0
table-0408-237 8 5 8 42 133 3659 0.2 2.420074349442379
table-0408-322 16 3 0 192 327 2427 0.1 0.17528373266078184
table-0408-645 3 2 0 8 24 1966 1.0 0.0638561686298822
table-0408-655 1 4 0 29 58 5646 0.5 0.007784431137724551
table-0408-380 2 6 0 229 298 12887 0.125 0.004529441368897836
table-0408-271 5 3 0 13 36 1031 1.0 0.29318801089918256
table-0408-838 1 3 0 11 17 1096 1.0 0.09645507007419621
table-0408-83 4 4 0 6 19 1662 0.25 0.10845006778129236
table-0408-611 3 3 0 155 161 59655 0.3333333333333333 0.16954022988505746
table-0408-224 3 5 0 85 141 869 0.16666666666666666 0.15946843853820597
table-0408-456 1 1 1 3 14 426 0.5 0.0
table-0408-227 11 6 0 52 51 3321 0.5 0.5530546623794212
table-0408-904 2 11 0 184 215 42946 0.5 0.07905067808708066
table-0408-63 8 6 3 74 109 1140 0.125 0.2945159106296547
table-0408-588 6 2 0 77 91 18411 0.3333333333333333 0.038420327567733045
table-0408-13 11 4 6 26 287 1334 1.0 0.634929906542056
table-0408-691 8 2 2 202 239 3026 0.3333333333333333 0.15366705471478465
table-0408-379 2 6 0 229 298 12887 0.125 0.004403623553095118
table-0408-545 16 4 0 144 117 1040 1.0 1.1996644295302012
table-0408-747 8 5 8 195 455 11234 1.0 0.03819482067396251
table-0408-600 1 3 0 267 273 6635 1.0 0.03309957924263675
table-0408-991 10 8 0 161 284 377575 0.16666666666666666 0.06686152721958348
table-0408-203 2 6 0 202 240 4856 0.3333333333333333 0.006192568917299241
table-0408-10 1 3 0 7 18 913 1.0 0.07987220447284345
table-0408-413 5 6 5 170 112 2038 0.05263157894736842 0.013795821836815136
table-0408-34 1 3 0 16 20 3051 1.0 0.07652799178222908
table-0408-192 13 13 1 283 264 41643 1.0 0.17385892116182572
table-0408-290 5 5 0 29 26 6752 0.1111111111111111 0.17650714729645742
table-0408-762 20 17 0 654 361 6885 0.16666666666666666 0.7816890037138705
table-0408-19 10 5 10 114 239 235932 0.023809523809523808 0.03515693494651938
table-0408-165 8 9 11 213 220 6192 0.045454545454545456 0.428927680798005
table-0408-675 3 3 0 20 19 1973 1.0 0.5857843137254902
table-0408-334 34 5 0 13 31 762 0.2 3.100117785630153
table-0408-98 23 3 0 146 131 17544 0.3333333333333333 0.19822100086780445
table-0408-106 5 5 3 16 25 993 1.0 0.3971563981042654
table-0408-596 17 5 17 221 323 6867 1.0 0.27472527472527475
table-0408-361 44 7 29 229 298 12887 0.125 0.8394564670357323
table-0408-370 18 8 16 229 298 12887 0.125 0.05246602918973327
table-0408-333 1 3 0 10 20 470 1.0 0.13378248315688163
table-0408-403 6 9 18 112 333 21501 0.1 0.44070021881838073
table-0408-698 1 3 0 9 47 829 1.0 0.09104046242774566
table-0408-391 15 7 0 473 418 30477 0.2 0.32232841007819285
table-0408-113 9 4 4 200 242 4491 0.25 3.4930555555555554
table-0408-637 1 3 0 70 95 947 0.2 0.11046511627906977
table-0408-826 8 4 3 191 309 1486 0.16666666666666666 1.899497487437186
table-0408-683 12 2 2 203 238 3489 0.3333333333333333 0.45263157894736844
table-0408-176 8 9 12 213 220 6192 0.045454545454545456 0.45552784704904403
table-0408-781 2 3 0 372 311 286635 1.0 0.005793902607256173
table-0408-375 2 6 0 229 298 12887 0.125 0.0041519879214896825
table-0408-901 17 5 1 49 35 48540 0.3333333333333333 1.2469135802469136
table-0408-933 8 2 5 52 88 27021 0.3333333333333333 0.036085626911314984
table-0408-694 15 2 0 182 288 87253 0.2 0.06264578473842053
table-0408-922 57 3 0 38 658 6432 0.14285714285714285 2.0478971962616823
table-0408-554 1 8 0 20 68 596 0.5 0.11187607573149742
table-0408-886 11 4 0 31 51 556 1.0 0.07435186694929072
table-0408-953 0 1 0 46 100 5519 0.5 0.0
table-0408-48 12 6 2 468 533 6166 0.08333333333333333 0.15866354612218544
table-0408-122 27 7 55 312 547 3406 0.05555555555555555 1.3382807668521954
table-0408-860 7 2 0 15 32 0 0.3333333333333333 0.22177954847277556
table-0408-517 1 3 0 193 701 1344 1.0 0.06111224281931147
table-0408-4 29 7 56 266 456 2634 0.3333333333333333 0.18766547266780875
table-0408-62 2 2 0 74 109 1140 0.125 0.05010155721056195
table-0408-276 6 3 0 28 32 3855 1.0 0.3715213358070501
table-0408-730 3 6 0 287 268 8566 0.3333333333333333 0.0842013888888889
table-0408-355 1 2 0 82 106 6885 0.16666666666666666 0.05403158769742311
table-0408-782 6 5 0 8 18 131 1.0 0.16032767700409598
table-0408-85 4 4 4 203 228 1946 0.3333333333333333 0.44472049689440996
table-0408-825 6 3 1 102 151 9641 0.5 0.013216418858813065
table-0408-417 6 7 6 170 112 2038 0.05263157894736842 0.019971094468532388
table-0408-907 0 1 0 12 28 2098 0.5 0.0
table-0408-424 16 2 9 37 61 17379 0.3333333333333333 0.38913234005258546
table-0408-913 21 6 21 164 195 5052 0.3333333333333333 1.2069246435845213
table-0408-944 6 2 0 21 52 1723 1.0 0.10286951813752031
table-0408-806 6 6 0 902 739 10533 0.06666666666666667 0.23723487824037706
table-0408-711 5 2 0 46 61 6901 0.5 0.12077294685990338
table-0408-989 20 13 36 198 178 66606 0.3333333333333333 1.8123997862105825
table-0408-33 1 5 2 189 228 1557 1.0 0.2084507042253521
table-0408-161 8 9 10 213 220 6192 0.045454545454545456 0.42975893599334997
table-0408-914 1 2 0 21 39 3026 0.5 0.018341307814992026
table-0408-323 16 3 0 192 327 2427 0.1 0.2717528373266078
table-0408-366 2 6 0 229 298 12887 0.125 0.004026170105686965
table-0408-387 1 2 0 61 132 5828 0.25 0.004733920992491022
table-0408-31 10 5 10 114 239 235932 0.023809523809523808 0.03489391548307908
table-0408-915 4 2 0 21 39 3026 0.5 0.11323763955342903
table-0408-405 7 4 0 694 353 118345 0.5 0.023628874918708
table-0408-364 2 6 0 229 298 12887 0.125 0.0039003522898842474
table-0408-630 8 4 0 207 140 1353 0.25 0.6658415841584159
table-0408-646 18 8 16 857 450 41281 0.25 0.4952054794520548
table-0408-462 1 1 0 327 297 39894 0.5 0.001754770783066462
table-0408-615 0 1 0 92 199 33760 0.3333333333333333 0.0
table-0408-329 5 2 0 54 42 21554 1.0 0.1351590106007067
table-0408-137 5 7 0 81 131 1236 0.125 0.22545700744752878
table-0408-575 9 5 0 55 395 40829 0.2 2.0420841683366735
table-0408-216 2 8 0 379 416 350431 0.5 0.014970379463094412
table-0408-580 3 5 0 84 98 2297 0.14285714285714285 0.1638591117917305
table-0408-563 2 3 0 40 71 1651 1.0 0.037886467308667
table-0408-512 26 4 20 98 60 118465 1.0 0.5959232613908872
table-0408-956 3 3 0 17 23 4055 0.3333333333333333 0.777292576419214
table-0408-437 1 2 1 46 73 7517 0.5 0.013980868285504048
table-0408-139 3 7 4 81 131 1236 0.125 0.10968178740690589
table-0408-155 6 3 0 55 16 1164 1.0 0.38852813852813856
table-0408-52 9 7 9 468 533 6166 0.08333333333333333 0.08659510935356307
table-0408-272 4 3 0 102 141 44876 1.0 0.040587585972658574
table-0408-752 38 8 17 195 455 11234 1.0 0.16448152562574495
table-0408-921 44 3 0 38 658 6432 0.14285714285714285 1.7342289719626167
table-0408-250 3 5 2 56 98 18847 0.07692307692307693 0.23283983849259757
table-0408-159 1 2 1 79 114 5470 1.0 0.019387755102040816
table-0408-229 6 6 6 40 41 34064 0.5 0.07577355836849507
table-0408-105 0 1 0 76 99 3322 1.0 0.0
table-0408-21 10 4 10 114 239 235932 0.023809523809523808 0.021304576538663862
table-0408-948 15 2 0 11 22 276 1.0 0.11695906432748537
table-0408-544 3 5 10 171 251 2987 0.125 0.008603573792190603
table-0408-49 2 6 1 468 533 6166 0.08333333333333333 0.02017593414575095
table-0408-326 4 2 0 37 52 5483 0.2 0.0034613482775671667
table-0408-754 3 9 1 195 455 11234 1.0 0.01749918734424098
table-0408-506 3 3 0 184 203 19345 1.0 0.028064583188968192
table-0408-579 1 2 1 15 35 4625 1.0 0.022041763341067284
table-0408-556 18 22 0 23 32 989 0.5 1.7145242070116862
table-0408-727 2 5 4 13 41 1496 1.0 0.15701219512195122
table-0408-751 7 8 1 195 455 11234 1.0 0.03331888611983964
table-0408-714 11 9 0 6 114 16701 1.0 0.2024745269286754
table-0408-954 1 3 0 8 20 555 1.0 0.22182468694096602
table-0408-539 1 2 1 11 24 2197 1.0 0.04405286343612335
table-0408-282 0 1 0 190 497 2378 0.047619047619047616 0.0
table-0408-547 4 5 0 300 350 1429 0.25 1.1391304347826088
table-0408-822 20 12 0 30 57 788 1.0 0.7983337417299682
table-0408-961 1 2 0 27 48 7739 0.1111111111111111 0.001625406351587897
table-0408-107 25 4 0 6 77 423 1.0 1.1007194244604317
table-0408-849 29 8 30 432 313 5698 1.0 14.179292929292929
table-0408-996 15 13 26 179 154 17153 0.3333333333333333 1.1779471089197668
table-0408-443 4 5 0 173 149 3450 0.25 0.09664642196989702
table-0408-72 0 1 0 191 254 1943 0.08333333333333333 0.0
table-0408-704 18 4 0 184 264 16397 1.0 1.1513819095477387
table-0408-480 2 3 0 37 105 3192 0.3333333333333333 0.18660005877167204
table-0408-524 1 2 0 143 172 15656 1.0 0.005045171887832923
table-0408-526 1 2 0 143 172 15656 1.0 0.0044585239938988615
table-0408-908 23 14 10 32 49 666 1.0 0.7862894450489663
table-0408-339 4 2 1 28 49 3134 1.0 0.009813340653307714
table-0408-278 14 6 11 190 497 2378 0.047619047619047616 0.4398130112972341
table-0408-187 8 3 0 96 107 2852 1.0 0.11591220850480109
table-0408-180 7 9 10 213 220 6192 0.045454545454545456 0.3948462177888612
table-0408-696 1 2 0 182 288 87253 0.2 0.002554703987559702
table-0408-274 0 1 0 418 679 61962 1.0 0.0
table-0408-315 19 26 299 192 327 2427 0.1 0.44640605296343
table-0408-146 1 3 0 14 18 619 1.0 0.14522821576763487
table-0408-73 1 5 2 180 228 1327 1.0 0.14764397905759163
table-0408-803 5 1 0 902 739 10533 0.06666666666666667 0.025399319193506152
table-0408-627 16 3 2 396 367 24881 0.5 0.41067987888797136
table-0408-491 26 6 0 82 143 825 0.16666666666666666 1.4398682042833608
table-0408-905 3 2 0 12 28 2098 0.5 0.07170542635658915
table-0408-716 0 1 0 112 334 6459 1.0 0.0
table-0408-808 20 3 0 902 739 10533 0.06666666666666667 0.24613773239067818
table-0408-962 1 2 0 27 48 7739 0.1111111111111111 0.001625406351587897
table-0408-342 7 3 2 2621 476 1125967 1.0 0.00328986618938038
table-0408-942 2 3 0 5 8 192 1.0 0.7752808988764045
table-0408-684 3 6 0 820 332 124440 0.5 0.0033494603647190174
table-0408-147 18 4 0 189 277 2243 0.07142857142857142 0.18705789887346083
table-0408-882 14 5 0 641 232 130266 0.3333333333333333 0.24754267977237454
table-0408-248 1 3 0 10 27 685 1.0 0.25517241379310346
table-0408-851 55 8 55 432 313 5698 1.0 24.505050505050505
table-0408-713 4 4 0 6 114 16701 1.0 0.027219796215429404
table-0408-735 2 14 3 93 264 1629 1.0 0.006567355438090661
table-0408-131 59 7 112 312 547 3406 0.05555555555555555 3.351886209029066
table-0408-654 1 2 1 29 58 5646 0.5 0.011377245508982036
table-0408-253 10 3 0 56 98 18847 0.07692307692307693 0.582099596231494
table-0408-16 10 5 10 114 239 235932 0.023809523809523808 0.03664737857268104
table-0408-440 9 8 0 832 791 280850 1.0 0.026790545444947408
table-0408-296 18 4 0 193 419 2166 0.06666666666666667 0.36446360153256707
table-0408-818 8 3 0 302 344 1679 0.3333333333333333 2.179372197309417
table-0408-966 30 7 107 49 106 505 0.3333333333333333 2.446700507614213
table-0408-36 6 5 0 5996 137 92323 1.0 0.2532312111057922
table-0408-450 2 3 0 45 198 1691 1.0 0.005298793052693553
table-0408-316 0 1 0 192 327 2427 0.1 0.0
table-0408-351 2 2 0 320 181 107650 0.25 0.022609389546482245
table-0408-688 2 2 1 83 210 0 1.0 0.011991350501277767
table-0408-288 6 3 0 63 80 8052 0.5 0.051075268817204304
table-0408-919 92 3 0 38 658 6432 0.14285714285714285 4.102219626168225
