table_id rows cols nulls inlinks outlinks views table_imp table_fraction
table-0400-543 42 6 7 17 293 8239 0.04 3.091494845360825
table-0400-862 1 4 0 154 156 686 0.5 0.16193181818181818
table-0400-550 60 6 8 17 293 8239 0.04 4.585051546391752
table-0400-506 3 6 0 95 188 1351 0.1 0.19298245614035087
table-0400-186 6 6 0 59 84 11300 1.0 0.024
table-0400-636 6 4 0 140 110 1434 0.5 0.4005328596802842
table-0400-305 6 12 1 190 278 2518 1.0 0.2057335581787521
table-0400-244 2 5 2 194 226 854 0.14285714285714285 0.22118380062305296
table-0400-927 12 5 0 283 160 17573 0.5 0.08744813278008298
table-0400-18 1 3 0 6 10 881 1.0 0.4223826714801444
table-0400-940 2 2 0 52 148 29182 0.125 0.17199558985667035
table-0400-861 1 4 0 171 170 670 0.5 0.26570915619389585
table-0400-816 17 3 4 138 294 10869 1.0 0.22189349112426035
table-0400-438 2 3 0 411 377 16780 1.0 0.06877916973716532
table-0400-838 34 5 0 107 162 506 0.5 1.7587628865979381
table-0400-356 1 3 0 69 76 649 1.0 0.05645933014354067
table-0400-209 55 6 127 96 332 3085 0.125 10.735202492211839
table-0400-56 29 10 1 447 189 13177 1.0 0.06402788388082506
table-0400-696 9 4 3 26 287 949 1.0 0.44567757009345793
table-0400-9 1 3 0 10 11 1213 1.0 0.40441176470588236
table-0400-945 3 3 0 156 266 60982 1.0 0.08872333220453776
table-0400-546 24 6 6 17 293 8239 0.04 1.9188144329896908
table-0400-539 93 6 35 17 293 8239 0.04 7.939432989690721
table-0400-455 9 4 0 2052 657 154 1.0 0.011926206596683024
table-0400-58 3 4 1 149 63 101405 0.3333333333333333 0.03672713809700111
table-0400-698 7 4 0 144 127 42867 0.04 0.042540052832001095
table-0400-527 6 5 0 871 817 8036 0.16666666666666666 0.08231191885038039
table-0400-903 4 8 2 39 89 917 0.08333333333333333 0.2671118530884808
table-0401-1000 7 4 0 244 315 3327 0.05 0.04345301461337463
table-0400-111 10 4 10 262 533 921 0.047619047619047616 1.0534591194968554
table-0400-450 2 2 0 40 81 5493 0.5 0.04561101549053356
table-0400-690 3 5 3 185 187 721 0.25 0.7606490872210954
table-0400-105 10 4 10 262 533 921 0.047619047619047616 1.0471698113207548
table-0400-829 64 6 115 1149 1856 8753 0.1 2.6470058532192704
table-0400-28 1 3 0 23 43 1068 1.0 0.045934772622875514
table-0400-639 1 2 1 22 47 5509 1.0 0.014797507788161994
table-0400-458 9 4 0 2052 657 154 1.0 0.012392074041865955
table-0400-526 12 3 0 146 197 2890 0.25 0.034576888080072796
table-0400-185 4 2 0 29 45 2974 0.3333333333333333 0.06794948887552615
table-0400-611 11 4 0 1037 436 147966 0.5 0.04236391613771879
table-0400-650 7 6 0 189 370 363 1.0 0.09626243613874698
table-0400-282 25 5 12 337 437 10196 0.5 3.555977229601518
table-0400-80 3 3 0 10 38 14548 1.0 0.1669770328988206
table-0400-457 9 4 0 2052 657 154 1.0 0.01201938008571961
table-0400-395 3 4 4 211 94 10510 0.1 0.24129930394431554
table-0400-51 0 1 0 10 48 766 1.0 0.0
table-0400-366 5 3 0 17 43 22820 1.0 0.4826711749788673
table-0400-846 22 5 0 603 784 7711 0.1111111111111111 0.6402994791666666
table-0400-212 2 3 0 81 283 2709 1.0 0.27613412228796846
table-0400-294 25 5 13 337 436 12366 0.5 3.3548387096774195
table-0400-250 56 5 0 588 806 11085 0.1 1.5159961989230282
table-0400-727 4 4 1 181 178 606 0.16666666666666666 0.9278752436647173
table-0400-404 7 4 4 165 245 2014 1.0 0.5206812652068127
table-0400-934 8 7 0 21 110 5062 0.3333333333333333 0.0449404313074951
table-0400-485 22 18 226 58 99 466 0.5 2.2717190388170057
table-0400-615 7 2 0 38 208 1632 0.16666666666666666 0.027733394202236934
table-0400-479 3 5 0 552 501 26339 0.5 0.019074643335697958
table-0400-845 39 5 0 603 784 7711 0.1111111111111111 1.0911458333333333
table-0400-2 10 4 0 9 111 907 0.03225806451612903 0.050206327372764786
table-0400-349 1 3 0 69 77 648 1.0 0.042708333333333334
table-0400-268 4 9 4 22 19 975 0.16666666666666666 0.13649851632047477
table-0400-847 10 5 0 603 784 7711 0.1111111111111111 0.2890625
table-0400-393 5 5 0 31 84 4003 0.125 0.03893685457931268
table-0400-989 29 4 0 14 24 2960 0.25 0.5204225352112676
table-0400-464 2 2 0 14 34 1590 0.5 0.06718346253229975
table-0400-449 1 2 1 40 81 5493 0.5 0.016351118760757316
table-0400-854 32 4 32 9 88 1145 0.5 9.119469026548673
table-0400-809 30 5 0 107 156 684 0.5 2.1553985872855703
table-0400-121 5 3 0 42 51 970 0.5 0.6638655462184874
table-0400-807 1 3 1 47 55 6242 1.0 0.0037209302325581397
table-0400-905 4 9 2 39 89 917 0.08333333333333333 0.28213689482470783
table-0400-620 0 1 0 38 208 1632 0.16666666666666666 0.0
table-0400-388 30 4 0 31 84 4003 0.125 0.1442356526155409
table-0400-857 1 1 0 653 404 148275 1.0 0.0034873049862343226
table-0400-462 9 4 0 2052 657 154 1.0 0.012376545127026524
table-0400-4 7 4 4 150 146 139024 0.14285714285714285 0.11114594764069603
table-0400-672 6 2 0 112 154 3744 0.25 0.13743218806509946
table-0400-619 1 3 0 38 208 1632 0.16666666666666666 0.008445560374343757
table-0400-839 8 4 7 56 51 124175 0.3333333333333333 0.33613445378151263
table-0400-66 0 1 0 57 229 6385 1.0 0.0
table-0400-95 3 6 2 53 88 1464 0.5 0.49719101123595505
table-0400-687 8 3 0 35 162 3702 0.125 0.11689384551838083
table-0400-640 3 2 0 831 198 51862 0.5 0.010864555211694212
table-0400-320 2 2 0 285 162 95884 0.3333333333333333 0.006400787789266372
table-0400-189 25 5 12 337 576 7980 0.5 4.141791044776119
table-0400-941 22 4 16 52 148 29182 0.125 1.1510474090407938
table-0400-789 1 3 0 36 53 3633 0.25 0.021015067406819986
table-0400-16 1 3 0 6 7 569 1.0 1.0794701986754967
table-0400-296 24 3 3 46 88 481 0.5 2.6340425531914895
table-0400-869 396 2 2 159 241 6785 0.5 3.5628891656288917
table-0400-997 3 5 9 244 315 3327 0.05 0.008419626439562566
table-0400-664 6 5 0 28137 1457 3590670 0.25 0.001632036884033579
table-0400-170 1 2 0 0 0 0 0.0 33.0
table-0400-97 5 4 0 4 48 913 0.5 2.290909090909091
table-0400-589 6 4 5 210 192 3706 0.03333333333333333 0.05906761044666829
table-0400-222 14 4 0 208 229 942 0.09090909090909091 2.619047619047619
table-0400-118 10 4 10 262 533 921 0.047619047619047616 1.110062893081761
table-0400-29 36 4 51 622 305 60898 0.5 1.1301287208366855
table-0400-572 2 5 0 374 326 17064 0.3333333333333333 0.05605247465712582
table-0400-625 12 3 0 127 47 24642 0.5 0.10195412064570943
table-0400-717 9 6 4 51 91 1383 0.5 1.8470209339774557
table-0400-283 107 9 41 35 118 3560 0.2 3.40024805102764
table-0400-638 1 3 0 15 30 1378 1.0 0.3165735567970205
table-0400-137 8 3 0 162 373 147183 0.041666666666666664 0.015802961275626425
table-0400-223 22 8 5 208 229 942 0.09090909090909091 2.587912087912088
table-0400-41 14 3 0 18 34 1915 0.3333333333333333 1.0771929824561404
table-0400-132 11 3 0 162 373 147183 0.041666666666666664 0.039483675018982534
table-0400-570 1 2 1 374 326 17064 0.3333333333333333 0.011329755515802028
table-0400-367 25 5 9 336 446 2667 0.5 3.5806451612903225
table-0400-555 2 5 0 318 536 10127 0.1 0.008161110885541435
table-0400-890 3 3 0 196 271 11341 1.0 0.013405702328014649
table-0400-33 52 4 35 205 433 9022 1.0 1.1327537593984962
table-0400-918 1 3 0 36 35 2388 1.0 0.03690433536366894
table-0400-756 8 3 8 106 82 62010 0.16666666666666666 0.16724137931034483
table-0400-60 15 3 0 6 16 2171 0.3333333333333333 0.043275459963721175
table-0400-197 25 5 12 337 436 9555 0.5 3.4971537001897532
table-0400-175 7 4 0 176 134 21386 0.5 0.04838221953432114
table-0400-544 5 6 2 17 293 8239 0.04 0.40850515463917525
table-0400-497 6 13 0 113 74 4284 0.3333333333333333 0.903899721448468
table-0400-936 1 2 0 52 148 29182 0.125 0.10033076074972437
table-0400-547 21 6 8 17 293 8239 0.04 1.9806701030927836
table-0400-264 9 8 18 318 410 4118 0.3333333333333333 0.12213333333333333
table-0400-714 5 5 0 144 127 42867 0.04 0.01629558475419397
table-0400-673 1 3 1 112 154 3744 0.25 0.11482820976491863
table-0400-232 2 6 4 21 18 910 0.16666666666666666 0.20100502512562815
table-0400-220 33 5 0 104 153 587 0.5 1.1326912787586945
table-0400-830 1 3 0 65 104 2256 1.0 0.0425531914893617
table-0400-566 4 8 1 318 536 10127 0.1 0.017946323439847336
table-0400-761 2 3 0 12 39 4699 0.5 0.04423748544819558
table-0400-374 15 2 0 147 218 5435 0.5 1.4407096171802054
table-0400-327 1 3 0 67 85 213 1.0 0.035153328347045626
table-0400-852 26 4 0 81 112 8380 1.0 70.32051282051282
table-0400-52 10 4 0 5 96 1812 0.5 0.8704453441295547
table-0400-82 25 7 71 5 15 400 0.3333333333333333 1.3826998689384011
table-0400-168 8 7 0 187 159 196755 0.1 0.08359174868545234
table-0400-194 25 5 13 340 426 2460 0.5 2.405777166437414
table-0400-513 15 2 0 148 229 5229 0.5 1.7839029768467476
table-0400-125 7 3 0 162 373 147183 0.041666666666666664 0.017985952923310556
table-0400-34 29 4 12 205 433 9022 1.0 0.65625
table-0400-779 32 6 3 5 66 6354 0.5 31.34710743801653
table-0400-916 1 3 0 31 34 2733 1.0 0.027777777777777776
table-0400-326 1 3 0 68 78 1081 1.0 0.06903353057199212
table-0400-748 2 1 0 74 105 1156 1.0 0.0780559646539028
table-0400-933 2 3 0 283 160 17573 0.5 0.013174273858921162
table-0400-894 0 1 0 21 38 923 1.0 0.0
table-0400-252 43 5 0 588 806 11085 0.1 1.202407348748812
table-0400-219 14 56 367 135 137 45516 1.0 3.9337991908789998
table-0400-633 4 3 0 62 67 942 1.0 0.327893175074184
table-0400-422 8 5 10 219 81 10604 0.045454545454545456 0.5264598540145985
table-0400-876 3 4 0 104 129 27992 0.25 0.07108816521048451
table-0400-770 2 2 1 9 35 7680 1.0 0.022498803255146003
table-0400-124 10 5 6 162 373 147183 0.041666666666666664 0.062072892938496584
table-0400-158 8 3 0 61 78 1860 0.0625 0.23294117647058823
table-0400-460 9 4 0 2052 657 154 1.0 0.012407602956705385
table-0400-76 17 5 0 233 287 9681 0.3333333333333333 1.3313180169286578
table-0400-480 1 3 0 124 86 19101 1.0 0.012749615975422427
table-0400-621 13 8 13 160 171 3465 1.0 5.092696629213483
table-0400-655 2 2 0 32 23 760 0.5 0.21008403361344538
table-0400-912 1 2 0 0 0 0 0.0 33.0
table-0400-992 7 4 0 244 315 3327 0.05 0.038130262266524724
table-0400-875 7 3 0 104 129 27992 0.25 0.06354249404289118
table-0400-140 6 3 0 162 373 147183 0.041666666666666664 0.01442672741078208
table-0400-98 21 4 0 32 67 13281 1.0 0.7507481829841812
table-0400-660 2 2 0 40 31 999 0.5 0.23809523809523808
table-0400-271 1 4 2 22 19 975 0.16666666666666666 0.04451038575667656
table-0400-593 5 10 0 210 192 3706 0.03333333333333333 0.05931169148157188
table-0400-503 6 7 0 95 188 1351 0.1 0.2794486215538847
table-0400-517 1 3 0 56 81 743 0.3333333333333333 0.15009041591320071
table-0400-721 20 4 0 53 174 4968 1.0 0.05748011290736464
table-0400-866 2 2 0 99 146 1604 0.2 0.208955223880597
table-0400-251 30 5 0 588 806 11085 0.1 0.8143807412100095
table-0400-331 1 3 0 69 78 762 1.0 0.06374085684430512
table-0400-328 1 3 0 71 78 798 1.0 0.05434782608695652
table-0400-959 2 2 0 137 155 3991 0.25 0.2775330396475771
table-0400-313 13 5 0 250 246 21392 0.09090909090909091 0.02734171951346294
table-0400-360 8 5 0 254 398 2377 1.0 1.0597302504816957
table-0400-909 3 3 0 16 47 1390 1.0 0.15775817332641412
table-0400-720 26 18 327 53 174 4968 1.0 0.0626122658455222
table-0400-81 32 7 88 5 15 400 0.3333333333333333 1.7142857142857142
table-0400-868 460 2 2 160 238 6356 0.5 5.334434351775392
table-0400-317 7 2 5 285 162 95884 0.3333333333333333 0.024027572624322993
table-0400-318 21 6 27 285 162 95884 0.3333333333333333 0.1396356474643033
table-0400-258 1 2 1 202 252 794 0.1111111111111111 0.005717008099094807
table-0400-598 5 4 4 210 192 3706 0.03333333333333333 0.05589455699292165
table-0400-564 38 8 13 318 536 10127 0.1 0.15895895083032197
table-0400-279 1 3 0 69 79 741 1.0 0.0426917510853835
table-0400-937 5 2 0 52 148 29182 0.125 0.3638368246968026
table-0400-872 2 2 0 97 155 1398 0.16666666666666666 0.18952618453865336
table-0400-780 4 5 5 22 21 18967 0.5 0.17384615384615384
table-0400-680 49 9 70 126 102 1951 0.1 0.8907660937955141
table-0400-397 4 9 3 211 94 10510 0.1 0.08700696055684455
table-0400-363 1 3 0 69 77 954 1.0 0.06447688564476886
table-0400-627 2 2 0 134 88 47775 0.16666666666666666 0.029976334472784645
table-0400-160 5 3 0 61 78 1860 0.0625 0.08941176470588236
table-0400-304 25 5 16 344 377 3150 0.5 3.0134099616858236
table-0400-715 5 5 0 144 127 42867 0.04 0.017324779580774642
table-0400-567 40 13 0 318 536 10127 0.1 0.08010881481180722
table-0400-483 6 3 0 57 82 946 0.5 0.4943310657596372
table-0400-584 7 4 6 210 192 3706 0.03333333333333333 0.06883085184281182
table-0400-273 1 1 1 22 19 975 0.16666666666666666 0.0
table-0400-88 24 5 22 5 15 400 0.3333333333333333 1.2136304062909566
table-0400-692 2 3 0 62 45 5787 1.0 0.16554338668913227
table-0400-984 5 6 0 117 106 3758 0.2 0.3403409090909091
table-0400-602 2 3 0 36 75 9992 1.0 0.17104420243433696
table-0400-886 1 3 0 12 11 577 1.0 0.1216867469879518
table-0400-369 1 3 0 7 12 4187 1.0 0.15198618307426598
table-0400-711 4 3 0 144 127 42867 0.04 0.002367148101135545
table-0400-499 1 3 0 48 67 779 0.3333333333333333 0.17765567765567766
table-0400-342 6 3 0 140 213 4763 1.0 0.16960985626283367
table-0400-26 1 3 0 14 20 1431 1.0 0.12758620689655173
table-0400-995 9 2 7 244 315 3327 0.05 0.015871479725152425
table-0400-910 2 2 2 77 90 11329 1.0 0.010710460549803642
table-0400-387 30 6 0 31 84 4003 0.125 0.11731843575418995
table-0400-986 2 5 0 117 106 3758 0.2 0.14829545454545454
table-0400-73 14 5 5 57 229 6385 1.0 0.2611324903793293
table-0400-83 41 6 69 5 15 400 0.3333333333333333 2.4325032765399737
table-0400-595 10 7 0 210 192 3706 0.03333333333333333 0.17500610202587258
table-0400-917 1 3 0 51 59 4442 1.0 0.04689593568557392
table-0400-345 1 3 0 70 76 849 1.0 0.05184331797235023
table-0400-520 2 10 1 107 101 10089 0.3333333333333333 0.3413841151881096
table-0400-516 12 3 1 83 72 9124 0.5 0.24872448979591838
table-0400-815 5 6 0 138 294 10869 1.0 0.1390532544378698
table-0400-969 19 4 0 14 87 2741 0.05 5.991150442477876
table-0400-601 13 5 9 40 295 19215 1.0 0.11464845628546697
table-0400-65 18 5 10 57 229 6385 1.0 0.3232545354590434
table-0400-709 5 4 0 144 127 42867 0.04 0.02422038491886514
table-0400-867 35 4 0 107 163 508 0.5 1.4372937293729373
table-0400-707 5 3 0 144 127 42867 0.04 0.003396342927716217
table-0400-325 1 3 0 73 89 904 1.0 0.0308953341740227
table-0400-892 1 3 0 42 141 918 1.0 0.0819327731092437
table-0400-882 0 1 0 9 13 689 1.0 0.0
table-0400-484 1 2 0 473 421 4384 0.5 0.006926024167403478
table-0400-968 19 4 0 14 87 2741 0.05 5.619469026548672
table-0400-750 9 4 6 23 56 1220 0.5 0.2527363184079602
table-0400-675 36 9 55 126 102 1951 0.1 0.6406932711913778
table-0400-651 5 6 0 189 370 363 1.0 0.062382360849690774
table-0400-608 16 7 0 1044 595 2711 1.0 0.29387496033005395
table-0400-635 13 14 13 140 110 1434 0.5 0.9005328596802842
table-0400-439 1 3 0 3 8 2847 1.0 0.03602401601067378
table-0400-974 2 2 0 59 96 838 0.25 0.11543134872417983
table-0400-188 25 5 12 337 576 7915 0.5 4.635910224438903
table-0400-900 1 1 0 39 89 917 0.08333333333333333 0.07345575959933222
table-0400-685 35 3 0 35 162 3702 0.125 0.5233374638579099
table-0400-575 23 5 0 508 328 21685 0.5 2.3030998851894373
table-0400-962 10 5 0 199 238 917 0.14285714285714285 1.4537695590327169
table-0400-229 3 6 6 21 18 910 0.16666666666666666 0.32663316582914576
table-0400-773 2 2 1 16 47 2388 0.5 0.17718446601941748
table-0400-819 1 5 2 40 123 1022 1.0 0.07100591715976332
table-0400-963 1 2 1 48 61 9107 1.0 0.01173563928350834
table-0400-888 0 1 0 6 11 626 1.0 0.0
table-0400-604 12 3 0 59 75 871 0.3333333333333333 1.1241217798594847
table-0400-440 1 3 0 91 122 859 0.2 0.1690307328605201
table-0400-57 1 3 0 14 17 1038 1.0 0.1503267973856209
table-0400-383 12 4 12 26 49 20154 0.25 1.0233644859813085
table-0400-679 36 9 55 126 102 1951 0.1 0.6884648995048063
table-0400-265 10 3 0 7 7 1017 0.5 0.8975010588733587
table-0400-15 1 3 0 7 11 881 1.0 0.8940397350993378
table-0400-221 3 4 0 208 229 942 0.09090909090909091 0.20512820512820512
table-0400-413 6 4 0 16 166 882 1.0 0.04829667960327728
table-0400-94 2 2 0 20 24 10245 0.3333333333333333 0.0639063906390639
table-0400-226 3 9 2 208 229 942 0.09090909090909091 0.39377289377289376
table-0400-794 2 2 1 16 32 6847 1.0 0.03967670830271859
table-0400-504 19 7 0 95 188 1351 0.1 0.8959899749373433
table-0400-530 58 6 9 17 293 8239 0.04 4.610824742268041
table-0400-982 1 2 0 45 54 11531 0.5 0.03428571428571429
table-0400-3 3 14 0 41 31 6201 1.0 0.020077096048827497
table-0400-747 3 3 0 42 34 6641 1.0 0.1293310463121784
table-0400-535 40 6 7 17 293 8239 0.04 3.073453608247423
table-0400-561 2 7 0 318 536 10127 0.1 0.009176174428519226
table-0400-552 1 3 0 52 70 825 0.3333333333333333 0.22037914691943128
table-0400-270 2 4 4 22 19 975 0.16666666666666666 0.08902077151335312
table-0400-668 10 8 0 129 139 1807 0.3333333333333333 0.12670378191591478
table-0400-390 10 6 10 31 84 4003 0.125 0.09514135771119012
table-0400-190 25 5 8 340 428 1908 0.5 4.46095717884131
table-0400-25 31 5 0 104 152 566 0.5 1.4508448540706604
table-0400-238 12 3 0 17 25 879 0.5 0.47841566533155316
table-0400-48 13 16 0 135 104 7563 0.3333333333333333 0.27190887378284034
table-0400-921 2 2 0 116 161 1409 0.06666666666666667 0.13747228381374724
table-0400-518 13 3 0 56 81 743 0.3333333333333333 0.8896925858951176
table-0400-663 1 1 0 28137 1457 3590670 0.25 0.0005202117567857034
table-0400-444 4 3 0 17 60 1407 1.0 0.06699928724162509
table-0400-44 45 6 3 344 325 3239 1.0 0.3219166666666667
table-0400-323 0 1 0 285 162 95884 0.3333333333333333 0.0
table-0400-6 1 5 0 148 450 2339 1.0 0.19358407079646017
table-0400-162 6 3 0 61 78 1860 0.0625 0.11137254901960784
table-0400-804 2 3 0 169 361 4634 1.0 0.02338586680223691
table-0400-260 2 2 2 202 252 794 0.1111111111111111 0.010004764173415913
table-0400-243 2 3 0 907 419 742842 0.16666666666666666 0.01838735064749231
table-0400-983 2 1 0 117 106 3758 0.2 0.029545454545454545
table-0400-103 10 4 10 262 533 921 0.047619047619047616 1.110062893081761
table-0400-596 5 12 0 210 192 3706 0.03333333333333333 0.10324627776421771
table-0400-256 2 5 2 202 252 794 0.1111111111111111 0.1010004764173416
table-0400-749 51 6 38 74 105 1156 1.0 7.446244477172312
table-0400-964 5 4 0 14 87 2741 0.05 1.7404129793510323
table-0400-169 27 5 0 24 42 40748 0.5 0.28501180173092056
table-0400-399 4 9 4 211 94 10510 0.1 0.05104408352668213
table-0400-658 20 8 14 857 549 3921 0.07142857142857142 1.2672811059907834
table-0400-461 9 4 0 2052 657 154 1.0 0.012997701720603765
table-0400-415 8 6 0 313 210 128140 0.3333333333333333 0.042116174607440396
table-0400-36 1 2 1 13 21 4227 1.0 0.013728323699421965
table-0400-486 2 2 0 29 57 2722 1.0 0.17195767195767195
table-0400-913 2 3 0 96 67 5642 1.0 0.07664233576642336
table-0400-563 7 8 4 318 536 10127 0.1 0.027081895326647447
table-0400-261 2 2 0 82 128 815 0.25 0.3179916317991632
table-0400-75 6 5 0 233 287 9681 0.3333333333333333 0.2478839177750907
table-0400-562 0 1 0 318 536 10127 0.1 0.0
table-0400-13 1 5 0 93 100 1846 0.3333333333333333 0.15702479338842976
table-0400-681 37 9 56 126 102 1951 0.1 0.727497815321876
table-0400-850 5 3 0 28 27 1133 1.0 0.14481897627965043
table-0400-202 25 5 8 337 437 10027 0.5 3.713472485768501
table-0400-947 2 7 2 37 56 994 1.0 0.3997289972899729
table-0400-79 3 3 0 55 165 19211 1.0 0.03602425395315658
table-0400-693 2 4 0 201 212 735 0.1 0.9972375690607734
table-0400-47 33 10 26 68 96 44404 1.0 1.8372762806006995
table-0400-768 81 8 0 214 372 39058 0.2 0.33997412677878397
table-0400-908 3 8 3 39 89 917 0.08333333333333333 0.0651085141903172
table-0400-70 14 5 5 57 229 6385 1.0 0.2398295766904893
table-0400-330 2 4 0 18 38 1494 1.0 0.08929477422628107
table-0400-114 10 4 10 262 533 921 0.047619047619047616 1.069182389937107
table-0400-38 11 2 0 182 264 2663 1.0 0.3693467336683417
table-0400-879 10 4 0 102 1166 8372 1.0 0.021230896323833126
table-0400-245 13 5 13 245 322 919 0.08333333333333333 3.4143920595533497
table-0400-101 8 4 0 21 89 1992 0.25 0.16279069767441862
table-0400-689 7 3 0 35 162 3702 0.125 0.10945890128046262
table-0400-428 4 9 4 219 81 10604 0.045454545454545456 0.03832116788321168
table-0400-22 8 2 2 247 262 7962 0.5 0.008866371120962635
table-0400-926 14 4 0 29 156 798 0.25 1.84958217270195
table-0400-870 17 2 0 147 237 6652 0.5 1.4755804643714971
table-0400-500 13 3 0 48 67 779 0.3333333333333333 0.9468864468864469
table-0400-433 16 5 0 35 223 1331 0.25 1.1464737793851718
table-0400-605 1 3 0 37 46 1061 0.3333333333333333 0.19333333333333333
table-0400-778 12 3 0 64 58 2132 0.5 0.15086621751684312
table-0400-275 12 17 0 109 132 6751 0.2 3.269733656174334
table-0400-831 14 10 0 363 314 3501 1.0 0.30786825251601097
table-0400-91 34 3 0 24 115 1453 0.5 2.0476190476190474
table-0400-777 3 3 3 226 102 113832 0.5 0.04792147806004619
table-0400-211 49 6 112 96 332 3085 0.125 10.426791277258568
table-0400-339 1 3 0 69 80 636 1.0 0.03859964093357271
table-0400-648 5 3 0 8 11 7863 0.5 0.4709418837675351
table-0400-920 8 6 5 251 148 77694 0.25 0.08251302837290099
table-0400-906 4 9 4 39 89 917 0.08333333333333333 0.21702838063439064
table-0400-533 5 6 2 17 293 8239 0.04 0.40335051546391754
table-0400-740 39 4 0 149 99 94967 0.3333333333333333 0.10866729902774484
table-0400-808 4 2 0 321 365 157290 0.5 0.001219884111009454
table-0400-476 1 3 0 10 24 963 1.0 0.06088082901554404
table-0400-724 18 4 0 53 174 4968 1.0 0.041057223505260455
table-0400-381 8 4 0 28 41 2919 0.5 0.47358834244080145
table-0400-571 2 3 0 374 326 17064 0.3333333333333333 0.04770423375074538
table-0400-953 12 3 0 50 61 7459 0.09090909090909091 0.5828970331588132
table-0400-62 1 3 2 57 229 6385 1.0 0.004535459043430457
table-0400-498 4 6 0 113 74 4284 0.3333333333333333 0.5738161559888579
table-0400-448 2 2 0 120 176 1632 0.07142857142857142 0.21158690176322417
table-0400-781 3 3 0 3 47 7153 1.0 0.0609516319307904
table-0400-401 4 9 4 211 94 10510 0.1 0.04756380510440835
table-0400-406 1 5 0 223 258 2476 1.0 0.16096579476861167
table-0400-161 5 3 0 61 78 1860 0.0625 0.08313725490196078
table-0400-154 6 3 0 61 78 1860 0.0625 0.15372549019607842
table-0400-970 16 4 0 14 87 2741 0.05 5.0855457227138645
table-0400-694 1 5 1 177 177 791 0.2 0.37630662020905925
table-0400-943 31 4 14 270 273 2205 0.3333333333333333 0.5085714285714286
table-0400-788 2 3 0 36 53 3633 0.25 0.02894528152260111
table-0400-545 15 6 6 17 293 8239 0.04 1.2719072164948453
table-0400-182 30 5 0 104 150 440 0.5 1.6043587594300084
table-0400-224 9 4 4 208 229 942 0.09090909090909091 0.7838827838827839
table-0400-576 15 18 155 55 85 478 0.5 1.4809437386569873
table-0400-967 16 4 0 14 87 2741 0.05 4.657817109144543
table-0400-321 0 1 0 285 162 95884 0.3333333333333333 0.0
table-0400-553 15 3 0 52 70 825 0.3333333333333333 1.3981042654028435
table-0400-753 11 4 13 106 82 62010 0.16666666666666666 0.421551724137931
table-0400-64 14 5 5 57 229 6385 1.0 0.2458768554150632
table-0400-314 13 9 0 250 246 21392 0.09090909090909091 0.25356066119139203
table-0400-929 6 3 0 283 160 17573 0.5 0.03921161825726141
table-0400-255 5 5 0 588 806 11085 0.1 0.1384225530566994
table-0400-865 4 6 0 206 213 1001 0.5 1.3767123287671232
table-0400-201 1 2 0 32 45 722 0.5 0.03387533875338753
table-0400-887 11 6 0 277 269 2247 1.0 0.4968421052631579
table-0400-416 141 7 0 313 210 128140 0.3333333333333333 0.5617921449687104
table-0400-454 8 4 0 2052 657 154 1.0 0.009674513944965525
table-0400-377 11 31 103 1371 905 633800 0.25 0.16086246542473423
table-0400-623 4 3 0 23 16 9338 0.3333333333333333 0.014785142024763291
table-0400-523 6 3 0 57 67 1323 0.3333333333333333 0.029944838455476755
table-0400-90 1 4 0 5 13 496 1.0 0.06518518518518518
table-0400-106 10 4 10 262 533 921 0.047619047619047616 1.1981132075471699
table-0400-307 1 3 0 68 76 856 1.0 0.05550811272416738
table-0400-127 18 3 0 162 373 147183 0.041666666666666664 0.04095482156416097
table-0400-113 10 4 10 262 533 921 0.047619047619047616 1.0471698113207548
table-0400-765 8 10 0 84 187 1156 0.3333333333333333 0.5240295748613678
table-0400-409 1 3 0 20 22 5219 1.0 0.1394736842105263
table-0400-297 34 6 28 81 56 192 1.0 12.815126050420169
table-0400-803 31 5 0 106 157 432 0.5 1.4677631578947368
table-0400-904 3 8 3 39 89 917 0.08333333333333333 0.0667779632721202
table-0400-851 10 13 6 11 88 385 1.0 2.026829268292683
table-0400-100 5 2 0 21 89 1992 0.25 0.11150864639236732
table-0400-234 1 6 2 21 18 910 0.16666666666666666 0.10050251256281408
table-0400-473 12 8 6 64 184 2232 1.0 2.370919881305638
table-0400-423 1 2 0 219 81 10604 0.045454545454545456 0.10766423357664233
table-0400-786 5 4 0 356 62 10460 0.5 0.08360681356461948
table-0400-915 1 6 0 155 222 3258 1.0 0.04741744284504657
table-0400-509 26 7 3 95 188 1351 0.1 1.0651629072681705
table-0400-344 1 3 0 69 83 866 1.0 0.024717514124293787
table-0400-335 10 3 0 1369 376 955042 0.25 0.027712541099107563
table-0400-641 1 5 2 75 198 1179 1.0 0.0989103101424979
table-0400-50 210 3 286 300 474 4136 1.0 41.73076923076923
table-0400-359 17 5 0 254 398 2377 1.0 2.439306358381503
table-0400-925 12 4 0 29 156 798 0.25 1.5793871866295264
table-0400-117 10 4 10 262 533 921 0.047619047619047616 1.0754716981132075
table-0400-139 10 3 0 162 373 147183 0.041666666666666664 0.02771450265755505
table-0400-880 26 5 0 102 1166 8372 1.0 0.05902519619991739
table-0400-181 4 2 0 105 133 84035 0.5 0.01244086209917645
table-0400-191 25 5 14 337 565 8267 0.5 3.508910891089109
table-0400-208 59 6 146 96 332 3085 0.125 11.280373831775702
table-0400-837 0 1 0 363 314 3501 1.0 0.0
table-0400-645 2 2 0 65 59 856 0.3333333333333333 0.2229299363057325
table-0400-587 7 4 6 210 192 3706 0.03333333333333333 0.06883085184281182
table-0400-12 1 3 0 25 43 2613 0.5 0.05176767676767677
table-0400-249 13 2 0 588 806 11085 0.1 0.1726322458029775
table-0400-785 1 3 0 61 81 794 1.0 0.1781818181818182
table-0400-928 18 5 0 283 160 17573 0.5 0.27894190871369295
table-0400-280 1 3 0 69 80 791 1.0 0.03265044814340589
table-0400-891 77 4 84 26 108 807 0.25 10.60969387755102
table-0400-818 32 5 0 108 159 467 0.5 1.9965928449744463
table-0400-412 0 1 0 63 128 40162 1.0 0.0
table-0400-324 4 3 0 101 119 884 1.0 0.6925465838509317
table-0400-308 25 5 14 338 437 3790 0.5 3.415559772296015
table-0400-236 25 5 14 344 375 2457 0.5 3.124521072796935
table-0400-272 1 4 2 22 19 975 0.16666666666666666 0.09792284866468842
table-0400-577 5 10 0 210 192 3706 0.03333333333333333 0.06321698804002929
table-0400-669 10 8 0 129 139 1807 0.3333333333333333 0.11172969859857938
table-0400-735 1 2 1 122 222 1866 0.3333333333333333 0.03136531365313653
table-0400-437 1 3 0 18 30 898 1.0 0.10332369942196531
table-0400-420 8 3 0 61 95 1144 0.2 0.37254901960784315
table-0400-329 1 3 0 69 77 702 1.0 0.06091954022988506
table-0400-300 6 2 0 705 422 218765 0.5 0.0041495385092685955
table-0400-858 97 4 30 4 235 516 1.0 8.48637316561845
table-0400-419 7 4 3 61 95 1144 0.2 0.32598039215686275
table-0400-144 2 1 0 789 712 78100 1.0 0.008453505718547987
table-0400-712 4 4 0 144 127 42867 0.04 0.015849600329342343
table-0400-760 2 3 0 43 59 22717 1.0 0.5346153846153846
table-0400-508 14 7 0 95 188 1351 0.1 0.6528822055137845
table-0400-603 1 3 0 59 75 871 0.3333333333333333 0.1990632318501171
table-0400-871 7 3 0 21 20 6530 0.5 0.8331527627302275
table-0400-241 8 4 0 907 419 742842 0.16666666666666666 0.12091292838234242
table-0400-971 9 4 1 14 87 2741 0.05 3.168141592920354
table-0400-661 1 2 0 5 18 990 1.0 0.07113543091655267
table-0400-298 34 5 0 104 154 508 0.5 0.8308591992802519
table-0400-961 6 2 0 137 155 3991 0.25 0.8370044052863436
table-0400-952 1 3 0 50 61 7459 0.09090909090909091 0.028272251308900525
table-0400-343 1 3 0 69 78 747 1.0 0.03849443969204448
table-0400-228 4 9 4 21 18 910 0.16666666666666666 0.48743718592964824
table-0400-932 2 4 0 283 160 17573 0.5 0.020435684647302905
table-0400-429 4 9 4 219 81 10604 0.045454545454545456 0.037408759124087594
table-0400-976 0 1 0 80 29 2775 1.0 0.0
table-0400-19 6 9 6 44 166 195 1.0 0.11764705882352941
table-0400-996 3 5 9 244 315 3327 0.05 0.008226071808768025
table-0400-411 29 11 4 161 346 142 1.0 1.3695920889987638
table-0400-436 104 5 143 191 247 27110 0.3333333333333333 15.258426966292134
table-0400-341 8 3 0 140 213 4763 1.0 0.2299794661190965
table-0400-291 2 7 0 74 76 4265 0.5 0.04024144869215292
table-0400-729 1 4 0 181 178 606 0.16666666666666666 0.18128654970760233
table-0400-726 1 5 0 181 178 606 0.16666666666666666 0.22807017543859648
table-0400-179 18 6 9 62 90 1803 0.3333333333333333 1.713350785340314
table-0400-311 1 3 0 71 89 908 1.0 0.05337837837837838
table-0400-884 1 3 0 8 4 246 1.0 0.6918238993710691
table-0400-895 2 2 0 139 159 3942 0.25 0.17341040462427745
table-0400-710 13 3 0 144 127 42867 0.04 0.00946859240454218
table-0400-676 36 9 25 126 102 1951 0.1 0.6779784445091757
table-0400-312 1 3 0 67 78 693 1.0 0.06023029229406555
table-0400-691 1 4 0 173 174 770 0.5 0.23270440251572327
table-0400-822 83 5 33 1149 1856 8753 0.1 3.0126069338135975
table-0400-902 4 8 3 39 89 917 0.08333333333333333 0.16193656093489148
table-0400-835 0 1 0 363 314 3501 1.0 0.0
table-0400-762 5 4 3 105 67 470650 0.3333333333333333 0.03490615681459393
table-0400-340 2 3 0 140 213 4763 1.0 0.04702258726899384
table-0400-510 5 8 0 95 188 1351 0.1 0.21177944862155387
table-0400-949 20 6 20 50 61 7459 0.09090909090909091 0.23699825479930192
table-0400-167 8 7 0 187 159 196755 0.1 0.09006336793851961
table-0400-361 9 4 1 180 118 22054 0.5 0.05921228900598374
table-0400-732 5 6 0 144 122 30644 0.25 0.21717791411042944
table-0400-771 15 13 39 5 42 250 1.0 3.8398950131233596
table-0400-512 1 2 0 2 17 657 1.0 0.0357653791130186
table-0400-353 2 4 1 26 56 2118 1.0 0.011454448588172616
table-0400-766 78 6 0 84 187 1156 0.3333333333333333 4.754158964879852
table-0400-53 6 3 0 37 58 1327 0.5 0.31780250347705147
table-0400-784 0 1 0 13 206 8207 1.0 0.0
table-0400-37 515 5 276 604 1289 7239 0.5 93.88676996424314
table-0400-993 3 6 0 244 315 3327 0.05 0.020032904287235073
table-0400-972 9 4 0 14 87 2741 0.05 2.510324483775811
table-0400-358 2 5 0 254 398 2377 1.0 0.2254335260115607
table-0400-700 5 2 0 144 127 42867 0.04 0.005317506604000137
table-0400-129 10 3 0 162 373 147183 0.041666666666666664 0.026907744874715263
table-0400-840 5 3 0 329 213 25476 1.0 0.052434456928838954
table-0400-999 7 4 0 244 315 3327 0.05 0.04248524145940192
table-0400-289 25 5 10 339 436 10407 0.5 2.7354497354497354
table-0400-115 10 4 10 262 533 921 0.047619047619047616 1.0723270440251573
table-0400-494 4 3 0 62 46 820 1.0 0.1435064935064935
table-0400-659 5 4 1 415 275 65534 1.0 0.030414925663200854
table-0400-630 4 3 0 134 88 47775 0.16666666666666666 0.055745464107283725
table-0400-351 3 1 0 10 21 636 1.0 0.43457943925233644
table-0400-725 16 4 0 53 174 4968 1.0 0.04163459071080318
table-0400-515 24 4 2 15 93 1726 0.25 0.9390243902439024
table-0400-833 0 1 0 363 314 3501 1.0 0.0
table-0400-600 63 5 0 40 295 19215 1.0 0.45397710878137926
table-0400-210 35 6 73 96 332 3085 0.125 7.140186915887851
table-0400-231 6 6 12 21 18 910 0.16666666666666666 0.6331658291457286
table-0400-24 1 3 0 9 10 689 1.0 0.7284768211920529
table-0400-582 6 4 5 210 192 3706 0.03333333333333333 0.05638271906272883
table-0400-702 4 4 0 144 127 42867 0.04 0.005969329994167896
table-0400-988 31 4 0 14 24 2960 0.25 0.5211267605633803
table-0400-352 6 4 0 26 56 2118 1.0 0.14331379861481086
table-0400-883 0 1 0 12 25 656 1.0 0.0
table-0400-991 10 3 3 235 181 11953 0.5 0.1594555177442878
table-0400-217 5 16 3 209 254 4162 1.0 0.009916978551209226
table-0400-588 5 10 0 210 192 3706 0.03333333333333333 0.0629729070051257
table-0400-723 19 4 0 53 174 4968 1.0 0.04824223761868104
table-0400-350 1 3 0 70 77 1068 1.0 0.05389221556886228
table-0400-425 4 9 4 219 81 10604 0.045454545454545456 0.0364963503649635
table-0400-507 3 7 0 95 188 1351 0.1 0.11027568922305764
table-0400-737 11 2 0 131 270 1869 1.0 0.004333117944429663
table-0400-617 1 3 0 38 208 1632 0.16666666666666666 0.010043369093814198
table-0400-184 3 3 3 29 45 2974 0.3333333333333333 0.047504509921828024
table-0400-801 10 2 0 439 251 76241 0.3333333333333333 0.03268143720356052
table-0400-376 3 10 5 115 130 2261 0.5 0.05910006715916723
table-0400-741 29 4 0 149 99 94967 0.3333333333333333 0.08323452691486839
table-0400-39 2 2 0 182 264 2663 1.0 0.08458961474036851
table-0400-278 3 3 0 109 132 6751 0.2 0.1341404358353511
table-0400-373 15 2 0 87 131 1756 0.5 0.48161434977578477
table-0400-242 35 6 0 907 419 742842 0.16666666666666666 0.25820991629104956
table-0400-173 11 4 0 178 120 30025 0.5 0.5425330812854442
table-0400-281 1 3 0 69 79 858 1.0 0.05225863596102746
table-0400-469 16 3 0 14 12 4248 0.3333333333333333 0.26326286398085363
table-0400-805 31 5 0 107 157 461 0.5 1.7434679334916865
table-0400-540 21 6 6 17 293 8239 0.04 1.6314432989690721
table-0400-701 5 4 0 144 127 42867 0.04 0.012384644413187417
table-0400-736 67 5 67 122 222 1866 0.3333333333333333 3.267158671586716
table-0400-8 2 3 0 31 24 1827 1.0 0.0756953944368445
table-0400-319 3 2 0 285 162 95884 0.3333333333333333 0.007287050713934023
table-0400-130 3 3 0 162 373 147183 0.041666666666666664 0.009633637053910403
table-0400-607 19 3 19 1044 595 2711 1.0 0.2046969216121866
table-0400-27 1 3 0 10 24 5304 1.0 0.04089506172839506
table-0400-370 35 8 43 34 203 861 0.2 8.846153846153847
table-0400-487 44 24 0 39 107 394 1.0 2.202680067001675
table-0400-414 32 5 0 104 153 533 0.5 1.2193229901269393
table-0400-87 24 6 47 5 15 400 0.3333333333333333 1.2162516382699868
table-0400-379 7 5 7 1371 905 633800 0.25 0.01249708401373013
table-0400-138 6 3 0 162 373 147183 0.041666666666666664 0.012575930144267274
table-0400-407 3 11 0 42 48 5741 0.5 0.2693310165073849
table-0400-811 30 5 0 107 155 378 0.5 2.447337278106509
table-0400-116 10 4 10 262 533 921 0.047619047619047616 1.1037735849056605
table-0400-384 19 4 0 26 49 20154 0.25 1.6978193146417446
table-0400-362 1 2 1 24 49 1180 1.0 0.0035653968849690375
table-0400-987 0 1 0 6 17 910 1.0 0.0
table-0400-262 12 4 0 0 0 0 0.0 3150.0
table-0400-843 50 5 0 603 784 7711 0.1111111111111111 1.3981119791666667
table-0400-610 7 4 7 1037 436 147966 0.5 0.02724081554145028
table-0400-141 17 3 0 162 373 147183 0.041666666666666664 0.05652050113895216
table-0400-667 1 3 0 16 24 1003 1.0 0.05463474524248005
table-0400-237 31 5 0 104 151 461 0.5 1.8645533141210375
table-0400-994 9 2 7 244 315 3327 0.05 0.015871479725152425
table-0400-956 13 3 1 50 61 7459 0.09090909090909091 0.3336823734729494
table-0400-178 2 2 0 62 90 1803 0.3333333333333333 0.08900523560209424
table-0400-135 14 3 0 162 373 147183 0.041666666666666664 0.03160592255125285
table-0400-856 1 3 0 72 67 38544 1.0 0.022727272727272728
table-0400-568 12 5 0 318 536 10127 0.1 0.04604328230947257
table-0400-745 2 3 0 52 79 17444 1.0 0.1097666378565255
table-0400-790 3 4 0 36 53 3633 0.25 0.09595559080095163
table-0400-730 1 5 0 181 178 606 0.16666666666666666 0.2222222222222222
table-0400-110 10 4 10 262 533 921 0.047619047619047616 1.119496855345912
table-0400-616 7 2 0 38 208 1632 0.16666666666666666 0.022711709655329832
table-0400-385 4 3 0 26 49 20154 0.25 0.17601246105919002
table-0400-240 7 4 1 907 419 742842 0.16666666666666666 0.04407240466480647
table-0400-446 1 2 1 10 26 5838 1.0 0.006168831168831169
table-0400-654 2 3 0 32 85 5970 1.0 0.054447852760736194
table-0400-505 3 6 0 95 188 1351 0.1 0.21679197994987467
table-0400-418 8 4 4 61 95 1144 0.2 0.3627450980392157
table-0400-642 6 8 0 228 257 27345 0.5 0.007137366860656638
table-0400-574 3 3 0 28 71 3858 1.0 0.07260479041916168
table-0400-171 11 6 4 82 56 21184 1.0 0.4037071944706252
table-0400-55 17 7 0 112 191 9317 0.5 0.23366524419155998
table-0400-688 8 3 0 35 162 3702 0.125 0.11069805865344899
table-0400-292 0 1 0 74 76 4265 0.5 0.0
table-0400-338 1 3 0 69 77 852 1.0 0.0539609644087256
table-0400-977 0 1 0 20 37 1507 1.0 0.0
table-0400-1 10 4 0 9 111 907 0.03225806451612903 0.04958734525447043
table-0400-301 25 5 13 343 380 2472 0.5 3.2344961240310077
table-0400-896 8 2 0 139 159 3942 0.25 1.0797687861271676
table-0400-299 25 5 14 345 378 2924 0.5 3.779835390946502
table-0400-177 2 6 3 42 57 755 0.5 0.990909090909091
table-0400-59 3 2 0 45 50 687 0.5 0.02781456953642384
table-0400-742 2 3 0 40 79 15239 1.0 0.20278969957081544
table-0400-322 3 5 0 285 162 95884 0.3333333333333333 0.018316100443131464
table-0400-522 10 5 3 57 67 1323 0.3333333333333333 0.5342789598108747
table-0400-889 1 3 0 76 104 2295 1.0 0.2669404517453799
table-0400-108 10 4 10 262 533 921 0.047619047619047616 1.1037735849056605
table-0400-478 20 3 0 266 133 81318 0.3333333333333333 0.0936163714111179
table-0400-465 5 7 0 212 216 1303 0.5 0.4580335731414868
table-0400-21 33 5 0 105 158 379 0.5 1.0545991146089524
table-0400-248 25 5 11 346 376 2621 0.5 3.532567049808429
table-0400-722 5 4 0 53 174 4968 1.0 0.01437002822684116
table-0400-146 39 4 31 143 108 34330 0.5 0.4848353552859619
table-0400-624 1 2 0 14 19 666 1.0 0.05307855626326964
table-0400-697 4 3 0 78 83 22132 1.0 0.2530839633903701
table-0400-832 0 1 0 363 314 3501 1.0 0.0
table-0400-445 1 3 0 32 55 1420 1.0 0.07610619469026549
table-0400-893 3 5 0 155 130 2751 0.5 0.1880429228410833
table-0400-142 9 3 0 162 373 147183 0.041666666666666664 0.01689445709946849
table-0400-924 6 3 3 635 463 14686 0.16666666666666666 0.1984815618221258
table-0400-647 10 9 20 170 82 7977 1.0 0.08902195608782436
table-0400-74 9 3 0 8 91 4017 0.5 0.5930635838150289
table-0400-626 5 5 0 134 88 47775 0.16666666666666666 0.13910070996581647
table-0400-594 5 10 0 210 192 3706 0.03333333333333333 0.06687820356358311
table-0400-259 1 2 1 202 252 794 0.1111111111111111 0.006669842782277275
table-0400-795 33 5 0 104 153 473 0.5 0.7621513944223107
table-0400-120 10 4 10 262 533 921 0.047619047619047616 0.9685534591194969
table-0400-738 13 3 0 131 270 1869 1.0 0.01356950093124026
table-0400-410 13 5 0 408 342 9361 0.5 0.6405472636815921
table-0400-277 1 18 0 109 132 6751 0.2 0.10799031476997578
table-0400-334 10 4 0 1369 376 955042 0.25 0.023109441052137154
table-0400-45 10 3 0 344 325 3239 1.0 0.012916666666666667
table-0400-346 12 3 0 145 230 17151 1.0 0.11605415860735009
table-0400-998 7 4 0 244 315 3327 0.05 0.03561405206619568
table-0400-898 1 4 1 39 89 917 0.08333333333333333 0.25041736227045075
table-0400-631 2 3 0 73 74 16149 1.0 0.09867877786952932
table-0400-897 6 2 0 139 159 3942 0.25 0.623121387283237
table-0400-798 1 4 0 95 55 103094 0.25 0.0553072625698324
table-0400-193 25 5 9 340 425 2077 0.5 4.425692695214106
table-0400-551 2 6 1 17 293 8239 0.04 0.15979381443298968
table-0400-216 25 5 15 343 376 2479 0.5 3.5881226053639845
table-0400-333 1 3 0 69 78 778 1.0 0.03578663065496286
table-0400-637 2 2 0 7 23 844 1.0 0.017059301380991064
table-0400-496 1 2 1 14 33 1662 1.0 0.014481707317073171
table-0400-147 0 1 0 63 46 3631 1.0 0.0
table-0400-235 1 1 1 21 18 910 0.16666666666666666 0.0
table-0400-49 3 3 0 184 200 62413 1.0 0.010735861416405852
table-0400-180 7 1 0 162 148 1636 1.0 0.2660377358490566
table-0400-534 16 6 6 17 293 8239 0.04 1.6327319587628866
table-0400-424 4 9 4 219 81 10604 0.045454545454545456 0.040145985401459854
table-0400-981 5 3 0 12 27 1212 1.0 0.2182804674457429
table-0400-263 25 5 15 339 435 10029 0.5 3.3092979127134723
table-0400-96 1 3 0 21 226 31204 1.0 0.007248187953011747
table-0400-200 25 5 17 345 378 2489 0.5 3.5344827586206895
table-0400-919 6 2 0 2 4 601 0.5 0.10959527057753524
table-0400-764 1 3 0 171 186 23511 1.0 0.013507071349118068
table-0400-456 9 4 0 2052 657 154 1.0 0.011149760854711473
table-0400-728 4 7 0 181 178 606 0.16666666666666666 1.0058479532163742
table-0400-274 1 3 0 69 78 784 1.0 0.039596273291925464
table-0400-878 3 6 0 102 1166 8372 1.0 0.006939281288723668
table-0400-911 1 3 0 24 35 1942 1.0 0.06188925081433225
table-0400-782 15 3 0 3 47 7153 1.0 0.3134093590247739
table-0400-820 57 6 35 1149 1856 8753 0.1 2.565060783430887
table-0400-825 82 5 110 1149 1856 8753 0.1 2.680324178298064
table-0400-579 5 4 4 210 192 3706 0.03333333333333333 0.0507688552599463
table-0400-77 5 7 0 233 287 9681 0.3333333333333333 0.37605804111245467
table-0400-823 62 6 93 1149 1856 8753 0.1 2.176497073390365
table-0400-938 3 2 0 52 148 29182 0.125 0.24255788313120177
table-0400-802 10 7 0 439 251 76241 0.3333333333333333 0.006393346761094146
table-0400-734 27 5 0 334 600 1219 0.041666666666666664 1.3933542882801975
table-0400-965 4 4 0 14 87 2741 0.05 1.752212389380531
table-0400-975 1 3 0 28 130 1434 1.0 0.042495479204339964
table-0400-877 5 5 0 102 1166 8372 1.0 0.014952498967368855
table-0400-122 14 56 367 149 162 26567 1.0 6.714375392341494
table-0400-391 2 3 0 31 84 4003 0.125 0.006940917555442695
table-0400-214 25 5 11 339 434 10635 0.5 3.480075901328273
table-0400-269 6 4 12 22 19 975 0.16666666666666666 0.27299703264094954
table-0400-35 23 5 0 205 433 9022 1.0 0.6109022556390977
table-0400-590 6 4 5 210 192 3706 0.03333333333333333 0.05394190871369295
table-0400-755 20 4 17 106 82 62010 0.16666666666666666 0.8198275862068966
table-0400-907 3 8 2 39 89 917 0.08333333333333333 0.1419031719532554
table-0400-754 16 4 16 106 82 62010 0.16666666666666666 0.6362068965517241
table-0400-744 2 3 0 87 103 1885 1.0 0.387459807073955
table-0400-266 4 9 4 22 19 975 0.16666666666666666 0.13056379821958458
table-0400-426 4 9 3 219 81 10604 0.045454545454545456 0.07664233576642336
table-0400-751 0 1 0 33 16 13736 1.0 0.0
table-0400-61 29 3 0 6 16 2171 0.3333333333333333 0.10391293081109096
table-0400-380 23 3 0 1371 905 633800 0.25 0.042723364548272066
table-0400-800 9 2 0 17 28 9507 0.5 0.1787280701754386
table-0400-119 10 4 10 262 533 921 0.047619047619047616 1.1226415094339623
table-0400-310 41 3 0 38 43 1919 0.5 5.508620689655173
table-0400-225 11 4 3 208 229 942 0.09090909090909091 0.9926739926739927
table-0400-881 10 5 0 102 1166 8372 1.0 0.02560925237505163
table-0400-357 32 5 0 254 398 2377 1.0 3.8554913294797686
table-0400-128 12 3 0 162 373 147183 0.041666666666666664 0.05552391799544419
table-0400-763 14 4 1 105 67 470650 0.3333333333333333 0.1762848623048588
table-0400-511 2 6 0 95 188 1351 0.1 0.07894736842105263
table-0400-453 1 4 0 139 153 631 0.5 0.22767857142857142
table-0400-239 4 4 0 907 419 742842 0.16666666666666666 0.04264148243542963
table-0400-776 3 3 3 226 102 113832 0.5 0.04792147806004619
table-0400-677 48 9 31 126 102 1951 0.1 1.0805418001747742
table-0400-583 6 4 5 210 192 3706 0.03333333333333333 0.06199658286551135
table-0400-71 14 5 5 57 229 6385 1.0 0.2659428257284222
table-0400-844 29 5 0 603 784 7711 0.1111111111111111 0.7802734375
table-0400-172 32 5 0 104 151 677 0.5 1.7284263959390862
table-0400-378 7 3 0 1371 905 633800 0.25 0.015463058619655414
table-0400-743 3 3 0 217 380 4748 1.0 0.17909475740801042
table-0400-618 1 3 0 38 208 1632 0.16666666666666666 0.012325952978771969
table-0400-54 15 2 0 11 25 1251 1.0 0.1874062968515742
table-0400-435 4 2 3 191 247 27110 0.3333333333333333 0.32134831460674157
table-0400-591 10 7 0 210 192 3706 0.03333333333333333 0.1869660727361484
table-0400-706 6 4 0 144 127 42867 0.04 0.024666369343716764
table-0400-68 14 5 5 57 229 6385 1.0 0.31981858163826277
table-0400-652 2 3 0 16 14 1044 1.0 0.8881987577639752
table-0400-348 1 3 0 74 86 1670 1.0 0.027657266811279828
table-0400-375 10 4 0 194 145 31785 0.5 0.07594044577570258
table-0400-46 5 3 0 68 96 44404 1.0 0.014194610162518
table-0400-569 7 5 0 318 536 10127 0.1 0.026188639408826993
table-0400-774 8 5 0 16 47 2388 0.5 1.5436893203883495
table-0400-447 42 4 42 117 104 40481 0.5 9.474885844748858
table-0400-814 16 6 0 186 666 793 1.0 0.18068424803991448
table-0400-817 19 3 0 453 462 75095 0.5 0.06204317525072242
table-0400-468 7 3 0 7 33 693 0.5 0.4125560538116592
table-0400-475 2 6 0 64 184 2232 1.0 0.05341246290801187
table-0400-767 11 5 0 84 187 1156 0.3333333333333333 0.7430683918669131
table-0400-392 5 5 5 31 84 4003 0.125 0.027425088877602845
table-0400-195 25 5 13 339 485 10054 0.5 2.63550135501355
table-0400-585 7 4 6 210 192 3706 0.03333333333333333 0.06077617769099341
table-0400-150 9 4 0 14420 752 1164442 0.25 0.009894751581059952
table-0400-682 74 11 255 126 102 1951 0.1 0.299009612583746
table-0400-40 15 2 0 182 264 2663 1.0 0.43634840871021774
table-0400-204 2 3 0 51 237 2815 1.0 0.3560606060606061
table-0400-864 2 4 0 139 147 750 0.5 0.25227272727272726
table-0400-7 2 3 0 8 9 940 1.0 1.0988593155893536
table-0400-396 4 9 3 211 94 10510 0.1 0.09976798143851508
table-0400-206 4 6 6 96 332 3085 0.125 1.0
table-0400-227 2 9 1 208 229 942 0.09090909090909091 0.24725274725274726
table-0400-828 46 6 19 1149 1856 8753 0.1 2.2926609635299413
table-0400-806 1 7 1 47 55 6242 1.0 0.0074418604651162795
table-0400-946 24 24 0 30 67 377 1.0 1.1578947368421053
table-0400-131 18 3 0 162 373 147183 0.041666666666666664 0.0489749430523918
table-0400-775 31 5 0 104 152 597 0.5 1.4636441402908469
table-0400-466 2 6 1 212 216 1303 0.5 0.23980815347721823
table-0400-192 2 3 0 51 248 3532 1.0 0.31839622641509435
table-0400-842 13 2 0 603 784 7711 0.1111111111111111 0.17578125
table-0400-646 4 3 0 60 77 1213 1.0 0.20515222482435597
table-0400-337 1 3 0 70 86 997 1.0 0.03269024651661308
table-0400-17 4 3 0 49 99 1854 1.0 0.13466334164588528
table-0400-123 1 5 0 32 46 3338 1.0 0.15373352855051245
table-0400-477 7 2 0 81 196 4234 0.5 0.009808013355592655
table-0400-355 25 5 12 2 440 1702 1.0 3.3548387096774195
table-0400-213 30 5 0 104 151 605 0.5 1.8017241379310345
table-0400-860 67 11 13 11 32 727 0.5 2.9722222222222223
table-0400-14 17 8 0 93 100 1846 0.3333333333333333 2.605371900826446
table-0400-490 0 1 0 41 69 1742 1.0 0.0
table-0400-104 10 4 10 262 533 921 0.047619047619047616 1.1415094339622642
table-0400-948 5 3 0 50 61 7459 0.09090909090909091 0.17347294938917976
table-0400-199 25 5 14 336 437 10525 0.5 3.4686907020872866
table-0400-592 5 10 0 210 192 3706 0.03333333333333333 0.10763973639248231
table-0400-703 11 4 0 144 127 42867 0.04 0.013791210676181002
table-0400-502 1 2 1 11 24 8843 1.0 0.02823179791976226
table-0400-89 25 5 25 5 15 400 0.3333333333333333 1.3538663171690695
table-0400-42 3 2 0 18 34 1915 0.3333333333333333 0.8105263157894737
table-0400-92 12 6 1 29 15 594 0.5 1.2821576763485478
table-0400-203 30 5 0 104 154 484 0.5 1.2865853658536586
table-0400-827 79 6 118 1149 1856 8753 0.1 3.4101755965781178
table-0400-758 2 5 2 106 82 62010 0.16666666666666666 0.08362068965517241
table-0400-163 6 3 0 61 78 1860 0.0625 0.10352941176470588
table-0400-656 0 1 0 165 269 2621 1.0 0.0
table-0400-488 2 3 0 20 46 1579 1.0 0.06393949810931591
table-0400-606 5 3 0 37 46 1061 0.3333333333333333 0.42
table-0400-739 2 3 0 46 74 14260 1.0 0.11363636363636363
table-0400-354 1 3 0 68 86 885 1.0 0.02490886998784933
table-0400-398 4 9 2 211 94 10510 0.1 0.14501160092807425
table-0400-467 4 3 0 23 92 2260 1.0 0.08618288720408479
table-0400-978 0 1 0 35 31 1877 1.0 0.0
table-0400-218 13 2 0 209 254 4162 1.0 0.007599217280620096
table-0400-713 11 3 0 144 127 42867 0.04 0.007410202751380836
table-0400-863 35 5 0 108 162 485 0.5 2.689484126984127
table-0400-145 11 13 0 188 137 469175 0.3333333333333333 0.03537170263788969
table-0400-332 25 5 11 337 436 2606 0.5 3.3453510436432636
table-0400-474 2 5 0 64 184 2232 1.0 0.05934718100890208
table-0400-705 7 3 0 144 127 42867 0.04 0.01036056125424543
table-0400-417 1 3 0 61 95 1144 0.2 0.11642156862745098
table-0400-99 13 3 0 166 247 9917 0.5 0.07802367472979928
table-0400-746 4 3 0 430 468 8172 1.0 0.04410046728971963
table-0400-421 15 2 2 144 233 5656 0.5 1.1073025335320417
table-0400-565 1 8 1 318 536 10127 0.1 0.004303869422225832
table-0400-686 7 3 0 35 162 3702 0.125 0.1111111111111111
table-0400-874 2 2 2 104 129 27992 0.25 0.019062748212867357
table-0400-155 12 3 0 61 78 1860 0.0625 0.47137254901960784
table-0400-394 15 3 0 31 84 4003 0.125 0.03944472659556458
table-0400-612 3 2 0 21 36 1448 1.0 0.05559673832468495
table-0400-990 7 4 0 14 24 2960 0.25 0.5197183098591549
table-0400-442 6 4 2 91 122 859 0.2 0.25295508274231676
table-0400-752 8 4 9 106 82 62010 0.16666666666666666 0.2396551724137931
table-0400-826 88 6 101 1149 1856 8753 0.1 3.311121116614138
table-0400-662 3 3 0 76 70 20196 1.0 0.1765380206343141
table-0400-5 32 5 0 104 154 446 0.5 1.5148995148995148
table-0400-559 46 4 0 318 536 10127 0.1 0.057127776198790045
table-0400-699 8 4 0 144 127 42867 0.04 0.018491200384232735
table-0400-796 9 4 6 95 55 103094 0.25 0.21955307262569831
table-0400-923 7 3 6 635 463 14686 0.16666666666666666 0.2017353579175705
table-0400-772 1 3 0 5 42 250 1.0 0.24934383202099739
table-0400-955 3 3 0 50 61 7459 0.09090909090909091 0.06422338568935428
table-0400-684 5 3 0 35 162 3702 0.125 0.11193721602643536
table-0400-470 3 2 0 6023 806 5606700 0.5 0.000991461292541783
table-0400-942 46 4 40 52 148 29182 0.125 3.8996692392502754
table-0400-63 14 5 5 57 229 6385 1.0 0.29054425508521164
table-0400-944 8 2 0 270 273 2205 0.3333333333333333 0.015238095238095238
table-0400-302 12 5 0 166 222 7080 0.5 4.9309576837416484
table-0400-529 6 6 3 17 293 8239 0.04 0.47551546391752575
table-0400-493 7 9 6 564 543 45174 0.5 0.058792924037460975
table-0400-149 31 5 0 104 151 428 0.5 1.6687279151943464
table-0400-599 8 4 7 210 192 3706 0.03333333333333333 0.06639004149377593
table-0400-151 0 1 0 56 46 1829 1.0 0.0
table-0400-718 13 3 1 308 199 58935 0.3333333333333333 0.06802831800797461
table-0400-430 1 1 1 219 81 10604 0.045454545454545456 0.0
table-0400-632 2 2 0 50 40 880 0.3333333333333333 0.19375
table-0400-72 14 5 5 57 229 6385 1.0 0.34730621220450797
table-0400-481 4 2 0 12 27 1783 0.16666666666666666 0.05006485084306096
table-0400-549 39 6 11 17 293 8239 0.04 3.0502577319587627
table-0400-157 7 3 0 61 78 1860 0.0625 0.2407843137254902
table-0400-459 9 4 0 2052 657 154 1.0 0.01292005714640661
table-0400-614 4 2 0 38 208 1632 0.16666666666666666 0.013010728144259302
table-0400-922 31 3 22 635 463 14686 0.16666666666666666 0.982646420824295
table-0400-704 5 4 0 144 127 42867 0.04 0.007135750797625991
table-0400-164 21 7 0 170 127 3398 1.0 4.239344262295082
table-0400-276 2 29 2 109 132 6751 0.2 0.9225181598062954
table-0400-885 0 1 0 7 12 647 1.0 0.0
table-0400-708 3 3 0 144 127 42867 0.04 0.0016467117225290747
table-0400-581 5 4 4 210 192 3706 0.03333333333333333 0.04979253112033195
table-0400-629 1 5 0 134 88 47775 0.16666666666666666 0.024454378122534842
table-0400-286 1 5 0 42 83 633 0.3333333333333333 0.26181818181818184
table-0400-573 0 1 0 374 326 17064 0.3333333333333333 0.0
table-0400-939 19 12 16 52 148 29182 0.125 2.0165380374862183
table-0400-30 4 3 0 205 433 9022 1.0 0.07636278195488722
table-0400-316 2 3 0 144 208 1612 1.0 0.07033539563660046
table-0400-288 6 10 18 0 0 0 0.0 552.0
table-0400-524 0 1 0 0 0 0 0.0 0.0
table-0400-980 1 3 0 83 70 6238 1.0 0.023582089552238807
table-0400-759 1 5 1 106 82 62010 0.16666666666666666 0.054310344827586204
table-0400-347 25 5 13 339 440 2171 0.5 3.4648956356736242
table-0400-873 8 2 0 97 155 1398 0.16666666666666666 0.2967581047381546
table-0400-597 7 4 6 210 192 3706 0.03333333333333333 0.06785452770319746
table-0400-560 28 7 11 318 536 10127 0.1 0.08725486215437087
table-0400-247 13 11 46 83 133 834 0.25 2.3598326359832638
table-0400-306 1 11 0 190 278 2518 1.0 0.05902192242833052
table-0400-431 3 8 5 35 223 1331 0.25 0.20614828209764918
table-0400-901 3 8 2 39 89 917 0.08333333333333333 0.18363939899833054
table-0400-951 5 3 0 50 61 7459 0.09090909090909091 0.2799301919720768
table-0400-757 7 3 7 106 82 62010 0.16666666666666666 0.14913793103448275
table-0400-824 77 6 11 1149 1856 8753 0.1 3.866726699684827
table-0400-531 40 6 8 17 293 8239 0.04 3.479381443298969
table-0400-665 14 2 0 28138 1457 3590670 0.25 0.003998490365882269
table-0400-657 1 5 0 168 173 734 0.5 0.24561403508771928
table-0400-859 53 5 53 601 1089 5903 0.3333333333333333 12.280590717299578
table-0400-408 31 5 0 104 152 413 0.5 1.6175115207373272
table-0400-731 4 5 3 144 122 30644 0.25 0.3214723926380368
table-0400-958 20 6 20 50 61 7459 0.09090909090909091 0.21535776614310645
table-0400-205 2 6 3 96 332 3085 0.125 0.6105919003115264
table-0400-183 26 5 15 727 661 133698 1.0 2.610067618332081
table-0400-554 20 10 0 318 536 10127 0.1 0.0405619391773925
table-0400-841 3 11 2 59 87 2437 0.5 0.5728194726166329
table-0400-853 26 4 0 81 112 8380 1.0 32.217948717948715
table-0400-580 6 4 5 210 192 3706 0.03333333333333333 0.048328044910910424
table-0400-536 2 6 1 17 293 8239 0.04 0.15463917525773196
table-0400-112 10 4 10 262 533 921 0.047619047619047616 1.119496855345912
table-0400-557 16 7 6 318 536 10127 0.1 0.06683178366965772
table-0400-813 60 6 165 210 156 325474 1.0 0.31984156455006807
table-0400-285 36 5 0 104 161 433 0.5 0.9252418645558487
table-0400-102 10 4 10 262 533 921 0.047619047619047616 1.0534591194968554
table-0400-107 10 4 10 262 533 921 0.047619047619047616 1.179245283018868
table-0400-472 7 5 0 6023 806 5606700 0.5 0.017279753955728217
table-0400-136 9 3 0 162 373 147183 0.041666666666666664 0.028663629460895977
table-0400-32 57 4 42 205 433 9022 1.0 1.2760808270676691
table-0400-309 1 3 0 67 76 676 1.0 0.044801352493660185
table-0400-836 13 10 0 363 314 3501 1.0 0.2301006404391583
table-0400-187 25 5 12 338 425 1776 0.5 4.324937027707809
table-0400-174 33 5 0 104 155 502 0.5 1.3059190031152648
table-0400-671 3 2 0 112 154 3744 0.25 0.07142857142857142
table-0400-954 3 3 0 50 61 7459 0.09090909090909091 0.11762652705061082
table-0400-365 9 3 0 824 670 130721 1.0 0.005410279531109108
table-0400-528 12 6 6 17 293 8239 0.04 1.0760309278350515
table-0400-849 2 2 0 49 60 2698 0.5 0.020752269779507133
table-0400-495 1 3 0 323 148 473132 1.0 0.007401167338588362
table-0400-364 1 3 0 69 77 773 1.0 0.05728643216080402
table-0400-78 106 8 89 55 165 19211 1.0 0.9586256093211271
table-0400-434 4 2 4 14 47 1367 1.0 0.11981020166073547
table-0400-20 0 1 0 44 166 195 1.0 0.0
table-0400-821 17 3 3 1149 1856 8753 0.1 0.41422782530391716
table-0400-979 18 2 0 4 38 2627 1.0 0.9774266365688488
table-0400-86 25 5 16 5 15 400 0.3333333333333333 1.327653997378768
table-0400-84 24 6 34 5 15 400 0.3333333333333333 1.4416775884665793
table-0400-293 30 5 0 104 150 841 0.5 1.9775943396226414
table-0400-109 10 4 10 262 533 921 0.047619047619047616 1.0974842767295598
table-0400-295 1 3 0 46 145 1237 1.0 0.05062126092959043
table-0400-674 13 5 1 126 102 1951 0.1 0.19254296533644044
table-0400-791 31 5 0 104 151 857 0.5 1.493103448275862
table-0400-368 2 4 0 271 285 13990 1.0 0.05934018851756641
table-0400-960 8 2 0 137 155 3991 0.25 1.327459618208517
table-0400-514 6 7 4 15 93 1726 0.25 0.2597560975609756
table-0400-783 2 2 0 13 206 8207 1.0 0.031068983675618746
table-0400-525 10 5 0 146 197 2890 0.25 0.3143767060964513
table-0400-372 1 3 0 6 31 342 1.0 0.11030595813204509
table-0400-492 5 3 0 79 103 931 0.3333333333333333 0.21923937360178972
table-0400-246 2 2 0 83 133 834 0.25 0.301255230125523
table-0400-834 8 10 0 363 314 3501 1.0 0.17154620311070448
table-0400-489 44 4 2 155 447 15231 0.1111111111111111 0.369167106885015
table-0400-787 10 10 24 9 42 384 1.0 0.9385964912280702
table-0400-935 13 6 12 52 148 29182 0.125 1.0639470782800442
table-0400-389 5 2 0 31 84 4003 0.125 0.022684950059251734
table-0400-143 10 3 0 162 373 147183 0.041666666666666664 0.032649962034927864
table-0400-11 31 5 0 104 152 563 0.5 1.9970414201183433
table-0400-371 6 11 0 34 203 861 0.2 0.5787545787545788
table-0400-386 7 12 42 31 84 4003 0.125 0.07194853563568647
table-0400-501 1 2 1 13 29 1814 1.0 0.013848396501457727
table-0400-441 6 4 2 91 122 859 0.2 0.2695035460992908
table-0400-628 10 6 0 134 88 47775 0.16666666666666666 0.16066263476202997
table-0400-519 5 13 0 107 101 10089 0.3333333333333333 0.12958662331630283
table-0400-769 12 13 10 6 44 179 1.0 2.744343891402715
table-0400-482 1 3 0 57 82 946 0.5 0.19727891156462585
table-0400-719 9 4 0 308 199 58935 0.3333333333333333 0.0753519407600293
table-0400-69 14 5 5 57 229 6385 1.0 0.3066245189664651
table-0400-463 9 4 0 2052 657 154 1.0 0.01292005714640661
table-0400-290 0 1 0 71 77 17216 1.0 0.0
table-0400-666 0 1 0 7 20 2484 1.0 0.0
table-0400-914 2 3 0 85 111 14954 1.0 0.03768844221105527
table-0400-558 1 7 1 318 536 10127 0.1 0.0028015753786187017
table-0400-532 42 6 10 17 293 8239 0.04 3.3427835051546393
table-0400-126 26 3 0 162 373 147183 0.041666666666666664 0.05922551252847381
table-0400-950 9 6 9 50 61 7459 0.09090909090909091 0.10890052356020942
table-0400-148 1 3 0 77 133 2013 1.0 0.10643015521064302
table-0400-957 20 6 20 50 61 7459 0.09090909090909091 0.2181500872600349
table-0400-613 51 4 51 308 644 36444 1.0 4.852674066599395
table-0400-973 4 4 0 14 87 2741 0.05 1.7168141592920354
table-0400-452 0 1 0 40 81 5493 0.5 0.0
table-0400-382 1 2 0 8 15 1219 0.5 0.03571428571428571
table-0400-156 7 3 0 61 78 1860 0.0625 0.26823529411764707
table-0400-400 4 9 3 211 94 10510 0.1 0.08236658932714618
table-0400-10 1 3 0 8 13 1077 1.0 0.17647058823529413
table-0400-451 1 2 0 40 81 5493 0.5 0.05421686746987952
table-0400-67 0 0 0 57 229 6385 1.0 0.0
table-0400-254 9 5 0 588 806 11085 0.1 0.2480202724105163
table-0400-653 2 4 2 93 98 1479 0.5 0.13018714401952808
table-0400-848 4 5 0 603 784 7711 0.1111111111111111 0.11393229166666667
table-0400-165 31 5 0 104 153 445 0.5 1.3735593220338984
table-0400-643 10 3 0 10 23 1283 0.5 0.9446540880503145
table-0400-622 7 4 0 23 16 9338 0.3333333333333333 0.36890021849963583
table-0400-797 15 4 1 95 55 103094 0.25 0.6737430167597765
table-0400-966 15 4 0 14 87 2741 0.05 3.489675516224189
table-0400-634 13 12 19 140 110 1434 0.5 0.9262877442273535
table-0400-315 1 3 0 74 90 1129 1.0 0.04020979020979021
table-0400-233 1 6 2 21 18 910 0.16666666666666666 0.10050251256281408
table-0400-537 35 6 6 17 293 8239 0.04 2.545103092783505
table-0400-133 16 3 0 162 373 147183 0.041666666666666664 0.0534832953682612
table-0400-198 25 5 17 346 377 2667 0.5 3.0402298850574714
table-0400-683 117 11 236 35 162 3702 0.125 2.520859149111937
table-0400-649 1 2 1 46 106 3842 1.0 0.010117145899893504
table-0400-152 2 2 0 61 78 1860 0.0625 0.06431372549019608
table-0400-812 15 3 0 647 450 42573 0.5 0.26965743389381147
table-0400-855 15 2 0 143 213 4119 0.5 1.3500866551126516
table-0400-93 3 2 0 20 24 10245 0.3333333333333333 0.08010801080108011
table-0400-336 1 3 0 24 77 1467 1.0 0.03861788617886179
table-0400-899 14 3 13 39 89 917 0.08333333333333333 0.4240400667779633
table-0400-166 2 8 0 187 159 196755 0.1 0.013617365511662398
table-0400-810 1 3 0 40 47 4806 1.0 0.05778432094221568
table-0400-556 10 5 0 318 536 10127 0.1 0.03910024767550448
table-0400-695 76 6 6 0 0 0 0.0 9031.0
table-0400-85 24 5 19 5 15 400 0.3333333333333333 1.3302752293577982
table-0400-215 14 56 367 152 165 26135 1.0 7.928836174944403
table-0400-196 25 5 15 340 422 2647 0.5 2.4653739612188366
table-0400-578 6 4 5 210 192 3706 0.03333333333333333 0.06443739321454722
table-0400-799 2 2 2 20 65 6689 1.0 0.03204272363150868
table-0400-548 29 6 7 17 293 8239 0.04 2.3492268041237114
table-0400-733 5 4 0 32 71 5273 0.5 0.18240114000712504
table-0400-542 8 6 3 17 293 8239 0.04 0.5670103092783505
table-0400-405 3 4 0 439 411 39495 0.5 0.005465109589829143
table-0400-491 1 3 0 79 103 931 0.3333333333333333 0.1644295302013423
table-0400-609 5 3 0 1037 436 147966 0.5 0.002500480861704174
table-0400-716 7 4 0 144 127 42867 0.04 0.012281724930529349
table-0400-931 4 4 0 283 160 17573 0.5 0.02987551867219917
table-0400-43 3 3 1 18 34 1915 0.3333333333333333 1.4280701754385965
table-0400-402 1 1 1 211 94 10510 0.1 0.0
table-0400-284 13 9 5 35 118 3560 0.2 0.406094968107725
table-0400-134 33 3 0 162 373 147183 0.041666666666666664 0.15831435079726652
table-0400-287 44 7 6 42 83 633 0.3333333333333333 11.352727272727273
table-0400-541 4 6 3 17 293 8239 0.04 0.31572164948453607
table-0400-644 2 3 0 44 61 945 1.0 0.2662251655629139
table-0400-153 6 3 0 61 78 1860 0.0625 0.13411764705882354
table-0400-427 4 9 4 219 81 10604 0.045454545454545456 0.037408759124087594
table-0400-303 4 3 0 7 73 833 1.0 0.1866306027820711
table-0400-403 20 6 0 11 43 3547 0.5 1.0882758620689654
table-0400-176 1 2 0 0 0 0 0.0 34.0
table-0400-23 1 3 0 10 16 1340 1.0 0.12975778546712802
table-0400-432 21 5 0 35 223 1331 0.25 1.7088607594936709
table-0400-471 34 5 0 6023 806 5606700 0.5 0.12935534782080854
table-0400-207 37 6 81 96 332 3085 0.125 7.595015576323988
table-0400-31 11 3 0 205 433 9022 1.0 0.2730263157894737
table-0400-538 87 6 15 17 293 8239 0.04 6.418814432989691
table-0400-159 6 3 0 61 78 1860 0.0625 0.12470588235294118
table-0400-985 3 5 0 117 106 3758 0.2 0.20738636363636365
table-0400-678 38 8 32 126 102 1951 0.1 0.7958054180017478
table-0400-257 2 3 2 202 252 794 0.1111111111111111 0.023344449737970462
table-0400-586 5 4 4 210 192 3706 0.03333333333333333 0.04491091042226019
table-0400-253 21 5 0 588 806 11085 0.1 0.5821982895153627
table-0400-930 14 3 0 283 160 17573 0.5 0.1421161825726141
table-0400-792 30 5 0 104 150 429 0.5 1.7216699801192843
table-0400-230 4 9 4 21 18 910 0.16666666666666666 0.21608040201005024
table-0400-521 2 3 0 44 58 1154 0.5 0.00996168582375479
table-0400-267 4 4 8 22 19 975 0.16666666666666666 0.18397626112759644
table-0400-793 14 4 6 367 613 191832 0.2 0.3906731192256929
table-0400-670 2 5 1 112 154 3744 0.25 0.07414104882459313
table-0400-443 8 3 0 91 122 859 0.2 0.33687943262411346
