table_id rows cols nulls inlinks outlinks views table_imp table_fraction
table-0103-577 1 4 0 193 363 112724 0.1111111111111111 0.003694880645631776
table-0103-927 0 1 0 249 339 3975 0.16666666666666666 0.0
table-0103-743 2 7 0 231 416 7746 0.04 0.018535469107551487
table-0103-824 7 11 0 157 356 2807 0.06666666666666667 0.11131320480174609
table-0103-607 16 4 16 134 112 2915 0.5 4.38177874186551
table-0103-826 0 1 0 157 356 2807 0.06666666666666667 0.0
table-0103-647 9 7 0 158 401 3959 0.0625 0.07439134355275022
table-0103-164 0 1 0 551 563 7131 0.06666666666666667 0.0
table-0103-358 1 3 0 7 44 1004 1.0 0.05811138014527845
table-0103-478 17 4 1 192 237 5621 1.0 0.09003866691217087
table-0103-261 10 4 10 168 484 1984 1.0 3.586734693877551
table-0103-7 0 1 0 309 381 4350 0.125 0.0
table-0103-632 1 2 1 41 58 1953 0.5 0.012726054922973878
table-0103-528 5 8 0 518 658 33921 0.023809523809523808 0.012223789374706159
table-0103-716 28 9 14 163 369 4153 0.0625 0.9872549019607844
table-0103-199 2 2 0 250 252 139890 0.3333333333333333 0.009591264571344252
table-0103-463 5 5 0 160 396 3487 0.05555555555555555 0.06125053168864313
table-0103-240 7 10 4 106 160 1338 0.25 0.2981715893108298
table-0103-255 1 3 0 73 79 960 1.0 0.27983539094650206
table-0103-530 1 3 0 518 658 33921 0.023809523809523808 0.00846262341325811
table-0103-843 26 9 16 158 350 2797 0.07142857142857142 0.7578276530894985
table-0103-464 26 9 12 160 396 3487 0.05555555555555555 0.7552105487026797
table-0103-605 5 9 1 228 445 7626 0.043478260869565216 0.09642248722316865
table-0103-376 5 5 0 164 415 3237 0.06666666666666667 0.09717767799871713
table-0103-818 4 3 1 50 106 5048 0.3333333333333333 0.011880614314691394
table-0103-401 27 9 12 158 404 3300 0.0625 1.729129129129129
table-0103-523 23 9 10 518 658 33921 0.023809523809523808 0.1535025858015985
table-0103-941 8 3 7 268 195 36064 0.5 0.04450603195304858
table-0103-282 2 4 0 195 242 100894 0.16666666666666666 0.0338750527648797
table-0103-963 2 8 0 246 346 3553 0.16666666666666666 0.03857457751653196
table-0103-208 6 4 0 84 122 34480 0.25 0.02019605527341443
table-0103-546 9 7 0 422 601 28350 0.02564102564102564 0.05456
table-0103-384 25 9 14 164 415 3237 0.06666666666666667 0.9166132135984606
table-0103-485 3 7 0 154 375 3362 0.04 0.03713080168776371
table-0103-68 7 5 0 319 395 3787 0.125 0.18078324225865208
table-0103-119 0 1 0 313 539 5307 0.0625 0.0
table-0103-129 5 5 0 374 600 8025 0.05263157894736842 0.08285004142502071
table-0103-92 1 7 0 319 398 4557 0.125 0.016304347826086956
table-0103-713 0 1 0 163 369 4153 0.0625 0.0
table-0103-624 10 3 0 621 332 39160 0.5 0.03310344827586207
table-0103-225 13 6 0 210 278 119515 0.14285714285714285 0.04216908978157514
table-0103-193 9 2 0 33 37 2748 0.3333333333333333 0.0764050764050764
table-0103-677 1 4 0 159 230 56028 0.3333333333333333 0.004525569467491326
table-0103-124 0 1 0 358 592 6096 0.047619047619047616 0.0
table-0103-807 0 1 0 159 320 3470 0.07142857142857142 0.0
table-0103-692 26 9 12 153 350 2935 0.0625 1.8198757763975155
table-0103-411 6 4 0 164 420 3736 0.0625 0.35916134913400183
table-0103-216 2 4 0 210 278 119515 0.14285714285714285 0.008130641493833116
table-0103-873 9 12 0 169 371 6978 0.05555555555555555 0.030194619347452777
table-0103-285 2 4 0 195 242 100894 0.16666666666666666 0.014246517517940059
table-0103-203 0 1 0 250 252 139890 0.3333333333333333 0.0
table-0103-20 9 8 0 308 382 4229 0.125 0.22216468151216986
table-0103-995 0 1 0 304 488 7917 0.0625 0.0
table-0103-67 0 1 0 365 455 6092 0.1 0.0
table-0103-926 0 1 0 249 339 3975 0.16666666666666666 0.0
table-0103-879 4 7 0 169 371 6978 0.05555555555555555 0.008586147681740127
table-0103-251 24 7 2 188 189 30573 0.125 0.048513002250850056
table-0103-171 0 1 0 314 552 6090 0.058823529411764705 0.0
table-0103-25 5 4 0 308 382 4229 0.125 0.3438632832729156
table-0103-739 7 5 0 231 416 7746 0.04 0.09176201372997711
table-0103-509 1 9 1 160 375 4218 0.07142857142857142 0.041989400733795354
table-0103-565 4 4 0 193 363 112724 0.1111111111111111 0.014001652972920414
table-0103-178 0 1 0 547 542 8590 0.06666666666666667 0.0
table-0103-215 9 2 2 210 278 119515 0.14285714285714285 0.024805346930338316
table-0103-73 0 1 0 319 395 3787 0.125 0.0
table-0103-131 14 7 0 374 600 8025 0.05263157894736842 0.1632145816072908
table-0103-907 5 5 0 252 334 4373 0.16666666666666666 0.16946211683053788
table-0103-33 1 3 0 744 540 16786 0.047619047619047616 0.03409363745498199
table-0103-102 6 4 0 377 598 6903 0.058823529411764705 0.19798488664987404
table-0103-307 0 1 0 159 424 3725 0.125 0.0
table-0103-426 0 1 0 164 402 3229 0.06666666666666667 0.0
table-0103-306 6 4 0 159 424 3725 0.125 0.11397817752875258
table-0103-981 13 4 6 1669 785 1019473 0.25 0.022525689561925365
table-0103-342 6 4 0 161 433 3681 0.0625 0.11428984250830805
table-0103-962 5 5 0 246 346 3553 0.16666666666666666 0.10984570168993388
table-0103-939 8 3 7 268 195 36064 0.5 0.04254972285621128
table-0103-703 0 1 0 378 344 166947 0.16666666666666666 0.0
table-0103-892 0 1 0 255 348 3357 0.16666666666666666 0.0
table-0103-912 12 7 0 252 334 4373 0.16666666666666666 0.2857142857142857
table-0103-15 2 7 0 311 383 4201 0.1111111111111111 0.02986087546657618
table-0103-472 1 2 0 24 36 2901 0.5 0.019425675675675675
table-0103-502 0 1 0 160 375 4218 0.07142857142857142 0.0
table-0103-532 28 9 16 518 658 33921 0.023809523809523808 0.17900799247766808
table-0103-754 7 9 6 231 416 7746 0.04 0.16384439359267736
table-0103-662 15 7 0 226 446 5910 0.043478260869565216 0.09224255254801149
table-0103-950 7 4 0 249 341 3286 0.16666666666666666 0.8340971585701191
table-0103-321 0 1 0 165 408 4014 0.0625 0.0
table-0103-254 46 3 0 188 189 30573 0.125 0.09228485225803362
table-0103-370 29 9 14 156 399 3842 0.058823529411764705 0.5850487540628385
table-0103-707 7 5 0 163 369 4153 0.0625 0.12973856209150328
table-0103-341 0 1 0 161 433 3681 0.0625 0.0
table-0103-499 9 7 0 160 375 4218 0.07142857142857142 0.15980432123929883
table-0103-671 27 9 10 226 446 5910 0.043478260869565216 0.463481022228943
table-0103-293 1 3 0 195 242 100894 0.16666666666666666 0.018151118615449557
table-0103-431 28 9 20 164 402 3229 0.06666666666666667 0.9622950819672131
table-0103-397 0 1 0 158 404 3300 0.0625 0.0
table-0103-43 5 4 0 309 393 4128 0.125 0.26808336738863914
table-0103-503 5 9 2 160 375 4218 0.07142857142857142 0.24745209947003668
table-0103-867 26 9 23 158 340 2789 0.06666666666666667 1.1040242976461656
table-0103-175 5 5 0 547 542 8590 0.06666666666666667 0.1164488854727133
table-0103-613 6 4 0 180 403 4946 0.14285714285714285 0.23555697414618576
table-0103-916 5 5 0 248 336 3338 0.16666666666666666 0.2997967479674797
table-0103-860 4 4 0 158 340 2789 0.06666666666666667 0.2099468488990129
table-0103-744 5 8 0 231 416 7746 0.04 0.04553775743707094
table-0103-301 0 1 0 159 424 3725 0.125 0.0
table-0103-676 9 2 5 159 230 56028 0.3333333333333333 0.02187358575954141
table-0103-185 1 3 0 14 22 327 1.0 0.2925851703406814
table-0103-336 5 5 0 161 433 3681 0.0625 0.04262389828059529
table-0103-831 31 9 18 157 356 2807 0.06666666666666667 1.2539105129137869
table-0103-874 12 11 0 169 371 6978 0.05555555555555555 0.039567830566685745
table-0103-109 0 1 0 321 567 4730 0.058823529411764705 0.0
table-0103-241 1 1 1 106 160 1338 0.25 0.0
table-0103-244 11 2 0 154 181 10140 0.5 1.508910891089109
table-0103-524 9 8 0 518 658 33921 0.023809523809523808 0.025152797367183826
table-0103-267 18 4 18 171 571 1315 1.0 6.484375
table-0103-471 1 2 0 7 22 1005 0.5 0.018599562363238512
table-0103-900 52 3 0 52 38 4255 0.125 2.3962999026290164
table-0103-197 2 3 0 40 299 9684 1.0 0.05351386202450032
table-0103-738 2 3 0 114 87 7570 1.0 0.19633152173913043
table-0103-235 11 3 0 210 278 119515 0.14285714285714285 0.10728312547371323
table-0103-587 6 22 0 193 363 112724 0.1111111111111111 0.061500316009528905
table-0103-432 26 9 10 164 402 3229 0.06666666666666667 0.9311475409836065
table-0103-451 0 1 0 161 384 3737 0.07142857142857142 0.0
table-0103-982 0 1 0 251 339 4407 0.14285714285714285 0.0
table-0103-774 6 11 0 157 352 2966 0.06666666666666667 0.09769612131816856
table-0103-49 0 1 0 369 449 6325 0.08333333333333333 0.0
table-0103-951 0 1 0 250 343 3793 0.14285714285714285 0.0
table-0103-566 4 4 0 193 363 112724 0.1111111111111111 0.01336963391511498
table-0103-954 0 1 0 250 343 3793 0.14285714285714285 0.0
table-0103-483 5 5 0 154 375 3362 0.04 0.0810126582278481
table-0103-991 5 7 0 304 488 7917 0.0625 0.12260536398467432
table-0103-420 9 10 0 164 420 3736 0.0625 0.16681859617137648
table-0103-427 6 4 0 164 402 3229 0.06666666666666667 0.2659016393442623
table-0103-914 1 5 2 7 19 639 1.0 0.17819706498951782
table-0103-835 7 5 0 158 350 2797 0.07142857142857142 0.11249653643668606
table-0103-938 7 3 6 268 195 36064 0.5 0.040430388001304204
table-0103-539 2 3 0 13 41 1300 1.0 0.6396917148362236
table-0103-484 4 7 0 154 375 3362 0.04 0.05288326300984529
table-0103-630 4 9 8 115 123 613 1.0 1.1843191196698761
table-0103-391 5 5 0 158 404 3300 0.0625 0.18138138138138138
table-0103-361 0 1 0 156 399 3842 0.058823529411764705 0.0
table-0103-319 1 3 0 6 5 1751 1.0 0.5608695652173913
table-0103-960 6 2 5 37 14 0 1.0 0.19269521410579346
table-0103-337 0 1 0 161 433 3681 0.0625 0.0
table-0103-385 27 9 11 164 415 3237 0.06666666666666667 0.995830660679923
table-0103-796 27 9 17 157 359 2751 0.07692307692307693 0.8392292205924647
table-0103-973 0 1 0 247 334 3525 0.14285714285714285 0.0
table-0103-142 1 4 0 363 393 157975 0.2 0.0023518815052041633
table-0103-95 16 4 0 102 117 7352 0.5 1.0502028397565923
table-0103-72 0 1 0 319 395 3787 0.125 0.0
table-0103-977 1 3 0 17 22 1024 1.0 0.17201540436456997
table-0103-811 10 9 7 159 320 3470 0.07142857142857142 0.2583313637437958
table-0103-633 3 2 0 41 58 1951 0.5 0.06028131279303416
table-0103-512 0 1 0 160 345 5913 0.07692307692307693 0.0
table-0103-153 35 4 0 363 393 157655 0.2 0.09012209767814251
table-0103-959 2 3 0 359 261 8144 0.5 0.10552407932011332
table-0103-870 12 10 0 169 371 6960 0.05555555555555555 0.04307384087006297
table-0103-108 0 1 0 321 567 4654 0.058823529411764705 0.0
table-0103-714 20 9 12 163 369 4130 0.0625 0.6905228758169935
table-0103-695 2 9 1 153 350 2924 0.0625 0.14347826086956522
table-0103-688 0 1 0 153 350 2924 0.0625 0.0
table-0103-322 1 7 0 165 408 3999 0.0625 0.007184672698243746
table-0103-660 7 5 0 226 446 5897 0.043478260869565216 0.060184485105096025
table-0103-890 5 5 0 255 348 3345 0.16666666666666666 0.058882636655948555
table-0103-112 0 1 0 321 567 4654 0.058823529411764705 0.0
table-0103-283 2 4 0 195 242 100704 0.16666666666666666 0.018889826931194596
table-0103-350 28 9 11 161 433 3673 0.0625 0.5137985840196504
table-0103-596 7 4 0 228 445 7600 0.043478260869565216 0.16695059625212946
table-0103-558 9 2 6 193 363 112516 0.1111111111111111 0.01463367203072585
table-0103-310 29 9 12 159 424 3708 0.125 0.4697729283397228
table-0103-764 24 9 14 157 353 3093 0.07142857142857142 0.9718356527501657
table-0103-812 20 9 11 159 320 3461 0.07142857142857142 0.5618057196880171
table-0103-702 1 2 0 378 344 166623 0.16666666666666666 0.0009294112179934012
table-0103-686 8 7 0 153 350 2924 0.0625 0.18757763975155278
table-0103-864 29 9 23 158 340 2783 0.06666666666666667 1.3940774487471526
table-0103-994 6 4 0 304 488 7904 0.0625 0.44389709906951286
table-0103-438 5 5 0 161 384 3719 0.07142857142857142 0.08398220244716352
table-0103-611 0 1 0 180 403 4933 0.14285714285714285 0.0
table-0103-69 9 8 0 319 395 3779 0.125 0.19581056466302368
table-0103-888 1 3 0 159 145 7280 1.0 0.036968576709796676
table-0103-389 27 9 11 164 415 3232 0.06666666666666667 1.070237331622835
table-0103-721 9 8 0 163 369 4130 0.0625 0.13856209150326798
table-0103-649 0 1 0 158 401 3945 0.0625 0.0
table-0103-85 0 1 0 321 405 3920 0.14285714285714285 0.0
table-0103-964 0 1 0 246 346 3546 0.16666666666666666 0.0
table-0103-250 10 9 1 188 189 30497 0.125 0.047507303290072314
table-0103-196 9 3 0 62 70 46806 0.3333333333333333 0.17001962708537782
table-0103-814 3 9 1 159 320 3461 0.07142857142857142 0.07823209643110376
table-0103-663 6 7 0 226 446 5897 0.043478260869565216 0.03840919401179495
table-0103-486 5 7 0 154 375 3352 0.04 0.05457102672292546
table-0103-487 6 4 0 154 375 3352 0.04 0.2371308016877637
table-0103-495 9 10 0 154 375 3352 0.04 0.12967651195499297
table-0103-151 1 4 0 363 393 157655 0.2 0.002201761409127302
table-0103-303 0 1 0 159 424 3708 0.125 0.0
table-0103-374 26 9 14 156 399 3829 0.058823529411764705 0.5236547490068617
table-0103-804 3 12 0 159 320 3461 0.07142857142857142 0.03970692507681399
table-0103-415 26 9 17 164 420 3726 0.0625 1.1932543299908842
table-0103-195 2 3 0 373 281 102381 1.0 0.059425096738529574
table-0103-763 0 1 0 157 353 3093 0.07142857142857142 0.0
table-0103-929 7 4 0 249 339 3970 0.16666666666666666 0.48285553681843735
table-0103-202 5 3 0 250 252 139632 0.3333333333333333 0.02287147705474399
table-0103-30 2 7 0 744 540 16758 0.047619047619047616 0.020888355342136854
table-0103-816 65 13 311 127 83 8360 1.0 10.449095022624434
table-0103-600 28 9 8 228 445 7600 0.043478260869565216 0.5480408858603066
table-0103-536 3 9 2 518 658 33852 0.023809523809523808 0.020216267042783263
table-0103-97 0 1 0 377 598 6890 0.058823529411764705 0.0
table-0103-468 30 9 17 160 396 3472 0.05555555555555555 0.7120374308804764
table-0103-513 7 4 0 160 345 5913 0.07692307692307693 0.32530529172320216
table-0103-522 0 1 0 160 345 5913 0.07692307692307693 0.0
table-0103-651 29 9 12 158 401 3945 0.0625 0.7666816952209198
table-0103-154 10 3 0 363 393 157655 0.2 0.054243394715772615
table-0103-932 11 3 10 268 195 35965 0.5 0.051516139550048905
table-0103-792 0 1 0 157 359 2740 0.07692307692307693 0.0
table-0103-694 27 9 16 153 350 2924 0.0625 1.9074534161490684
table-0103-458 0 1 0 160 396 3472 0.05555555555555555 0.0
table-0103-141 1 4 0 363 393 157655 0.2 0.0034027221777421937
table-0103-248 0 1 0 12 166 9191 1.0 0.0
table-0103-214 0 1 0 22 25 1241 1.0 0.0
table-0103-917 0 1 0 248 336 3328 0.16666666666666666 0.0
table-0103-669 27 9 14 226 446 5897 0.043478260869565216 0.4699833660970815
table-0103-116 0 1 0 313 539 5290 0.0625 0.0
table-0103-107 5 5 0 321 567 4654 0.058823529411764705 0.0691975012013455
table-0103-183 1 3 0 101 128 1733 1.0 0.2199710564399421
table-0103-79 0 1 0 313 390 4038 0.14285714285714285 0.0
table-0103-776 6 11 0 157 352 2960 0.06666666666666667 0.08194808982210557
table-0103-967 0 1 0 246 346 3546 0.16666666666666666 0.0
table-0103-286 15 4 0 195 242 100704 0.16666666666666666 0.08009708737864078
table-0103-582 19 2 0 193 363 112516 0.1111111111111111 0.0381156108707278
table-0103-980 9 4 8 1669 785 1017744 0.25 0.02374256354786371
table-0103-35 73 5 75 125 102 50872 0.2 0.41192428633084655
table-0103-854 3 2 0 124 110 33846 0.5 0.07649842271293375
table-0103-340 0 1 0 161 433 3673 0.0625 0.0
table-0103-806 6 4 0 159 320 3461 0.07142857142857142 0.19262585677144883
table-0103-392 1 7 0 158 404 3291 0.0625 0.03183183183183183
table-0103-617 27 9 14 180 403 4933 0.14285714285714285 0.9572294924992021
table-0103-551 27 9 12 422 601 28304 0.02564102564102564 0.49824
table-0103-936 36 9 0 268 195 35965 0.5 0.8568633844147375
table-0103-555 3 9 0 422 601 28304 0.02564102564102564 0.05648
table-0103-925 0 1 0 249 339 3970 0.16666666666666666 0.0
table-0103-367 10 7 10 156 399 3829 0.058823529411764705 0.13542795232936078
table-0103-284 7 6 0 195 242 100704 0.16666666666666666 0.03915154073448712
table-0103-670 27 9 16 226 446 5897 0.043478260869565216 0.429154695297142
table-0103-278 5 4 0 195 242 100704 0.16666666666666666 0.06986070071760236
table-0103-442 6 4 0 161 384 3719 0.07142857142857142 0.22803114571746386
table-0103-507 29 9 19 160 375 4193 0.07142857142857142 1.3509987770077456
table-0103-418 28 9 15 164 420 3726 0.0625 1.4708295350957157
table-0103-681 6 4 0 159 230 55905 0.3333333333333333 0.02971790616985971
table-0103-163 0 1 0 551 563 7123 0.06666666666666667 0.0
table-0103-887 1 7 1 130 152 6805 0.5 0.03038674033149171
table-0103-18 5 4 0 311 383 4189 0.1111111111111111 0.22124194095690533
table-0103-529 7 4 0 518 658 33852 0.023809523809523808 0.05694640338504937
table-0103-291 12 3 0 195 242 100704 0.16666666666666666 0.059307724778387506
table-0103-915 1 3 0 19 67 807 1.0 0.10978520286396182
table-0103-262 319 4 319 168 484 1977 1.0 115.36734693877551
table-0103-444 27 9 14 161 384 3719 0.07142857142857142 0.8609566184649611
table-0103-308 8 7 8 159 424 3708 0.125 0.08640519020937776
table-0103-127 6 4 0 358 592 6084 0.047619047619047616 0.28545520493289805
table-0103-287 7 3 0 195 242 100704 0.16666666666666666 0.07766990291262135
table-0103-545 2 7 0 422 601 28304 0.02564102564102564 0.01184
table-0103-238 7 10 5 106 160 1335 0.25 0.2883263009845288
table-0103-839 5 4 0 158 350 2791 0.07142857142857142 0.18730950401773344
table-0103-985 17 7 0 251 339 4399 0.14285714285714285 0.2570902394106814
table-0103-832 28 9 16 157 356 2802 0.06666666666666667 1.1531465987631866
table-0103-780 29 9 13 157 352 2960 0.06666666666666667 1.0309128025663459
table-0103-470 2 3 0 27 43 3166 1.0 0.03504
table-0103-564 3 4 0 193 363 112516 0.1111111111111111 0.01230006320190578
table-0103-191 22 6 22 408 258 125387 0.3333333333333333 0.4716949437258525
table-0103-402 28 9 15 158 404 3291 0.0625 1.854054054054054
table-0103-574 7 4 0 193 363 112516 0.1111111111111111 0.034226262822694344
table-0103-315 1 9 0 159 424 3708 0.125 0.01754644647596579
table-0103-113 6 4 0 321 567 4654 0.058823529411764705 0.19077366650648728
table-0103-78 3 7 0 313 390 4038 0.14285714285714285 0.056703296703296706
table-0103-434 25 9 15 164 402 3216 0.06666666666666667 0.8868852459016393
table-0103-161 5 5 0 551 563 7123 0.06666666666666667 0.1260008428150021
table-0103-136 1 3 0 10 25 283 1.0 0.1834710743801653
table-0103-573 1 4 0 193 363 112516 0.1111111111111111 0.005299236715445573
table-0103-386 27 9 15 164 415 3232 0.06666666666666667 0.9550994227068633
table-0103-19 7 5 0 308 382 4223 0.125 0.20766442257897463
table-0103-759 4 11 0 157 353 3093 0.07142857142857142 0.07422133863485753
table-0103-264 165 4 165 171 571 1308 1.0 60.177083333333336
table-0103-409 0 1 0 164 420 3726 0.0625 0.0
table-0103-924 0 1 0 249 339 3970 0.16666666666666666 0.0
table-0103-334 29 9 10 165 408 3999 0.0625 0.46833422032996275
table-0103-578 2 4 0 193 363 112516 0.1111111111111111 0.008799649958675677
table-0103-366 0 1 0 156 399 3829 0.058823529411764705 0.0
table-0103-768 30 9 23 157 353 3093 0.07142857142857142 1.0815109343936382
table-0103-174 6 4 0 314 552 6076 0.058823529411764705 0.30182599355531686
table-0103-29 6 7 0 744 540 16758 0.047619047619047616 0.05858343337334934
table-0103-450 9 11 0 161 384 3719 0.07142857142857142 0.09816462736373749
table-0103-891 0 1 0 255 348 3345 0.16666666666666666 0.0
table-0103-672 29 9 17 226 446 5897 0.043478260869565216 0.47799788295781037
table-0103-76 9 8 0 313 390 4038 0.14285714285714285 0.1731868131868132
table-0103-232 1 2 0 210 278 119264 0.14285714285714285 0.002136015985668022
table-0103-719 28 9 18 163 369 4130 0.0625 1.0437908496732027
table-0103-918 0 1 0 248 336 3328 0.16666666666666666 0.0
table-0103-701 10 3 0 378 344 166623 0.16666666666666666 0.04670291370416841
table-0103-14 1 7 0 311 383 4189 0.1111111111111111 0.01832371903630811
table-0103-34 9 5 6 59 44 10103 0.5 0.11137281292059219
table-0103-417 26 9 12 164 420 3726 0.0625 1.3628076572470373
table-0103-598 21 9 8 228 445 7600 0.043478260869565216 0.37802385008517886
table-0103-101 0 1 0 377 598 6890 0.058823529411764705 0.0
table-0103-473 15 4 11 253 88 12559 1.0 0.17927673762503207
table-0103-966 0 1 0 246 346 3546 0.16666666666666666 0.0
table-0103-146 2 4 0 363 393 157655 0.2 0.01120896717373899
table-0103-772 7 5 0 157 352 2960 0.06666666666666667 0.11869349664625255
table-0103-158 17 3 0 363 393 157655 0.2 0.04083266613290633
table-0103-834 9 12 0 157 356 2802 0.06666666666666667 0.16842488177519097
table-0103-544 6 7 0 422 601 28304 0.02564102564102564 0.0408
table-0103-601 26 9 10 228 445 7600 0.043478260869565216 0.5071550255536627
table-0103-122 9 11 0 358 592 6084 0.047619047619047616 0.12622415669205658
table-0103-880 7 5 0 169 371 6960 0.05555555555555555 0.02912135088723526
table-0103-745 6 4 0 231 416 7823 0.04 0.18192219679633867
table-0103-117 0 1 0 313 539 5290 0.0625 0.0
table-0103-847 12 11 0 158 350 2791 0.07142857142857142 0.15876974231088944
table-0103-788 7 5 0 157 359 2740 0.07692307692307693 0.11734253666954271
table-0103-362 0 1 0 156 399 3829 0.058823529411764705 0.0
table-0103-346 29 9 17 161 433 3673 0.0625 0.46380580840918945
table-0103-194 6 4 12 15 249 14499 1.0 0.15770609318996415
table-0103-992 5 7 0 304 488 7904 0.0625 0.1143951833607006
table-0103-653 26 9 9 158 401 3945 0.0625 0.6688458070333634
table-0103-375 11 6 11 16 48 918 1.0 1.472280701754386
table-0103-674 1 9 1 226 446 5897 0.043478260869565216 0.014668078028126417
table-0103-518 12 9 6 160 345 5913 0.07692307692307693 0.45725915875169604
table-0103-288 15 2 0 195 242 100704 0.16666666666666666 0.06511186154495567
table-0103-667 1 3 0 226 446 5897 0.043478260869565216 0.023589898684409496
table-0103-727 5 8 0 156 354 2998 0.06666666666666667 0.08022690437601297
table-0103-217 5 4 0 210 278 119264 0.14285714285714285 0.04850823399710604
table-0103-96 5 5 0 377 598 6890 0.058823529411764705 0.072544080604534
table-0103-329 25 9 15 165 408 3999 0.0625 0.3492549228312932
table-0103-200 3 3 0 250 252 139632 0.3333333333333333 0.01209974915154198
table-0103-620 0 1 0 180 403 4933 0.14285714285714285 0.0
table-0103-224 2 4 0 210 278 119264 0.14285714285714285 0.008957486391511059
table-0103-642 3 4 0 315 158 2173 0.25 0.14631685166498487
table-0103-328 9 7 9 165 408 3999 0.0625 0.07583821181479511
table-0103-760 2 12 0 157 353 3093 0.07142857142857142 0.03346587143803843
table-0103-40 1 7 0 309 393 4131 0.125 0.01879852881078872
table-0103-634 0 1 0 121 287 30963 0.2 0.0
table-0103-75 7 5 0 313 390 4038 0.14285714285714285 0.17450549450549452
table-0103-715 28 9 14 163 369 4130 0.0625 1.091830065359477
table-0103-356 56 8 1 159 265 23423 0.3333333333333333 0.0598479543863159
table-0103-252 3 6 3 188 189 30497 0.125 0.0036875628561850488
table-0103-22 1 7 0 308 382 4223 0.125 0.022268254790264112
table-0103-343 0 1 0 161 433 3673 0.0625 0.0
table-0103-782 28 9 17 157 352 2960 0.06666666666666667 0.968503937007874
table-0103-855 7 5 0 158 340 2783 0.06666666666666667 0.15261958997722094
table-0103-491 27 9 12 154 375 3352 0.04 0.8911392405063291
table-0103-204 13 2 0 148 180 8120 0.3333333333333333 0.7077259475218659
table-0103-492 27 9 14 154 375 3352 0.04 0.8334739803094233
table-0103-604 5 9 1 228 445 7600 0.043478260869565216 0.10494037478705281
table-0103-394 0 1 0 158 404 3291 0.0625 0.0
table-0103-159 7 20 0 363 393 157655 0.2 0.061248999199359486
table-0103-853 5 2 3 124 110 33846 0.5 0.12460567823343849
table-0103-958 6 4 0 250 343 3787 0.14285714285714285 0.2924706772606886
table-0103-155 21 2 0 363 393 157655 0.2 0.042133706965572455
table-0103-63 3 7 0 365 455 6099 0.1 0.0376358335542009
table-0103-933 8 3 7 268 195 35965 0.5 0.045321160743397454
table-0103-597 1 3 0 228 445 7600 0.043478260869565216 0.026575809199318567
table-0103-331 27 9 12 165 408 3999 0.0625 0.3886375731772219
table-0103-462 2 6 0 160 396 3472 0.05555555555555555 0.007443641003828158
table-0103-801 7 5 0 159 320 3461 0.07142857142857142 0.09714015599149137
table-0103-218 20 4 0 210 278 119264 0.14285714285714285 0.08950596017363743
table-0103-11 0 1 0 311 383 4189 0.1111111111111111 0.0
table-0103-170 1 7 0 314 552 6076 0.058823529411764705 0.015753669889008236
table-0103-428 0 1 0 164 402 3216 0.06666666666666667 0.0
table-0103-871 34 9 21 169 371 6960 0.05555555555555555 0.330208929593589
table-0103-747 20 9 5 231 416 7823 0.04 0.5409610983981693
table-0103-603 26 9 15 228 445 7600 0.043478260869565216 0.5231686541737649
table-0103-179 0 1 0 547 542 8592 0.06666666666666667 0.0
table-0103-645 5 7 0 158 401 3945 0.0625 0.04891794409377818
table-0103-344 13 7 13 161 433 3673 0.0625 0.13480710879930646
table-0103-396 6 4 0 158 404 3291 0.0625 0.48348348348348347
table-0103-64 0 1 0 365 455 6099 0.1 0.0
table-0103-842 30 9 27 158 350 2791 0.07142857142857142 0.8609032973122749
table-0103-731 29 9 20 156 354 2998 0.06666666666666667 1.2005672609400324
table-0103-422 5 5 0 164 402 3216 0.06666666666666667 0.09836065573770492
table-0103-657 9 8 0 158 401 3945 0.0625 0.09400360685302074
table-0103-348 25 9 12 161 433 3673 0.0625 0.39719693685883545
table-0103-398 26 9 13 158 404 3291 0.0625 1.83003003003003
table-0103-440 0 1 0 161 384 3719 0.07142857142857142 0.0
table-0103-271 1 3 0 20 23 20399 1.0 0.08133086876155268
table-0103-98 1 7 0 377 598 6890 0.058823529411764705 0.008060453400503778
table-0103-627 1 3 0 53 100 246 1.0 0.005252100840336135
table-0103-48 0 1 0 369 449 6319 0.08333333333333333 0.0
table-0103-476 17 4 1 192 237 5618 1.0 0.09814030565273431
table-0103-1 0 1 0 311 391 4188 0.125 0.0
table-0103-886 17 4 0 65235 1326 106964 0.5 0.005490832173427003
table-0103-758 7 5 0 157 353 3093 0.07142857142857142 0.13618290258449303
table-0103-616 28 9 15 180 403 4933 0.14285714285714285 0.963613150335142
table-0103-852 4 4 0 185 186 59083 0.3333333333333333 0.08743874129481558
table-0103-969 5 5 0 247 334 3529 0.14285714285714285 0.1200960768614892
table-0103-249 3 5 3 76 60 172927 0.25 0.24557522123893805
table-0103-94 4 2 0 102 117 7355 0.5 0.052231237322515216
table-0103-65 0 1 0 365 455 6099 0.1 0.0
table-0103-519 9 8 0 160 345 5913 0.07692307692307693 0.13805970149253732
table-0103-229 16 2 0 210 278 119264 0.14285714285714285 0.05078205746572039
table-0103-133 20 8 0 374 600 8036 0.05263157894736842 0.2515879591273129
table-0103-247 5 7 0 12 166 9191 1.0 0.13669301712779974
table-0103-805 8 11 0 159 320 3461 0.07142857142857142 0.09028598440085087
table-0103-678 10 2 0 159 230 55905 0.3333333333333333 0.031754412430230805
table-0103-265 1 4 1 171 571 1308 1.0 0.3072916666666667
table-0103-815 9 12 0 159 320 3461 0.07142857142857142 0.10446702907114157
table-0103-979 30 4 25 1669 785 1017744 0.25 0.05546241211465657
table-0103-320 5 5 0 165 408 3999 0.0625 0.03898350186269292
table-0103-819 4 7 0 28 35 1417 0.3333333333333333 1.1043478260869566
table-0103-693 28 9 12 153 350 2924 0.0625 1.9888198757763975
table-0103-723 7 5 0 156 354 2998 0.06666666666666667 0.16247974068071314
table-0103-722 1 3 0 313 213 3045 0.5 0.06292606187729417
table-0103-937 23 9 0 268 195 35965 0.5 0.5904792957287252
table-0103-295 1 3 0 22 42 1464 1.0 0.0586890243902439
table-0103-972 0 1 0 247 334 3529 0.14285714285714285 0.0
table-0103-23 0 1 0 308 382 4223 0.125 0.0
table-0103-828 29 9 21 157 356 2802 0.06666666666666667 1.2011640596580575
table-0103-556 6 9 2 422 601 28304 0.02564102564102564 0.11072
table-0103-808 7 5 0 159 320 3461 0.07142857142857142 0.09690380524698652
table-0103-631 9 5 0 25 205 23241 0.5 0.07094624221696044
table-0103-298 1 3 0 31 47 1425 1.0 0.11208791208791209
table-0103-905 32 3 6 52 38 4257 0.125 1.0019474196689386
table-0103-949 0 1 0 249 341 3290 0.16666666666666666 0.0
table-0103-206 14 2 0 84 122 34551 0.25 0.06814692334947443
table-0103-872 4 9 2 169 371 6960 0.05555555555555555 0.05344876931883229
table-0103-61 9 8 0 365 455 6099 0.1 0.11184733633713226
table-0103-445 29 9 16 161 384 3719 0.07142857142857142 0.8890433815350389
table-0103-650 21 9 7 158 401 3945 0.0625 0.5511722272317403
table-0103-666 6 4 0 226 446 5897 0.043478260869565216 0.12626644488129443
table-0103-190 5 3 0 408 258 125387 0.3333333333333333 0.053418444481773894
table-0103-275 1 3 0 44 152 5549 1.0 0.013264964886857652
table-0103-459 6 4 0 160 396 3472 0.05555555555555555 0.1786473840918758
table-0103-404 7 9 4 158 404 3291 0.0625 0.44744744744744747
table-0103-922 6 4 0 248 336 3328 0.16666666666666666 0.7672764227642277
table-0103-180 0 1 0 547 542 8592 0.06666666666666667 0.0
table-0103-435 3 9 1 164 402 3216 0.06666666666666667 0.10655737704918032
table-0103-570 7 4 0 193 363 112516 0.1111111111111111 0.04535952161019009
table-0103-461 2 5 0 160 396 3472 0.05555555555555555 0.007868991918332624
table-0103-393 0 1 0 158 404 3291 0.0625 0.0
table-0103-338 0 1 0 161 433 3673 0.0625 0.0
table-0103-17 0 1 0 311 383 4189 0.1111111111111111 0.0
table-0103-599 27 9 8 228 445 7600 0.043478260869565216 0.5177172061328791
table-0103-798 27 9 18 157 359 2740 0.07692307692307693 0.9620362381363244
table-0103-226 5 3 0 210 278 119264 0.14285714285714285 0.04843933025563288
table-0103-794 28 9 18 157 359 2740 0.07692307692307693 0.9209088294506759
table-0103-781 28 9 16 157 352 2960 0.06666666666666667 0.9122193059200934
table-0103-841 30 9 20 158 350 2791 0.07142857142857142 0.9653643668606262
table-0103-742 6 7 0 231 416 7823 0.04 0.05881006864988558
table-0103-318 5 3 0 15 31 307 1.0 0.5594855305466238
table-0103-711 7 7 0 163 369 4130 0.0625 0.08790849673202615
table-0103-983 5 5 0 251 339 4399 0.14285714285714285 0.11123388581952118
table-0103-844 29 9 20 158 350 2791 0.07142857142857142 0.9071765031864782
table-0103-455 15 7 0 160 396 3472 0.05555555555555555 0.07996597192683964
table-0103-561 2 4 0 193 363 112516 0.1111111111111111 0.009091351062278185
table-0103-145 2 4 0 363 393 157655 0.2 0.013160528422738191
table-0103-554 28 9 11 422 601 28304 0.02564102564102564 0.5592
table-0103-62 0 1 0 365 455 6099 0.1 0.0
table-0103-316 0 1 0 20 26 727 1.0 0.0
table-0103-608 16 9 32 134 112 2915 0.5 7.438177874186551
table-0103-538 6 9 3 518 658 33852 0.023809523809523808 0.04184297132110954
table-0103-51 0 1 0 369 449 6319 0.08333333333333333 0.0
table-0103-387 28 9 15 164 415 3232 0.06666666666666667 1.0202052597819116
table-0103-987 0 1 0 251 339 4399 0.14285714285714285 0.0
table-0103-680 2 2 0 159 230 55905 0.3333333333333333 0.0034696032584100164
table-0103-38 9 8 0 309 393 4131 0.125 0.16673477727829997
table-0103-734 29 9 16 156 354 2998 0.06666666666666667 1.38290113452188
table-0103-290 6 2 0 195 242 100704 0.16666666666666666 0.013824398480371465
table-0103-830 28 9 22 157 356 2802 0.06666666666666667 1.0683885049108768
table-0103-908 9 8 0 252 334 4369 0.16666666666666666 0.23192596876807403
table-0103-130 9 8 0 374 600 8036 0.05263157894736842 0.15713891190278928
table-0103-775 2 12 0 157 352 2960 0.06666666666666667 0.026246719160104987
table-0103-70 0 1 0 319 395 3779 0.125 0.0
table-0103-489 25 9 15 154 375 3352 0.04 0.7819971870604782
table-0103-947 0 1 0 249 341 3290 0.16666666666666666 0.0
table-0103-390 1 8 0 164 415 3232 0.06666666666666667 0.015073765234124438
table-0103-697 5 6 0 253 322 1609 0.25 0.3230769230769231
table-0103-263 235 4 235 171 571 1308 1.0 93.234375
table-0103-690 29 9 14 153 350 2924 0.0625 2.040372670807453
table-0103-421 7 4 7 49 24 4879 0.5 0.8522427440633246
table-0103-274 4 4 2 499 192 184000 0.3333333333333333 0.02057445508250153
table-0103-24 0 1 0 308 382 4223 0.125 0.0
table-0103-105 2 3 0 15 30 798 1.0 0.20109976433621368
table-0103-28 13 7 0 744 540 16758 0.047619047619047616 0.13133253301320527
table-0103-270 19 6 5 344 239 34395 0.3333333333333333 6.66580310880829
table-0103-138 1 4 0 363 393 157655 0.2 0.002652121697357886
table-0103-347 27 9 15 161 433 3673 0.0625 0.41193469151856665
table-0103-652 28 9 9 158 401 3945 0.0625 0.6956717763751127
table-0103-911 2 7 0 252 334 4369 0.16666666666666666 0.04337767495662233
table-0103-901 39 3 1 52 38 4257 0.125 1.694255111976631
table-0103-413 26 9 16 164 420 3726 0.0625 1.3026435733819508
table-0103-845 29 9 23 158 350 2791 0.07142857142857142 0.8974785259074536
table-0103-910 5 7 0 252 334 4369 0.16666666666666666 0.13533834586466165
table-0103-615 27 9 9 180 403 4933 0.14285714285714285 0.997127353973827
table-0103-820 7 5 0 157 356 2802 0.06666666666666667 0.14550745725718442
table-0103-516 26 9 13 160 345 5913 0.07692307692307693 0.9969470827679783
table-0103-184 2 2 0 141 165 8414 0.5 0.19027181688125894
table-0103-946 0 1 0 249 341 3290 0.16666666666666666 0.0
table-0103-884 28 9 23 169 371 6960 0.05555555555555555 0.21172009158557528
table-0103-827 18 9 12 157 356 2802 0.06666666666666667 0.8046562386322299
table-0103-757 14 3 0 33 99 718 0.3333333333333333 0.48318804483188044
table-0103-6 0 1 0 309 381 4358 0.125 0.0
table-0103-809 20 9 13 159 320 3461 0.07142857142857142 0.5168990782320965
table-0103-510 9 8 0 160 375 4193 0.07142857142857142 0.18059518956379944
table-0103-748 26 9 14 231 416 7823 0.04 0.682837528604119
table-0103-837 3 12 0 158 350 2791 0.07142857142857142 0.04405652535328346
table-0104-1000 0 1 0 304 488 7904 0.0625 0.0
table-0103-408 0 1 0 164 420 3726 0.0625 0.0
table-0103-56 0 1 0 310 388 4108 0.1111111111111111 0.0
table-0103-732 28 9 16 156 354 2998 0.06666666666666667 1.1859805510534847
table-0103-508 29 9 16 160 375 4193 0.07142857142857142 1.4765593151243375
table-0103-312 26 9 13 159 424 3708 0.125 0.4081391919787673
table-0103-779 20 9 13 157 352 2960 0.06666666666666667 0.7092446777486148
table-0103-212 8 2 0 144 159 5645 0.5 0.5391476709613479
table-0103-825 5 4 0 157 356 2802 0.06666666666666667 0.2553655874863587
table-0103-725 6 7 0 156 354 2998 0.06666666666666667 0.10656401944894651
table-0103-125 0 1 0 358 592 6084 0.047619047619047616 0.0
table-0103-710 2 7 0 163 369 4130 0.0625 0.032679738562091505
table-0103-724 9 7 0 156 354 2998 0.06666666666666667 0.14627228525121555
table-0103-198 9 2 0 146 169 12565 0.3333333333333333 0.20569931215198164
table-0103-989 6 4 0 251 339 4399 0.14285714285714285 0.2968692449355433
table-0103-176 9 8 0 547 542 8592 0.06666666666666667 0.16218293620292082
table-0103-13 2 8 0 311 383 4189 0.1111111111111111 0.02816423481506617
table-0103-553 31 9 18 422 601 28304 0.02564102564102564 0.56224
table-0103-230 9 2 0 210 278 119264 0.14285714285714285 0.013711844553159236
table-0103-296 1 3 0 30 60 2377 1.0 0.035538861600693444
table-0103-883 27 9 18 169 371 6960 0.05555555555555555 0.2025615340583858
table-0103-679 3 2 0 159 230 55905 0.3333333333333333 0.011992759088852015
table-0103-689 23 9 10 153 350 2924 0.0625 1.7037267080745342
table-0103-90 1 7 0 319 398 4559 0.125 0.018812709030100336
table-0103-740 9 8 0 231 416 7823 0.04 0.10045766590389016
table-0103-57 0 1 0 310 388 4108 0.1111111111111111 0.0
table-0103-619 32 9 15 180 403 4933 0.14285714285714285 1.2061921481008617
table-0103-466 26 9 10 160 396 3472 0.05555555555555555 0.6227137388345385
table-0103-352 44 4 22 48 125 4689 0.3333333333333333 1.7242591662481166
table-0103-970 2 8 0 247 334 3529 0.14285714285714285 0.04283426741393114
table-0103-636 0 1 0 121 287 30963 0.2 0.0
table-0103-785 2 9 2 157 352 2960 0.06666666666666667 0.06445027704870225
table-0103-903 18 3 13 52 38 4257 0.125 0.24634858812074
table-0103-4 7 5 0 309 381 4358 0.125 0.1297004461440408
table-0103-817 4 4 0 50 106 5045 0.3333333333333333 0.027721433400946585
table-0103-9 1 7 0 309 381 4358 0.125 0.011472275334608031
table-0103-260 5 3 0 82 69 2265 0.3333333333333333 0.46598639455782315
table-0103-877 1 4 0 169 371 6960 0.05555555555555555 0.01001717229536348
table-0103-429 24 9 12 164 402 3216 0.06666666666666667 0.879672131147541
table-0103-150 19 6 0 363 393 157655 0.2 0.048088470776621296
table-0103-359 5 5 0 156 399 3829 0.058823529411764705 0.05290718671000361
table-0103-612 0 1 0 180 403 4933 0.14285714285714285 0.0
table-0103-74 6 4 0 319 395 3779 0.125 0.3533697632058288
table-0103-228 41 4 0 210 278 119264 0.14285714285714285 0.16392200096465237
table-0103-31 8 7 0 744 540 16758 0.047619047619047616 0.0773109243697479
table-0103-189 3 5 3 408 258 125387 0.3333333333333333 0.03258861078447842
table-0103-246 1 2 0 141 157 5685 0.5 0.08169440242057488
table-0103-846 9 12 0 158 350 2791 0.07142857142857142 0.12496536436686062
table-0103-160 9 3 0 363 393 157655 0.2 0.060748598879103284
table-0103-791 6 4 0 157 359 2740 0.07692307692307693 0.23813632441760138
table-0103-718 29 9 14 163 369 4130 0.0625 1.0885620915032679
table-0103-410 0 1 0 164 420 3726 0.0625 0.0
table-0103-934 7 3 6 268 195 35965 0.5 0.040430388001304204
table-0103-173 0 1 0 314 552 6076 0.058823529411764705 0.0
table-0103-55 1 7 0 310 388 4108 0.1111111111111111 0.021719038817005546
table-0103-635 73 7 1 121 287 30963 0.2 0.9633213321332134
table-0103-571 1 4 0 193 363 112516 0.1111111111111111 0.0029170110360250863
table-0103-405 0 1 0 158 404 3291 0.0625 0.0
table-0103-436 0 1 0 164 402 3216 0.06666666666666667 0.0
table-0103-210 1 3 0 13 21 562 1.0 0.13666666666666666
table-0103-488 0 1 0 154 375 3352 0.04 0.0
table-0103-169 0 1 0 314 552 6076 0.058823529411764705 0.0
table-0103-592 10 7 0 228 445 7600 0.043478260869565216 0.06695059625212947
table-0103-659 13 3 0 33 98 809 0.3333333333333333 0.5080745341614907
table-0103-335 2 9 1 165 408 3999 0.0625 0.03100053219797765
table-0103-945 9 8 0 249 341 3290 0.16666666666666666 0.40971585701191565
table-0103-976 1 5 2 6 17 621 1.0 0.18243243243243243
table-0103-327 0 1 0 165 408 3999 0.0625 0.0
table-0103-100 0 1 0 377 598 6890 0.058823529411764705 0.0
table-0103-5 3 8 0 309 381 4358 0.125 0.045889101338432124
table-0103-803 3 11 0 159 320 3461 0.07142857142857142 0.03757976837627038
table-0103-664 6 6 0 226 446 5897 0.043478260869565216 0.04203840919401179
table-0103-778 0 1 0 157 352 2960 0.06666666666666667 0.0
table-0103-726 7 8 0 156 354 2998 0.06666666666666667 0.11790923824959482
table-0103-89 0 1 0 319 398 4559 0.125 0.0
table-0103-978 2 3 0 178 667 1381 1.0 0.031914893617021274
table-0103-52 7 5 0 310 388 4108 0.1111111111111111 0.18391866913123844
table-0103-220 2 4 0 210 278 119264 0.14285714285714285 0.009508716323296355
table-0103-222 4 4 0 210 278 119264 0.14285714285714285 0.029490801350513334
table-0103-865 31 9 23 158 340 2783 0.06666666666666667 1.284738041002278
table-0103-590 7 5 0 228 445 7600 0.043478260869565216 0.0676320272572402
table-0103-365 6 4 0 156 399 3829 0.058823529411764705 0.14156735283495847
table-0103-475 2 3 3 192 237 5618 1.0 0.005339716442644081
table-0103-82 0 1 0 321 405 3920 0.14285714285714285 0.0
table-0103-237 4 4 7 117 138 4384 1.0 0.013204225352112676
table-0103-104 2 3 0 439 414 32878 1.0 0.030889235569422777
table-0103-10 5 4 0 309 381 4358 0.125 0.21223709369024857
table-0103-253 8 3 0 188 189 30497 0.125 0.016474306786073464
table-0103-975 6 4 0 247 334 3529 0.14285714285714285 0.31585268214571655
table-0103-128 0 1 0 358 592 6084 0.047619047619047616 0.0
table-0103-83 0 1 0 321 405 3920 0.14285714285714285 0.0
table-0103-273 1 5 0 499 192 184000 0.3333333333333333 0.007435322876349562
table-0103-821 13 11 0 157 356 2802 0.06666666666666667 0.21535103674063297
table-0103-353 7 3 0 48 125 4689 0.3333333333333333 0.1511803114013059
table-0103-579 3 4 0 193 363 112516 0.1111111111111111 0.010841557683893237
table-0103-752 26 9 13 231 416 7823 0.04 0.6640732265446224
table-0103-242 4 11 2 167 63 32198 0.3333333333333333 0.11600928074245939
table-0103-37 7 5 0 309 393 4131 0.125 0.16223947691050267
table-0103-802 12 11 0 159 320 3461 0.07142857142857142 0.12975655873316
table-0103-223 1 4 0 210 278 119264 0.14285714285714285 0.007234892854682009
table-0103-953 0 1 0 250 343 3787 0.14285714285714285 0.0
table-0103-26 7 5 0 744 540 16758 0.047619047619047616 0.09627851140456183
table-0103-741 12 7 0 231 416 7823 0.04 0.10915331807780321
table-0103-120 6 4 0 313 539 5290 0.0625 0.28763636363636363
table-0103-750 28 9 19 231 416 7823 0.04 0.6871853546910756
table-0103-562 3 4 0 193 363 112516 0.1111111111111111 0.01891195488356264
table-0103-332 25 9 12 165 408 3999 0.0625 0.37120808940926026
table-0103-269 280 4 281 174 609 1855 1.0 110.22751322751323
table-0103-27 9 8 0 744 540 16758 0.047619047619047616 0.09771908763505402
table-0103-140 21 4 0 363 393 157655 0.2 0.06049839871897518
table-0103-533 26 9 10 518 658 33852 0.023809523809523808 0.184355900329102
table-0103-299 2 3 0 18 31 1037 1.0 0.2114914425427873
table-0103-406 5 5 0 164 420 3726 0.0625 0.13628076572470374
table-0103-430 28 9 17 164 402 3216 0.06666666666666667 0.9416393442622951
table-0103-897 0 1 0 42 49 11394 1.0 0.0
table-0103-777 6 4 0 157 352 2960 0.06666666666666667 0.24059492563429571
table-0103-996 23 9 7 304 488 7904 0.0625 1.4340448823207443
table-0103-279 8 4 0 195 242 100704 0.16666666666666666 0.05202617138032925
table-0103-569 3 3 0 193 363 112516 0.1111111111111111 0.01336963391511498
table-0103-881 24 9 14 169 371 6960 0.05555555555555555 0.21858900973096737
table-0103-572 2 4 0 193 363 112516 0.1111111111111111 0.00952890271768195
table-0103-771 12 11 0 157 353 3093 0.07142857142857142 0.18323392975480451
table-0103-906 3 3 0 236 227 39955 1.0 0.10772744575561477
table-0103-793 24 9 12 157 359 2740 0.07692307692307693 0.9585849870578085
table-0103-876 7 11 0 169 371 6960 0.05555555555555555 0.025543789353176874
table-0103-931 8 3 7 268 195 35965 0.5 0.046462341049885884
table-0103-610 0 1 0 180 403 4933 0.14285714285714285 0.0
table-0103-152 2 4 0 363 393 157655 0.2 0.005704563650920737
table-0103-606 30 6 42 480 514 4728 1.0 1.985415345592898
table-0103-414 28 9 14 164 420 3726 0.0625 1.3477666362807657
table-0103-585 1 2 0 193 363 112516 0.1111111111111111 0.0011181875638096165
table-0103-289 2 2 0 195 242 100704 0.16666666666666666 0.008336850991979738
table-0103-21 1 7 0 308 382 4223 0.125 0.02848265147591921
table-0103-658 11 6 0 33 98 809 0.3333333333333333 0.2732919254658385
table-0103-717 27 9 13 163 369 4130 0.0625 0.9545751633986929
table-0103-628 5 4 0 53 100 246 1.0 0.08853541416566627
table-0103-684 6 7 0 153 350 2924 0.0625 0.16832298136645962
table-0103-655 27 9 15 158 401 3945 0.0625 0.6699729486023445
table-0103-243 2 12 0 167 63 32198 0.3333333333333333 0.08955916473317865
table-0103-433 28 9 14 164 402 3216 0.06666666666666667 1.0239344262295083
table-0103-115 0 1 0 313 539 5290 0.0625 0.0
table-0103-111 0 1 0 321 567 4654 0.058823529411764705 0.0
table-0103-419 1 9 1 164 420 3726 0.0625 0.044667274384685506
table-0103-469 2 3 0 50 112 5847 1.0 0.040316099651754624
table-0103-172 0 1 0 314 552 6076 0.058823529411764705 0.0
table-0103-583 2 2 0 193 363 112516 0.1111111111111111 0.0038407311974330304
table-0103-377 1 7 0 164 415 3232 0.06666666666666667 0.013149454778704297
table-0103-504 27 9 16 160 375 4193 0.07142857142857142 1.1390134529147982
table-0103-858 2 11 0 158 340 2783 0.06666666666666667 0.03568716780561883
table-0103-439 0 1 0 161 384 3719 0.07142857142857142 0.0
table-0103-765 31 9 18 157 353 3093 0.07142857142857142 1.396288933068257
table-0103-875 8 11 0 169 371 6960 0.05555555555555555 0.02940755580995993
table-0103-557 11 4 5 33 44 43850 0.5 0.38521677327647474
table-0103-813 27 9 17 159 320 3461 0.07142857142857142 0.7835027180335618
table-0103-360 4 9 0 156 399 3829 0.058823529411764705 0.03557240881184543
table-0103-955 0 1 0 250 343 3787 0.14285714285714285 0.0
table-0103-234 7 18 0 210 278 119264 0.14285714285714285 0.0801350513332874
table-0103-885 28 9 20 169 371 6960 0.05555555555555555 0.22152261018889524
table-0103-465 28 9 18 160 396 3472 0.05555555555555555 0.6361122926414292
table-0103-746 1 3 0 231 416 7823 0.04 0.035697940503432495
table-0103-324 0 1 0 165 408 3999 0.0625 0.0
table-0103-302 0 1 0 159 424 3708 0.125 0.0
table-0103-515 27 9 18 160 345 5913 0.07692307692307693 1.0505427408412482
table-0103-268 174 4 174 174 609 1855 1.0 68.85185185185185
table-0103-786 9 12 0 157 352 2960 0.06666666666666667 0.14552347623213766
table-0103-526 5 7 0 518 658 33852 0.023809523809523808 0.01386929948283968
table-0103-496 8 7 0 154 375 3352 0.04 0.09957805907172995
table-0103-93 6 4 0 319 398 4559 0.125 0.31981605351170567
table-0103-625 14 5 13 806 1127 143989 0.5 0.026378676470588235
table-0103-637 97 8 1 121 287 30963 0.2 1.2542754275427543
table-0103-378 0 1 0 164 415 3232 0.06666666666666667 0.0
table-0103-257 4 3 0 44 61 6104 1.0 0.026439232409381664
table-0103-921 0 1 0 248 336 3328 0.16666666666666666 0.0
table-0103-730 21 9 10 156 354 2998 0.06666666666666667 1.0328200972447326
table-0103-457 0 1 0 160 396 3472 0.05555555555555555 0.0
table-0103-531 29 9 14 518 658 33852 0.023809523809523808 0.1922896097790315
table-0103-88 0 1 0 319 398 4559 0.125 0.0
table-0103-708 14 7 0 163 369 4130 0.0625 0.1892156862745098
table-0103-548 1 3 0 422 601 28304 0.02564102564102564 0.0224
table-0103-333 28 9 14 165 408 3999 0.0625 0.4177754124534327
table-0103-755 1 6 0 306 532 427 1.0 0.07231493367565255
table-0103-541 6 9 2 422 601 28304 0.02564102564102564 0.10032
table-0103-965 0 1 0 246 346 3546 0.16666666666666666 0.0
table-0103-363 0 1 0 156 399 3829 0.058823529411764705 0.0
table-0103-425 0 1 0 164 402 3216 0.06666666666666667 0.0
table-0103-547 7 4 0 422 601 28304 0.02564102564102564 0.15648
table-0103-882 25 9 11 169 371 6960 0.05555555555555555 0.19891242129364625
table-0103-639 22 4 12 78 68 162654 0.3333333333333333 1.0406386066763424
table-0103-859 7 11 0 158 340 2783 0.06666666666666667 0.1340167046317388
table-0103-227 3 4 0 210 278 119264 0.14285714285714285 0.013642940811686075
table-0103-795 28 9 19 157 359 2740 0.07692307692307693 0.9764164509634743
table-0103-369 27 9 16 156 399 3829 0.058823529411764705 0.5151679306608884
table-0103-829 29 9 22 157 356 2802 0.06666666666666667 1.235358312113496
table-0103-770 9 12 0 157 353 3093 0.07142857142857142 0.1679920477137177
table-0103-477 17 4 0 192 237 5618 1.0 0.07788620880132573
table-0103-961 1 3 0 71 93 7742 1.0 0.05897273303741281
table-0103-259 12 10 40 82 69 2265 0.3333333333333333 2.0374149659863945
table-0103-621 0 1 0 180 403 4933 0.14285714285714285 0.0
table-0103-454 9 7 0 160 396 3472 0.05555555555555555 0.06869417269247129
table-0103-641 2 4 0 315 158 2173 0.25 0.10797174571140263
table-0103-668 25 9 14 226 446 5897 0.043478260869565216 0.4223499168304854
table-0103-542 9 8 0 422 601 28304 0.02564102564102564 0.06752
table-0103-134 6 4 0 374 600 8036 0.05263157894736842 0.22811378072355704
table-0103-580 20 3 0 193 363 112516 0.1111111111111111 0.09650444844182994
table-0103-157 1 2 0 363 393 157655 0.2 0.0012009607686148918
table-0103-388 30 9 13 164 415 3232 0.06666666666666667 1.1350224502886466
table-0103-47 1 7 0 369 449 6319 0.08333333333333333 0.010098743267504488
table-0103-313 29 9 20 159 424 3708 0.125 0.44028310232969625
table-0103-403 27 9 6 158 404 3291 0.0625 2.618018018018018
table-0103-239 1 1 1 106 160 1335 0.25 0.0
table-0103-646 5 7 0 158 401 3945 0.0625 0.048467087466185756
table-0103-325 0 1 0 165 408 3999 0.0625 0.0
table-0103-984 9 8 0 251 339 4399 0.14285714285714285 0.15948434622467772
table-0103-87 6 4 0 321 405 3920 0.14285714285714285 0.2948717948717949
table-0103-60 7 5 0 365 455 6099 0.1 0.10548635038430956
table-0103-452 11 10 0 160 396 3472 0.05555555555555555 0.06295193534666099
table-0103-893 0 1 0 255 348 3345 0.16666666666666666 0.0
table-0103-909 17 7 0 252 334 4369 0.16666666666666666 0.3932909196067091
table-0103-640 3 4 0 315 158 2173 0.25 0.15136226034308778
table-0103-848 30 6 0 421 270 13506 0.3333333333333333 9.896464646464647
table-0103-761 7 11 0 157 353 3093 0.07142857142857142 0.10669317428760769
table-0103-576 11 6 0 193 363 112516 0.1111111111111111 0.02746852058923623
table-0103-323 1 7 0 165 408 3999 0.0625 0.005854177754124534
table-0103-135 0 1 0 374 600 8036 0.05263157894736842 0.0
table-0103-648 6 4 0 158 401 3945 0.0625 0.18868349864743011
table-0103-549 23 9 12 422 601 28304 0.02564102564102564 0.38384
table-0103-904 40 3 5 52 38 4257 0.125 1.691333982473223
table-0103-448 27 9 13 161 384 3719 0.07142857142857142 0.8720800889877642
table-0103-407 3 9 0 164 420 3726 0.0625 0.04375569735642662
table-0103-840 23 9 14 158 350 2791 0.07142857142857142 0.7569963978941535
table-0103-258 31 10 31 44 61 6104 1.0 3.434968017057569
table-0103-277 5 2 2 195 242 100704 0.16666666666666666 0.017412410299704518
table-0103-733 26 9 11 156 354 2998 0.06666666666666667 1.190032414910859
table-0103-567 1 4 0 193 363 112516 0.1111111111111111 0.004326899703437212
table-0103-784 26 9 17 157 352 2960 0.06666666666666667 0.8708078156897054
table-0103-838 10 11 0 158 350 2791 0.07142857142857142 0.12579661956220559
table-0103-618 28 9 12 180 403 4933 0.14285714285714285 1.032556654963294
table-0103-550 27 9 10 422 601 28304 0.02564102564102564 0.4736
table-0103-317 0 1 0 23 42 13037 1.0 0.0
table-0103-209 5 2 0 143 161 7729 0.5 0.20571748878923768
table-0103-687 6 4 0 153 350 2924 0.0625 0.5105590062111801
table-0103-211 3 2 0 144 166 6352 0.5 0.16486486486486487
table-0103-480 13 4 13 216 176 18247 0.1 0.9635327635327635
table-0103-563 1 4 0 193 363 112516 0.1111111111111111 0.0012154212650104526
table-0103-8 0 1 0 309 381 4358 0.125 0.0
table-0103-493 29 9 21 154 375 3352 0.04 0.9260196905766526
table-0103-42 0 1 0 309 393 4131 0.125 0.0
table-0103-311 27 9 11 159 424 3708 0.125 0.421114715423179
table-0103-787 0 1 0 103 105 28644 1.0 0.0
table-0103-588 15 2 0 389 241 92944 0.3333333333333333 0.03356361856062667
table-0103-498 10 8 0 160 375 4193 0.07142857142857142 0.18344883815735832
table-0103-728 6 4 0 156 354 2998 0.06666666666666667 0.3411669367909238
table-0103-952 5 5 0 250 343 3787 0.14285714285714285 0.1142640938327658
table-0103-213 13 2 0 390 114 88219 0.5 0.05087928973877412
table-0103-525 8 7 0 518 658 33852 0.023809523809523808 0.01945228020686413
table-0103-720 3 9 2 163 369 4130 0.0625 0.10620915032679738
table-0103-594 3 7 0 228 445 7600 0.043478260869565216 0.020272572402044293
table-0103-354 23 5 17 20 72 789 1.0 0.6750369276218612
table-0103-988 0 1 0 251 339 4399 0.14285714285714285 0.0
table-0103-514 0 1 0 160 345 5913 0.07692307692307693 0.0
table-0103-999 21 9 10 304 488 7904 0.0625 1.2780514504652436
table-0103-665 7 7 0 226 446 5897 0.043478260869565216 0.04279449569030697
table-0103-869 9 12 0 158 340 2783 0.06666666666666667 0.17084282460136674
table-0103-149 1 4 0 363 393 157655 0.2 0.0031525220176140912
table-0103-552 26 9 16 422 601 28304 0.02564102564102564 0.44736
table-0103-456 0 1 0 160 396 3472 0.05555555555555555 0.0
table-0103-581 61 4 0 193 363 112516 0.1111111111111111 0.1863483883514026
table-0103-58 6 4 0 310 388 4108 0.1111111111111111 0.355822550831793
table-0103-281 3 4 0 195 242 100704 0.16666666666666666 0.03967918953144787
table-0103-380 0 1 0 164 415 3232 0.06666666666666667 0.0
table-0103-371 27 9 17 156 399 3829 0.058823529411764705 0.5328638497652582
table-0103-118 0 1 0 313 539 5290 0.0625 0.0
table-0103-121 5 5 0 358 592 6084 0.047619047619047616 0.10953935437069279
table-0103-192 17 2 0 33 37 2750 0.3333333333333333 0.09583009583009583
table-0103-379 0 1 0 164 415 3232 0.06666666666666667 0.0
table-0103-957 0 1 0 250 343 3787 0.14285714285714285 0.0
table-0103-166 0 1 0 551 563 7123 0.06666666666666667 0.0
table-0103-520 6 7 0 160 345 5913 0.07692307692307693 0.08853459972862958
table-0103-91 0 1 0 319 398 4559 0.125 0.0
table-0103-986 6 7 0 251 339 4399 0.14285714285714285 0.10313075506445672
table-0103-540 7 5 0 422 601 28304 0.02564102564102564 0.06352
table-0103-506 29 9 19 160 375 4193 0.07142857142857142 1.3033020790868324
table-0103-654 29 9 15 158 401 3945 0.0625 0.722497745716862
table-0103-41 0 1 0 309 393 4131 0.125 0.0
table-0103-797 33 9 22 157 359 2740 0.07692307692307693 1.0348001150417026
table-0103-256 8 6 0 234 309 2265 0.2 0.23911222780569513
table-0103-609 4 5 0 180 403 4933 0.14285714285714285 0.06958187041174593
table-0103-622 0 1 0 49 35 9008 1.0 0.0
table-0103-188 9 4 1 197 235 317653 0.5 0.2987060998151571
table-0103-856 14 11 0 158 340 2783 0.06666666666666667 0.22930903568716782
table-0103-698 0 1 0 217 158 331579 1.0 0.0
table-0103-517 27 9 9 160 345 5913 0.07692307692307693 1.1061736770691994
table-0103-773 10 11 0 157 352 2960 0.06666666666666667 0.13706620005832604
table-0103-822 6 11 0 157 356 2802 0.06666666666666667 0.11640596580574754
table-0103-481 5 9 10 216 176 18247 0.1 0.6421652421652422
table-0103-800 9 12 0 157 359 2740 0.07692307692307693 0.1368996261144665
table-0103-699 6 2 3 378 344 166623 0.16666666666666666 0.00878293601003764
table-0103-147 2 4 0 363 394 157655 0.25 0.006474636757583482
table-0103-16 0 1 0 311 383 4189 0.1111111111111111 0.0
table-0103-349 29 9 15 161 433 3673 0.0625 0.4623609305013726
table-0103-330 27 9 15 165 408 3999 0.0625 0.37320383182543904
table-0103-706 2 2 1 46 61 1866 1.0 0.016826923076923076
table-0103-292 7 17 0 195 242 100704 0.16666666666666666 0.18119459687631911
table-0103-399 28 9 14 158 404 3291 0.0625 1.864864864864865
table-0103-110 0 1 0 321 567 4654 0.058823529411764705 0.0
table-0103-474 1 3 0 75 94 5636 1.0 0.06766917293233082
table-0103-221 7 4 0 210 278 119264 0.14285714285714285 0.02384069454971405
table-0103-412 0 1 0 164 420 3726 0.0625 0.0
table-0103-535 25 9 13 518 658 33852 0.023809523809523808 0.17318993888105313
table-0103-919 0 1 0 248 336 3328 0.16666666666666666 0.0
table-0103-753 6 9 4 231 416 7823 0.04 0.14393592677345537
table-0103-644 13 7 0 158 401 3945 0.0625 0.11925157799819658
table-0103-895 0 1 0 255 348 3345 0.16666666666666666 0.0
table-0103-345 23 9 14 161 433 3673 0.0625 0.36280884265279584
table-0103-735 28 9 10 156 354 2998 0.06666666666666667 1.406807131280389
table-0103-46 0 1 0 369 449 6319 0.08333333333333333 0.0
table-0103-704 6 21 0 378 344 166623 0.16666666666666666 0.07384172126957572
table-0103-364 0 1 0 156 399 3829 0.058823529411764705 0.0
table-0103-266 1 4 1 171 571 1308 1.0 0.3385416666666667
table-0103-381 6 4 0 164 415 3232 0.06666666666666667 0.2572161642078255
table-0103-500 11 7 0 160 375 4193 0.07142857142857142 0.18630248675091723
table-0103-944 5 5 0 249 341 3290 0.16666666666666666 0.2777268560953254
table-0103-629 11 4 11 115 123 614 1.0 1.938101788170564
table-0103-357 86 12 275 81 128 12767 0.5 4.327858627858628
table-0103-700 14 2 0 378 344 166623 0.16666666666666666 0.03080998187648125
table-0103-868 1 9 1 158 340 2783 0.06666666666666667 0.03492786636294609
table-0103-39 0 1 0 309 393 4131 0.125 0.0
table-0103-709 6 7 0 163 369 4130 0.0625 0.08529411764705883
table-0103-766 29 9 23 157 353 3093 0.07142857142857142 0.9761431411530815
table-0103-373 28 9 12 156 399 3829 0.058823529411764705 0.5792704947634525
table-0103-971 0 1 0 247 334 3529 0.14285714285714285 0.0
table-0103-490 28 9 12 154 375 3352 0.04 0.9313642756680731
table-0103-998 27 9 13 304 488 7904 0.0625 1.6288998357963875
table-0103-505 26 9 18 160 375 4193 0.07142857142857142 1.2013860578883
table-0103-691 28 9 11 153 350 2924 0.0625 1.939751552795031
table-0103-182 2 2 0 145 155 8993 0.5 0.20367534456355282
table-0103-623 1 1 0 621 332 39155 0.5 0.009064039408866995
table-0103-527 6 7 0 518 658 33852 0.023809523809523808 0.012458862247296662
table-0103-186 1 2 0 142 159 6410 0.5 0.11320754716981132
table-0103-521 0 1 0 160 345 5913 0.07692307692307693 0.0
table-0103-591 9 8 0 228 445 7600 0.043478260869565216 0.07257240204429302
table-0103-956 0 1 0 250 343 3787 0.14285714285714285 0.0
table-0103-449 25 9 8 161 384 3719 0.07142857142857142 0.8389877641824249
table-0103-756 11 6 0 33 99 718 0.3333333333333333 0.27895392278953923
table-0103-181 6 4 0 547 542 8592 0.06666666666666667 0.32167563412759415
table-0103-201 6 4 0 250 252 139632 0.3333333333333333 0.060941419507156556
table-0103-943 1 5 2 6 20 546 1.0 0.1887966804979253
table-0103-314 27 9 11 159 424 3708 0.125 0.44854025361250366
table-0103-207 2 2 0 84 122 34551 0.25 0.005196645801346404
table-0103-53 9 8 0 310 388 4108 0.1111111111111111 0.19269870609981515
table-0103-997 28 9 10 304 488 7904 0.0625 1.6945812807881773
table-0103-305 0 1 0 159 424 3708 0.125 0.0
table-0103-942 9 3 8 268 195 35965 0.5 0.046625366807955655
table-0103-878 5 6 0 169 371 6960 0.05555555555555555 0.010231825987406984
table-0103-272 3 3 0 24 36 1423 1.0 0.10987544483985764
table-0103-137 10 2 4 363 394 157655 0.25 0.020698445067550343
table-0103-132 5 7 0 374 600 8036 0.05263157894736842 0.0687655343827672
table-0103-148 2 2 1 363 394 157655 0.25 0.0035177160336477185
table-0103-511 24 9 17 160 345 5913 0.07692307692307693 0.919606512890095
table-0103-863 30 9 20 158 340 2783 0.06666666666666667 1.3758542141230068
table-0103-447 27 9 16 161 384 3719 0.07142857142857142 0.8270300333704116
table-0103-441 0 1 0 161 384 3719 0.07142857142857142 0.0
table-0103-80 0 1 0 313 390 4038 0.14285714285714285 0.0
table-0103-103 0 1 0 377 598 6890 0.058823529411764705 0.0
table-0103-453 27 9 16 160 396 3472 0.05555555555555555 0.6499361973628244
table-0103-638 16 4 15 78 68 162654 0.3333333333333333 0.5957910014513788
table-0103-300 5 5 0 159 424 3708 0.125 0.04320259510468888
table-0103-368 1 9 1 156 399 3829 0.058823529411764705 0.017154207295052366
table-0103-889 281 2 0 149 373 105824 0.5 44.024734982332156
table-0103-584 12 2 0 193 363 112516 0.1111111111111111 0.014001652972920414
table-0103-673 27 9 15 226 446 5897 0.043478260869565216 0.4607591108422804
table-0103-205 12 2 0 144 161 6426 0.5 2.2339901477832513
table-0103-304 0 1 0 159 424 3708 0.125 0.0
table-0103-683 10 7 0 153 350 2924 0.0625 0.25217391304347825
table-0103-245 10 2 0 150 171 7859 0.5 0.49127704117236565
table-0103-861 0 1 0 158 340 2783 0.06666666666666667 0.0
table-0103-823 3 12 0 157 356 2802 0.06666666666666667 0.05783921425973081
table-0103-326 6 4 0 165 408 3999 0.0625 0.10151676423629591
table-0103-479 15 4 1 192 237 5618 1.0 0.12226109372122998
table-0103-799 3 9 2 157 359 2740 0.07692307692307693 0.09347138337647397
table-0103-928 0 1 0 249 339 3970 0.16666666666666666 0.0
table-0103-294 1 4 0 195 242 100704 0.16666666666666666 0.0049598986914309836
table-0103-851 6 3 0 185 186 59083 0.3333333333333333 0.1534691771988651
table-0103-626 3 2 1 53 100 246 1.0 0.01365546218487395
table-0103-351 3 9 1 161 433 3673 0.0625 0.05259355584453114
table-0103-896 6 4 0 255 348 3345 0.16666666666666666 0.15494372990353697
table-0103-559 3 3 0 193 363 112516 0.1111111111111111 0.020224609849773933
table-0103-339 0 1 0 161 433 3673 0.0625 0.0
table-0103-850 8 2 0 185 186 59083 0.3333333333333333 0.0750580345628063
table-0103-602 29 9 9 228 445 7600 0.043478260869565216 0.551618398637138
table-0103-156 10 2 0 363 394 157655 0.25 0.012643385164414989
table-0103-920 0 1 0 248 336 3328 0.16666666666666666 0.0
table-0103-568 1 4 0 193 363 112516 0.1111111111111111 0.007827312946667315
table-0103-50 6 4 0 369 449 6319 0.08333333333333333 0.16943447037701975
table-0103-675 5 9 2 226 446 5897 0.043478260869565216 0.09178890065023439
table-0103-2 2 7 0 311 391 4188 0.125 0.01970842332613391
table-0103-443 0 1 0 161 384 3719 0.07142857142857142 0.0
table-0103-783 34 9 25 157 352 2960 0.06666666666666667 1.1011956838728492
table-0103-84 1 7 0 321 405 3920 0.14285714285714285 0.017722473604826545
table-0103-810 31 9 23 159 320 3461 0.07142857142857142 0.8508626802174427
table-0103-948 0 1 0 249 341 3290 0.16666666666666666 0.0
table-0103-595 9 7 0 228 445 7600 0.043478260869565216 0.05775127768313458
table-0103-165 0 1 0 551 563 7123 0.06666666666666667 0.0
table-0103-501 7 4 0 160 375 4193 0.07142857142857142 0.3950264981655116
table-0103-543 10 7 0 422 601 28304 0.02564102564102564 0.06304
table-0103-968 6 4 0 246 346 3546 0.16666666666666666 0.28508449669360764
table-0103-44 7 5 0 369 449 6319 0.08333333333333333 0.09156193895870736
table-0103-857 5 11 0 158 340 2783 0.06666666666666667 0.10630220197418375
table-0103-99 1 7 0 377 598 6890 0.058823529411764705 0.011083123425692695
table-0103-81 6 4 0 313 390 4038 0.14285714285714285 0.35516483516483516
table-0103-123 0 1 0 358 592 6084 0.047619047619047616 0.0
table-0103-993 7 8 0 304 488 7904 0.0625 0.16420361247947454
table-0103-749 29 9 22 231 416 7823 0.04 0.6691075514874142
table-0103-3 5 4 0 311 391 4188 0.125 0.17980561555075594
table-0103-114 5 5 0 313 539 5290 0.0625 0.10472727272727272
table-0103-143 1 4 0 363 394 157655 0.25 0.010655110884527148
table-0103-497 5 5 0 160 375 4193 0.07142857142857142 0.11740725642070933
table-0103-656 3 9 1 158 401 3945 0.0625 0.07416591523895401
table-0103-167 6 4 0 551 563 7123 0.06666666666666667 0.3552465233881163
table-0103-589 9 2 0 389 241 92944 0.3333333333333333 0.011042811293042486
table-0103-71 1 7 0 319 395 3779 0.125 0.021402550091074682
table-0103-219 1 4 0 210 278 119264 0.14285714285714285 0.004478743195755529
table-0103-231 1 2 0 210 278 119264 0.14285714285714285 0.001584786053882726
table-0103-467 28 9 17 160 396 3472 0.05555555555555555 0.6401531263292216
table-0103-923 5 5 0 249 339 3970 0.16666666666666666 0.16469926925238898
table-0103-762 6 4 0 157 353 3093 0.07142857142857142 0.27501656726308815
table-0103-685 2 7 0 153 350 2924 0.0625 0.062111801242236024
table-0103-593 6 7 0 228 445 7600 0.043478260869565216 0.04395229982964225
table-0103-233 14 3 0 210 278 119264 0.14285714285714285 0.05181561358781782
table-0103-297 1 3 0 52 99 3126 1.0 0.052337938363443144
table-0103-416 27 9 15 164 420 3726 0.0625 1.3176845943482225
table-0103-382 0 1 0 164 415 3232 0.06666666666666667 0.0
table-0103-32 5 4 0 744 540 16758 0.047619047619047616 0.15654261704681874
table-0103-866 31 9 25 158 340 2783 0.06666666666666667 1.3602885345482156
table-0103-560 1 4 0 193 363 112516 0.1111111111111111 0.0062715737274539355
table-0103-930 14 9 0 268 195 35965 0.5 0.3597978480599935
table-0103-751 27 9 17 231 416 7823 0.04 0.6716247139588101
table-0103-482 0 1 0 13 32 3919 1.0 0.0
table-0103-423 1 7 0 164 402 3216 0.06666666666666667 0.021639344262295083
table-0103-836 6 11 0 158 350 2791 0.07142857142857142 0.08367968966472707
table-0103-696 9 8 0 153 350 2924 0.0625 0.2670807453416149
table-0103-974 0 1 0 247 334 3529 0.14285714285714285 0.0
table-0103-395 0 1 0 158 404 3291 0.0625 0.0
table-0103-309 23 9 11 159 424 3708 0.125 0.34532586257741077
table-0103-372 26 9 12 156 399 3829 0.058823529411764705 0.5433369447453954
table-0103-729 0 1 0 156 354 2998 0.06666666666666667 0.0
table-0103-187 4 5 6 29 34 0 0.5 0.29967948717948717
table-0103-705 4 3 0 88 117 1089 1.0 0.10702535320301916
table-0103-833 6 9 4 157 356 2802 0.06666666666666667 0.299017824663514
table-0103-106 1 2 0 153 201 15662 0.5 0.021811154058531197
table-0103-86 0 1 0 321 405 3920 0.14285714285714285 0.0
table-0103-940 9 3 8 268 195 35965 0.5 0.04760352135637431
table-0103-935 12 9 0 268 195 35965 0.5 0.23703945223345288
table-0103-144 5 4 0 363 394 157655 0.25 0.028906449146061688
table-0103-790 14 12 0 157 359 2740 0.07692307692307693 0.2070750647109577
table-0103-139 13 4 0 363 394 157655 0.25 0.08819780780015295
table-0103-460 0 1 0 160 396 3472 0.05555555555555555 0.0
table-0103-643 7 5 0 158 401 3945 0.0625 0.08972046889089269
table-0103-898 1 5 2 9 19 593 1.0 0.2356687898089172
table-0103-437 9 3 0 40 58 1321 1.0 0.4034582132564842
table-0103-661 9 8 0 226 446 5897 0.043478260869565216 0.06547709057916226
table-0103-177 0 1 0 547 542 8592 0.06666666666666667 0.0
table-0103-162 1 8 0 551 563 7123 0.06666666666666667 0.01980615254951538
table-0103-767 28 9 14 157 353 3093 0.07142857142857142 1.0566600397614314
table-0103-682 7 5 0 153 350 2924 0.0625 0.253416149068323
table-0103-789 14 11 0 157 359 2740 0.07692307692307693 0.18521714121368996
table-0103-534 29 9 11 518 658 33852 0.023809523809523808 0.19464033850493653
table-0103-913 6 4 0 252 334 4369 0.16666666666666666 0.43609022556390975
table-0103-59 2 3 0 217 220 6293 1.0 0.14075949367088608
table-0103-424 0 1 0 164 402 3216 0.06666666666666667 0.0
table-0103-712 6 4 0 163 369 4130 0.0625 0.265359477124183
table-0103-990 5 5 0 304 488 7904 0.0625 0.15763546798029557
table-0103-446 28 9 16 161 384 3719 0.07142857142857142 0.8473303670745272
table-0103-280 1 4 0 195 242 100704 0.16666666666666666 0.007387083157450401
table-0103-575 2 4 0 193 363 112516 0.1111111111111111 0.010355389177889055
table-0103-586 14 4 2 193 363 112516 0.1111111111111111 0.03262190675288055
table-0103-899 52 3 0 52 38 4257 0.125 2.0866601752677703
table-0103-614 23 9 7 180 403 4933 0.14285714285714285 0.8353016278327482
table-0103-736 5 9 1 156 354 2998 0.06666666666666667 0.2986223662884927
table-0103-236 1 3 0 15 19 1285 1.0 0.1149025069637883
table-0103-36 1 2 1 7 17 794 1.0 0.03777335984095427
table-0103-849 9 2 6 185 186 59083 0.3333333333333333 0.05700283724529275
table-0103-168 5 5 0 314 552 6076 0.058823529411764705 0.10812746151092016
table-0103-862 23 9 8 158 340 2783 0.06666666666666667 1.112756264236902
table-0103-894 0 1 0 255 348 3345 0.16666666666666666 0.0
table-0103-355 37 4 0 159 265 23423 0.3333333333333333 0.02723817145143543
table-0103-494 26 9 10 154 375 3352 0.04 0.8734177215189873
table-0103-126 0 1 0 358 592 6084 0.047619047619047616 0.0
table-0103-45 9 8 0 369 449 6319 0.08333333333333333 0.09268402154398564
table-0103-769 28 9 16 157 353 3093 0.07142857142857142 1.0520212060967529
table-0103-537 6 9 3 518 658 33852 0.023809523809523808 0.04384109073812882
table-0103-737 9 8 0 156 354 2998 0.06666666666666667 0.18273905996758508
table-0103-54 0 1 0 310 388 4108 0.1111111111111111 0.0
table-0103-276 1 3 0 20 52 1183 1.0 0.08444444444444445
table-0103-902 36 3 1 52 38 4257 0.125 1.3661148977604674
table-0103-77 0 1 0 313 390 4038 0.14285714285714285 0.0
table-0103-400 27 9 17 158 404 3291 0.0625 1.6492492492492492
table-0103-383 10 7 10 164 415 3232 0.06666666666666667 0.2450288646568313
table-0103-66 6 4 0 365 455 6099 0.1 0.20408163265306123
table-0103-12 7 5 0 311 383 4189 0.1111111111111111 0.13946386155412283
