table_id rows cols nulls inlinks outlinks views table_imp table_fraction
table-0401-987 17 5 0 228 233 7191 0.1 0.6802721088435374
table-0401-771 2 6 0 102 178 7017 0.3333333333333333 0.17761100687929957
table-0401-984 2 8 0 228 233 7191 0.1 0.12492269635126778
table-0401-670 6 10 0 134 301 2111 0.07142857142857142 0.3963302752293578
table-0401-192 1 1 0 21 27 7493 1.0 0.038433111603843315
table-0401-286 12 10 5 200 221 6633 0.5 0.5702336313815979
table-0401-296 54 5 0 93 133 14120 0.5 24.952896430661205
table-0401-515 16 3 15 33 102 717 0.1 0.5028571428571429
table-0401-492 81 6 83 387 571 3844 1.0 7.873873873873874
table-0401-45 7 5 0 252 308 1326 0.5 0.5219123505976095
table-0401-273 1 2 0 12 36 16100 0.5 0.018617021276595744
table-0401-84 10 4 4 101 106 111934 0.3333333333333333 0.22375057313159102
table-0401-705 1 3 0 1042 392 4904606 0.16666666666666666 0.010219910575782462
table-0401-945 0 1 0 132 237 30768 1.0 0.0
table-0401-301 182 3 0 62 643 26295 0.5 25.69221967963387
table-0401-756 4 10 0 6843 660 706037 0.5 0.05770340450086555
table-0401-511 4 8 2 33 102 717 0.1 0.26857142857142857
table-0401-2 7 4 0 244 315 3327 0.05 0.03648504790477112
table-0401-913 2 2 0 98 148 1155 0.25 0.09406657018813314
table-0401-164 3 1 0 111 168 1684 0.14285714285714285 0.10652173913043478
table-0401-188 1 1 0 21 27 7493 1.0 0.038433111603843315
table-0401-87 2 5 4 103 189 1199 1.0 0.14931437277805992
table-0401-401 0 1 0 5 26 1198 1.0 0.0
table-0401-337 1 2 0 0 0 0 0.0 33.0
table-0401-486 5 3 0 1672 373 234532 0.16666666666666666 0.008170884720139548
table-0401-836 0 1 0 48 82 14522 1.0 0.0
table-0401-539 10 7 0 170 241 1095 0.2 0.733502538071066
table-0401-458 2 3 0 18255 1286 1582516 0.16666666666666666 0.0035071783614664545
table-0401-372 3 2 0 22 28 174 1.0 0.0726643598615917
table-0401-291 6 4 0 359 228 17560 0.25 0.13771377137713772
table-0401-150 6 5 0 221 171 66074 0.1 0.028093369138607726
table-0401-268 2 4 2 61 89 2776 1.0 0.0504266873545384
table-0401-32 5 4 0 33 52 1698 1.0 0.2052980132450331
table-0401-37 1 3 0 14 29 1529 1.0 0.10204081632653061
table-0401-105 14 3 2 122 127 8102 1.0 0.18522727272727274
table-0401-777 1 2 1 55 78 3780 1.0 0.0203862660944206
table-0401-803 22 5 0 573 786 7075 0.1111111111111111 0.7167808219178082
table-0401-834 2 2 0 14 53 0 0.3333333333333333 0.023656776263031275
table-0401-227 4 8 4 7 57 503 0.16666666666666666 0.08873720136518772
table-0401-958 3 2 0 18 45 64 1.0 0.11697769685935366
table-0401-752 4 9 0 45 311 1591 0.16666666666666666 0.13549752999294284
table-0401-594 28 3 0 341 461 2411 0.1 0.3169672678690715
table-0401-349 2 2 0 236 260 48185 0.1111111111111111 0.003125637018414079
table-0401-917 6 7 12 245 399 349 1.0 0.32892249527410206
table-0401-159 6 3 1 250 153 21041 0.2 0.0425531914893617
table-0401-650 2 5 0 582 715 29519 0.5 0.011325206449075895
table-0401-618 21 11 2 164 339 139 1.0 1.167013167013167
table-0401-103 2 17 7 121 82 9324 0.3333333333333333 0.34375
table-0401-9 6 2 0 136 155 3837 0.25 0.6509758897818599
table-0401-138 0 1 0 76 50 402679 0.5 0.0
table-0401-119 17 4 0 126 187 1166 0.16666666666666666 2.0283505154639174
table-0401-703 21 4 17 1042 392 4904606 0.16666666666666666 0.09079295556163884
table-0401-564 0 1 0 6 51 1583 0.25 0.0
table-0401-338 2 5 2 21 259 7877 0.14285714285714285 0.5839080459770115
table-0401-359 27 8 0 368 142 4589 0.14285714285714285 0.8565057712486883
table-0401-493 27 7 30 387 571 3844 1.0 2.8265765765765765
table-0401-365 56 5 0 574 783 8426 0.1111111111111111 1.5928687196110212
table-0401-799 12 2 0 573 786 7075 0.1111111111111111 0.15821917808219177
table-0401-277 10 2 0 7 12 1412 0.5 0.5594202898550724
table-0401-711 5 3 5 112 154 4412 0.5 0.18556701030927836
table-0401-199 1 1 0 21 27 7493 1.0 0.038433111603843315
table-0401-204 1 1 0 21 27 7493 1.0 0.038433111603843315
table-0401-574 3 3 0 29 43 1105 1.0 0.11429794520547945
table-0401-438 24 4 0 177 294 3102 0.16666666666666666 0.8434118395926161
table-0401-133 28 4 2 16 34 3008 0.5 1.8641390205371249
table-0401-841 5 4 0 12 132 530 0.25 0.6729559748427673
table-0401-186 1 1 0 21 27 7493 1.0 0.038433111603843315
table-0401-514 4 8 4 33 102 717 0.1 0.10285714285714286
table-0401-896 4 10 4 93 28 7695 1.0 0.42961165048543687
table-0401-894 1 1 0 156 223 1103 1.0 0.012062440870387891
table-0401-680 9 7 18 0 0 0 0.0 644.0
table-0401-408 6 8 0 105 109 7990 0.3333333333333333 0.027139227957122498
table-0401-178 2 4 0 21 39 1530 1.0 0.08771008403361344
table-0401-303 3 3 0 10 22 1761 1.0 0.2545454545454545
table-0401-324 9 2 0 218 240 5046 0.047619047619047616 0.17487046632124353
table-0401-789 5 2 0 72 116 6878 0.2 0.2781954887218045
table-0401-98 15 4 15 333 134 14648 0.2 0.1698698078115313
table-0401-575 1 3 0 5 4 313 1.0 0.6495327102803738
table-0401-35 4 4 0 33 52 1698 1.0 0.10816777041942605
table-0401-480 9 7 0 1587 369 251859 0.3333333333333333 0.028309203722854188
table-0401-951 1 3 0 13 45 989 1.0 0.019684424308701765
table-0401-612 22 14 0 47 100 47249 0.14285714285714285 6.08
table-0401-276 1 2 1 52 80 5469 1.0 0.007421875
table-0401-935 8 2 0 107 153 1690 0.14285714285714285 0.20950704225352113
table-0401-321 8 2 0 0 0 0 0.0 535.0
table-0401-882 3 3 0 517 129 44628 1.0 0.04814487632508834
table-0401-271 4 1 0 330 166 37967 0.1 0.027777777777777776
table-0401-182 1 1 0 21 27 7493 1.0 0.038433111603843315
table-0401-209 1 1 0 21 27 7493 1.0 0.038433111603843315
table-0401-116 2 2 0 126 187 1166 0.16666666666666666 0.22422680412371135
table-0401-651 2 3 0 130 160 3456 1.0 0.14932992980216975
table-0401-85 34 4 0 101 106 111934 0.3333333333333333 1.2058688674919762
table-0401-543 0 1 0 16 13 1938 1.0 0.0
table-0401-546 12 4 12 110 219 19238 0.5 0.046089385474860335
table-0401-466 8 2 0 111 170 1417 0.16666666666666666 0.20411663807890223
table-0401-330 4 3 0 1416 923 998639 0.16666666666666666 0.007280981647643317
table-0401-681 6 4 0 27 46 717 0.3333333333333333 0.36685082872928176
table-0401-282 1 2 1 44 77 3284 1.0 0.08482142857142858
table-0401-318 5 7 5 80 86 3930 0.5 0.16654492330168005
table-0401-537 30 6 4 170 241 1095 0.2 2.011421319796954
table-0401-955 1 1 1 45 102 1945 0.07692307692307693 0.0
table-0401-432 3 1 0 107 157 1546 0.14285714285714285 0.10294117647058823
table-0401-622 14 4 3 81 89 253992 0.25 0.1968476357267951
table-0401-212 76 5 0 21 27 7493 1.0 8.678492239467849
table-0401-820 1 5 0 196 263 604 1.0 0.007713989022400237
table-0401-941 3 1 0 103 149 1677 0.14285714285714285 0.10272536687631027
table-0401-7 2 2 0 136 155 3837 0.25 0.182548794489093
table-0401-23 4 10 4 98 29 8723 1.0 0.5136690647482014
table-0401-68 20 2 0 117 161 18469 0.5 0.05658536585365854
table-0401-819 0 1 0 5 29 1192 1.0 0.0
table-0401-699 6 8 6 26 52 10064 0.16666666666666666 0.7403628117913832
table-0401-100 2 3 0 59 92 4947 1.0 0.38125
table-0401-974 2 5 0 235 226 13014 0.1111111111111111 0.039897340177321515
table-0401-548 4 4 4 110 219 19238 0.5 0.013168395849960097
table-0401-95 9 4 0 51 63 11086 0.5 0.21081307627829002
table-0401-440 54 4 0 109 225 547 0.5 2.044189852700491
table-0401-761 15 9 0 105 242 4933 0.1 6.2492917847025495
table-0401-883 8 3 0 9 14 3180 0.5 6.203947368421052
table-0401-346 6 3 0 524 347 93116 1.0 0.018266687412478607
table-0401-250 1 2 0 61 97 9570 0.25 0.016183986371379896
table-0401-973 10 10 0 235 226 13014 0.1111111111111111 0.23775081661222586
table-0401-744 1 3 0 48 89 2196 1.0 0.017763157894736842
table-0401-333 7 3 0 46 44 5501 1.0 0.3185397279885469
table-0401-977 10 5 0 235 226 13014 0.1111111111111111 0.1658889407372842
table-0401-517 2 2 0 93 132 12048 0.5 0.035202086049543675
table-0401-791 3 5 3 27 36 7069 0.3333333333333333 0.11428571428571428
table-0401-536 51 4 0 108 213 577 0.5 2.8667894413750767
table-0401-269 4 3 0 15 22 1920 0.5 0.13685636856368563
table-0401-795 1 4 0 171 176 639 0.3333333333333333 0.21301775147928995
table-0401-568 1 2 0 47 78 3342 0.5 0.011039794608472401
table-0401-197 1 1 0 21 27 7493 1.0 0.038433111603843315
table-0401-956 6 1 0 45 102 1945 0.07692307692307693 0.015866558177379985
table-0401-17 48 5 0 293 584 20098 0.16666666666666666 9.928327645051194
table-0401-357 5 1 0 368 142 4589 0.14285714285714285 0.02833158447009444
table-0401-160 19 5 0 27 153 73 1.0 2.2904458598726114
table-0401-721 0 1 0 255 203 11710 1.0 0.0
table-0401-559 2 2 1 6 51 1583 0.25 0.051633298208640675
table-0401-418 8 4 2 37 33 1212 0.3333333333333333 1.6761904761904762
table-0401-862 4 6 7 109 108 1995 0.25 0.17194570135746606
table-0401-532 3 2 0 87 138 3597 0.5 0.09062821833161688
table-0401-923 7 7 13 245 399 349 1.0 0.3846880907372401
table-0401-638 6 8 6 180 292 3688 0.09090909090909091 0.028091937249179133
table-0401-167 4 4 0 11 32 805 0.5 0.10309278350515463
table-0401-16 50 5 0 293 584 20098 0.16666666666666666 8.793515358361775
table-0401-571 44 8 0 57 72 40254 1.0 23.650306748466257
table-0401-12 0 1 0 14 166 2971 1.0 0.0
table-0401-633 3 3 0 180 292 3688 0.09090909090909091 0.04742794600510763
table-0401-848 1 2 1 88 119 6736 0.3333333333333333 0.012077294685990338
table-0401-856 16 8 0 602 268 5573 1.0 0.060207100591715974
table-0401-134 23 4 0 170 369 25988 0.2 0.09624340266997827
table-0401-206 1 1 0 21 27 7493 1.0 0.038433111603843315
table-0401-712 40 6 0 6 17 912 0.5 1.4403183023872679
table-0401-403 7 4 0 15 132 402 0.3333333333333333 0.9024725274725275
table-0401-387 6 3 0 1470 560 63747 0.05555555555555555 0.011271931257555462
table-0401-786 4 4 0 13 96 385 0.3333333333333333 0.7530017152658662
table-0401-213 1 1 0 21 27 7493 1.0 0.038433111603843315
table-0401-687 75 4 1 370 318 697259 0.25 1.6323483670295489
table-0401-720 4 6 0 372 307 16279 1.0 0.05085922582884916
table-0401-76 7 3 0 86 158 217502 0.1111111111111111 0.017782717421505972
table-0401-609 6 13 2 47 100 47249 0.14285714285714285 3.2725
table-0402-1000 11 5 0 226 220 6199 1.0 0.25207986688851913
table-0401-278 1 2 1 61 77 4860 1.0 0.007468553459119497
table-0401-218 1 1 0 21 27 7493 1.0 0.038433111603843315
table-0401-905 25 4 3 81 273 4775 0.3333333333333333 7.206463195691203
table-0401-428 1 3 0 250 399 177 1.0 0.06670567583382095
table-0401-953 0 0 0 45 102 1945 0.07692307692307693 0.0
table-0401-36 2 4 0 33 52 1698 1.0 0.05518763796909492
table-0401-648 4 11 0 6 221 49169 1.0 0.09300497773120252
table-0401-740 3 5 0 339 567 237 1.0 0.3134948096885813
table-0401-665 2 4 0 160 171 30246 0.25 0.029800770132261845
table-0401-858 0 1 0 295 447 551 1.0 0.0
table-0401-505 4 10 4 96 31 6573 1.0 0.45519203413940257
table-0401-554 1 3 0 9 14 724 1.0 0.8653846153846154
table-0401-780 29 4 0 8 24 911 0.25 0.5649095200629426
table-0401-21 4 10 4 23 51 946 1.0 0.39075144508670523
table-0401-647 39 6 41 6 221 49169 1.0 0.38127674438913634
table-0401-940 2 2 0 103 149 1677 0.14285714285714285 0.1761006289308176
table-0401-997 8 10 0 226 220 6199 1.0 0.33111480865224624
table-0401-899 6 6 6 89 95 3693 1.0 0.022124832119884075
table-0401-891 2 2 0 63 109 861 0.25 0.1789709172259508
table-0401-828 10 4 7 529 296 1802373 1.0 0.031500756568389195
table-0401-693 26 6 0 47 80 60279 0.2 13.113924050632912
table-0401-462 6 4 0 17 125 471 0.3333333333333333 0.8200836820083682
table-0401-287 2 7 0 954 222 55407 0.3333333333333333 0.021274627694015356
table-0401-535 2 2 0 62 83 854 0.25 0.2222222222222222
table-0401-332 104 3 0 42 29 29845 0.5 35.02088167053364
table-0401-426 16 6 15 250 399 177 1.0 0.8338209479227618
table-0401-34 2 4 0 33 52 1698 1.0 0.06567328918322296
table-0401-289 13 7 0 359 228 17560 0.25 2.72007200720072
table-0401-790 11 2 0 72 116 6878 0.2 0.45864661654135336
table-0401-816 3 2 0 49 79 5472 0.5 0.03922542204568024
table-0401-877 1 4 0 63 82 4351 0.2 0.02156549520766773
table-0401-770 16 2 16 95 207 4393 0.2 0.7747603833865815
table-0401-671 74 6 0 134 301 2111 0.07142857142857142 4.438532110091743
table-0401-794 1 3 0 221 111 127017 1.0 0.009785819793205317
table-0401-603 30 3 0 341 461 2411 0.1 0.34802939211756845
table-0401-386 6 3 0 1470 560 63747 0.05555555555555555 0.009474956709249518
table-0401-481 48 3 3 1587 369 251859 0.3333333333333333 0.10977895553257497
table-0401-725 31 4 3 4182 246 204729 0.5 0.06866625339754899
table-0401-363 0 1 0 12 23 1066 1.0 0.0
table-0401-854 2 2 0 79 107 1516 0.3333333333333333 0.39540816326530615
table-0401-726 7 2 6 24 58 6256 0.5 0.0720235178833905
table-0401-3 7 4 0 244 315 3327 0.05 0.040065808574470146
table-0401-239 1 5 0 833 486 8344 0.125 0.06314312441534144
table-0401-163 2 2 0 111 168 1684 0.14285714285714285 0.14347826086956522
table-0401-745 119 6 209 128 106 6849 1.0 4.944190944190944
table-0401-412 4 3 0 273 372 20885 0.3333333333333333 0.0023713540431586438
table-0401-140 12 3 8 514 212 57086 0.3333333333333333 0.03378119001919386
table-0401-591 2 4 0 144 135 17201 0.25 0.00650887573964497
table-0401-446 8 2 0 96 141 1407 0.14285714285714285 0.2603938730853392
table-0401-175 8 6 4 332 180 11981 0.16666666666666666 0.5022935779816514
table-0401-117 6 2 0 126 187 1166 0.16666666666666666 0.20876288659793815
table-0401-40 1 4 0 5 27 898 0.5 0.040342298288508556
table-0401-969 12 5 0 227 225 7661 0.125 0.4409654272667971
table-0401-553 8 2 0 102 175 1403 0.16666666666666666 0.21288014311270126
table-0401-995 11 3 0 26 67 9748 0.14285714285714285 4.723270440251572
table-0401-310 5 2 0 508 472 13239 0.16666666666666666 0.21414790996784566
table-0401-975 14 5 0 235 226 13014 0.1111111111111111 0.18618758749416706
table-0401-758 2 6 0 105 242 4933 0.1 0.6742209631728046
table-0401-861 2 3 0 109 108 1995 0.25 0.0788623141564318
table-0401-772 5 9 0 102 178 7017 0.3333333333333333 0.20075046904315197
table-0401-152 10 4 0 221 171 66074 0.1 0.025958823934448805
table-0401-718 26 5 0 370 450 40444 1.0 3.625689307330195
table-0401-605 1 5 2 144 141 3666 1.0 0.06261595547309833
table-0401-631 1 2 0 15 30 912 0.5 0.05575326215895611
table-0401-585 4 5 0 10 20 2762 0.25 0.5644891122278057
table-0401-653 2 3 0 191 266 36671 1.0 0.009192959763477618
table-0401-636 4 8 3 180 292 3688 0.09090909090909091 0.03575337468077344
table-0401-129 1 2 1 69 122 0 1.0 0.005972964476579692
table-0401-66 2 2 0 112 160 1346 0.06666666666666667 0.15913978494623657
table-0401-602 33 3 0 341 461 2411 0.1 0.3119572478289913
table-0401-217 1 1 0 21 27 7493 1.0 0.038433111603843315
table-0401-423 11 3 0 2522 527 751702 0.25 0.029745895387579786
table-0401-526 4 2 0 95 137 6678 0.5 0.16984126984126985
table-0401-990 14 4 16 163 200 15978 1.0 0.42282537606278614
table-0401-343 69 5 0 75 229 4067 0.5 8.34344827586207
table-0401-139 2 2 0 33 52 2327 0.5 0.07916900617630544
table-0401-708 42 3 0 1267 964 41997 0.5 0.08934864462876362
table-0401-497 10 4 10 19 73 182 1.0 0.20623501199040767
table-0401-572 1 4 0 57 72 40254 1.0 0.03792526491912995
table-0401-168 3 10 12 327 124 13035 0.3333333333333333 1.2028169014084507
table-0401-629 1 3 0 13 21 993 1.0 0.18872549019607843
table-0401-232 33 5 0 93 73 36562 0.5 0.2979736249597941
table-0401-561 2 2 0 6 51 1583 0.25 0.1285563751317176
table-0401-667 1 2 0 134 301 2111 0.07142857142857142 0.04128440366972477
table-0401-784 5 4 0 188 328 7835 0.3333333333333333 0.4351145038167939
table-0401-79 3 5 0 86 158 217502 0.1111111111111111 0.01062795220894693
table-0401-473 6 3 0 37 123 811 0.25 0.14311485267588694
table-0401-657 7 2 0 53 104 13368 0.16666666666666666 0.020384835206706038
table-0401-890 5 3 0 0 0 0 0.0 128.0
table-0401-682 6 4 0 27 46 717 0.3333333333333333 0.3624309392265193
table-0401-960 8 10 0 223 218 6649 0.125 0.5688202247191011
table-0401-44 22 5 0 252 308 1326 0.5 5.756972111553785
table-0401-101 4 3 0 179 191 2412 1.0 0.09694628403237675
table-0401-490 43 2 0 1672 373 234532 0.16666666666666666 0.060348257183952016
table-0401-608 1 5 2 140 135 3124 1.0 0.11479591836734694
table-0401-247 1 2 1 61 97 9570 0.25 0.008091993185689948
table-0401-750 1 1 0 45 311 1591 0.16666666666666666 0.031051517290049402
table-0401-586 3 3 1 10 20 2762 0.25 0.18927973199329984
table-0401-810 2 3 0 10 10 522 1.0 0.21169036334913113
table-0401-388 6 3 0 1470 560 63747 0.05555555555555555 0.009605645767308131
table-0401-773 19 12 0 102 178 7017 0.3333333333333333 0.7323327079424641
table-0401-927 2 2 0 14 25 1243 0.2 0.32903225806451614
table-0401-395 2 6 2 103 127 521 1.0 0.3185011709601874
table-0401-391 1 3 0 76 120 411 1.0 0.2075098814229249
table-0401-141 2 2 0 135 206 1354 0.16666666666666666 0.14065180102915953
table-0401-1 7 4 0 244 315 3327 0.05 0.041033581728442854
table-0401-992 2 2 0 26 67 9748 0.14285714285714285 0.7169811320754716
table-0401-914 6 7 10 245 399 349 1.0 0.32986767485822305
table-0401-655 4 3 0 59 72 6474 1.0 0.11730279898218829
table-0401-284 6 8 2 26 127 1007 0.2 0.094
table-0401-827 6 4 1 17 34 965 0.5 0.26096491228070173
table-0401-976 13 5 0 235 226 13014 0.1111111111111111 0.2053196453569762
table-0401-738 1 3 0 34 52 1005 1.0 0.097953216374269
table-0401-191 1 1 0 21 27 7493 1.0 0.038433111603843315
table-0401-626 6 4 0 19 120 514 0.3333333333333333 0.7804195804195804
table-0401-922 5 7 9 245 399 349 1.0 0.2826086956521739
table-0401-902 36 6 0 120 118 3244 0.3333333333333333 0.782793867120954
table-0401-377 6 3 0 1470 560 63747 0.05555555555555555 0.010553141438233084
table-0401-362 0 1 0 15 37 2327 1.0 0.0
table-0401-309 5 2 0 508 472 13239 0.16666666666666666 0.21961414790996783
table-0401-867 0 1 0 8 22 634 1.0 0.0
table-0401-60 0 1 0 199 362 326 1.0 0.0
table-0401-81 3 7 0 86 158 217502 0.1111111111111111 0.013406501806057238
table-0401-121 6 4 0 194 207 800 0.09090909090909091 1.5806451612903225
table-0401-89 3 9 9 728 116 23074 0.2 1.011472275334608
table-0401-47 1 2 0 101 159 10675 0.5 0.014321295143212951
table-0401-778 5 5 0 184 174 22493 1.0 0.03470737913486005
table-0401-501 2 2 0 57 80 919 0.5 0.2514124293785311
table-0401-588 17 19 0 72 73 1374 0.5 0.8774592467678471
table-0401-454 1 1 0 18255 1286 1582516 0.16666666666666666 0.001084954457144299
table-0401-25 8 6 10 45 140 370 1.0 1.1100362756952842
table-0401-907 2 2 1 56 67 7971 0.5 0.06430868167202572
table-0401-455 4 4 0 18255 1286 1582516 0.16666666666666666 0.010168294098352383
table-0401-436 6 7 0 177 294 3102 0.16666666666666666 0.19159770846594526
table-0401-80 20 6 0 86 158 217502 0.1111111111111111 0.08794109474854127
table-0401-189 1 1 0 21 27 7493 1.0 0.038433111603843315
table-0401-584 1 2 0 10 20 2762 0.25 0.06365159128978225
table-0401-732 14 2 0 26 52 1327 0.5 0.9451530612244898
table-0401-451 24 4 14 1590 385 600044 0.25 0.05047846889952153
table-0401-730 12 6 0 3602 771 793042 0.3333333333333333 0.008411446163995712
table-0401-6 14 4 17 199 280 131566 0.3333333333333333 0.8975036005760921
table-0401-962 15 5 0 223 218 6649 0.125 0.5709269662921348
table-0401-290 13 5 0 359 228 17560 0.25 1.016201620162016
table-0401-384 6 7 0 1470 560 63747 0.05555555555555555 0.013068905805861404
table-0401-441 5 4 0 7 10 623 0.5 0.33204259438528555
table-0401-295 24 7 0 40 76 44873 0.5 2.5795454545454546
table-0401-983 6 10 0 228 233 7191 0.1 0.37043908472479903
table-0401-788 10 2 0 72 116 6878 0.2 0.4548872180451128
table-0401-658 3 3 0 95 183 36015 0.5 0.018342014850936495
table-0401-781 7 4 0 8 24 911 0.25 0.8308418568056648
table-0401-126 8 6 4 260 79 2334 0.3333333333333333 0.34071550255536626
table-0401-716 12 3 0 52 61 4570 0.5 0.5973826020015397
table-0401-985 6 7 3 228 233 7191 0.1 0.3401360544217687
table-0401-823 8 3 0 78 62 4359 1.0 0.008828195047934341
table-0401-737 41 4 44 618 562 68217 0.5 0.06617879568143832
table-0401-285 6 4 0 26 127 1007 0.2 0.14
table-0401-525 1 2 0 95 137 6678 0.5 0.03650793650793651
table-0401-747 1 3 0 263 361 8021 1.0 0.0038360718624128893
table-0401-528 1 2 1 91 130 5341 0.5 0.008958038661008957
table-0401-312 3 2 0 508 472 13239 0.16666666666666666 0.12057877813504823
table-0401-971 10 5 0 227 225 7661 0.125 0.44487932159165033
table-0401-966 0 1 0 223 218 6649 0.125 0.0
table-0401-704 7 4 0 1042 392 4904606 0.16666666666666666 0.05064330687106488
table-0401-931 12 4 13 0 0 0 0.0 1310.0
table-0401-221 8 2 0 103 159 2088 0.14285714285714285 0.284688995215311
table-0401-887 1 3 0 48 114 1460 1.0 0.04245132460900096
table-0401-580 1 2 0 22 18 1634 0.25 0.05918367346938776
table-0401-769 82 9 74 95 207 4393 0.2 7.507987220447284
table-0401-643 1 2 1 10 23 5256 1.0 0.03909465020576132
table-0401-86 1 2 0 177 102 250 1.0 0.005514109633473889
table-0401-679 3 4 3 12 264 1068 0.3333333333333333 0.035811599844297395
table-0401-196 1 1 0 21 27 7493 1.0 0.038433111603843315
table-0401-405 10 7 0 53 122 1546 0.25 0.9498632634457612
table-0401-900 0 1 0 120 118 3244 0.3333333333333333 0.0
table-0401-895 4 10 4 93 28 7695 1.0 0.4223300970873786
table-0401-611 2 7 1 47 100 47249 0.14285714285714285 0.33
table-0401-20 4 10 4 23 51 946 1.0 0.44046242774566474
table-0401-734 30 4 16 1160 805 327291 0.5 0.09206798866855524
table-0401-656 5 2 0 16 30 821 1.0 0.20236686390532543
table-0401-254 12 11 22 28 38 847 0.25 0.9121447028423773
table-0401-262 1 4 1 98 97 1801 0.5 0.040851553509781355
table-0401-162 1 2 0 10 16 672 1.0 0.07427536231884058
table-0401-230 19 4 0 125 231 1452 0.3333333333333333 3.725925925925926
table-0401-155 1 9 0 148 147 27512 0.5 0.027032359905288083
table-0401-203 1 1 0 21 27 7493 1.0 0.038433111603843315
table-0401-241 4 1 0 833 486 8344 0.125 0.01683816651075772
table-0401-852 2 2 0 84 108 3917 0.3333333333333333 0.04308390022675737
table-0401-425 39 3 0 2522 527 751702 0.25 0.02131588454899442
table-0401-421 4 10 4 66 33 9568 1.0 0.3744075829383886
table-0401-897 4 10 4 22 46 1059 1.0 0.4695201037613489
table-0401-123 2 9 2 194 207 800 0.09090909090909091 1.043010752688172
table-0401-431 2 2 0 107 157 1546 0.14285714285714285 0.21428571428571427
table-0401-635 4 8 4 180 292 3688 0.09090909090909091 0.01897117840204305
table-0401-422 4 10 4 66 33 9568 1.0 0.4703791469194313
table-0401-863 9 5 0 35 108 8803 0.5 0.30104133796150206
table-0401-315 2 2 0 205 244 3594 0.5 0.05653170359052712
table-0401-930 6 4 0 449 441 180893 1.0 0.05356854295717749
table-0401-509 4 8 3 33 102 717 0.1 0.18285714285714286
table-0401-694 5 2 0 1161 285 51485 0.5 0.012575452716297788
table-0401-484 1 3 0 19 41 1178 1.0 0.16842105263157894
table-0401-688 3 5 0 370 318 697259 0.25 0.16236391912908243
table-0401-538 3 7 2 170 241 1095 0.2 0.15609137055837563
table-0401-624 1 5 1 81 89 253992 0.25 0.06269702276707531
table-0401-706 3 4 0 1042 392 4904606 0.16666666666666666 0.03138972533990327
table-0401-746 53 5 30 263 361 8021 1.0 0.42471708970014704
table-0401-982 7 3 0 237 436 8188 0.25 0.1202100482543287
table-0401-439 1 5 2 181 214 1766 1.0 0.1184573002754821
table-0401-110 19 2 2 146 226 5415 0.5 1.9853556485355648
table-0401-934 1 5 0 107 153 1690 0.14285714285714285 0.13908450704225353
table-0401-936 34 10 84 107 153 1690 0.14285714285714285 2.4683098591549295
table-0401-881 15 7 1 217 184 41051 1.0 0.11329787234042553
table-0401-137 10 3 8 170 369 25988 0.2 0.11104211942460933
table-0401-415 21 2 2 144 245 4532 0.5 2.4725146198830408
table-0401-565 53 4 0 110 218 477 0.5 2.046531667384748
table-0401-226 6 8 3 7 57 503 0.16666666666666666 0.4180887372013652
table-0401-281 6 4 0 8 29 709 0.5 0.15544041450777202
table-0401-113 24 3 12 103 229 645 1.0 0.5163620909477263
table-0401-148 4 5 0 221 171 66074 0.1 0.018109206086896645
table-0401-443 84 7 315 4081 347 341460 0.5 0.1442429967663409
table-0401-678 9 5 12 12 264 1068 0.3333333333333333 0.15025301673803035
table-0401-968 5 7 0 227 225 7661 0.125 0.2922374429223744
table-0401-558 6 5 0 109 347 115370 0.1 0.01252416575607296
table-0401-118 2 5 0 126 187 1166 0.16666666666666666 0.7345360824742269
table-0401-27 5 6 6 45 140 370 1.0 0.27448609431680776
table-0401-929 10 4 5 449 441 180893 1.0 0.02598976568812281
table-0401-320 110 3 0 126 192 245 1.0 3.541695865451997
table-0401-51 8 12 0 130 258 229 1.0 0.015398224289879763
table-0401-5 20 6 0 244 315 3327 0.05 0.11671344236910867
table-0401-83 19 2 2 147 252 4682 0.5 1.9395203336809177
table-0401-49 15 8 15 130 258 229 1.0 0.026832224879598993
table-0401-325 1 5 0 218 240 5046 0.047619047619047616 0.11658031088082901
table-0401-853 1 3 1 84 108 3917 0.3333333333333333 0.07029478458049887
table-0401-75 5 3 0 86 158 217502 0.1111111111111111 0.024173381494859682
table-0401-361 1 2 1 54 129 4167 1.0 0.015612161051766639
table-0401-662 23 2 0 160 171 30246 0.25 0.15268709191361124
table-0401-549 7 17 0 15 11 4957 1.0 1.502086230876217
table-0401-107 16 3 0 170 425 69601 0.25 0.08708998421329592
table-0401-534 3 2 0 86 123 4253 0.5 0.04187946884576098
table-0401-702 0 1 0 26 90 5964 1.0 0.0
table-0401-833 0 1 0 68 60 1896 1.0 0.0
table-0401-90 6 6 3 728 116 23074 0.2 0.24282982791587
table-0401-245 2 2 0 29 38 0 0.5 0.05783429040196883
table-0401-102 6 14 29 121 82 9324 0.3333333333333333 0.7608506944444444
table-0401-496 10 4 0 19 73 182 1.0 0.33872901678657075
table-0401-920 6 7 10 245 399 349 1.0 0.33459357277882795
table-0401-970 11 5 0 227 225 7661 0.125 0.43313763861709065
table-0401-470 22 18 239 55 87 449 0.5 2.1712707182320443
table-0401-311 5 2 0 508 472 13239 0.16666666666666666 0.2315112540192926
table-0401-748 0 1 0 32 49 10005 1.0 0.0
table-0401-92 1 3 0 47 36 1453 1.0 0.036953582694907616
table-0401-551 2 2 0 102 175 1403 0.16666666666666666 0.13953488372093023
table-0401-385 5 7 0 1470 560 63747 0.05555555555555555 0.011565981638187343
table-0401-857 1 2 1 100 246 2907 1.0 0.0026377898098014717
table-0401-765 10 9 0 105 242 4933 0.1 4.014164305949008
table-0401-475 30 17 191 37 123 811 0.25 1.6746843054720384
table-0401-901 12 8 21 120 118 3244 0.3333333333333333 0.6448040885860307
table-0401-502 4 10 4 21 46 953 1.0 0.44763271162123386
table-0401-800 47 5 0 573 786 7075 0.1111111111111111 1.3832191780821919
table-0401-676 2 2 0 134 301 2111 0.07142857142857142 0.09908256880733946
table-0401-127 26 6 65 260 79 2334 0.3333333333333333 0.7257240204429302
table-0401-201 1 1 0 21 27 7493 1.0 0.038433111603843315
table-0401-619 116 4 139 554 410 640980 0.5 0.7621653312487786
table-0401-327 4 5 0 1416 923 998639 0.16666666666666666 0.0034049296528684925
table-0401-550 1 3 0 28 131 1314 1.0 0.3875739644970414
table-0401-483 3 2 2 711 144 132884 0.5 0.10687022900763359
table-0401-367 44 5 0 574 783 8426 0.1111111111111111 1.239222042139384
table-0401-375 2 3 0 27 21 844 1.0 0.3593155893536122
table-0401-957 7 3 8 7 21 667 0.5 0.2245430809399478
table-0401-467 5 1 0 57 64 1103 1.0 0.17051282051282052
table-0401-72 5 3 0 86 158 217502 0.1111111111111111 0.017435398721867185
table-0401-674 15 3 0 134 301 2111 0.07142857142857142 1.3504587155963304
table-0401-870 2 2 0 75 132 793 1.0 0.31875
table-0401-176 25 23 338 332 180 11981 0.16666666666666666 1.9174311926605505
table-0401-125 4 9 14 260 79 2334 0.3333333333333333 1.049403747870528
table-0401-610 1 2 0 47 100 47249 0.14285714285714285 0.0675
table-0401-724 2 3 0 68 131 28217 0.25 0.014826236508124778
table-0401-782 3 3 0 53 75 541 1.0 0.04368471035137702
table-0401-736 2 2 0 11 16 955 1.0 0.1344
table-0401-479 2 2 0 74 99 2876 0.5 0.04461279461279461
table-0401-410 1 5 2 7 33 786 1.0 0.10990009082652134
table-0401-812 3 2 0 70 130 52831 0.3333333333333333 0.009932952570151478
table-0401-264 19 2 0 144 245 5324 0.5 2.6151898734177217
table-0401-220 3 1 0 103 159 2088 0.14285714285714285 0.11722488038277512
table-0401-660 7 3 3 59 45 3634 0.3333333333333333 0.3502673796791444
table-0401-416 1 2 0 0 0 0 0.0 33.0
table-0401-70 1 3 0 50 69 1718 1.0 0.05867237687366167
table-0401-910 1 3 0 84 110 6022 1.0 0.021344717182497332
table-0401-132 4 4 0 32 64 847 0.2 0.08489304812834225
table-0401-259 1 2 1 77 83 29489 1.0 0.006839452843772498
table-0401-921 7 7 13 245 399 349 1.0 0.387523629489603
table-0401-249 1 4 0 61 97 9570 0.25 0.014054514480408859
table-0401-142 7 2 0 135 206 1354 0.16666666666666666 0.1646655231560892
table-0401-719 26 5 0 370 450 40444 1.0 4.217888365837256
table-0401-729 6 4 0 3602 771 793042 0.3333333333333333 0.003133676021880755
table-0401-735 0 1 0 590 535 331211 1.0 0.0
table-0401-430 1 3 0 55 58 2689 1.0 0.31643002028397565
table-0401-292 1 4 0 10 31 761 0.5 0.02063983488132095
table-0401-348 2 2 0 236 260 48185 0.1111111111111111 0.003805123326764966
table-0401-339 3 4 1 21 259 7877 0.14285714285714285 1.632183908045977
table-0401-46 7 5 0 252 308 1326 0.5 0.6235059760956175
table-0401-419 4 10 4 21 50 1144 1.0 0.4943820224719101
table-0401-625 6 4 0 19 120 514 0.3333333333333333 0.862937062937063
table-0401-104 9 3 0 122 127 8102 1.0 0.09090909090909091
table-0401-185 1 1 0 21 27 7493 1.0 0.038433111603843315
table-0401-91 24 5 45 728 116 23074 0.2 0.7246653919694073
table-0401-866 5 3 0 81 104 1245 1.0 0.3223374175306315
table-0401-979 4 16 0 235 226 13014 0.1111111111111111 0.03033131124591694
table-0401-216 1 1 0 21 27 7493 1.0 0.038433111603843315
table-0401-244 3 7 0 833 486 8344 0.125 0.13564078578110383
table-0401-796 2 4 0 171 176 639 0.3333333333333333 0.4437869822485207
table-0401-383 5 7 0 1470 560 63747 0.05555555555555555 0.01107589767046754
table-0401-477 4 4 5 30 56 11253 0.3333333333333333 0.03903589206182866
table-0401-590 1 12 1 144 135 17201 0.25 0.01937869822485207
table-0401-200 1 1 0 21 27 7493 1.0 0.038433111603843315
table-0401-646 5 6 5 6 221 49169 1.0 0.05720024452012925
table-0401-161 19 5 0 27 153 73 1.0 1.6471337579617835
table-0401-813 2 3 0 70 130 52831 0.3333333333333333 0.004055955632811853
table-0401-31 16 4 0 33 52 1698 1.0 0.6462472406181016
table-0401-179 2 4 0 9 32 755 0.5 0.04419889502762431
table-0401-228 10 3 10 7 57 503 0.16666666666666666 0.3412969283276451
table-0401-447 0 1 0 11 18 1356 1.0 0.0
table-0401-668 1 2 0 134 301 2111 0.07142857142857142 0.06697247706422019
table-0401-26 7 6 7 45 140 370 1.0 0.4498186215235792
table-0401-71 22 4 20 49 38 61974 1.0 0.16549953314659197
table-0401-698 14 8 9 26 52 10064 0.16666666666666666 1.3764172335600906
table-0401-818 22 6 0 256 268 10657 1.0 0.4891518737672584
table-0401-198 1 1 0 21 27 7493 1.0 0.038433111603843315
table-0401-739 5 6 3 480 524 60426 1.0 0.19805040418449835
table-0401-988 10 5 0 228 233 7191 0.1 0.43413729128014844
table-0401-779 30 4 0 8 24 911 0.25 0.6073957513768686
table-0401-621 2 3 2 554 410 640980 0.5 0.010162204416650382
table-0401-499 53 4 0 109 217 599 0.5 2.221527467619473
table-0401-530 0 1 0 91 130 5341 0.5 0.0
table-0401-181 1 1 0 21 27 7493 1.0 0.038433111603843315
table-0401-542 3 2 0 116 137 5053 0.5 0.16974169741697417
table-0401-943 13 10 37 103 149 1677 0.14285714285714285 1.2683438155136268
table-0401-297 1 2 1 37 45 3369 1.0 0.009753593429158111
table-0401-906 8 2 0 81 273 4775 0.3333333333333333 0.5960502692998204
table-0401-494 2 6 2 387 571 3844 1.0 0.1891891891891892
table-0401-351 1 2 0 236 260 48185 0.1111111111111111 0.003737174695929877
table-0401-267 2 2 0 61 89 2776 1.0 0.04266873545384019
table-0401-821 7 2 0 368 281 28778 0.3333333333333333 0.04198121892837415
table-0401-865 3 4 0 81 104 1245 1.0 0.2544769085768143
table-0401-53 7 12 0 130 258 229 1.0 0.01349801788814992
table-0401-136 6 4 0 170 369 25988 0.2 0.04563800062092518
table-0401-444 2 2 0 96 141 1407 0.14285714285714285 0.1487964989059081
table-0401-845 1 3 1 104 113 6453 0.3333333333333333 0.03403465346534654
table-0401-886 1 3 0 14 20 990 1.0 0.12601626016260162
table-0401-829 19 5 0 529 296 1802373 1.0 0.11045898482277959
table-0401-356 1 2 1 52 72 2678 1.0 0.016918967052537846
table-0401-237 3 3 0 42 50 5245 1.0 0.06282000787711697
table-0401-69 4 2 0 117 161 18469 0.5 0.0065040650406504065
table-0401-445 3 1 0 96 141 1407 0.14285714285714285 0.10722100656455143
table-0401-157 2 9 1 148 147 27512 0.5 0.023283346487766376
table-0401-370 5 5 0 574 783 8426 0.1111111111111111 0.14521880064829823
table-0401-77 5 3 1 86 158 217502 0.1111111111111111 0.013545429285912753
table-0401-340 9 4 14 21 259 7877 0.14285714285714285 1.5057471264367817
table-0401-442 3 1 0 4081 347 341460 0.5 0.0011626639537841079
table-0401-545 1 2 0 9 20 763 0.5 0.0088008800880088
table-0401-183 1 1 0 21 27 7493 1.0 0.038433111603843315
table-0401-300 21 5 0 177 171 810 0.5 0.9440037330844611
table-0401-382 4 7 0 1470 560 63747 0.05555555555555555 0.009442284444734864
table-0401-280 1 2 1 11 14 1351 1.0 0.0286144578313253
table-0401-993 5 2 0 26 67 9748 0.14285714285714285 1.3773584905660377
table-0401-825 9 3 0 9 17 808 0.5 0.07596685082872928
table-0401-73 3 3 0 86 158 217502 0.1111111111111111 0.008544040011114199
table-0401-980 7 3 0 237 436 8188 0.25 0.06429179676412149
table-0401-288 33 4 43 954 222 55407 0.3333333333333333 0.20654888539450558
table-0401-815 1 2 0 49 79 5472 0.5 0.011420059582919563
table-0401-888 1 3 0 14 32 960 1.0 0.10319227913882702
table-0401-88 3 2 0 6 7 935 1.0 0.24375
table-0401-673 3 10 3 134 301 2111 0.07142857142857142 0.10550458715596331
table-0401-978 12 6 0 235 226 13014 0.1111111111111111 0.22911805879608027
table-0401-207 1 1 0 21 27 7493 1.0 0.038433111603843315
table-0401-464 2 2 0 111 170 1417 0.16666666666666666 0.10634648370497427
table-0401-354 3 2 0 236 260 48185 0.1111111111111111 0.0040769178501053206
table-0401-587 101 3 17 216 236 7326 0.3333333333333333 0.8664279513888888
table-0401-620 7 3 7 554 410 640980 0.5 0.03810826656243893
table-0401-355 0 1 0 30 40 3151 1.0 0.0
table-0401-353 5 2 0 236 260 48185 0.1111111111111111 0.011891010396140518
table-0401-335 5 3 0 217 170 1160 0.3333333333333333 0.20418848167539266
table-0401-850 8 3 0 94 134 14767 0.5 0.5669599217986315
table-0401-184 1 1 0 21 27 7493 1.0 0.038433111603843315
table-0401-498 2 2 0 97 134 921 0.25 0.08997429305912596
table-0401-749 43 3 13 21 51 3254 0.5 5.826704545454546
table-0401-452 25 3 0 1590 385 600044 0.25 0.041695146958304855
table-0401-727 14 5 7 24 58 6256 0.5 0.3983341499265066
table-0401-122 1 6 1 194 207 800 0.09090909090909091 0.09408602150537634
table-0401-279 1 2 1 17 37 7729 0.2 0.0200845665961945
table-0401-251 12 2 12 854 408 99833 0.5 0.0316017316017316
table-0401-595 16 3 0 341 461 2411 0.1 0.21108884435537742
table-0401-507 1 1 0 33 102 717 0.1 0.0838095238095238
table-0401-695 5 6 3 26 52 10064 0.16666666666666666 0.7551020408163265
table-0401-275 2 2 1 40 73 4234 1.0 0.05606523955147808
table-0401-641 1 2 1 6 19 939 1.0 0.03204047217537943
table-0401-710 2 5 1 76 200 273 1.0 0.22614840989399293
table-0401-500 2 5 4 63 194 1933 1.0 0.12178619756427606
table-0401-764 15 9 0 105 242 4933 0.1 6.050991501416431
table-0401-409 6 4 0 105 109 7990 0.3333333333333333 0.012330379825267985
table-0401-531 1 2 0 87 138 3597 0.5 0.02368692070030896
table-0401-411 1 1 0 170 326 2833 1.0 0.1948376353039134
table-0401-381 5 7 0 1470 560 63747 0.05555555555555555 0.011010553141438234
table-0401-690 14 7 4 47 80 60279 0.2 6.575949367088608
table-0401-557 15 6 12 118 181 5534 0.2 0.12096438963558265
table-0401-614 20 3 1 47 100 47249 0.14285714285714285 2.14
table-0401-713 1 3 0 34 80 2329 1.0 0.025025278058645097
table-0401-151 18 5 2 221 171 66074 0.1 0.06575776354747642
table-0401-106 33 3 1 60 60 105588 0.5 0.464101935800049
table-0401-190 1 1 0 21 27 7493 1.0 0.038433111603843315
table-0401-533 1 2 0 86 123 4253 0.5 0.01174668028600613
table-0401-274 0 1 0 549 569 11709 1.0 0.0
table-0401-838 8 1 0 1541 429 608251 0.5 0.010206309354873922
table-0401-864 4 4 4 111 137 6464 0.2 0.12745988495307298
table-0401-733 4 2 0 10432 583 3312818 0.5 0.004202357420016106
table-0401-909 10 2 2 17 42 2301 0.5 0.12011331444759207
table-0401-717 24 4 0 20 84 951 0.5 1.1262910798122066
table-0401-963 11 5 0 223 218 6649 0.125 0.4887640449438202
table-0401-14 32 7 30 185 147 15715 1.0 0.6491155046826222
table-0401-634 4 8 4 180 292 3688 0.09090909090909091 0.01897117840204305
table-0401-177 1 3 0 23 34 10083 1.0 0.06520657043305127
table-0401-124 3 9 4 194 207 800 0.09090909090909091 1.0161290322580645
table-0401-759 5 9 0 105 242 4933 0.1 1.0056657223796035
table-0401-39 8 3 0 73 96 1464 1.0 0.32035714285714284
table-0401-589 4 3 0 144 135 17201 0.25 0.03328402366863906
table-0401-472 0 1 0 12 16 1180 0.5 0.0
table-0401-937 13 11 61 107 153 1690 0.14285714285714285 0.9753521126760564
table-0401-424 11 4 7 2522 527 751702 0.25 0.06157922203042832
table-0401-350 1 2 0 236 260 48185 0.1111111111111111 0.0019705102942175717
table-0401-952 5 8 0 294 119 24238 0.3333333333333333 0.036215197822901404
table-0401-908 2 2 0 65 70 925 0.3333333333333333 0.2315112540192926
table-0401-843 4 2 0 104 113 6453 0.3333333333333333 0.2073019801980198
table-0401-18 54 5 0 293 584 20098 0.16666666666666666 10.378839590443686
table-0401-222 18 8 25 103 159 2088 0.14285714285714285 2.1339712918660285
table-0401-342 59 4 4 122 206 58572 0.5 0.9560679233525471
table-0401-972 10 6 0 227 225 7661 0.125 0.4885844748858447
table-0401-378 2 5 0 1470 560 63747 0.05555555555555555 0.012023393341392493
table-0401-210 1 1 0 21 27 7493 1.0 0.038433111603843315
table-0401-390 3 6 2 76 120 411 1.0 0.5889328063241107
table-0401-714 2 6 3 1430 333 459043 0.3333333333333333 0.025043427909669947
table-0401-347 13 2 0 236 260 48185 0.1111111111111111 0.03322688047835836
table-0401-111 26 3 10 103 229 645 1.0 0.6298342541436464
table-0401-55 8 11 0 130 258 229 1.0 0.014906791599777217
table-0401-459 0 1 0 15 42 1266 1.0 0.0
table-0401-964 11 5 0 223 218 6649 0.125 0.5077247191011236
table-0401-869 8 3 0 75 132 793 1.0 1.184375
table-0401-642 5 5 0 15 27 4984 1.0 0.028606060606060607
table-0401-96 3 9 11 333 134 14648 0.2 0.34407935523868566
table-0401-143 5 5 0 135 206 1354 0.16666666666666666 1.3361921097770155
table-0401-560 9 2 0 6 51 1583 0.25 0.43940990516332984
table-0401-686 55 3 0 370 318 697259 0.25 0.7838258164852255
table-0401-294 48 7 0 40 76 44873 0.5 81.00454545454545
table-0401-41 1 4 0 11 35 759 0.5 0.04244694132334582
table-0401-434 34 6 2 177 294 3102 0.16666666666666666 1.0821133036282622
table-0401-804 10 5 0 573 786 7075 0.1111111111111111 0.3089041095890411
table-0401-205 1 1 0 21 27 7493 1.0 0.038433111603843315
table-0401-577 1 3 0 48 55 1101 1.0 0.07792946530147896
table-0401-266 1 2 1 61 89 2776 1.0 0.01474010861132661
table-0401-29 1 4 0 13 35 833 0.5 0.02139406487232574
table-0401-180 1 1 0 21 27 7493 1.0 0.038433111603843315
table-0401-544 53 4 0 108 215 455 0.5 2.9768025078369904
table-0401-352 2 3 0 236 260 48185 0.1111111111111111 0.03227559964666712
table-0401-731 12 3 2 121 389 6778 0.5 0.09742364784166524
table-0401-639 6 8 4 180 292 3688 0.09090909090909091 0.0623859905144108
table-0401-570 44 7 0 57 72 40254 1.0 16.532626882320134
table-0401-67 6 2 3 117 161 18469 0.5 0.01929539295392954
table-0401-998 1 8 0 226 220 6199 1.0 0.04159733777038269
table-0401-476 0 1 0 147 156 11906 1.0 0.0
table-0401-552 3 1 0 102 175 1403 0.16666666666666666 0.08765652951699464
table-0401-420 4 10 4 21 50 1144 1.0 0.4157303370786517
table-0401-112 9 3 6 103 229 645 1.0 0.18487037824054398
table-0401-314 1 2 1 39 70 2751 1.0 0.060126582278481014
table-0401-948 50 3 0 8 159 874 0.2 11.885245901639344
table-0401-208 1 1 0 21 27 7493 1.0 0.038433111603843315
table-0401-809 0 1 0 19 56 1586 0.5 0.0
table-0401-659 2 2 0 59 45 3634 0.3333333333333333 0.10427807486631016
table-0401-322 1 3 0 8 15 1266 1.0 0.10586176727909011
table-0401-685 3 3 0 132 157 55042 0.3333333333333333 0.034346271705822266
table-0401-919 4 7 6 245 399 349 1.0 0.2438563327032136
table-0401-460 1 1 0 15 21 1045 1.0 0.23563218390804597
table-0401-675 6 2 0 134 301 2111 0.07142857142857142 0.29357798165137616
table-0401-817 0 1 0 49 79 5472 0.5 0.0
table-0401-242 50 8 0 833 486 8344 0.125 2.967726847521048
table-0401-892 4 2 0 82 108 429 1.0 0.0731304552960604
table-0401-78 3 3 0 86 158 217502 0.1111111111111111 0.008891358710752986
table-0401-255 45 6 0 28 38 847 0.25 4.604651162790698
table-0401-59 1 4 1 16 30 5682 0.5 0.016533333333333334
table-0401-238 2 5 0 833 486 8344 0.125 0.11038353601496725
table-0401-939 4 10 4 36 35 7269 1.0 0.5720588235294117
table-0401-859 2 3 0 30 48 2631 1.0 0.17864693446088795
table-0401-924 49 3 3 14 18 18586 0.5 15.892319277108435
table-0401-654 7 3 0 185 174 80196 0.3333333333333333 0.10793116348671904
table-0401-28 2 2 2 13 35 833 0.5 0.01932367149758454
table-0401-994 17 3 0 26 67 9748 0.14285714285714285 4.811320754716981
table-0401-898 4 10 4 22 46 1059 1.0 0.5123216601815823
table-0401-597 26 3 0 341 461 2411 0.1 0.20607882431529725
table-0401-925 1 8 0 14 25 1243 0.2 0.4129032258064516
table-0401-592 1 2 0 34 61 2945 1.0 0.011382113821138212
table-0401-74 3 3 0 86 158 217502 0.1111111111111111 0.006460127813281467
table-0401-640 1 1 1 180 292 3688 0.09090909090909091 0.0
table-0401-82 20 8 0 86 158 217502 0.1111111111111111 0.10106974159488746
table-0401-999 2 7 0 226 220 6199 1.0 0.0723793677204659
table-0401-801 24 5 0 573 786 7075 0.1111111111111111 0.6678082191780822
table-0401-194 1 1 0 21 27 7493 1.0 0.038433111603843315
table-0401-775 10 4 1 47 135 71169 1.0 0.1600084997875053
table-0401-607 1 3 0 29 57 1894 1.0 0.06905263157894737
table-0401-8 8 2 0 136 155 3837 0.25 0.9276693455797933
table-0401-457 1 3 0 18255 1286 1582516 0.16666666666666666 0.001084954457144299
table-0401-783 13 3 0 188 328 7835 0.3333333333333333 0.25132119788608337
table-0401-885 14 3 0 41 58 2221 1.0 0.09335529928610653
table-0401-485 1 3 0 82 90 1812 1.0 0.037429111531190926
table-0401-246 29 3 0 180 143 6595 1.0 1.5868055555555556
table-0401-171 4 6 1 782 79 21464 0.25 0.28846153846153844
table-0401-131 3 8 2 32 64 847 0.2 0.0875668449197861
table-0401-169 5 6 2 327 124 13035 0.3333333333333333 0.4056338028169014
table-0401-808 3 4 0 10 19 1425 1.0 0.028462998102466792
table-0401-302 0 1 0 152 96 110088 1.0 0.0
table-0401-567 3 3 0 45 63 3313 1.0 0.11154190277363556
table-0401-933 3 1 0 107 153 1690 0.14285714285714285 0.08626760563380281
table-0401-879 2 5 0 217 184 41051 1.0 0.011879432624113475
table-0401-57 6 12 0 130 258 229 1.0 0.012154768535202962
table-0401-802 38 5 0 573 786 7075 0.1111111111111111 1.1428082191780822
table-0401-950 1 3 0 11 16 1832 1.0 0.07350216182828907
table-0401-763 12 9 0 105 242 4933 0.1 4.790368271954674
table-0401-43 2 2 0 177 102 201 1.0 0.014920531949399934
table-0401-380 22 4 20 1470 560 63747 0.05555555555555555 0.059920933119874537
table-0401-844 2 2 0 104 113 6453 0.3333333333333333 0.034653465346534656
table-0401-56 13 11 0 130 258 229 1.0 0.021721324902532518
table-0401-760 14 9 3 105 242 4933 0.1 5.742209631728045
table-0401-878 12 4 0 63 82 4351 0.2 0.28115015974440893
table-0401-146 6 5 0 221 171 66074 0.1 0.025958823934448805
table-0401-824 1 3 0 19 31 1094 1.0 0.06202770780856423
table-0401-329 8 15 0 1416 923 998639 0.16666666666666666 0.011778058547658309
table-0401-600 67 3 0 341 461 2411 0.1 0.48062792251169006
table-0401-474 30 6 18 37 123 811 0.25 1.6265784726398076
table-0401-147 10 5 0 221 171 66074 0.1 0.045307443365695796
table-0401-24 9 6 9 45 140 370 1.0 1.4123337363966142
table-0401-832 17 3 0 600 117 74087 1.0 0.10406968013215198
table-0401-831 1 3 0 19 35 937 1.0 0.2560646900269542
table-0401-15 20 4 0 293 584 20098 0.16666666666666666 2.7542662116040955
table-0401-334 6 3 1 217 170 1160 0.3333333333333333 0.268760907504363
table-0401-453 15 5 0 1590 385 600044 0.25 0.026828434723171566
table-0401-202 1 1 0 21 27 7493 1.0 0.038433111603843315
table-0401-757 3 3 0 75 55 2550 1.0 0.048924122310305775
table-0401-996 11 3 0 26 67 9748 0.14285714285714285 3.0754716981132075
table-0401-461 6 4 0 17 125 471 0.3333333333333333 0.8256624825662483
table-0401-193 1 1 0 21 27 7493 1.0 0.038433111603843315
table-0401-521 4 2 0 92 134 11218 0.5 0.0984360625574977
table-0401-272 8 7 0 330 166 37967 0.1 0.2459795321637427
table-0401-506 4 8 3 33 102 717 0.1 0.18666666666666668
table-0401-520 1 2 0 92 134 11218 0.5 0.021159153633854646
table-0401-916 5 7 9 245 399 349 1.0 0.2684310018903592
table-0401-839 2 3 0 77 78 20678 1.0 0.028288169200264376
table-0401-174 21 9 64 332 180 11981 0.16666666666666666 9.412844036697248
table-0401-942 8 2 0 103 149 1677 0.14285714285714285 0.24947589098532494
table-0401-215 1 1 0 21 27 7493 1.0 0.038433111603843315
table-0401-38 1 4 0 4 24 698 0.5 0.04610951008645533
table-0401-153 4 3 0 221 171 66074 0.1 0.012876127521861874
table-0401-728 18 4 0 3602 771 793042 0.3333333333333333 0.009153632590230628
table-0401-166 13 10 33 111 168 1684 0.14285714285714285 1.35
table-0401-566 1 2 0 18 34 2216 1.0 0.0535931790499391
table-0401-376 5 7 0 1470 560 63747 0.05555555555555555 0.010781847289835658
table-0401-114 110 3 51 103 229 645 1.0 2.541011474713132
table-0401-576 45 3 0 218 233 36559 0.5 0.349611688824536
table-0401-393 2 3 0 72 94 14548 1.0 0.04040404040404041
table-0401-519 2 2 0 90 132 8643 0.5 0.05373134328358209
table-0401-807 1 5 1 178 183 783 0.16666666666666666 0.16964285714285715
table-0401-583 3 8 5 167 134 6726 0.5 0.17131474103585656
table-0401-97 5 6 1 333 134 14648 0.2 0.12151270923744575
table-0401-776 5 4 0 47 135 71169 1.0 0.06438589035274118
table-0401-582 2 3 0 22 18 1634 0.25 0.10816326530612246
table-0401-959 1 3 0 25 36 5614 1.0 0.12753858651502845
table-0401-875 5 4 0 63 82 4351 0.2 0.16094249201277955
table-0401-366 26 5 0 574 783 8426 0.1111111111111111 0.6972447325769854
table-0401-30 8 2 0 16 26 3065 1.0 0.41360544217687073
table-0401-601 34 3 0 341 461 2411 0.1 0.24883099532398129
table-0401-630 1 2 1 15 30 912 0.5 0.022538552787663108
table-0401-283 10 7 1 26 127 1007 0.2 0.181
table-0401-830 12 6 20 19 35 937 1.0 3.196765498652291
table-0401-229 1 1 0 7 57 503 0.16666666666666666 0.07849829351535836
table-0401-707 0 1 0 66 54 6140 1.0 0.0
table-0401-50 8 12 0 130 258 229 1.0 0.014284310192313993
table-0401-336 1 3 0 409 371 34179 1.0 0.013893376413570274
table-0401-293 5 4 0 23 24 939 1.0 0.5104740904079382
table-0401-64 1 12 0 486 240 806157 0.5 0.001946787800129786
table-0401-306 2 2 2 24 40 17842 0.3333333333333333 0.027972027972027972
table-0401-518 1 2 0 90 132 8643 0.5 0.022885572139303482
table-0401-392 2 7 4 33 175 1495 0.5 0.09531502423263329
table-0401-918 6 7 12 245 399 349 1.0 0.333648393194707
table-0401-22 4 10 4 98 29 8723 1.0 0.5856115107913669
table-0401-661 6 2 5 160 171 30246 0.25 0.029465930018416207
table-0401-317 1 3 0 17 47 4109 1.0 0.08693181818181818
table-0401-394 2 3 0 46 86 9022 1.0 0.09974587039390088
table-0401-949 40 3 0 8 159 874 0.2 9.234972677595628
table-0401-257 1 3 0 203 216 41406 0.5 0.014245014245014245
table-0401-616 16 5 0 61 29 4894 0.3333333333333333 1.309118236472946
table-0401-944 23 5 18 132 237 30768 1.0 0.055828877005347596
table-0401-406 5 9 15 53 122 1546 0.25 0.6344576116681859
table-0401-120 41 4 41 126 187 1166 0.16666666666666666 4.489690721649485
table-0401-468 3 3 0 28 61 2587 0.5 0.018750922781632956
table-0401-753 4 9 0 45 311 1591 0.16666666666666666 0.11079745942131264
table-0401-450 7 2 0 1590 385 600044 0.25 0.011209842788790158
table-0401-299 227 3 0 94 466 14591 0.5 35.564551422319475
table-0401-811 9 2 4 70 130 52831 0.3333333333333333 0.027067295753662776
table-0401-855 2 2 0 79 107 1516 0.3333333333333333 0.14540816326530612
table-0401-99 12 13 0 133 99 14508 0.5 0.3094262295081967
table-0401-165 8 2 0 111 168 1684 0.14285714285714285 0.25869565217391305
table-0401-398 6 4 0 57 73 3964 0.3333333333333333 0.4313131313131313
table-0401-904 1 2 0 7 21 2383 1.0 0.030183727034120734
table-0401-149 2 5 0 221 171 66074 0.1 0.009226743785719204
table-0401-260 1 3 0 22 41 1808 0.5 0.036476868327402136
table-0401-48 4 2 0 101 159 10675 0.5 0.0660024906600249
table-0401-172 2 2 0 782 79 21464 0.25 0.13675213675213677
table-0401-298 5 6 0 18 27 9949 1.0 0.05583501006036217
table-0401-846 2 2 0 88 119 6736 0.3333333333333333 0.09359903381642512
table-0401-510 4 8 3 33 102 717 0.1 0.21714285714285714
table-0401-364 12 2 0 574 783 8426 0.1111111111111111 0.16077795786061588
table-0401-754 4 9 0 45 311 1591 0.16666666666666666 0.1150317572335921
table-0401-666 0 1 0 134 301 2111 0.07142857142857142 0.0
table-0401-767 2 6 0 95 207 4393 0.2 0.44089456869009586
table-0401-491 4 3 0 137 104 119279 1.0 0.021820833567061198
table-0401-637 4 8 3 180 292 3688 0.09090909090909091 0.03502371397300255
table-0401-672 30 6 0 134 301 2111 0.07142857142857142 0.9798165137614679
table-0401-798 0 1 0 15 26 1927 1.0 0.0
table-0401-768 5 9 0 95 207 4393 0.2 0.4504792332268371
table-0401-173 2 3 0 71 123 19571 1.0 0.011733154542406973
table-0401-793 1 3 0 158 91 6167 1.0 0.010755072624459475
table-0401-396 2 3 0 29 53 9453 1.0 0.3783783783783784
table-0401-331 1 3 1 11 30 1810 1.0 0.08726981585268215
table-0401-248 10 3 0 61 97 9570 0.25 0.19378194207836458
table-0401-527 2 2 0 83 108 760 0.5 0.17494089834515367
table-0401-258 1 3 0 26 74 7246 1.0 0.023524055243587798
table-0401-847 2 2 0 88 119 6736 0.3333333333333333 0.034420289855072464
table-0401-399 1 2 0 0 0 0 0.0 33.0
table-0401-402 7 4 0 15 132 402 0.3333333333333333 0.8447802197802198
table-0401-981 8 3 0 237 436 8188 0.25 0.11254612546125461
table-0401-932 2 2 0 107 153 1690 0.14285714285714285 0.1426056338028169
table-0401-304 1 3 0 12 49 1187 1.0 0.023710729104919975
table-0401-115 1 3 0 39 43 908 1.0 0.10032154340836012
table-0401-456 1 4 0 18255 1286 1582516 0.16666666666666666 0.0018418994272449726
table-0401-677 10 4 10 27 42 1027 0.5 1.2275
table-0401-684 9 2 0 132 157 55042 0.3333333333333333 0.03932584269662921
table-0401-873 5 3 0 63 82 4351 0.2 0.22124600638977635
table-0401-849 16 4 0 94 134 14767 0.5 1.305962854349951
table-0401-797 14 5 0 101 74 14058 0.5 0.2556653108657757
table-0401-58 12 11 0 130 258 229 1.0 0.019919405038823182
table-0401-135 14 4 0 170 369 25988 0.2 0.08692952499223844
table-0401-851 3 2 0 84 108 3917 0.3333333333333333 0.17687074829931973
table-0401-108 23 6 0 170 425 69601 0.25 0.10515699000175407
table-0401-512 4 8 2 33 102 717 0.1 0.30666666666666664
table-0401-615 15 5 0 61 29 4894 0.3333333333333333 1.1703406813627255
table-0401-860 1 4 0 109 108 1995 0.25 0.04460245636716225
table-0401-397 26 4 38 57 73 3964 0.3333333333333333 1.1464646464646464
table-0401-158 57 4 0 688 504 294376 0.5 0.11066897935584805
table-0401-723 13 2 0 68 131 28217 0.25 0.06499822085161902
table-0401-649 4 8 0 10 29 2017 0.5 0.6417445482866043
table-0401-223 18 8 18 103 159 2088 0.14285714285714285 2.148325358851675
table-0401-524 4 2 0 81 116 4942 0.5 0.08713355048859935
table-0401-170 3 10 12 782 79 21464 0.25 0.9081196581196581
table-0401-644 8 3 0 21 41 1161 1.0 0.3145319232275754
table-0401-109 23 9 0 170 425 69601 0.25 0.12445185055253465
table-0401-871 1 2 1 63 82 4351 0.2 0.0075878594249201275
table-0401-692 10 5 8 47 80 60279 0.2 5.556962025316456
table-0401-429 1 3 0 19 30 751 1.0 0.04590372967803634
table-0401-986 14 5 0 228 233 7191 0.1 0.49783549783549785
table-0401-404 12 6 17 15 132 402 0.3333333333333333 0.36126373626373626
table-0401-154 2 2 2 10 25 2206 1.0 0.0692410119840213
table-0401-253 3 5 0 935 643 75584 0.3333333333333333 0.011807817589576547
table-0401-61 2 5 2 184 188 720 0.14285714285714285 0.5875
table-0401-270 20 6 18 4 116 1380 0.5 11.465277777777779
table-0401-62 1 2 0 79 104 2840 0.25 0.02139406487232574
table-0401-523 1 2 0 81 116 4942 0.5 0.018729641693811076
table-0401-822 29 5 12 368 281 28778 0.3333333333333333 0.2767446142515191
table-0401-926 1 2 0 14 25 1243 0.2 0.13548387096774195
table-0401-319 19 3 0 30 33 3544 0.5 1.7414634146341463
table-0401-94 1 2 1 51 63 11086 0.5 0.00796311818943839
table-0401-581 2 3 0 22 18 1634 0.25 0.08877551020408163
table-0401-326 4 7 0 1416 923 998639 0.16666666666666666 0.01160674133241964
table-0401-540 23 4 0 170 241 1095 0.2 1.6065989847715736
table-0401-762 16 9 0 105 242 4933 0.1 6.682719546742209
table-0401-961 2 7 0 223 218 6649 0.125 0.13553370786516855
table-0401-389 13 12 18 76 120 411 1.0 2.2470355731225298
table-0401-256 0 1 0 28 38 847 0.25 0.0
table-0401-604 30 3 0 341 461 2411 0.1 0.3076152304609218
table-0401-826 17 5 26 285 261 4083 0.5 1.7042553191489362
table-0401-522 4 2 0 12 4 1040 1.0 0.6030927835051546
table-0401-632 2 13 1 123 130 24263 1.0 0.05009560229445507
table-0401-495 14 8 18 387 571 3844 1.0 1.5326576576576576
table-0401-915 0 1 0 245 399 349 1.0 0.0
table-0401-837 5 3 5 17 25 1317 0.5 0.19009216589861752
table-0401-691 5 8 3 47 80 60279 0.2 4.322784810126582
table-0401-743 19 6 10 48 89 2196 1.0 1.1532894736842105
table-0401-508 4 8 3 33 102 717 0.1 0.18095238095238095
table-0401-307 1 2 1 45 55 2595 1.0 0.024050632911392405
table-0401-487 5 2 0 1672 373 234532 0.16666666666666666 0.00419255133580194
table-0401-938 4 10 4 36 35 7269 1.0 0.45588235294117646
table-0401-265 1 2 1 70 88 19722 1.0 0.005201204489460717
table-0401-504 4 10 4 96 31 6573 1.0 0.43812233285917496
table-0401-63 0 1 0 79 104 2840 0.25 0.0
table-0401-413 9 4 4 273 372 20885 0.3333333333333333 0.01750059283851079
table-0401-805 8 5 0 573 786 7075 0.1111111111111111 0.23595890410958903
table-0401-991 7 9 0 26 67 9748 0.14285714285714285 3.8176100628930816
table-0401-652 2 2 1 191 266 36671 1.0 0.0023559846630018017
table-0401-928 2 2 0 14 25 1243 0.2 0.25806451612903225
table-0401-792 9 5 0 27 36 7069 0.3333333333333333 0.16326530612244897
table-0401-482 1 3 0 12 30 1080 1.0 0.3481675392670157
table-0401-766 18 2 18 105 242 4933 0.1 1.6260623229461757
table-0401-224 13 10 36 103 159 2088 0.14285714285714285 1.5813397129186604
table-0401-449 3 2 0 1590 385 600044 0.25 0.004545454545454545
table-0401-344 47 5 47 599 1042 6307 0.3333333333333333 11.143631436314363
table-0401-700 12 3 2 26 52 10064 0.16666666666666666 0.4852607709750567
table-0401-433 8 2 0 107 157 1546 0.14285714285714285 0.25
table-0401-233 1 2 1 6 22 669 1.0 0.02513227513227513
table-0401-503 4 10 4 21 46 953 1.0 0.4935437589670014
table-0401-427 4 9 3 250 399 177 1.0 0.930368636629608
table-0401-774 5 2 0 60 50 28414 0.5 0.004951027876439565
table-0401-313 3 2 0 508 472 13239 0.16666666666666666 0.14083601286173633
table-0401-435 2 6 0 177 294 3102 0.16666666666666666 0.05283259070655633
table-0401-11 3 2 0 56 62 4062 0.5 0.11819389110225764
table-0401-379 4 5 0 1470 560 63747 0.05555555555555555 0.01712026660567844
table-0401-697 3 4 0 26 52 10064 0.16666666666666666 0.28458049886621317
table-0401-563 5 3 0 6 51 1583 0.25 0.23919915700737618
table-0401-240 5 1 0 833 486 8344 0.125 0.04957904583723106
table-0401-407 2 3 0 32 48 2539 1.0 0.09014792073681273
table-0401-463 10 6 11 17 125 471 0.3333333333333333 0.3417015341701534
table-0401-628 8 4 0 9 28 1220 0.5 0.11981132075471698
table-0401-219 2 2 0 103 159 2088 0.14285714285714285 0.14354066985645933
table-0401-606 4 3 0 38 79 5087 1.0 0.22418281747179636
table-0401-516 1 2 0 93 132 12048 0.5 0.01499348109517601
table-0401-358 4 1 0 368 142 4589 0.14285714285714285 0.011542497376705142
table-0401-872 5 2 0 63 82 4351 0.2 0.08706070287539937
table-0401-360 20 16 0 368 142 4589 0.14285714285714285 1.2429171038824764
table-0401-569 2 7 2 57 72 40254 1.0 0.0501952035694367
table-0401-840 1 3 0 136 78 146068 0.5 0.21313868613138687
table-0401-263 286 3 0 29 472 162 1.0 11.397153945666236
table-0401-596 8 3 0 341 461 2411 0.1 0.12625250501002003
table-0401-645 1 1 0 182 203 5935 1.0 0.015216543113538821
table-0401-835 1 3 0 18 41 725 1.0 0.02137854773313675
table-0401-547 10 4 10 110 219 19238 0.5 0.034916201117318434
table-0401-573 1 3 0 71 84 1114 1.0 0.12397447584320875
table-0401-33 1 4 0 33 52 1698 1.0 0.019315673289183224
table-0401-211 1 1 0 21 27 7493 1.0 0.038433111603843315
table-0401-261 0 1 0 27 1048 112 1.0 0.0
table-0401-741 68 5 49 82 151 4483 1.0 1.993968916724658
table-0401-478 1 4 1 30 56 11253 0.3333333333333333 0.0039297877914592615
table-0401-562 3 2 0 6 51 1583 0.25 0.07270811380400422
table-0401-912 1 1 0 257 424 8231 1.0 0.0009873060648801129
table-0401-65 5 13 1 486 240 806157 0.5 0.020812088625196998
table-0401-806 2 3 0 11 12 1663 1.0 0.47660311958405543
table-0401-400 9 3 0 36 47 3520 0.5 0.20099540581929556
table-0401-689 1 1 0 309 230 21277 1.0 0.00771513353115727
table-0401-751 4 9 0 45 311 1591 0.16666666666666666 0.09880028228652082
table-0401-814 3 3 0 70 130 52831 0.3333333333333333 0.03186822282923599
table-0401-787 7 6 7 13 96 385 0.3333333333333333 0.27101200686106347
table-0401-947 45 3 0 8 159 874 0.2 10.469945355191257
table-0401-627 10 6 11 19 120 514 0.3333333333333333 0.3356643356643357
table-0401-231 11 4 0 125 231 1452 0.3333333333333333 1.7462962962962962
table-0401-613 5 2 0 47 100 47249 0.14285714285714285 0.645
table-0401-42 0 1 0 184 234 779 1.0 0.0
table-0401-368 22 5 0 574 783 8426 0.1111111111111111 0.6356564019448947
table-0401-323 2 2 0 218 240 5046 0.047619047619047616 0.09326424870466321
table-0401-252 2 2 0 29 35 1215 0.5 0.06283422459893048
table-0401-19 21 5 0 293 584 20098 0.16666666666666666 4.186006825938566
table-0401-967 8 10 0 227 225 7661 0.125 0.5309849967384214
table-0401-225 1 2 1 7 57 503 0.16666666666666666 0.07849829351535836
table-0401-4 7 4 0 244 315 3327 0.05 0.03600116132778477
table-0401-868 17 15 0 144 128 28708 0.5 0.15264168097787656
table-0401-308 12 4 0 69 119 888 0.5 2.251732101616628
table-0401-371 15 2 0 22 28 174 1.0 0.6441753171856978
table-0401-785 4 4 0 13 96 385 0.3333333333333333 0.7993138936535163
table-0401-243 20 20 0 833 486 8344 0.125 2.370907390084191
table-0401-742 1 3 0 82 151 4483 1.0 0.014845743446996056
table-0401-328 2 10 1 1416 923 998639 0.16666666666666666 0.008544446110028482
table-0401-144 11 4 0 135 206 1354 0.16666666666666666 0.7890222984562607
table-0401-709 2 3 0 152 192 6734 1.0 0.14922907488986784
table-0401-946 20 3 0 8 159 874 0.2 4.781420765027322
table-0401-989 13 6 0 228 233 7191 0.1 0.6394557823129252
table-0401-130 10 7 1 32 64 847 0.2 0.22994652406417113
table-0401-305 2 2 1 48 67 3588 1.0 0.10909090909090909
table-0401-236 0 1 0 217 56 5055 1.0 0.0
table-0401-911 5 4 3 5 15 1781 0.5 0.1755424063116371
table-0401-541 1 3 0 28 51 2238 1.0 0.07195696032279758
table-0401-465 3 1 0 111 170 1417 0.16666666666666666 0.08404802744425385
table-0401-13 0 1 0 14 166 2971 1.0 0.0
table-0401-489 12 2 0 1672 373 234532 0.16666666666666666 0.016219359182299477
table-0401-954 8 2 5 45 102 1945 0.07692307692307693 0.022375915378356388
table-0401-874 0 1 0 63 82 4351 0.2 0.0
table-0401-369 13 5 0 574 783 8426 0.1111111111111111 0.36175040518638574
table-0401-876 1 4 0 63 82 4351 0.2 0.025159744408945688
table-0401-373 8 4 0 22 28 174 1.0 0.31314878892733566
table-0401-683 5 3 0 38 48 50253 0.5 0.8759842519685039
table-0401-234 0 1 0 299 520 6484 1.0 0.0
table-0401-195 1 1 0 21 27 7493 1.0 0.038433111603843315
table-0401-513 4 8 4 33 102 717 0.1 0.09904761904761905
table-0401-593 7 3 0 341 461 2411 0.1 0.23714094856379425
table-0401-214 1 1 0 21 27 7493 1.0 0.038433111603843315
table-0401-623 10 4 0 81 89 253992 0.25 0.2651488616462347
table-0401-755 2 3 0 74 96 865 1.0 0.03786086133459536
table-0401-345 1 2 1 54 75 4854 1.0 0.03518518518518519
table-0401-471 1 2 0 12 16 1180 0.5 0.08463251670378619
table-0401-54 13 10 0 130 258 229 1.0 0.02113160567440946
table-0401-696 1 4 0 26 52 10064 0.16666666666666666 0.05442176870748299
table-0401-842 5 4 0 12 132 530 0.25 0.6525157232704403
table-0401-417 11 12 0 103 67 8365 0.5 0.3129280821917808
table-0401-529 4 2 0 91 130 5341 0.5 0.050447901933050446
table-0401-469 0 1 0 292 439 269 1.0 0.0
table-0401-903 2 3 0 69 116 2156 1.0 0.10849420849420849
table-0401-52 14 11 0 130 258 229 1.0 0.023162860793499985
table-0401-664 7 3 2 160 171 30246 0.25 0.13042022434287628
table-0401-598 25 3 0 341 461 2411 0.1 0.20841683366733466
table-0401-145 55 4 66 135 206 1354 0.16666666666666666 3.7855917667238423
table-0401-617 3 6 2 61 29 4894 0.3333333333333333 0.12274549098196393
table-0401-669 21 3 0 134 301 2111 0.07142857142857142 1.0825688073394495
table-0401-880 3 2 0 217 184 41051 1.0 0.025354609929078013
table-0401-555 3 3 0 69 96 1446 1.0 0.37880794701986753
table-0401-884 2 2 0 50 50 969 0.3333333333333333 0.24842767295597484
table-0401-663 3 2 0 160 171 30246 0.25 0.01607232546459066
table-0401-437 11 7 2 177 294 3102 0.16666666666666666 0.35200509229789945
table-0401-579 52 4 0 108 215 460 0.5 2.3224987303199596
table-0401-448 19 2 0 150 253 5595 0.5 1.8954937679769894
table-0401-701 17 6 10 27 53 8962 0.3333333333333333 0.18896761133603238
table-0401-715 3 2 0 1430 333 459043 0.3333333333333333 0.008347809303223316
table-0401-128 2 2 0 8 18 3231 1.0 0.1571753986332574
table-0401-10 37 19 0 93 132 1552 0.5 1.8613303269447576
table-0401-889 1 3 0 0 0 0 0.0 48.0
table-0401-722 13 2 7 68 131 28217 0.25 0.045071758984699326
table-0401-374 7 3 6 26 33 1526 0.5 0.1340265742345465
table-0401-893 1 3 0 23 127 14132 1.0 0.03562091503267974
table-0401-187 1 1 0 21 27 7493 1.0 0.038433111603843315
table-0401-316 9 64 147 100 114 28341 1.0 3.429541047188106
table-0401-156 5 13 1 148 147 27512 0.5 0.0925414364640884
table-0401-599 67 3 0 341 461 2411 0.1 0.591182364729459
table-0401-414 7 5 0 1231 317 114854 1.0 0.0027585602942464312
table-0401-488 20 2 0 1672 373 234532 0.16666666666666666 0.010037641154328732
table-0401-93 4 6 9 45 49 2912 0.5 0.09913043478260869
table-0401-341 8 4 0 21 259 7877 0.14285714285714285 2.1057471264367815
table-0401-578 53 4 0 108 215 524 0.5 2.5686380900705372
table-0401-556 4 2 0 230 156 110179 0.5 0.01787287602265576
table-0401-235 1 3 0 46 45 4593 1.0 0.04384724186704385
table-0401-965 12 6 0 223 218 6649 0.125 0.6179775280898876
