table_id rows cols nulls inlinks outlinks views table_imp table_fraction
table-0304-294 8 2 0 21 55 797 1.0 0.18299319727891156
table-0304-589 8 3 1 1139 729 296329 0.06666666666666667 0.03867034160193769
table-0304-971 25 5 9 74 147 1064 0.25 1.5921787709497206
table-0304-340 54 7 53 119 116 5155 0.3333333333333333 13.004098360655737
table-0304-10 37 6 22 135 168 2441 0.16666666666666666 0.1493723538587239
table-0304-33 26 6 11 133 159 2269 0.16666666666666666 3.433467741935484
table-0304-379 4 5 1 66 111 21075 0.1111111111111111 0.2491672218520986
table-0304-78 15 6 0 149 409 4709 0.06666666666666667 0.07437774524158126
table-0304-212 8 4 0 77 91 5014 0.25 0.10471579702348933
table-0304-619 5 9 0 138 251 13484 0.16666666666666666 1.022875816993464
table-0304-177 1 1 0 83 164 858 1.0 0.03918918918918919
table-0304-987 3 5 3 40 147 98855 0.1111111111111111 0.08046490835940992
table-0304-116 11 5 1 158 313 1425 0.09090909090909091 0.8421052631578947
table-0304-277 15 13 86 75 142 4051 1.0 0.27482859941234083
table-0304-806 1 5 0 440 481 3776 0.02857142857142857 0.04151624548736462
table-0304-762 5 2 0 31 54 3186 0.3333333333333333 0.02856439300664861
table-0304-406 1 4 1 6 119 4989 0.14285714285714285 0.4688995215311005
table-0304-308 5 3 0 280 270 15867 0.2 0.029683885890516577
table-0304-503 4 2 0 62 95 8964 0.3333333333333333 0.07477906186267845
table-0304-676 8 4 0 131 317 2625 1.0 0.1705765407554672
table-0304-287 3 3 0 11 62 3197 0.5 0.08923643054277829
table-0304-435 5 2 0 92 106 3085 0.3333333333333333 0.06261740763932373
table-0304-966 2 3 0 19 32 4655 1.0 0.714975845410628
table-0304-580 12 3 11 129 161 1713 0.5 0.050254593756918306
table-0304-184 34 5 34 502 705 15164 1.0 0.1279535648243271
table-0304-931 2 3 0 166 298 4461 0.5 0.028362508309328606
table-0304-325 3 2 0 8 264 2917 0.25 0.014957846070165896
table-0304-412 14 10 0 82 217 1166 0.14285714285714285 0.22053000304599452
table-0304-560 18 4 18 59 120 3487 1.0 0.5135722041259501
table-0304-999 1 6 0 11 207 4505 1.0 0.0014938751120406335
table-0304-48 5 5 0 92 164 3726 0.25 0.2756756756756757
table-0304-158 5 5 0 786 317 398942 0.2 0.0797737758595029
table-0304-43 23 6 8 138 155 2074 0.16666666666666666 2.941649899396378
table-0304-290 3 2 0 631 514 77864 0.14285714285714285 0.016618038817708992
table-0304-269 79 3 0 4 452 515 1.0 4.853823814133592
table-0304-957 6 4 3 146 104 1095 0.25 0.6572052401746725
table-0304-815 20 21 20 166 233 3647 0.3333333333333333 0.9491264131551901
table-0304-315 1 6 0 224 320 47907 0.09090909090909091 0.0009672349171805102
table-0304-596 12 11 0 1568 1916 81033 0.125 0.026563183209444688
table-0304-495 39 16 39 95 217 2397 0.3333333333333333 1.3631701631701632
table-0304-947 2 2 2 30 7 1181 0.5 0.09658246656760773
table-0304-421 3 2 0 299 159 12922 0.5 0.15498154981549817
table-0304-146 33 8 33 107 335 3920 1.0 1.305145185939888
table-0304-690 2 3 0 7 242 2371 1.0 0.16682879377431906
table-0304-115 39 17 9 158 313 1425 0.09090909090909091 1.7913875598086124
table-0304-207 2 5 0 614 922 93797 0.06666666666666667 0.0010647359454855196
table-0304-377 36 14 31 66 111 21075 0.1111111111111111 1.966688874083944
table-0304-875 4 2 3 182 327 15605 1.0 0.09294660514172709
table-0304-181 1 3 0 186 254 5133 0.5 0.06698895027624309
table-0304-630 3 11 0 96 125 26480 0.1 0.39705882352941174
table-0304-825 24 5 0 20 220 864 0.5 25.323529411764707
table-0304-444 2 5 2 54 57 772 1.0 0.31485148514851485
table-0304-437 2 7 2 42 50 1110 0.5 0.603448275862069
table-0304-201 2 5 0 614 922 93797 0.06666666666666667 0.0010292447473026689
table-0304-599 1 5 2 26 168 2681 1.0 0.054838709677419356
table-0304-198 11 6 0 614 922 93797 0.06666666666666667 0.02331771720613288
table-0304-275 10 3 0 4 452 515 1.0 0.5464666021297193
table-0304-642 28 6 0 5 175 749 0.1111111111111111 3.382258064516129
table-0304-952 2 2 1 4 21 1123 1.0 0.033396946564885496
table-0304-59 34 6 19 139 162 2155 0.16666666666666666 3.848303393213573
table-0304-687 1 4 0 63 75 644 0.5 0.04355400696864112
table-0304-152 19 4 0 147 97 12986 0.3333333333333333 1.114572864321608
table-0304-670 1 3 0 26 70 3904 1.0 0.31890660592255127
table-0304-208 18 6 0 614 922 93797 0.06666666666666667 0.03786910846110165
table-0304-175 4 2 0 35 43 1251 1.0 0.07684529828109202
table-0304-465 13 4 0 59 97 1712 0.0625 0.1498738109105028
table-0304-376 9 11 6 66 111 21075 0.1111111111111111 0.9080612924716855
table-0304-200 11 6 0 614 922 93797 0.06666666666666667 0.023140261215218626
table-0304-182 3 2 3 13 5 1021 1.0 0.3885350318471338
table-0304-16 1 6 0 182 189 5844 0.25 0.06502242152466367
table-0304-635 12 3 0 96 125 26480 0.1 0.17202462380300956
table-0304-561 21 2 0 48 63 12958 0.5 0.39695652173913043
table-0304-982 17 5 23 40 147 98855 0.1111111111111111 0.5310683951721055
table-0304-134 20 3 6 168 216 3495 0.5 0.9359067734887109
table-0304-732 8 7 0 112 233 1138 0.5 0.23612139156180606
table-0304-31 34 12 34 1412 293 197189 0.2 1.73486328125
table-0304-977 14 6 13 273 243 65751 1.0 0.7437722419928826
table-0304-55 2 5 4 146 154 428 1.0 0.5826330532212886
table-0304-258 4 2 0 110 100 25125 0.16666666666666666 0.01612764862314489
table-0304-159 30 3 0 786 317 398942 0.2 0.37579997023366574
table-0304-517 13 2 6 241 268 176227 0.5 0.023752653927813165
table-0304-105 16 6 0 145 203 5089 0.058823529411764705 0.05429966203529853
table-0304-891 9 7 11 5 186 344 1.0 0.3642250101173614
table-0304-286 12 4 3 83 188 1118 0.2 0.6461538461538462
table-0304-716 5 4 0 294 121 254633 0.16666666666666666 0.08961996596710153
table-0304-526 10 2 7 222 209 158271 1.0 0.029730902777777776
table-0304-649 1 3 0 28 33 1132 1.0 0.0898360655737705
table-0304-536 11 14 6 130 86 98842 0.3333333333333333 0.32401315789473684
table-0304-483 0 1 0 84 213 4070 0.03225806451612903 0.0
table-0304-508 6 4 0 67 104 11500 0.25 0.0615356355620867
table-0304-104 16 6 0 145 203 5089 0.058823529411764705 0.05580172737514082
table-0304-713 1 1 1 147 127 9846 0.125 0.0
table-0304-288 6 2 0 631 514 77864 0.14285714285714285 0.06139794494481796
table-0304-747 37 5 0 27 85 543 1.0 2.744458930899609
table-0304-467 1 5 2 95 150 2694 1.0 0.08641160949868074
table-0304-451 2 5 2 54 59 1021 1.0 0.15221774193548387
table-0304-474 5 9 0 84 213 4070 0.03225806451612903 0.12958883994126286
table-0304-112 4 5 0 311 312 12194 0.2 0.04861262835918724
table-0304-717 18 4 18 294 121 254633 0.16666666666666666 0.1556059746643978
table-0304-49 10 5 5 92 164 3726 0.25 0.5935135135135136
table-0304-669 4 3 0 265 191 29528 1.0 0.037241856044240906
table-0304-884 17 7 25 5 186 344 1.0 0.6883852691218131
table-0304-14 36 6 21 135 164 2023 0.16666666666666666 2.5127877237851663
table-0304-459 8 5 0 592 824 17698 0.5 0.226985559566787
table-0304-4 7 6 5 96 190 1879 0.3333333333333333 0.26681741096664785
table-0304-763 1 5 0 31 54 3186 0.3333333333333333 0.007387343018960847
table-0304-355 1 3 0 10 15 827 1.0 0.038774718883288095
table-0304-645 33 6 0 5 175 749 0.1111111111111111 3.792741935483871
table-0304-122 7 3 0 146 178 5409 0.0625 0.023281265545716846
table-0304-132 4 6 0 146 178 5409 0.0625 0.01641627698736444
table-0304-346 4 3 0 802 334 37665 0.3333333333333333 0.008391729388355394
table-0304-851 6 4 5 1146 433 115 1.0 0.01368849426563078
table-0304-714 8 3 3 147 127 9846 0.125 0.08162830349531117
table-0304-202 0 1 0 614 922 93797 0.06666666666666667 0.0
table-0304-695 10 6 6 119 139 7058 0.5 0.17543103448275862
table-0304-468 1 3 0 39 48 3983 1.0 0.021032132424537487
table-0304-640 1 7 0 5 175 749 0.1111111111111111 0.008064516129032258
table-0304-729 42 6 37 256 308 51148 0.16666666666666666 1.4553730457154166
table-0304-64 2 2 1 31 38 1541 1.0 0.039414414414414414
table-0304-65 10 6 8 112 206 2407 0.2 0.45330459770114945
table-0304-791 1 19 0 440 481 3776 0.02857142857142857 0.05740072202166065
table-0304-99 6 3 0 145 203 5089 0.058823529411764705 0.01284265865565152
table-0304-727 27 4 6 31 31 17942 0.3333333333333333 1.4062765055131468
table-0304-472 39 12 38 141 205 3821 1.0 3.7625710537822474
table-0304-430 6 2 0 313 160 13572 0.5 0.23681125439624853
table-0304-414 3 5 4 54 60 928 1.0 0.1733212341197822
table-0304-855 8 4 4 1146 433 115 1.0 0.019459859415464298
table-0304-728 4 7 0 256 308 51148 0.16666666666666666 0.01741539679398377
table-0304-991 6 2 0 159 159 17541 0.5 0.31333333333333335
table-0304-72 15 17 8 149 409 4709 0.06666666666666667 0.11400683260126891
table-0304-186 1 2 0 20 98 5368 0.5 0.011890606420927468
table-0304-794 2 15 0 440 481 3776 0.02857142857142857 0.0779783393501805
table-0304-196 11 6 0 614 922 93797 0.06666666666666667 0.022572402044293016
table-0304-404 8 4 7 190 209 37675 0.16666666666666666 0.2858158549591184
table-0304-615 8 9 5 138 251 13484 0.16666666666666666 4.26797385620915
table-0304-896 3 7 3 5 186 344 1.0 0.12990692027519224
table-0304-643 3 6 0 5 175 749 0.1111111111111111 0.3040322580645161
table-0304-916 1 8 1 128 101 142453 0.16666666666666666 0.009015559110077068
table-0304-822 11 3 4 772 610 14131 0.5 0.11084405485649654
table-0304-119 4 5 0 158 313 1425 0.09090909090909091 0.369377990430622
table-0304-313 52 4 27 152 99 666728 0.25 0.8886646485031954
table-0304-706 14 3 0 172 120 7380 0.5 0.09470508851313805
table-0304-979 9 3 0 168 283 5045 0.5 0.0939119170984456
table-0304-259 5 1 0 110 100 25125 0.16666666666666666 0.004803980440936776
table-0304-419 20 23 233 11 12 1342 0.16666666666666666 1.4084388185654009
table-0304-88 2 3 0 165 208 21584 0.5 0.03784769721842225
table-0304-407 6 4 6 6 119 4989 0.14285714285714285 2.6698564593301435
table-0304-752 32 19 112 27 85 543 1.0 3.468057366362451
table-0304-606 2 3 0 87 83 9488 1.0 0.04394768856447689
table-0304-627 4 9 0 182 210 8807 0.5 0.13929539295392954
table-0304-922 14 2 8 35 69 13873 1.0 0.19266963843486876
table-0304-92 0 1 0 91 110 1941 0.3333333333333333 0.0
table-0304-187 1 6 0 5 193 2099 1.0 0.011389521640091117
table-0304-826 34 5 6 20 281 1068 0.5 41.23529411764706
table-0304-415 14 10 0 91 215 1247 0.14285714285714285 0.214075382803298
table-0304-267 2 3 0 4 452 515 1.0 0.12294288480154889
table-0304-949 1 3 0 170 268 5232 0.3333333333333333 0.022169167803547066
table-0304-195 5 4 0 100 85 8747 0.5 0.11152725759467333
table-0304-344 4 3 0 998 254 47079 0.25 0.003160919540229885
table-0304-375 11 12 7 66 111 21075 0.1111111111111111 1.0812791472351766
table-0304-316 4 25 7 224 320 47907 0.09090909090909091 0.32922258493531614
table-0304-911 1 3 0 140 160 6354 1.0 0.030213270142180094
table-0304-488 34 7 0 84 213 4070 0.03225806451612903 0.4878854625550661
table-0304-945 2 3 0 14 30 2083 0.25 0.1259124087591241
table-0304-511 5 3 0 25 92 7255 0.5 0.2982456140350877
table-0304-573 6 2 0 10 198 3380 0.07692307692307693 0.8842364532019704
table-0304-442 5 2 0 328 458 9956 0.25 0.005434782608695652
table-0304-381 6 2 0 66 111 21075 0.1111111111111111 0.1632245169886742
table-0304-978 1 3 0 273 243 65751 1.0 0.027758007117437724
table-0304-477 0 0 0 84 213 4070 0.03225806451612903 0.0
table-0304-734 8 7 0 125 260 1841 0.25 0.09598603839441536
table-0304-479 2 1 0 84 213 4070 0.03225806451612903 0.013950073421439061
table-0304-53 33 6 18 140 160 3111 0.16666666666666666 2.803230543318649
table-0304-625 10 9 0 138 251 13484 0.16666666666666666 5.92483660130719
table-0304-327 2 6 0 8 264 2917 0.25 0.029643731302692412
table-0304-778 7 4 0 440 481 3776 0.02857142857142857 0.3974729241877256
table-0304-121 2 4 0 146 178 5409 0.0625 0.02198786190428813
table-0304-331 1 3 0 10 54 1823 1.0 0.022947640594699416
table-0304-710 4 9 3 147 127 9846 0.125 0.017689684569479967
table-0304-185 16 4 0 502 705 15164 1.0 0.06431066365317444
table-0304-433 2 2 0 22 55 5075 0.3333333333333333 0.04964990451941439
table-0304-148 2 2 0 23 54 4189 0.5 0.07274180655475619
table-0304-255 23 4 16 183 121 217325 0.3333333333333333 0.2892994611239415
table-0304-867 4 5 0 112 139 12263 0.3333333333333333 0.08040870724122612
table-0304-245 13 12 11 57 121 45913 0.1111111111111111 3.086497890295359
table-0304-124 13 17 0 146 178 5409 0.0625 0.10048751368023082
table-0304-396 3 3 0 643 321 118453 1.0 0.010181724449026937
table-0304-211 8 4 0 77 91 5014 0.25 0.1396808319885243
table-0304-837 7 6 2 271 248 6861 0.3333333333333333 0.11576320532372106
table-0304-297 5 3 0 194 212 13124 0.1111111111111111 0.007907133243607
table-0304-382 6 3 0 66 111 21075 0.1111111111111111 0.3677548301132578
table-0304-162 6 2 0 2509 189 127402 0.5 0.005205027294655325
table-0304-368 3 5 4 54 62 917 1.0 0.1743827160493827
table-0304-568 2 2 0 10 198 3380 0.07692307692307693 0.22413793103448276
table-0304-507 3 2 0 67 104 11500 0.25 0.02094048493754592
table-0304-906 4 7 5 5 186 344 1.0 0.17239983812221774
table-0304-310 10 3 0 8 25 806 0.5 0.07184241019698726
table-0304-870 9 4 9 347 353 5793 0.25 0.3991031390134529
table-0304-504 3 5 0 62 95 8964 0.3333333333333333 0.06526172671651938
table-0304-229 39 5 0 44 15 33720 0.5 1.4004884004884004
table-0304-521 14 2 0 1754 1449 194810 1.0 0.008043062598719761
table-0304-692 21 3 0 62 97 5234 0.5 0.1641418345263859
table-0304-890 7 7 7 5 186 344 1.0 0.282881424524484
table-0304-364 2 2 0 41 51 3861 0.3333333333333333 0.043820224719101124
table-0304-235 11 4 0 1777 201 603385 0.3333333333333333 0.0687088638740235
table-0304-652 8 7 11 0 0 0 0.0 573.0
table-0304-360 9 6 0 88 147 6482 1.0 1.012704174228675
table-0304-345 1 1 0 998 254 47079 0.25 0.0012452107279693487
table-0304-697 11 12 17 10 91 184 1.0 0.6282165039929015
table-0304-232 10 5 3 155 208 1364 0.3333333333333333 0.9396887159533074
table-0304-480 0 0 0 84 213 4070 0.03225806451612903 0.0
table-0304-861 3 3 0 20 36 798 1.0 0.10521885521885523
table-0304-647 19 6 0 5 175 749 0.1111111111111111 2.2016129032258065
table-0304-820 1 7 0 123 66 1825 0.16666666666666666 0.08763250883392226
table-0304-840 4 7 0 29 130 8362 1.0 0.1276895234265031
table-0304-2 38 6 23 136 155 2220 0.16666666666666666 6.038235294117647
table-0304-272 53 3 0 4 452 515 1.0 2.9699903194578896
table-0304-909 0 1 0 0 0 0 0.0 0.0
table-0304-756 15 2 0 27 85 543 1.0 0.41590612777053454
table-0304-548 6 4 1 271 244 54560 0.5 0.014879630452163098
table-0304-694 5 8 0 119 139 7058 0.5 0.12456896551724138
table-0304-192 5 4 5 0 0 0 0.0 298.0
table-0304-449 2 5 2 56 57 1367 1.0 0.12521891418563924
table-0304-153 3 4 0 147 97 12986 0.3333333333333333 0.19447236180904523
table-0304-226 30 5 12 77 160 1034 0.25 1.6158631415241058
table-0304-892 5 7 5 5 186 344 1.0 0.2104411169566977
table-0304-163 5 2 1 31 47 1053 1.0 0.11855670103092783
table-0304-776 20 11 14 109 136 1492 1.0 2.915601023017903
table-0304-556 38 4 31 552 293 330179 0.3333333333333333 0.21624551747143692
table-0304-19 5 5 0 182 189 5844 0.25 0.109304932735426
table-0304-102 3 6 0 145 203 5089 0.058823529411764705 0.009838527975966955
table-0304-545 2 2 2 31 48 7265 1.0 0.008503401360544218
table-0304-995 4 2 3 407 486 60632 1.0 0.029078363725973385
table-0304-304 2 2 0 263 209 41875 1.0 0.004534005037783375
table-0304-482 1 3 0 84 213 4070 0.03225806451612903 0.027900146842878122
table-0304-322 2 3 0 318 104 138369 0.16666666666666666 0.039921626255204505
table-0304-821 5 4 0 772 610 14131 0.5 0.06913615156227909
table-0304-803 6 9 0 440 481 3776 0.02857142857142857 0.25956678700361013
table-0304-972 12 4 3 74 147 1064 0.25 0.7523277467411545
table-0304-236 12 7 0 1777 201 603385 0.3333333333333333 0.035000307559820386
table-0304-390 16 5 0 196 213 10245 0.1 0.6336065573770492
table-0304-633 4 2 0 96 125 26480 0.1 0.10738714090287278
table-0304-46 1 3 0 138 155 2074 0.16666666666666666 0.36619718309859156
table-0304-454 3 5 6 130 171 15235 1.0 0.08701103309929789
table-0304-538 39 42 604 1177 2197 69782 0.2 1.483023906408952
table-0304-411 7 4 7 6 119 4989 0.14285714285714285 3.9569377990430623
table-0304-80 6 6 12 149 409 4709 0.06666666666666667 0.024890190336749635
table-0304-100 3 8 0 145 203 5089 0.058823529411764705 0.027938415321066466
table-0304-271 5 3 0 4 452 515 1.0 0.3063891577928364
table-0304-372 26 5 0 188 231 35954 0.3333333333333333 0.3306939403937095
table-0304-476 3 1 0 84 213 4070 0.03225806451612903 0.026798825256975037
table-0304-205 2 5 0 614 922 93797 0.06666666666666667 0.0010647359454855196
table-0304-993 8 6 3 38 34 20388 0.5 0.29302488608482297
table-0304-637 3 7 0 270 559 29409 0.3333333333333333 0.04921339249697459
table-0304-658 6 5 0 207 258 15894 0.05555555555555555 0.052663076002393776
table-0304-89 6 6 0 91 110 1941 0.3333333333333333 0.4900611620795107
table-0304-557 30 4 0 552 293 330179 0.3333333333333333 0.17763322491868902
table-0304-588 18 2 0 1139 729 296329 0.06666666666666667 0.0413847824271277
table-0304-347 5 3 0 802 334 37665 0.3333333333333333 0.009256856129422961
table-0304-869 8 9 8 347 353 5793 0.25 0.4125560538116592
table-0304-838 8 2 0 271 248 6861 0.3333333333333333 0.02592541244974352
table-0304-912 3 2 2 25 53 5265 1.0 0.07962840079628401
table-0304-586 27 5 0 783 1602 92595 0.16666666666666666 0.12423727747373718
table-0304-862 40 3 0 175 377 8793 0.3333333333333333 0.2815870057249368
table-0304-473 22 11 0 141 205 3821 1.0 1.9374726716222126
table-0304-25 12 5 36 66 71 20394 1.0 0.062046736502820304
table-0304-128 13 6 0 146 178 5409 0.0625 0.06297880807879813
table-0304-240 7 2 0 19 54 459 1.0 0.13636363636363635
table-0304-800 4 9 0 440 481 3776 0.02857142857142857 0.21552346570397113
table-0304-246 9 12 0 57 121 45913 0.1111111111111111 1.970464135021097
table-0304-439 11 3 2 86 83 95618 0.5 0.15923350856367643
table-0304-555 12 3 1 20 107 10844 0.5 0.128686327077748
table-0304-250 2 8 5 57 121 45913 0.1111111111111111 0.7616033755274262
table-0304-968 8 3 0 155 255 3475 0.25 0.3512269938650307
table-0304-847 6 3 3 87 75 21310 0.2 0.04031789106415972
table-0304-700 7 9 0 98 117 2519 0.5 0.38773669972948605
table-0304-899 5 7 5 5 186 344 1.0 0.19708619991906112
table-0304-648 6 6 0 5 175 749 0.1111111111111111 0.575
table-0304-188 32 6 0 5 193 2099 1.0 5.32004555808656
table-0304-970 51 5 22 74 147 1064 0.25 3.3333333333333335
table-0304-920 0 1 0 128 101 142453 0.16666666666666666 0.0
table-0304-170 12 3 0 114 207 4109 0.16666666666666666 0.5409836065573771
table-0304-332 24 2 0 17 127 0 1.0 0.12074026802807913
table-0304-674 4 2 0 131 317 2625 1.0 0.04930417495029821
table-0304-95 4 2 0 15 28 4325 0.25 0.09775678866587957
table-0304-309 1 3 0 280 270 15867 0.2 0.02987663839629915
table-0304-770 10 2 4 195 246 47261 0.3333333333333333 0.02058531746031746
table-0304-458 16 5 0 592 824 17698 0.5 0.42644404332129965
table-0304-915 2 2 1 8 37 813 1.0 0.034280117531831536
table-0304-539 4 34 10 1177 2197 69782 0.2 0.18025178026449645
table-0304-51 24 6 9 140 160 3111 0.16666666666666666 2.345080763582966
table-0304-787 3 11 0 440 481 3776 0.02857142857142857 0.15812274368231047
table-0304-103 15 6 0 145 203 5089 0.058823529411764705 0.05099511828764551
table-0304-443 3 5 4 54 59 926 1.0 0.2183406113537118
table-0304-223 1 3 0 38 76 8628 0.3333333333333333 0.006673618352450469
table-0304-673 0 1 0 85 129 1520 0.5 0.0
table-0304-460 1 1 0 592 824 17698 0.5 0.010830324909747292
table-0304-418 28 4 0 11 12 1342 0.16666666666666666 1.0253164556962024
table-0304-352 5 2 0 169 114 169911 0.14285714285714285 0.0407735321528425
table-0304-721 26 6 0 69 123 2121 0.3333333333333333 1.388646288209607
table-0304-98 4 5 0 145 203 5089 0.058823529411764705 0.01284265865565152
table-0304-746 1 3 0 15 16 1691 1.0 0.11481719050673508
table-0304-42 13 3 0 283 270 34954 0.5 0.24967148488830487
table-0304-834 31 5 8 19 310 1184 0.5 34.88235294117647
table-0304-478 2 11 0 84 213 4070 0.03225806451612903 0.02643171806167401
table-0304-664 5 5 0 114 144 6722 0.3333333333333333 0.053198031980319804
table-0304-755 14 19 71 27 85 543 1.0 2.058670143415906
table-0304-919 6 4 0 128 101 142453 0.16666666666666666 0.06369056274538316
table-0304-718 1 2 0 6 11 599 1.0 0.08967391304347826
table-0304-565 4 5 0 99 121 3357 0.125 0.12329749103942653
table-0304-587 0 1 0 783 1602 92595 0.16666666666666666 0.0
table-0304-82 3 7 2 236 244 95378 0.3333333333333333 0.02555658959123774
table-0304-780 1 5 0 440 481 3776 0.02857142857142857 0.03790613718411552
table-0304-141 4 5 0 205 250 199 1.0 0.2155576382380506
table-0304-675 53 8 1 131 317 2625 1.0 1.2964214711729622
table-0304-515 12 5 0 657 353 315835 0.3333333333333333 0.024376944542451165
table-0304-917 6 4 4 128 101 142453 0.16666666666666666 0.04958557510542388
table-0304-760 8 6 25 56 62 1461 0.5 0.7472324723247232
table-0304-563 5 6 10 1009 435 10459 0.3333333333333333 0.10325516275813791
table-0304-79 12 6 0 149 409 4709 0.06666666666666667 0.054660810151293315
table-0304-849 2 4 5 1146 433 115 1.0 0.002145763965963744
table-0304-462 1 5 2 96 161 5417 1.0 0.0825881115202525
table-0304-133 1 2 1 53 90 27768 1.0 0.002810235172311788
table-0304-111 1 5 0 311 312 12194 0.2 0.01813414900589906
table-0304-696 11 10 0 10 91 184 1.0 0.4658385093167702
table-0304-29 33 6 18 38 152 1968 0.16666666666666666 3.1266666666666665
table-0304-306 20 8 12 280 270 15867 0.2 0.28585196607555896
table-0304-466 4 4 0 59 97 1712 0.0625 0.05591147350029121
table-0304-985 34 5 34 40 147 98855 0.1111111111111111 1.937863209655789
table-0304-252 6 12 6 46 46 1962 0.5 0.2566649242028228
table-0304-233 5 4 3 155 208 1364 0.3333333333333333 0.4961089494163424
table-0304-380 26 3 1 66 111 21075 0.1111111111111111 0.5876082611592272
table-0304-907 3 7 3 5 186 344 1.0 0.12626467017401863
table-0304-83 31 14 0 236 244 95378 0.3333333333333333 0.16558092920037226
table-0304-354 1 3 0 9 14 1779 1.0 0.14343434343434344
table-0304-299 9 7 9 84 116 473 1.0 0.36739380022962115
table-0304-399 12 4 0 230 131 39746 0.5 0.03854289071680376
table-0304-683 10 6 10 154 198 24949 0.25 1.669914040114613
table-0304-928 10 2 0 9 30 1829 0.5 0.08186001453136353
table-0304-598 3 3 0 1568 1916 81033 0.125 0.010931351114997814
table-0304-632 1 2 0 96 125 26480 0.1 0.022571819425444596
table-0304-835 1 3 0 59 46 12344 0.25 0.019496100779844032
table-0304-47 11 3 11 92 164 3726 0.25 0.7027027027027027
table-0304-514 14 2 5 657 353 315835 0.3333333333333333 0.013695993841614011
table-0304-385 3 6 0 27 37 653 1.0 0.43437945791726107
table-0304-30 1 3 0 38 152 1968 0.16666666666666666 0.35333333333333333
table-0304-903 3 7 3 5 186 344 1.0 0.1112909753136382
table-0304-190 1 1 0 1628 617 158453 1.0 0.0011878194514433806
table-0304-457 11 3 0 592 824 17698 0.5 0.3154332129963899
table-0304-973 8 4 3 140 200 1035 0.5 0.958997722095672
table-0304-58 28 6 13 139 162 2155 0.16666666666666666 3.1636726546906186
table-0304-282 6 3 0 31 56 1523 0.5 0.45545796737766625
table-0304-764 0 1 0 31 54 3186 0.3333333333333333 0.0
table-0304-130 14 6 0 146 178 5409 0.0625 0.07103770769077704
table-0304-127 16 6 0 146 178 5409 0.0625 0.07869863695154711
table-0304-136 1 1 0 106 194 954 1.0 0.03856382978723404
table-0304-519 2 3 0 190 249 8614 1.0 0.08110992529348986
table-0304-990 9 5 9 40 147 98855 0.1111111111111111 0.31649530621367905
table-0304-446 2 5 4 57 65 1167 1.0 0.09200968523002422
table-0304-362 4 2 0 36 44 4914 0.3333333333333333 0.07375
table-0304-140 8 5 0 205 250 199 1.0 0.46485473289597
table-0304-655 9 11 15 7 43 641 1.0 0.09776168531928901
table-0304-484 0 1 0 84 213 4070 0.03225806451612903 0.0
table-0304-992 3 2 0 159 159 17541 0.5 0.17666666666666667
table-0304-904 6 7 9 5 186 344 1.0 0.22177256171590448
table-0304-63 18 3 0 142 197 3015 0.2 1.2724580454096743
table-0304-85 5 3 0 22 42 1670 0.3333333333333333 0.03361344537815126
table-0304-546 6 5 0 254 93 59368 0.5 0.053159903859748336
table-0304-114 66 6 57 311 312 12194 0.2 0.7254752020974438
table-0304-709 4 8 4 147 127 9846 0.125 0.0076726342710997444
table-0304-107 16 6 0 145 203 5089 0.058823529411764705 0.05475028163725122
table-0304-543 3 32 6 821 1472 49993 0.2 0.22323809523809524
table-0304-3 1 3 0 136 155 2220 0.16666666666666666 0.5
table-0304-67 17 2 17 112 206 2407 0.2 0.37787356321839083
table-0304-641 4 6 0 5 175 749 0.1111111111111111 0.39838709677419354
table-0304-951 3 2 0 153 165 12729 0.5 0.16611295681063123
table-0304-137 1 1 0 106 194 954 1.0 0.03856382978723404
table-0304-84 7 3 0 236 244 95378 0.3333333333333333 0.003149831770348629
table-0304-366 17 6 4 60 99 13225 0.3333333333333333 0.43511923196035923
table-0304-35 38 6 23 133 159 2269 0.16666666666666666 4.254032258064516
table-0304-263 4 8 2 22 58 900 0.2 0.0866093366093366
table-0304-976 1 3 0 19 37 6672 1.0 0.02103728389918767
table-0304-868 4 5 0 112 139 12263 0.3333333333333333 0.06752554420257663
table-0304-623 17 9 0 138 251 13484 0.16666666666666666 10.098039215686274
table-0304-265 6 3 0 4 452 515 1.0 0.43272023233301066
table-0304-178 1 3 0 172 176 1223 1.0 0.1289332310053722
table-0304-894 4 7 5 5 186 344 1.0 0.17482800485633346
table-0304-8 25 6 10 135 168 2441 0.16666666666666666 0.12062690336477754
table-0304-251 5 3 0 57 121 45913 0.1111111111111111 0.9050632911392406
table-0304-610 8 6 8 300 354 1496 0.3333333333333333 2.0109090909090908
table-0304-336 8 4 0 963 638 71927 0.08333333333333333 0.07081545064377683
table-0304-260 5 1 0 110 100 25125 0.16666666666666666 0.00600497555117097
table-0304-603 0 1 0 214 253 18907 0.3333333333333333 0.0
table-0304-921 1 3 0 79 101 1350 1.0 0.06107205623901582
table-0304-108 5 6 0 145 203 5089 0.058823529411764705 0.015471273000375516
table-0304-605 2 4 4 292 298 90512 1.0 0.009844292883798738
table-0304-689 6 8 8 175 51 264339 0.5 0.02044989775051125
table-0304-738 6 8 10 612 573 8010 1.0 0.013057103064066853
table-0304-420 6 2 0 299 159 12922 0.5 0.21894218942189422
table-0304-848 6 4 4 1146 433 115 1.0 0.013947465778764335
table-0304-169 12 3 0 114 207 4109 0.16666666666666666 0.5573770491803278
table-0304-554 2 2 2 159 160 12237 1.0 0.027420736932305057
table-0304-254 17 13 37 216 248 1931 1.0 0.28753586228881095
table-0304-356 386 2 0 12 360 52164 1.0 4.9923242247466995
table-0304-295 1 13 0 194 212 13124 0.1111111111111111 0.015309555854643338
table-0304-423 17 11 0 90 220 1241 0.14285714285714285 0.31394557823129254
table-0304-44 25 6 10 138 155 2074 0.16666666666666666 2.9175050301810863
table-0304-671 5 5 0 85 129 1520 0.5 0.4031746031746032
table-0304-553 3 2 0 423 381 40570 0.5 0.008371676891615542
table-0304-475 3 12 0 84 213 4070 0.03225806451612903 0.0513950073421439
table-0304-817 6 1 0 123 66 1825 0.16666666666666666 0.0431095406360424
table-0304-889 3 7 3 5 186 344 1.0 0.16268717118575476
table-0304-317 1 7 0 224 320 47907 0.09090909090909091 0.001088139281828074
table-0304-893 10 7 15 5 186 344 1.0 0.4091460946985026
table-0304-935 1 3 0 55 57 1336 0.5 0.07720588235294118
table-0304-745 11 17 18 612 573 8010 1.0 0.0423050139275766
table-0304-371 3 2 0 188 231 35954 0.3333333333333333 0.019685472341361487
table-0304-291 4 3 0 631 514 77864 0.14285714285714285 0.04833185335532158
table-0304-339 3 7 2 963 638 71927 0.08333333333333333 0.025291232372777438
table-0304-215 3 3 0 111 88 4108 0.5 0.10416666666666667
table-0304-77 17 6 0 149 409 4709 0.06666666666666667 0.08218643240605174
table-0304-76 13 6 0 149 409 4709 0.06666666666666667 0.0664714494875549
table-0304-452 5 5 8 66 66 880 1.0 0.2465642683912692
table-0304-751 2 11 0 27 85 543 1.0 0.0469361147327249
table-0304-582 5 7 6 53 81 994 0.25 0.688212927756654
table-0304-712 4 9 4 147 127 9846 0.125 0.008525149190110827
table-0304-410 18 4 18 6 119 4989 0.14285714285714285 8.344497607655502
table-0304-52 26 6 11 140 160 3111 0.16666666666666666 2.2085168869309837
table-0304-161 8 8 0 786 317 398942 0.2 0.08647120107158804
table-0304-871 2 5 0 3 4 747 1.0 0.3680555555555556
table-0304-393 1 1 0 196 213 10245 0.1 0.004098360655737705
table-0304-665 6 3 8 39 77 569 0.2 0.35051546391752575
table-0304-68 12 2 12 112 206 2407 0.2 0.27155172413793105
table-0304-617 2 3 0 138 251 13484 0.16666666666666666 0.5032679738562091
table-0304-293 4 8 2 21 55 797 1.0 0.09319727891156462
table-0304-771 9 2 0 195 246 47261 0.3333333333333333 0.018229166666666668
table-0304-831 79 3 0 190 396 9324 0.2 1.7489711934156378
table-0304-562 6 2 0 90 120 10808 0.5 0.06316285646947914
table-0304-699 0 1 0 173 108 18999 1.0 0.0
table-0304-490 0 0 0 84 213 4070 0.03225806451612903 0.0
table-0304-918 6 4 0 128 101 142453 0.16666666666666666 0.05322088119819689
table-0304-151 1 2 1 33 41 988 1.0 0.02
table-0304-955 1 2 1 6 14 1410 1.0 0.016115351993214587
table-0304-856 9 4 4 1146 433 115 1.0 0.024787273399926008
table-0304-646 6 6 0 5 175 749 0.1111111111111111 0.5604838709677419
table-0304-989 1 5 1 40 147 98855 0.1111111111111111 0.019669199821189094
table-0304-872 1 2 1 182 328 9493 1.0 0.02235294117647059
table-0304-981 3 2 0 23 56 2170 0.5 0.038821954484605084
table-0304-564 2 2 2 99 121 3357 0.125 0.0014336917562724014
table-0304-938 11 3 1 21 34 4510 0.5 0.3366733466933868
table-0304-963 0 1 0 6 12 562 1.0 0.0
table-0304-154 1 2 1 9 40 5853 1.0 0.011384062312762133
table-0304-145 1 2 0 107 335 3920 1.0 0.021395822720326033
table-0304-804 3 6 0 440 481 3776 0.02857142857142857 0.17653429602888088
table-0304-688 18 6 0 243 158 96736 0.3333333333333333 0.2271097298589529
table-0304-783 1 14 0 440 481 3776 0.02857142857142857 0.05306859205776173
table-0304-405 3 3 0 56 73 2432 1.0 0.05021073850100788
table-0304-677 0 1 0 131 317 2625 1.0 0.0
table-0304-622 15 9 0 138 251 13484 0.16666666666666666 8.954248366013072
table-0304-777 20 21 20 109 136 1492 1.0 4.6138107416879794
table-0304-653 5 2 0 90 74 17894 0.5 0.05606995884773663
table-0304-189 4 7 2 5 193 2099 1.0 0.8667425968109339
table-0304-932 1 3 0 9 57 3563 1.0 0.0243117626027887
table-0304-775 34 3 0 42 204 20338 0.3333333333333333 0.2534700114605883
table-0304-318 4 6 0 224 320 47907 0.09090909090909091 0.04449280619030347
table-0304-934 17 6 1 55 57 1336 0.5 2.7113970588235294
table-0304-572 4 2 0 10 198 3380 0.07692307692307693 0.5517241379310345
table-0304-361 5 3 0 36 44 4914 0.3333333333333333 0.13625
table-0304-176 1 1 0 83 164 858 1.0 0.03918918918918919
table-0304-279 6 4 1 75 142 4051 1.0 0.08971596474045054
table-0304-144 1 4 0 107 335 3920 1.0 0.012480896586856851
table-0304-486 5 6 0 84 213 4070 0.03225806451612903 0.1670337738619677
table-0304-774 84 2 0 42 204 20338 0.3333333333333333 0.08417165414491277
table-0304-214 0 1 0 208 169 47050 0.5 0.0
table-0304-874 1 2 1 176 327 8892 1.0 0.0338680926916221
table-0304-524 9 2 0 355 263 131515 0.2 0.03258804617857665
table-0304-333 1 3 0 17 127 0 1.0 0.01391193363114231
table-0304-797 6 8 0 440 481 3776 0.02857142857142857 0.38014440433213
table-0304-961 2 11 0 86 100 2648 0.3333333333333333 0.04294478527607362
table-0304-125 4 5 0 146 178 5409 0.0625 0.017212217689782112
table-0304-528 1 6 0 49 100 1431 1.0 0.10278745644599303
table-0304-167 8 3 0 114 207 4109 0.16666666666666666 0.3830104321907601
table-0304-506 6 4 0 86 71 18028 0.3333333333333333 0.024670287044220324
table-0304-520 10 2 5 1754 1449 194810 1.0 0.007461135588993266
table-0304-608 0 1 0 122 163 3738 0.3333333333333333 0.0
table-0304-726 17 6 5 58 97 22613 0.3333333333333333 0.4682262569832402
table-0304-447 2 5 2 53 57 881 1.0 0.13205645161290322
table-0304-365 6 5 0 60 99 13225 0.3333333333333333 0.09972127593682255
table-0304-886 3 7 3 5 186 344 1.0 0.12343180898421692
table-0304-956 13 5 5 146 104 1095 0.25 1.388646288209607
table-0304-20 24 8 10 135 160 1813 0.16666666666666666 3.308316430020284
table-0304-964 23 13 0 38 52 5066 0.5 1.0710728836577637
table-0304-809 2 5 0 440 481 3776 0.02857142857142857 0.11516245487364621
table-0304-392 16 5 0 196 213 10245 0.1 0.6442622950819672
table-0304-566 13 8 81 99 121 3357 0.125 0.12974910394265232
table-0304-75 15 6 0 149 409 4709 0.06666666666666667 0.07066861883845778
table-0304-305 20 8 0 280 270 15867 0.2 0.3126445643793369
table-0304-549 7 10 0 467 336 25450 0.2 0.14218149571386343
table-0304-438 4 2 0 9 16 463 1.0 0.0847926267281106
table-0304-307 5 3 0 280 270 15867 0.2 0.03643022359290671
table-0304-941 12 4 0 1359 304 41701 0.125 0.04186413902053712
table-0304-779 1 5 0 440 481 3776 0.02857142857142857 0.05198555956678701
table-0304-157 4 2 1 34 46 1670 1.0 0.07059916395726892
table-0304-142 2 5 0 205 250 199 1.0 0.09653233364573571
table-0304-663 0 1 0 114 144 6722 0.3333333333333333 0.0
table-0304-758 5 2 3 24 85 10816 1.0 0.03522837706511176
table-0304-994 5 3 0 166 247 5657 0.5 0.05954368391764051
table-0304-94 1 2 0 15 28 4325 0.25 0.007556080283353011
table-0304-388 13 5 0 196 213 10245 0.1 0.08319672131147542
table-0304-499 23 4 0 56 115 1077 0.16666666666666666 0.8170132325141777
table-0304-636 4 4 0 96 125 26480 0.1 0.15595075239398085
table-0304-853 8 4 4 1146 433 115 1.0 0.018904920458749537
table-0304-343 5 3 0 998 254 47079 0.25 0.002203065134099617
table-0304-950 6 2 0 153 165 12729 0.5 0.28903654485049834
table-0304-574 12 2 0 10 198 3380 0.07692307692307693 1.603448275862069
table-0304-860 9 3 0 77 39 13098 0.5 0.08550185873605948
table-0304-241 11 9 6 21 660 163057 1.0 0.49386084583901774
table-0304-614 2 6 0 138 251 13484 0.16666666666666666 0.9150326797385621
table-0305-1000 8 6 0 11 207 4505 1.0 0.19450253958769048
table-0304-613 5 2 0 79 98 1205 1.0 0.09174841315637623
table-0304-350 3 2 0 169 114 169911 0.14285714285714285 0.021435228331780055
table-0304-38 1 2 1 29 39 2325 1.0 0.01784037558685446
table-0304-965 0 1 0 8 115 463 1.0 0.0
table-0304-183 8 3 5 13 5 1021 1.0 1.802547770700637
table-0304-829 36 5 19 21 274 1348 0.5 39.18627450980392
table-0304-937 2 2 2 32 11 1028 0.5 0.07591240875912408
table-0304-168 10 3 0 114 207 4109 0.16666666666666666 0.4798807749627422
table-0304-844 60 3 0 174 381 8188 0.25 0.7963094393186657
table-0304-166 0 1 0 12 68 9372 0.25 0.0
table-0304-54 1 3 0 140 160 3111 0.16666666666666666 0.27606461086637296
table-0304-975 11 3 0 170 268 5081 0.3333333333333333 0.1049960967993755
table-0304-997 36 6 25 474 523 6705 1.0 1.3641681901279707
table-0304-224 2 2 0 163 177 7438 0.5 0.018585858585858588
table-0304-221 6 2 0 38 76 8628 0.3333333333333333 0.04275286757038582
table-0304-939 4 2 2 9 19 1176 1.0 0.05574468085106383
table-0304-324 1 3 0 39 36 19655 1.0 0.07262569832402235
table-0304-300 1 3 0 22 76 6396 1.0 0.059075342465753425
table-0304-854 6 4 4 1146 433 115 1.0 0.015242323344432112
table-0304-782 2 9 0 440 481 3776 0.02857142857142857 0.09241877256317689
table-0304-348 1 1 0 802 334 37665 0.3333333333333333 0.004412146379444588
table-0304-36 1 3 0 133 159 2269 0.16666666666666666 0.25
table-0304-818 5 6 0 123 66 1825 0.16666666666666666 0.29257950530035337
table-0304-895 12 7 16 5 186 344 1.0 0.424119789558883
table-0304-171 26 3 0 114 207 4109 0.16666666666666666 0.9746646795827124
table-0304-74 10 6 0 149 409 4709 0.06666666666666667 0.04616886285993167
table-0304-943 3 2 0 14 30 2083 0.25 0.33211678832116787
table-0304-954 3 2 1 6 11 3187 1.0 0.22559652928416485
table-0304-409 8 4 8 6 119 4989 0.14285714285714285 4.08133971291866
table-0304-131 14 6 0 146 178 5409 0.0625 0.06347627101780917
table-0304-230 1 3 0 208 255 5046 1.0 0.06382079459002536
table-0304-493 0 0 0 84 213 4070 0.03225806451612903 0.0
table-0304-278 7 3 1 75 142 4051 1.0 0.00920666013712047
table-0304-858 16 11 6 158 222 1256 0.5 1.2012383900928794
table-0304-864 3 3 0 283 143 19845 1.0 0.03704720087815587
table-0304-434 2 2 0 169 181 3519 0.5 0.04749163879598662
table-0304-257 8 3 2 110 100 25125 0.16666666666666666 0.023762546109633697
table-0304-222 1 3 0 38 76 8628 0.3333333333333333 0.008550573514077163
table-0304-888 3 7 3 5 186 344 1.0 0.13314447592067988
table-0304-792 1 10 0 440 481 3776 0.02857142857142857 0.053429602888086646
table-0304-281 4 4 0 75 142 4051 1.0 0.06248775710088149
table-0304-516 15 2 0 657 353 315835 0.3333333333333333 0.006703659749174071
table-0304-150 7 3 2 462 366 131661 0.5 0.029021632689397312
table-0304-575 25 2 0 10 198 3380 0.07692307692307693 4.187192118226601
table-0304-739 5 8 9 612 573 8010 1.0 0.010619777158774373
table-0304-902 5 7 5 5 186 344 1.0 0.21367867260218534
table-0304-693 0 1 0 119 139 7058 0.5 0.0
table-0304-383 3 4 3 205 212 9448 0.3333333333333333 0.0161793925631564
table-0304-90 5 5 0 91 110 1941 0.3333333333333333 0.18883792048929662
table-0304-39 19 6 0 94 122 2826 0.125 1.892817679558011
table-0304-962 2 11 0 86 100 2648 0.3333333333333333 0.04294478527607362
table-0304-708 0 1 0 312 675 221 1.0 0.0
table-0304-604 4 3 0 22 22 855 1.0 0.7161981258366801
table-0304-349 15 11 0 79 211 1112 0.14285714285714285 0.21708185053380782
table-0304-529 1 2 0 100 123 4867 0.5 0.011020881670533642
table-0304-492 23 1 0 84 213 4070 0.03225806451612903 0.24669603524229075
table-0304-799 1 10 0 440 481 3776 0.02857142857142857 0.05270758122743682
table-0304-138 2 2 2 31 43 1224 1.0 0.02926829268292683
table-0304-773 1 2 0 263 271 186655 1.0 0.0009962747985792254
table-0304-846 8 7 0 87 75 21310 0.2 0.21477030432254313
table-0304-147 5 5 2 51 46 1496 1.0 0.334916864608076
table-0304-609 0 1 0 122 163 3738 0.3333333333333333 0.0
table-0304-123 3 8 0 146 178 5409 0.0625 0.03701124266242165
table-0304-811 7 4 3 440 481 3776 0.02857142857142857 0.3220216606498195
table-0304-400 6 5 0 86 105 7878 0.5 0.24385026737967913
table-0304-723 6 3 6 39 76 551 0.2 0.5134474327628362
table-0304-217 13 4 10 108 187 58138 0.5 0.09856070087609511
table-0304-924 10 8 20 444 564 521 1.0 0.11873990306946688
table-0304-881 3 7 3 5 186 344 1.0 0.12019425333872925
table-0304-878 4 2 2 8 23 992 1.0 0.03321318228630278
table-0304-367 3 5 4 54 60 815 1.0 0.22718253968253968
table-0304-335 12 4 14 963 638 71927 0.08333333333333333 0.1609442060085837
table-0304-967 83 6 75 155 255 3475 0.25 5.504601226993865
table-0304-266 3 3 0 4 452 515 1.0 0.18441432720232334
table-0304-401 25 5 0 190 209 37675 0.16666666666666666 0.43263419836473516
table-0304-23 1 3 0 135 160 1813 0.16666666666666666 0.3813387423935091
table-0304-984 3 5 3 40 147 98855 0.1111111111111111 0.12337952615109522
table-0304-595 11 5 0 1568 1916 81033 0.125 0.033668561434193264
table-0304-801 1 4 0 440 481 3776 0.02857142857142857 0.050902527075812276
table-0304-302 3 2 0 72 58 44145 0.25 0.033499170812603646
table-0304-62 88 6 88 96 228 67299 0.5 1.29175358086497
table-0304-96 2 1 0 15 28 4325 0.25 0.049114521841794566
table-0304-312 7 7 2 14 102 782 1.0 0.2892219387755102
table-0304-110 6 5 0 311 312 12194 0.2 0.06587284247323574
table-0304-790 1 11 1 440 481 3776 0.02857142857142857 0.09747292418772563
table-0304-567 5 2 0 10 198 3380 0.07692307692307693 0.7438423645320197
table-0304-744 7 11 11 612 573 8010 1.0 0.03290389972144847
table-0304-9 29 6 14 135 168 2441 0.16666666666666666 0.11810146326970215
table-0304-284 51 5 21 83 188 1118 0.2 2.6475524475524477
table-0304-45 32 6 17 138 155 2074 0.16666666666666666 3.676056338028169
table-0304-510 10 11 0 108 157 32383 0.3333333333333333 0.1796825396825397
table-0304-585 17 11 0 783 1602 92595 0.16666666666666666 0.0552934515946405
table-0304-681 1 4 0 65 88 975 0.5 0.04498269896193772
table-0304-898 15 7 21 5 186 344 1.0 0.5961149332254149
table-0304-877 28 3 0 173 358 6960 0.3333333333333333 0.21134654818865345
table-0304-660 2 5 1 15 24 510 1.0 0.3096280087527352
table-0304-590 28 2 0 1139 729 296329 0.06666666666666667 0.07024137643030151
table-0304-960 2 2 1 13 16 894 1.0 0.024405506883604506
table-0304-988 1 5 1 40 147 98855 0.1111111111111111 0.03531515422440769
table-0304-264 12 2 0 22 58 900 0.2 0.41646191646191644
table-0304-711 4 9 4 147 127 9846 0.125 0.008525149190110827
table-0304-71 3 8 0 149 409 4709 0.06666666666666667 0.0363103953147877
table-0304-910 246 7 271 433 586 47232 0.5 33.266821345707655
table-0304-953 1 3 0 169 238 7596 0.3333333333333333 0.012727628744859996
table-0304-73 4 5 0 149 409 4709 0.06666666666666667 0.016788677403611518
table-0304-552 2 3 0 54 73 1367 0.3333333333333333 0.01699029126213592
table-0304-845 3 5 1 87 75 21310 0.2 0.09982554758674161
table-0304-135 1 2 1 30 41 1403 1.0 0.01321279554937413
table-0304-487 29 3 0 84 213 4070 0.03225806451612903 0.3733480176211454
table-0304-731 3 3 0 142 228 1700 0.3333333333333333 0.038002171552660155
table-0304-631 2 4 1 96 125 26480 0.1 0.08857729138166895
table-0304-594 12 11 0 1568 1916 81033 0.125 0.039535053199242096
table-0304-13 30 6 15 135 164 2023 0.16666666666666666 2.0869565217391304
table-0304-761 1 2 0 100 91 145 1.0 0.004747162022703818
table-0304-796 7 5 0 440 481 3776 0.02857142857142857 0.34548736462093865
table-0304-491 23 7 0 84 213 4070 0.03225806451612903 0.3120411160058737
table-0304-933 6 4 0 32 60 20756 0.5 0.008193559918346614
table-0304-936 1 3 1 744 384 21639 1.0 0.008980454305335447
table-0304-326 1 5 0 8 264 2917 0.25 0.008430785966820778
table-0304-164 2 7 0 12 68 9372 0.25 0.08158765159867695
table-0304-242 155 10 701 21 660 163057 1.0 4.414733969986357
table-0304-535 4 14 2 130 86 98842 0.3333333333333333 0.29221491228070173
table-0304-769 44 3 0 191 417 7726 0.25 0.6009111617312073
table-0304-12 25 6 10 135 164 2023 0.16666666666666666 2.020460358056266
table-0304-571 2 2 0 10 198 3380 0.07692307692307693 0.2536945812807882
table-0304-471 25 12 24 141 205 3821 1.0 2.6375163970266726
table-0304-579 7 2 0 10 198 3380 0.07692307692307693 0.6921182266009852
table-0304-523 12 2 0 355 263 131515 0.2 0.03857957036387549
table-0304-983 2 5 2 40 147 98855 0.1111111111111111 0.08940545373267769
table-0304-461 9 3 0 592 824 17698 0.5 0.22879061371841156
table-0304-616 1 1 1 138 251 13484 0.16666666666666666 0.0
table-0304-944 5 5 0 14 30 2083 0.25 0.3759124087591241
table-0304-703 6 9 0 88 94 1377 0.5 0.4594594594594595
table-0304-432 2 2 0 22 55 5075 0.3333333333333333 0.05792488860598345
table-0304-685 8 3 0 154 198 24949 0.25 0.29283667621776505
table-0304-149 9 4 0 85 204 44254 0.5 0.08760380798055499
table-0304-786 1 5 0 440 481 3776 0.02857142857142857 0.05956678700361011
table-0304-448 20 2 0 38 26 20888 0.5 1.0013661202185793
table-0304-34 30 6 15 133 159 2269 0.16666666666666666 3.560483870967742
table-0304-929 2 8 0 268 396 635 1.0 0.3380281690140845
table-0304-139 16 3 0 205 250 199 1.0 0.8884723523898782
table-0304-173 5 13 1 438 446 54418 1.0 0.10415714938328004
table-0304-701 0 1 0 98 117 2519 0.5 0.0
table-0304-431 3 2 0 313 160 13572 0.5 0.13599062133645956
table-0304-15 1 3 0 135 164 2023 0.16666666666666666 0.2710997442455243
table-0304-219 5 2 0 82 111 349 1.0 0.17095205003474634
table-0304-353 3 3 0 169 114 169911 0.14285714285714285 0.09878844361602983
table-0304-805 1 5 0 440 481 3776 0.02857142857142857 0.051263537906137184
table-0304-705 23 3 1 28 31 607 0.5 0.7484662576687117
table-0304-850 5 4 4 1146 433 115 1.0 0.010025897151313355
table-0304-220 9 7 11 82 111 349 1.0 0.4197359277275886
table-0304-117 13 5 0 158 313 1425 0.09090909090909091 1.0889952153110047
table-0304-808 2 11 0 440 481 3776 0.02857142857142857 0.04909747292418772
table-0304-593 10 2 0 1139 729 296329 0.06666666666666667 0.024597009939029482
table-0304-680 1 3 0 179 191 2253 1.0 1.4444444444444444
table-0304-422 5 3 0 25 11 6494 1.0 0.3076923076923077
table-0304-857 16 4 0 158 222 1256 0.5 1.520123839009288
table-0304-113 2 5 0 311 312 12194 0.2 0.03036923749180686
table-0304-445 2 5 2 54 57 781 1.0 0.1527313266443701
table-0304-17 4 9 0 182 189 5844 0.25 0.1384529147982063
table-0304-453 2 5 2 54 60 910 1.0 0.19471947194719472
table-0304-165 0 1 0 12 68 9372 0.25 0.0
table-0304-785 1 6 0 440 481 3776 0.02857142857142857 0.059927797833935016
table-0304-7 10 2 10 96 190 1879 0.3333333333333333 0.16506500847936686
table-0304-56 1 2 1 32 38 1756 1.0 0.01498422712933754
table-0304-628 0 1 0 182 210 8807 0.5 0.0
table-0304-61 2 3 0 190 251 8069 1.0 0.0323329760628796
table-0304-174 3 14 1 438 446 54418 1.0 0.05299223389675651
table-0304-876 2 2 2 177 321 38129 1.0 0.02491103202846975
table-0304-940 1 3 0 202 120 25851 1.0 0.01669449081803005
table-0304-600 0 1 0 214 253 18907 0.3333333333333333 0.0
table-0304-704 0 1 0 88 94 1377 0.5 0.0
table-0304-270 24 3 0 4 452 515 1.0 1.4002904162633107
table-0304-386 11 4 5 13 34 13692 0.5 0.6326109391124871
table-0304-450 2 5 2 53 59 779 1.0 0.15413533834586465
table-0304-823 7 5 0 772 610 14131 0.5 0.14661388378340168
table-0304-5 12 6 6 96 190 1879 0.3333333333333333 0.28208027133973995
table-0304-505 2 5 2 86 71 18028 0.3333333333333333 0.010861132660977503
table-0304-908 0 1 0 0 0 0 0.0 0.0
table-0304-321 4 3 0 318 104 138369 0.16666666666666666 0.1535635562086701
table-0304-839 4 7 3 271 248 6861 0.3333333333333333 0.032025509496741995
table-0304-748 11 3 2 27 85 543 1.0 0.3559322033898305
table-0304-37 1 2 1 53 116 4588 0.5 0.05263157894736842
table-0304-391 1 1 0 196 213 10245 0.1 0.005737704918032787
table-0304-87 4 2 0 165 208 21584 0.5 0.06292749658002736
table-0304-203 2 5 0 614 922 93797 0.06666666666666667 0.0011002271436683702
table-0304-21 29 8 15 135 160 1813 0.16666666666666666 3.464503042596349
table-0304-602 0 1 0 214 253 18907 0.3333333333333333 0.0
table-0304-959 11 6 0 132 287 6206 0.3333333333333333 0.14489876935291782
table-0304-767 11 12 11 10 93 229 1.0 0.6729390681003584
table-0304-351 2 2 0 169 114 169911 0.14285714285714285 0.014911463187325256
table-0304-741 8 8 9 612 573 8010 1.0 0.016190807799442895
table-0304-737 7 8 10 612 573 8010 1.0 0.017757660167130918
table-0304-237 49 5 12 1777 201 603385 0.3333333333333333 0.2728670726456296
table-0304-194 10 10 0 100 85 8747 0.5 0.20391177694548482
table-0304-334 2 3 0 293 342 4917 1.0 0.20074349442379183
table-0304-863 14 3 2 283 143 19845 1.0 0.19223380900109768
table-0304-644 30 6 0 5 175 749 0.1111111111111111 2.9201612903225804
table-0304-795 7 5 0 440 481 3776 0.02857142857142857 0.344043321299639
table-0304-143 10 14 0 209 168 32931 0.5 0.06779422128259338
table-0304-209 2 5 0 614 922 93797 0.06666666666666667 0.0011002271436683702
table-0304-591 3 2 0 1139 729 296329 0.06666666666666667 0.009396141317965422
table-0304-363 5 3 0 41 51 3861 0.3333333333333333 0.08820224719101123
table-0304-812 20 5 0 166 233 3647 0.3333333333333333 1.3782117163412126
table-0304-621 2 9 0 138 251 13484 0.16666666666666666 1.2124183006535947
table-0304-193 10 3 0 100 85 8747 0.5 0.35746982937994176
table-0304-261 7 2 0 110 100 25125 0.16666666666666666 0.015527151068027795
table-0304-766 11 10 0 10 93 229 1.0 0.49551971326164873
table-0304-725 4 5 0 58 97 22613 0.3333333333333333 0.07891061452513966
table-0304-842 4 4 4 29 130 8362 1.0 0.05650512768952343
table-0304-828 26 5 4 19 258 1783 0.5 29.186274509803923
table-0304-757 12 6 12 56 77 2576 0.5 0.5099866844207723
table-0304-384 6 14 46 205 212 9448 0.3333333333333333 0.05790519443655975
table-0304-497 10 2 0 56 115 1077 0.16666666666666666 0.011720226843100189
table-0304-702 7 3 0 59 60 25768 1.0 0.023668022104055886
table-0304-759 1 6 0 30 21 766 1.0 0.2006269592476489
table-0304-532 31 14 112 259 319 908 1.0 0.1793653012721935
table-0304-243 2 3 0 22 44 1188 1.0 0.04465871606191322
table-0304-819 3 6 0 123 66 1825 0.16666666666666666 0.21484098939929328
table-0304-298 3 7 3 105 120 684 1.0 0.06587887740029542
table-0304-584 33 11 0 783 1602 92595 0.16666666666666666 0.11914197647354847
table-0304-97 20 3 23 158 196 2973 0.5 2.071240105540897
table-0304-657 6 3 8 39 75 608 0.2 0.4253164556962025
table-0304-41 0 1 0 94 122 2826 0.125 0.0
table-0304-859 8 11 5 158 222 1256 0.5 0.544891640866873
table-0304-597 4 11 0 1568 1916 81033 0.125 0.008562891706748288
table-0304-86 1 6 1 22 42 1670 0.3333333333333333 0.06092436974789916
table-0304-686 4 5 2 17 23 1843 0.5 0.4206896551724138
table-0304-541 25 43 360 821 1472 49993 0.2 1.67
table-0304-707 1 3 0 25 54 2996 1.0 0.024030759371996155
table-0304-69 5 3 0 43 55 1313 0.5 0.12091690544412607
table-0304-969 5 3 0 155 255 3475 0.25 0.18558282208588958
table-0304-618 4 3 0 138 251 13484 0.16666666666666666 0.9019607843137255
table-0304-93 5 7 0 31 47 1457 0.5 0.31155778894472363
table-0304-101 15 17 8 145 203 5089 0.058823529411764705 0.0880210289147578
table-0304-672 10 5 5 85 129 1520 0.5 0.6476190476190476
table-0304-126 6 6 0 146 178 5409 0.0625 0.027260969057805194
table-0304-913 3 3 0 169 304 6537 0.3333333333333333 0.05250272034820457
table-0304-879 1 7 0 5 186 344 1.0 0.005261027923917442
table-0304-501 1 3 0 1059 679 64038 1.0 0.013543253766717453
table-0304-11 1 3 0 135 168 2441 0.16666666666666666 0.012181534576246008
table-0304-389 6 2 0 196 213 10245 0.1 0.03258196721311475
table-0304-397 16 3 2 76 66 3397 0.3333333333333333 0.8509887005649718
table-0304-578 3 2 0 10 198 3380 0.07692307692307693 0.4802955665024631
table-0304-359 9 7 9 84 110 315 1.0 0.4897025171624714
table-0304-865 7 2 5 20 37 2453 1.0 0.3129411764705882
table-0304-481 12 4 12 84 213 4070 0.03225806451612903 0.2801027900146843
table-0304-485 16 10 0 84 213 4070 0.03225806451612903 0.4045521292217327
table-0304-218 130 4 260 32 263 17782 0.5 17.536206896551725
table-0304-781 5 4 1 440 481 3776 0.02857142857142857 0.22454873646209386
table-0304-740 5 8 6 612 573 8010 1.0 0.010619777158774373
table-0304-814 20 11 14 166 233 3647 0.3333333333333333 0.6742034943473793
table-0304-544 1 3 0 821 1472 49993 0.2 0.008285714285714285
table-0304-901 3 7 3 5 186 344 1.0 0.12950222581950627
table-0304-276 13 3 0 4 452 515 1.0 0.7202323330106486
table-0304-719 16 4 0 69 123 2121 0.3333333333333333 2.3777292576419216
table-0304-883 7 7 11 5 186 344 1.0 0.27964386887899634
table-0304-40 9 5 5 94 122 2826 0.125 0.39337016574585637
table-0304-682 3 3 0 186 216 286 1.0 0.31947840260798693
table-0304-289 2 4 0 631 514 77864 0.14285714285714285 0.017252315108461244
table-0304-830 29 5 6 20 274 1145 0.5 33.666666666666664
table-0304-296 1 8 1 194 212 13124 0.1111111111111111 0.008243606998654104
table-0304-662 5 5 0 114 144 6722 0.3333333333333333 0.06795817958179581
table-0304-32 11 4 2 1412 293 197189 0.2 0.28173828125
table-0304-247 30 13 0 57 121 45913 0.1111111111111111 5.337552742616034
table-0304-22 37 8 27 135 160 1813 0.16666666666666666 4.417849898580122
table-0304-398 11 5 0 76 66 3397 0.3333333333333333 0.3354519774011299
table-0304-525 4 3 0 355 263 131515 0.2 0.08212772175946223
table-0304-914 2 2 0 44 55 3181 0.5 0.08269394714407502
table-0304-234 2 9 9 85 225 10634 0.5 0.014781410497306777
table-0304-109 3 3 0 145 203 5089 0.058823529411764705 0.0079609463011641
table-0304-824 24 5 3 22 206 930 0.5 18.19402985074627
table-0304-753 15 2 0 27 85 543 1.0 0.41590612777053454
table-0304-358 2 2 1 11 43 1271 1.0 0.016458396830234683
table-0304-455 18 3 0 592 824 17698 0.5 0.5004512635379061
table-0304-620 16 6 6 138 251 13484 0.16666666666666666 2.3986928104575163
table-0304-6 14 2 14 96 190 1879 0.3333333333333333 0.21707179197286602
table-0304-129 15 6 0 146 178 5409 0.0625 0.06984379663715053
table-0304-330 8 3 0 173 279 6125 0.25 0.20071138211382114
table-0304-213 5 2 0 208 169 47050 0.5 0.048872892593294186
table-0304-986 4 5 4 40 147 98855 0.1111111111111111 0.2570406794814484
table-0304-900 3 7 4 5 186 344 1.0 0.10724403075677863
table-0304-880 3 7 4 5 186 344 1.0 0.13557264265479563
table-0304-836 1 3 0 59 46 12344 0.25 0.01199760047990402
table-0304-750 16 9 8 27 85 543 1.0 4.192959582790091
table-0304-238 10 7 1 19 54 459 1.0 0.1986013986013986
table-0304-592 2 2 0 1139 729 296329 0.06666666666666667 0.006305854840056795
table-0304-248 10 4 0 57 121 45913 0.1111111111111111 1.270042194092827
table-0304-301 2 3 0 28 51 3067 1.0 0.09050609530845954
table-0304-684 55 8 55 154 198 24949 0.25 17.217191977077363
table-0304-303 19 3 0 216 148 14225 1.0 0.3181011535048802
table-0304-28 24 6 9 38 152 1968 0.16666666666666666 2.3016666666666667
table-0304-253 8 2 0 216 248 1931 1.0 0.04000637551801084
table-0304-369 5 5 6 20 78 1072 1.0 0.2995529061102832
table-0304-974 10 3 0 173 282 7629 0.3333333333333333 0.09342819696686014
table-0304-531 8 2 0 259 319 908 1.0 0.01726548301411995
table-0304-489 34 1 0 84 213 4070 0.03225806451612903 0.3755506607929515
table-0304-249 4 9 0 57 121 45913 0.1111111111111111 1.130801687763713
table-0304-626 16 9 0 138 251 13484 0.16666666666666666 9.356209150326798
table-0304-513 11 3 0 426 457 29087 1.0 0.07333558634673876
table-0304-827 54 5 18 19 352 3084 0.5 62.31372549019608
table-0304-469 52 3 0 38 59 1121 0.5 28.557522123893804
table-0304-26 1 7 0 14 28 746 0.5 0.2280334728033473
table-0304-338 10 8 0 963 638 71927 0.08333333333333333 0.10116492949110975
table-0304-832 1 3 0 190 396 9324 0.2 0.027310138421249533
table-0304-280 5 7 4 75 142 4051 1.0 0.1179236043095005
table-0304-494 7 4 0 89 96 1969 0.5 0.14130434782608695
table-0304-958 6 2 0 132 287 6206 0.3333333333333333 0.09527590313616514
table-0304-607 2 5 1 122 163 3738 0.3333333333333333 0.07217573221757322
table-0304-789 1 6 0 440 481 3776 0.02857142857142857 0.05812274368231047
table-0304-926 4 3 0 165 278 5216 1.0 0.06613333333333334
table-0304-583 5 7 8 53 81 994 0.25 0.47243346007604564
table-0304-268 3 3 0 4 452 515 1.0 0.13891577928363988
table-0304-885 6 7 7 5 186 344 1.0 0.25050586806960745
table-0304-416 3 2 0 22 20 7948 0.5 0.009432217495838727
table-0304-441 7 2 0 328 458 9956 0.25 0.017791222313371616
table-0304-370 3 5 4 53 59 865 1.0 0.16890881913303438
table-0304-577 8 2 0 10 198 3380 0.07692307692307693 1.0935960591133005
table-0304-206 14 6 0 614 922 93797 0.06666666666666667 0.03162265758091993
table-0304-311 4 7 2 14 102 782 1.0 0.19642857142857142
table-0304-403 46 4 58 190 209 37675 0.16666666666666666 1.2182723071453965
table-0304-440 5 5 0 328 458 9956 0.25 0.005383511074651353
table-0304-667 11 5 4 36 49 1715 0.5 4.46969696969697
table-0304-199 2 5 0 614 922 93797 0.06666666666666667 0.0010647359454855196
table-0304-980 1 2 0 23 56 2170 0.5 0.010263275323516287
table-0304-413 1 2 0 203 124 78726 0.5 0.009170706144373117
table-0304-27 23 6 8 38 152 1968 0.16666666666666666 2.4783333333333335
table-0304-463 24 2 2 32 75 11523 0.5 0.4543478260869565
table-0304-512 3 2 2 8 19 1952 1.0 0.3270440251572327
table-0304-742 7 8 12 612 573 8010 1.0 0.015146239554317549
table-0304-749 2 2 0 27 85 543 1.0 0.02346805736636245
table-0304-927 4 2 1 10 17 1116 1.0 0.04742547425474255
table-0304-816 69 3 0 196 409 10888 0.25 1.9298823529411764
table-0304-735 8 7 0 125 260 1841 0.25 0.09424083769633508
table-0304-231 0 1 0 31 77 1216 1.0 0.0
table-0304-118 9 5 0 158 313 1425 0.09090909090909091 0.8028708133971292
table-0304-395 1 1 0 196 213 10245 0.1 0.005532786885245901
table-0304-283 96 5 35 83 188 1118 0.2 4.777622377622378
table-0304-569 2 2 0 10 198 3380 0.07692307692307693 0.2536945812807882
table-0304-678 1 5 1 16 39 1276 0.5 0.25977653631284914
table-0304-998 1 2 0 16 18 1243 1.0 0.04707112970711297
table-0304-537 31 43 385 1177 2197 69782 0.2 1.4603255340793488
table-0304-464 1 5 2 92 154 2586 1.0 0.06104944500504541
table-0304-530 11 11 0 55 42 2446 0.5 0.4022319262493935
table-0304-534 152 6 0 49 234 6954 0.5 9.278457196613358
table-0304-436 17 7 24 92 106 3085 0.3333333333333333 0.8306199123356293
table-0304-1 27 6 12 136 155 2220 0.16666666666666666 4.385294117647059
table-0304-228 1 1 0 2484 972 131486 1.0 0.0004519008077726939
table-0304-533 9 7 9 86 112 325 1.0 0.6014171833480957
table-0304-24 6 7 6 56 41 2244 0.5 0.10604000776849874
table-0304-227 12 5 11 77 160 1034 0.25 0.6531881804043546
table-0304-559 53 4 64 42 341 121 1.0 8.064039408866995
table-0304-691 3 3 0 193 254 6971 1.0 0.05866994317309169
table-0304-502 1 2 1 62 95 8964 0.3333333333333333 0.01291638341264446
table-0304-661 20 3 0 118 108 2028 1.0 1.5545126353790615
table-0304-66 6 8 6 112 206 2407 0.2 0.23204022988505746
table-0304-843 1 4 0 29 130 8362 1.0 0.014679268047456263
table-0304-496 9 4 0 95 217 2397 0.3333333333333333 0.19906759906759908
table-0304-256 6 4 4 183 121 217325 0.3333333333333333 0.05635103926096998
table-0304-197 2 5 0 614 922 93797 0.06666666666666667 0.0010292447473026689
table-0304-509 28 4 14 55 48 16085 0.5 2.479514415781487
table-0304-743 7 8 14 612 573 8010 1.0 0.01288300835654596
table-0304-172 3 2 1 35 19 1230 1.0 0.057458563535911604
table-0304-629 6 2 1 54 75 7105 0.5 0.023021802103979264
table-0304-813 13 6 0 166 233 3647 0.3333333333333333 0.869475847893114
table-0304-897 5 7 8 5 186 344 1.0 0.17968433832456496
table-0304-802 6 9 1 440 481 3776 0.02857142857142857 0.48411552346570397
table-0304-408 4 4 4 6 119 4989 0.14285714285714285 2.15311004784689
table-0304-179 2 2 1 29 45 769 1.0 0.043220338983050846
table-0304-733 8 7 0 125 260 1841 0.25 0.09220477021524141
table-0304-542 18 42 243 821 1472 49993 0.2 1.1423809523809523
table-0304-698 1 3 0 16 27 1507 1.0 0.038154897494305236
table-0304-425 6 3 0 55 106 39012 0.14285714285714285 0.19045299561617146
table-0304-547 1 5 2 22 15 1489 1.0 0.4245810055865922
table-0304-337 4 8 0 963 638 71927 0.08333333333333333 0.03111587982832618
table-0304-724 9 3 0 92 142 21404 0.5 0.0517725335273937
table-0304-866 0 1 0 112 139 12263 0.3333333333333333 0.0
table-0304-378 11 4 0 66 111 21075 0.1111111111111111 0.5576282478347768
table-0304-428 15 4 2 55 106 39012 0.14285714285714285 0.47247929858743304
table-0304-216 1 3 0 77 90 1633 1.0 0.11511895625479662
table-0304-429 5 6 0 799 452 498824 0.5 0.010112318971432699
table-0304-60 1 3 0 139 162 2155 0.16666666666666666 0.48303393213572854
table-0304-666 6 3 8 39 77 569 0.2 0.43556701030927836
table-0304-18 0 1 0 182 189 5844 0.25 0.0
table-0304-319 1 3 0 224 320 47907 0.09090909090909091 0.01656389795671624
table-0304-638 1 7 0 270 559 29409 0.3333333333333333 0.013916901976603469
table-0304-342 1 5 0 41 76 1635 1.0 0.07366482504604052
table-0304-720 16 4 0 69 123 2121 0.3333333333333333 2.6004366812227073
table-0304-262 10 7 1 22 58 900 0.2 0.18243243243243243
table-0304-905 18 7 28 5 186 344 1.0 0.7122622420072845
table-0304-570 21 2 0 10 198 3380 0.07692307692307693 4.512315270935961
table-0304-518 8 2 0 241 268 176227 0.5 0.024880573248407645
table-0304-930 2 8 0 268 396 635 1.0 0.28169014084507044
table-0304-611 4 6 3 300 354 1496 0.3333333333333333 1.1018181818181818
table-0304-120 1 2 1 36 47 2232 1.0 0.01645021645021645
table-0304-155 3 2 0 33 42 1384 1.0 0.06700167504187604
table-0304-357 6 10 0 153 90 10276 0.5 0.08478588336561223
table-0304-784 5 18 0 440 481 3776 0.02857142857142857 0.31227436823104693
table-0304-500 54 7 0 56 115 1077 0.16666666666666666 1.0502835538752362
table-0304-81 1 2 1 34 41 1740 1.0 0.018849206349206348
table-0304-320 11 2 0 318 104 138369 0.16666666666666666 0.1307861866274798
table-0304-612 7 2 0 79 98 1205 1.0 0.15868436237738026
table-0304-470 1 1 0 65 63 18977 1.0 0.08670520231213873
table-0304-679 18 4 0 301 344 5948 0.5 1.1161695447409734
table-0304-239 4 7 2 19 54 459 1.0 0.0944055944055944
table-0304-210 23 6 0 614 922 93797 0.06666666666666667 0.04833901192504259
table-0304-160 19 5 0 786 317 398942 0.2 0.44426253906831376
table-0304-639 0 1 0 1843 615 269675 1.0 0.0
table-0304-191 25 3 0 0 0 0 0.0 1161.0
table-0304-50 0 1 0 92 164 3726 0.25 0.0
table-0304-558 20 2 0 63 552 14533 0.3333333333333333 0.03348912523460788
table-0304-576 7 2 0 10 198 3380 0.07692307692307693 0.8719211822660099
table-0304-873 1 3 0 11 20 883 1.0 0.16748768472906403
table-0304-923 3 2 1 324 390 77179 1.0 0.0314361350099272
table-0304-323 1 2 0 318 104 138369 0.16666666666666666 0.01224589762429586
table-0304-668 10 3 2 172 127 7295 0.5 0.09140922556072789
table-0304-715 16 2 15 147 127 9846 0.125 0.013427109974424553
table-0304-634 12 14 3 96 125 26480 0.1 0.695280437756498
table-0304-285 26 5 12 83 188 1118 0.2 1.3972027972027972
table-0304-650 5 6 10 0 0 0 0.0 385.0
table-0304-788 2 14 0 440 481 3776 0.02857142857142857 0.1184115523465704
table-0304-550 28 11 0 467 336 25450 0.2 0.6582914572864321
table-0304-887 4 7 5 5 186 344 1.0 0.15337919870497774
table-0304-426 3 3 0 55 106 39012 0.14285714285714285 0.11397954213346323
table-0304-374 0 1 0 260 198 103980 1.0 0.0
table-0304-551 3 3 0 54 73 1367 0.3333333333333333 0.042071197411003236
table-0304-225 70 5 33 77 160 1034 0.25 3.7978227060653187
table-0304-540 3 3 0 1177 2197 69782 0.2 0.016467446592065105
table-0304-810 1 9 0 440 481 3776 0.02857142857142857 0.047292418772563176
table-0304-70 4 4 0 149 409 4709 0.06666666666666667 0.03240605173255246
table-0304-793 4 15 0 440 481 3776 0.02857142857142857 0.14584837545126353
table-0304-807 1 5 0 440 481 3776 0.02857142857142857 0.0444043321299639
table-0304-314 3 16 1 224 320 47907 0.09090909090909091 0.153548543102406
table-0304-373 8 4 0 188 231 35954 0.3333333333333333 0.06752446937204443
table-0304-925 6 8 14 444 564 521 1.0 0.0791599353796446
table-0304-498 10 2 0 56 115 1077 0.16666666666666666 0.011720226843100189
table-0304-204 13 6 0 614 922 93797 0.06666666666666667 0.030344974446337308
table-0304-765 1 6 0 42 92 2634 1.0 0.11895910780669144
table-0304-882 5 7 7 5 186 344 1.0 0.2019425333872926
table-0304-424 8 8 5 55 106 39012 0.14285714285714285 0.3429128105211885
table-0304-394 16 5 0 196 213 10245 0.1 0.6002049180327869
table-0304-798 3 6 0 440 481 3776 0.02857142857142857 0.16173285198555956
table-0304-581 4 10 0 53 81 994 0.25 0.21863117870722434
table-0304-833 2 3 0 31 89 1748 1.0 0.07453196750264925
table-0304-601 5 5 0 214 253 18907 0.3333333333333333 0.07493932038834951
table-0304-106 11 6 0 145 203 5089 0.058823529411764705 0.039429215170859934
table-0304-852 7 4 4 1146 433 115 1.0 0.016685164631890494
table-0304-328 5 6 0 173 279 6125 0.25 0.38871951219512196
table-0304-156 10 7 9 92 120 459 1.0 0.3888602372356885
table-0304-946 1 2 0 139 143 4687 0.5 0.04066265060240964
table-0304-768 1 3 0 32 47 10315 1.0 0.07760927743086529
table-0304-841 16 7 30 29 130 8362 1.0 0.39694349487231045
table-0304-522 14 2 0 355 263 131515 0.2 0.04851673242729797
table-0304-942 2 4 4 1359 304 41701 0.125 0.0041353034104637115
table-0304-180 23 12 0 186 254 5133 0.5 1.4482044198895028
table-0304-417 9 3 0 22 20 7948 0.5 0.03643425189569077
table-0304-274 7 3 0 4 452 515 1.0 0.3969022265246854
table-0304-456 22 3 0 592 824 17698 0.5 0.5956678700361011
table-0304-329 14 3 0 173 279 6125 0.25 0.5442073170731707
table-0304-91 10 6 6 91 110 1941 0.3333333333333333 0.3287461773700306
table-0304-57 23 6 8 139 162 2155 0.16666666666666666 3.0558882235528944
table-0304-654 0 1 0 90 74 17894 0.5 0.0
table-0304-387 11 8 13 196 213 10245 0.1 0.3122950819672131
table-0304-427 18 11 0 55 106 39012 0.14285714285714285 0.6556259132976132
table-0304-624 14 9 0 138 251 13484 0.16666666666666666 8.284313725490197
table-0304-948 1 3 0 79 113 2763 1.0 0.01921537229783827
table-0304-527 1 3 0 76 87 11942 0.3333333333333333 0.04948341489940185
table-0304-772 14 5 0 82 102 11415 0.5 0.08346248780207795
table-0304-754 1 6 0 27 85 543 1.0 0.01564537157757497
table-0304-996 5 3 0 42 55 1601 1.0 0.5034578146611342
table-0304-244 23 12 14 57 121 45913 0.1111111111111111 4.812236286919831
table-0304-656 6 3 8 39 75 608 0.2 0.34430379746835443
table-0304-651 8 7 11 0 0 0 0.0 570.0
table-0304-292 10 7 1 21 55 797 1.0 0.22448979591836735
table-0304-730 9 3 0 142 228 1700 0.3333333333333333 0.11400651465798045
table-0304-402 16 5 0 190 209 37675 0.16666666666666666 0.2794169925346605
table-0304-722 6 3 6 39 76 551 0.2 0.4474327628361858
table-0304-736 1 3 0 195 187 89926 1.0 0.01056563500533618
table-0304-341 4 2 0 119 116 5155 0.3333333333333333 0.5122950819672131
table-0304-659 0 1 0 207 258 15894 0.05555555555555555 0.0
table-0304-273 5 3 0 4 452 515 1.0 0.2962245885769603
