table_id rows cols nulls inlinks outlinks views table_imp table_fraction
table-0405-830 8 4 0 46 103 639 0.25 0.20279255319148937
table-0405-283 72 6 0 12 385 50147 1.0 16.060413354531
table-0405-852 10 10 0 208 132 9100 0.3333333333333333 0.28113348247576436
table-0405-289 3 3 0 33 29 1155 0.5 0.03685092127303183
table-0405-29 6 17 0 1161 365 66600 0.5 0.10695000194242647
table-0405-171 3 8 2 110 173 4143 0.07142857142857142 0.0651840490797546
table-0405-739 6 4 0 147 265 31678 0.2 0.3933865450399088
table-0405-420 8 4 1 401 594 11997 1.0 0.2206194314806958
table-0405-742 15 4 12 6 89 583 0.5 0.24351541043637473
table-0405-849 10 5 0 184 222 183795 0.2 0.22978177150192555
table-0405-921 4 8 2 20 57 573 0.2 0.08578745198463508
table-0405-555 10 5 0 224 216 5184 0.16666666666666666 0.4928698752228164
table-0405-72 2 3 0 196 116 13222 1.0 0.12561881188118812
table-0405-355 19 26 296 19 72 718 0.2 1.2338983050847459
table-0405-495 1 6 1 189 227 4755 0.125 0.017893043827905106
table-0405-691 1 9 2 51 87 9303 0.2 0.011112826053403304
table-0405-107 1 4 0 59 174 7609 1.0 0.011126961483594865
table-0405-56 8 3 3 60 115 7064 0.16666666666666666 0.5800711743772242
table-0405-556 10 5 0 224 216 5184 0.16666666666666666 0.5926916221033868
table-0405-404 15 6 14 196 215 0 0.07692307692307693 0.013763116285755354
table-0405-887 115 7 230 1062 387 2667 1.0 9.518145161290322
table-0405-752 4 4 0 106 64 19320 0.3333333333333333 0.052588996763754045
table-0405-20 2 2 2 58 86 13228 1.0 0.016722408026755852
table-0405-118 3 4 0 59 174 7609 1.0 0.0261055634807418
table-0405-170 6 3 13 110 173 4143 0.07142857142857142 0.18711656441717792
table-0405-281 5 5 5 12 385 50147 1.0 0.22257551669316375
table-0405-101 9 4 0 59 174 7609 1.0 0.18131241084165478
table-0405-337 7 2 0 71 93 14009 0.3333333333333333 0.07142857142857142
table-0405-160 29 6 2 34 124 1500 0.1111111111111111 1.2048131080389144
table-0405-570 17 11 1 71 326 1790 0.16666666666666666 0.7351959966638866
table-0405-177 4 8 2 110 173 4143 0.07142857142857142 0.11042944785276074
table-0405-611 10 1 1 262 399 1103 1.0 0.006979990693345742
table-0405-878 2 2 0 90 104 2543 0.5 0.10015898251192369
table-0405-382 18 4 0 90 148 7307 1.0 0.3472245099654093
table-0405-269 1 2 1 54 79 3724 1.0 0.011757425742574257
table-0405-33 2 8 0 225 118 1909 0.16666666666666666 0.7054263565891473
table-0405-622 2 7 4 105 274 3293 0.5 0.2992383025027203
table-0405-207 4 3 4 84 87 6649 0.25 0.15032430370087752
table-0405-833 3 2 0 6 13 967 1.0 0.06092436974789916
table-0405-49 1 3 0 140 24 3286 1.0 0.24078091106290672
table-0405-917 4 8 2 20 124 643 0.2 0.08106694560669456
table-0405-868 8 5 10 24 55 1715 0.5 1.3089005235602094
table-0405-280 1 3 0 34 62 2726 1.0 0.040041873855011775
table-0405-426 6 3 0 58 72 9814 0.5 0.11307767944936087
table-0405-642 1 3 0 39 52 587 1.0 0.34615384615384615
table-0405-890 15 6 14 754 876 61420 1.0 0.1413186813186813
table-0405-600 7 5 0 55 74 1013 0.3333333333333333 0.11570247933884298
table-0405-18 0 1 0 288 316 15212 0.5 0.0
table-0405-598 1 3 0 76 611 12442 0.047619047619047616 0.022365805168986085
table-0405-272 3 3 0 29 35 1554 1.0 0.09423828125
table-0405-888 1 7 1 1062 387 2667 1.0 0.12096774193548387
table-0405-788 1 7 1 1061 365 3488 1.0 0.2575187969924812
table-0405-716 4 8 7 131 124 1975 0.5 0.17916260954235638
table-0405-733 5 2 0 481 319 110035 0.5 0.027517830947442968
table-0405-405 44 4 40 196 215 0 0.07692307692307693 0.03410234296392123
table-0405-384 6 8 24 55 62 918 0.5 0.5833333333333334
table-0405-791 17 3 0 896 828 241654 0.5 0.053705662103066855
table-0405-773 3 3 0 80 170 1155 0.0625 0.06656694091249066
table-0405-798 45 3 18 3438 454 87082 0.2 0.42287751134154244
table-0405-335 2 3 0 74 77 6386 1.0 0.0535410075444147
table-0405-318 6 3 0 102 104 19577 0.3333333333333333 0.18373346398824106
table-0405-365 166 4 166 108 274 3402 0.5 21.31893687707641
table-0405-188 19 6 2 43 64 3757 0.5 1.0924249642686994
table-0405-909 3 8 2 22 71 792 0.2 0.0522713130056005
table-0405-293 1 2 1 57 85 3330 1.0 0.014074074074074074
table-0405-145 2 4 0 139 146 638 0.5 0.344
table-0405-670 0 1 0 4 50 1355 1.0 0.0
table-0405-958 7 5 6 487 335 4925 0.07692307692307693 0.6785714285714286
table-0405-502 2 7 0 180 216 4554 0.14285714285714285 0.09746903607969844
table-0405-984 19 7 14 329 211 67505 0.3333333333333333 0.3408348457350272
table-0405-377 1 3 0 33 34 2226 1.0 0.10741687979539642
table-0405-225 1 3 2 213 319 5455 1.0 0.006461822497692206
table-0405-961 7 5 6 487 335 4925 0.07692307692307693 0.8283410138248848
table-0405-714 7 7 0 1123 237 127893 0.5 0.01295961422543701
table-0405-408 3 6 0 180 184 4538 0.16666666666666666 0.0964824120603015
table-0405-238 26 5 21 811 477 88002 0.25 0.2520518930368017
table-0405-200 4 8 0 80 168 614 0.0625 0.20649651972157773
table-0405-765 3 3 0 80 170 1155 0.0625 0.09199700822737472
table-0405-631 1 3 0 38 51 827 1.0 0.42613636363636365
table-0405-432 10 5 0 174 211 2217 0.16666666666666666 0.3363123236124177
table-0405-536 1 7 0 228 222 5252 0.125 0.04491341991341991
table-0405-330 4 8 3 190 377 6833 0.0625 0.02649737786364891
table-0405-226 4 9 4 213 319 5455 1.0 0.004747461426875907
table-0405-430 11 5 0 186 216 3259 0.16666666666666666 0.22568322068762856
table-0405-956 2 2 2 76 94 6686 1.0 0.04293381037567084
table-0405-53 5 2 0 60 115 7064 0.16666666666666666 0.12241992882562278
table-0405-455 11 5 0 180 235 3127 0.14285714285714285 0.16634522661523626
table-0405-783 2 5 2 54 62 1633 0.3333333333333333 0.1561051004636785
table-0405-646 1 3 0 42 46 441 1.0 0.5393939393939394
table-0405-744 2 5 0 45 66 1496 0.3333333333333333 0.19029850746268656
table-0405-907 8 4 0 21 64 698 0.2 0.14416475972540047
table-0405-902 17 6 0 174 238 14080 0.3333333333333333 2.455223880597015
table-0405-916 10 7 1 20 124 643 0.2 0.151673640167364
table-0405-217 52 4 0 368 368 3261 0.14285714285714285 3.0888066604995377
table-0405-346 2 7 0 100 111 1212 1.0 0.10997782705099779
table-0405-521 2 6 0 233 333 4170 0.1111111111111111 0.0211882605583393
table-0405-484 0 1 0 176 220 2735 0.14285714285714285 0.0
table-0405-960 8 5 7 487 335 4925 0.07692307692307693 0.6370967741935484
table-0405-719 7 1 0 18 25 1504 0.5 0.09947903745968742
table-0405-277 2 5 0 107 65 776165 0.3333333333333333 0.1567314132618888
table-0405-215 51 4 0 368 368 3261 0.14285714285714285 2.567067530064755
table-0405-911 10 7 1 20 122 620 0.2 0.19094854308741477
table-0405-919 4 5 2 28 45 1279 1.0 1.8374233128834356
table-0405-938 6 2 0 88 117 5067 0.5 0.18446601941747573
table-0405-88 13 2 0 69 103 6430 0.5 0.2708950800237107
table-0405-770 3 3 0 80 170 1155 0.0625 0.08526551982049364
table-0405-968 7 5 6 487 335 4925 0.07692307692307693 0.5944700460829493
table-0405-836 1 3 0 8 53 1123 1.0 0.1351981351981352
table-0405-923 1 4 0 98 107 3693 0.5 0.04082332761578045
table-0405-120 4 4 0 59 174 7609 1.0 0.03680456490727532
table-0405-686 6 6 4 111 236 7167 0.16666666666666666 0.005709065996802923
table-0405-140 7 5 8 153 182 19898 0.045454545454545456 0.0688433921987192
table-0405-795 4 2 0 44 61 3461 0.25 0.09880868955851436
table-0405-931 15 6 0 25 44 7281 0.3333333333333333 0.5740828966174368
table-0405-560 7 4 11 18 57 2247 1.0 0.152135231316726
table-0405-986 50 3 0 38 82 226 1.0 17.827067669172934
table-0405-935 39 6 0 14 133 831 0.25 1.2995594713656389
table-0405-84 1 3 0 20 24 290 1.0 0.3269230769230769
table-0405-801 1 4 0 116 141 12129 1.0 0.02237991266375546
table-0405-975 15 6 21 45 63 6278 1.0 1.1989247311827957
table-0405-818 1 3 0 61 30 2100 1.0 0.058823529411764705
table-0405-525 14 5 0 227 254 3804 0.125 0.23902585688514733
table-0405-376 2 7 2 32 58 1439 0.5 0.2528497409326425
table-0405-629 1 3 0 39 46 527 1.0 0.39644970414201186
table-0405-624 1 3 0 106 155 1425 0.16666666666666666 0.09098939929328621
table-0405-708 24 8 15 150 413 1481 0.06666666666666667 1.154690618762475
table-0405-183 5 4 3 146 141 724 0.5 0.2031640299750208
table-0405-816 5 2 0 75 95 76803 0.3333333333333333 0.05267254800207576
table-0405-962 6 5 5 487 335 4925 0.07692307692307693 0.7350230414746544
table-0405-709 10 4 3 150 413 1481 0.06666666666666667 0.2879241516966068
table-0405-454 11 5 0 180 235 3127 0.14285714285714285 0.1600771456123433
table-0405-50 12 6 10 581 526 13265 0.3333333333333333 0.020963572267920096
table-0405-826 4 8 2 22 72 622 0.2 0.08936484490398819
table-0405-1 4 4 4 178 138 781 0.5 0.14737654320987653
table-0405-300 2 3 0 107 147 4423 1.0 0.04283447911158118
table-0405-213 24 7 0 230 156 12376 0.5 0.08086385667832383
table-0405-665 1 3 0 12 29 429 1.0 0.1027351567711808
table-0405-915 5 3 5 1494 383 81836 0.3333333333333333 0.012607363503942941
table-0405-982 7 3 2 219 355 66876 0.5 0.0537109375
table-0405-182 4 8 3 110 173 4143 0.07142857142857142 0.07285276073619631
table-0405-860 5 10 0 192 159 7081 0.3333333333333333 0.045392193540341685
table-0405-70 5 3 0 1495 368 665570 0.5 0.003796280498208497
table-0405-994 6 3 5 32 23 1133 0.5 0.09658464928387808
table-0405-353 17 4 0 19 72 718 0.2 1.0694915254237287
table-0405-190 3 3 0 106 115 4465 1.0 0.15558766859344894
table-0405-316 0 1 0 43 73 1713 0.3333333333333333 0.0
table-0405-512 12 5 0 231 336 4474 0.14285714285714285 0.3736689254598258
table-0405-617 1 3 0 40 46 515 1.0 0.42196531791907516
table-0405-323 10 3 0 190 377 6833 0.0625 0.09136075075903947
table-0405-809 1 4 0 116 141 12129 1.0 0.023471615720524017
table-0405-741 7 5 0 147 265 31678 0.2 0.8802736602052451
table-0405-927 5 6 3 48 93 7021 0.25 0.19954648526077098
table-0405-121 1 4 0 59 174 7609 1.0 0.011126961483594865
table-0405-542 4 10 0 234 216 4553 0.14285714285714285 0.3576709796672828
table-0405-548 7 10 0 225 218 4123 0.125 0.4190077704722056
table-0405-603 1 3 0 37 51 600 1.0 0.5379746835443038
table-0405-793 21 4 18 44 61 3461 0.25 0.28100911002102313
table-0405-358 8 5 0 315 275 430046 0.3333333333333333 0.060618817091138706
table-0405-212 4 2 0 8 35 1745 0.5 0.02945236999539807
table-0405-249 121 7 235 1055 457 10850 1.0 10.52618025751073
table-0405-694 1 3 0 69 72 706 1.0 0.4245614035087719
table-0405-331 4 8 4 190 377 6833 0.0625 0.014904775048302512
table-0405-985 39 5 1 329 211 67505 0.3333333333333333 0.4379310344827586
table-0405-871 1 2 0 127 87 23123 0.14285714285714285 0.019387755102040816
table-0405-827 5 4 0 22 72 622 0.2 0.15657311669128507
table-0405-585 5 7 13 258 414 1387 1.0 0.034629608875938585
table-0405-193 3 2 0 141 187 100045 0.3333333333333333 0.007683863885839737
table-0405-630 1 3 0 38 51 633 1.0 0.39204545454545453
table-0405-870 2 2 0 127 87 23123 0.14285714285714285 0.07908163265306123
table-0405-799 29 3 17 3438 454 87082 0.2 0.25939727802981205
table-0405-124 1 4 0 59 174 7609 1.0 0.021968616262482168
table-0405-268 3 3 0 160 161 2470 1.0 0.13830285982184717
table-0405-278 2 4 2 107 65 776165 0.3333333333333333 0.02578700602813128
table-0405-305 1 2 1 60 80 4499 1.0 0.008010118043844857
table-0405-191 15 2 0 141 187 100045 0.3333333333333333 0.047538630414590895
table-0405-485 3 10 0 177 215 4819 0.125 0.09572431397574985
table-0405-777 1 3 0 72 68 10629 1.0 0.026342658770675924
table-0405-276 11 4 0 107 65 776165 0.3333333333333333 0.3010716677829873
table-0405-74 1 7 1 1085 462 9126 1.0 0.19314868804664723
table-0405-697 50 4 50 94 279 4238 0.25 2.945267489711934
table-0405-937 5 6 0 14 133 831 0.25 0.18502202643171806
table-0405-854 9 3 1 35 43 2625 0.5 0.11984861227922625
table-0405-260 17 3 0 3213 444 1083180 0.16666666666666666 2.432377049180328
table-0405-577 13 7 32 258 414 1387 1.0 0.08259553961672084
table-0405-619 10 3 0 106 70 1734 0.5 0.13471971066907776
table-0405-142 6 20 0 153 182 19898 0.045454545454545456 0.14375121288569764
table-0405-461 12 5 0 183 216 2600 0.16666666666666666 0.3683964469378214
table-0405-292 19 3 1 53 40 3226 0.5 0.14547480500185714
table-0405-726 2 3 0 52 58 868 1.0 0.24555160142348753
table-0405-290 25 4 0 223 203 17638 0.5 2.4003485621810032
table-0405-491 0 1 0 177 215 4819 0.125 0.0
table-0405-343 7 6 3 29 17 3334 0.5 0.1507768361581921
table-0405-692 9 9 11 51 87 9303 0.2 0.12332150023151721
table-0405-438 0 1 0 177 215 2743 0.125 0.0
table-0405-533 10 5 0 224 228 3549 0.125 0.24212389380530974
table-0405-409 1 5 0 180 184 4538 0.16666666666666666 0.028391959798994976
table-0405-128 11 11 28 153 182 19898 0.045454545454545456 0.17732388899670096
table-0405-383 1 3 0 26 29 647 1.0 0.07128309572301425
table-0405-584 4 7 9 258 414 1387 1.0 0.04225036422727782
table-0405-493 2 7 0 22383 1068 1781562 0.1111111111111111 0.003036498105946726
table-0405-287 2 5 0 25 74 13222 0.5 0.03517877739331027
table-0405-516 1 7 0 233 333 4170 0.1111111111111111 0.013027916964924838
table-0405-371 6 6 0 90 77 2410 0.14285714285714285 0.2839637719765583
table-0405-844 4 6 4 80 118 976 0.1111111111111111 1.3505154639175259
table-0405-578 0 0 0 258 414 1387 1.0 0.0
table-0405-95 20 5 0 19 68 3409 1.0 1.078921078921079
table-0405-391 2 5 4 82 600 782 1.0 0.00974951252437378
table-0405-941 100 6 95 226 251 38271 1.0 1.2126232610644443
table-0405-914 5 9 6 1494 383 81836 0.3333333333333333 0.012456677884373902
table-0405-75 3 11 5 34 64 1044 0.5 0.4128113879003559
table-0405-857 3 7 0 50 58 624 0.3333333333333333 0.8804347826086957
table-0405-123 3 4 0 59 174 7609 1.0 0.035520684736091296
table-0405-14 182 7 345 1093 352 8211 1.0 21.43525179856115
table-0405-134 6 7 0 153 182 19898 0.045454545454545456 0.019745779157772172
table-0405-718 0 1 0 42 82 10076 1.0 0.0
table-0405-769 3 3 0 80 170 1155 0.0625 0.06806282722513089
table-0405-500 0 1 0 189 227 4755 0.125 0.0
table-0405-240 2 4 0 362 313 68145 0.16666666666666666 0.02300177619893428
table-0405-385 41 6 99 82 600 782 1.0 0.4719514024298785
table-0405-47 1 3 0 483 344 14524 1.0 0.05705552725420275
table-0405-572 15 10 1 67 320 1479 0.2 2.06810551558753
table-0405-945 175 9 136 44 507 11090 0.5 51.46799116997793
table-0405-153 4 3 0 45 226 951 0.1 0.5136518771331058
table-0405-440 0 1 0 179 218 17636 0.14285714285714285 0.0
table-0405-152 5 4 0 45 226 951 0.1 0.6518771331058021
table-0405-802 6 4 0 116 141 12129 1.0 0.06222707423580786
table-0405-804 2 4 0 116 141 12129 1.0 0.028111353711790393
table-0405-855 32 2 0 45 99 1527 0.5 1.1790306627101879
table-0405-324 12 3 0 190 377 6833 0.0625 0.11647805685895667
table-0405-79 3 2 3 75 103 7976 1.0 0.02005387608500449
table-0405-460 12 5 0 183 216 2600 0.16666666666666666 0.34969611968209446
table-0405-60 18 8 10 369 339 14436 0.2 0.32883435582822085
table-0405-872 1 2 0 127 87 23123 0.14285714285714285 0.02346938775510204
table-0405-635 1 3 0 42 51 759 1.0 0.3850574712643678
table-0405-155 3 6 0 206 210 1016 0.5 0.8668280871670703
table-0405-991 19 3 0 99 128 3871 0.3333333333333333 0.40619060548465924
table-0405-710 10 4 3 150 413 1481 0.06666666666666667 0.3003992015968064
table-0405-127 9 6 0 153 182 19898 0.045454545454545456 0.028235979041335145
table-0405-427 2 3 0 356 427 10669 1.0 0.06358668653750621
table-0405-819 1 3 0 19 43 2340 1.0 0.03873574144486692
table-0405-414 21 9 0 94 61 15578 0.3333333333333333 2.3940990516332983
table-0405-12 10 5 0 461 461 9191 0.14285714285714285 0.049937823155965705
table-0405-325 10 3 0 190 377 6833 0.0625 0.09384487993375655
table-0405-411 1 3 0 60 42 508 1.0 0.24509803921568626
table-0405-965 6 3 0 487 335 4925 0.07692307692307693 0.5449308755760369
table-0405-873 4 2 0 127 87 23123 0.14285714285714285 0.1489795918367347
table-0405-550 12 5 0 225 218 4123 0.125 0.4064554692169755
table-0405-180 3 8 3 110 173 4143 0.07142857142857142 0.029141104294478526
table-0405-37 0 1 0 131 18 2838 1.0 0.0
table-0405-528 10 6 0 227 254 3804 0.125 0.22459410703547805
table-0405-202 4 10 0 80 168 614 0.0625 0.1937354988399072
table-0405-270 7 4 0 18 38 1132 0.5 0.08041355542791499
table-0405-229 32 3 29 213 319 5455 1.0 0.20691019385467493
table-0405-859 0 1 0 46 48 2994 1.0 0.0
table-0405-351 0 1 0 82 357 788 1.0 0.0
table-0405-413 18 4 0 94 61 15578 0.3333333333333333 1.2939936775553214
table-0405-58 10 15 26 25 71 8482 1.0 0.0271131901200727
table-0405-77 1 5 0 244 248 1276 0.5 0.1944177093358999
table-0405-704 24 8 15 150 413 1481 0.06666666666666667 1.1631736526946108
table-0405-576 2 3 0 65 75 10071 1.0 0.005948158253751706
table-0405-626 14 5 0 301 341 85921 0.16666666666666666 0.1485581124381008
table-0405-194 0 1 0 141 187 100045 0.3333333333333333 0.0
table-0405-282 80 5 0 12 385 50147 1.0 31.998410174880764
table-0405-105 1 4 0 59 174 7609 1.0 0.015977175463623396
table-0405-616 1 3 0 39 46 635 1.0 0.44021739130434784
table-0405-517 15 5 0 233 333 4170 0.1111111111111111 0.1145311381531854
table-0405-841 20 4 7 80 118 976 0.1111111111111111 2.924398625429553
table-0405-842 6 4 0 80 118 976 0.1111111111111111 1.0756013745704467
table-0405-599 1 5 0 55 74 1013 0.3333333333333333 0.02066115702479339
table-0405-473 10 5 0 177 223 3075 0.125 0.15757222060110884
table-0405-899 17 5 0 188 294 14149 0.25 0.5395172740179839
table-0405-398 44 4 14 196 215 0 0.07692307692307693 0.033850797757654164
table-0405-875 4 9 4 41 85 2491 0.25 0.026865671641791045
table-0405-753 1 4 0 106 64 19320 0.3333333333333333 0.011326860841423949
table-0405-929 2 3 2 23 26 913 0.5 0.11247803163444639
table-0405-106 5 4 0 59 174 7609 1.0 0.08288159771754636
table-0405-774 3 3 0 80 170 1155 0.0625 0.039640987284966345
table-0405-669 6 4 0 4 50 1355 1.0 0.2537128712871287
table-0405-400 11 4 0 196 215 0 0.07692307692307693 0.03690527526232572
table-0405-749 4 4 0 70 62 11105 0.5 0.14479025710419485
table-0405-751 7 6 0 106 64 19320 0.3333333333333333 0.07470334412081985
table-0405-673 6 4 0 4 50 1355 1.0 0.2623762376237624
table-0405-812 3 7 3 19 38 396 1.0 0.6174142480211082
table-0405-348 1 2 0 305 342 3236 1.0 0.03188775510204082
table-0405-206 10 6 0 80 168 614 0.0625 0.7761020881670534
table-0405-835 2 7 2 63 60 1321 0.5 0.28095238095238095
table-0405-511 15 5 0 231 336 4474 0.14285714285714285 0.4603097773475315
table-0405-174 1 1 0 110 173 4143 0.07142857142857142 0.03374233128834356
table-0405-817 1 3 0 197 249 6033 1.0 0.051393412956930874
table-0405-98 4 4 0 59 174 7609 1.0 0.03637660485021398
table-0405-41 1 2 1 75 184 5612 1.0 0.010231556273559504
table-0405-530 1 7 0 224 228 3549 0.125 0.034336283185840706
table-0405-831 45 8 37 86 145 1138 0.3333333333333333 7.811881188118812
table-0405-954 3 3 0 14 35 889 1.0 0.3770491803278688
table-0405-571 12 4 0 67 320 1479 0.2 0.37314148681055154
table-0405-133 6 2 0 153 182 19898 0.045454545454545456 0.0027168639627401514
table-0405-424 1 1 0 15 11 2341 1.0 0.27380952380952384
table-0405-195 4 3 0 155 298 11462 0.5 0.007708215830043242
table-0405-559 17 12 1 72 331 1541 0.16666666666666666 0.9092225977788508
table-0405-877 1 4 0 42 92 3509 1.0 0.011217688180783612
table-0405-515 5 10 0 233 333 4170 0.1111111111111111 0.06828919112383679
table-0405-274 0 1 0 17 35 5896 1.0 0.0
table-0405-402 1 2 0 196 215 0 0.07692307692307693 0.003485697858272244
table-0405-345 3 2 0 16 47 1672 0.5 0.05585980284775466
table-0405-972 2 2 0 109 167 1432 0.09090909090909091 0.06265060240963856
table-0405-554 7 10 0 224 216 5184 0.16666666666666666 0.6087344028520499
table-0405-750 3 7 0 106 64 19320 0.3333333333333333 0.05501618122977346
table-0405-315 26 9 9 43 73 1713 0.3333333333333333 1.9980638915779283
table-0405-490 10 6 0 177 215 4819 0.125 0.21506062539885132
table-0405-262 9 3 9 3213 444 1083180 0.16666666666666666 1.2295081967213115
table-0405-661 1 3 0 39 51 570 1.0 0.41397849462365593
table-0405-652 1 3 0 38 51 540 1.0 0.5052083333333334
table-0405-392 6 3 3 45 53 2822 0.5 0.18079584775086505
table-0405-740 1 3 0 147 265 31678 0.2 0.037628278221208664
table-0405-688 3 7 3 1046 372 5709 1.0 0.4363762102351314
table-0405-974 4 3 0 18 38 1418 1.0 0.5554123711340206
table-0405-761 0 1 0 60 35 9474 1.0 0.0
table-0405-653 1 3 0 18 42 1564 0.5 0.10181818181818182
table-0405-25 3 5 0 110 182 1699 0.07142857142857142 0.6818181818181818
table-0405-45 5 8 0 674 127 1897 1.0 0.10558170813718896
table-0405-367 5 7 5 54 72 6853 0.5 0.18718502519798416
table-0405-418 6 4 0 20 35 3122 1.0 0.2993762993762994
table-0405-373 26 9 1 90 77 2410 0.14285714285714285 1.1427810335641981
table-0405-756 1 3 0 29 34 2179 1.0 0.07633587786259542
table-0405-851 8 6 10 106 175 1345 0.3333333333333333 0.598694942903752
table-0405-727 3 8 0 162 203 2713 0.125 0.07196029776674938
table-0405-196 9 7 14 93 41 5824 1.0 0.20718954248366014
table-0405-862 40 5 33 31 42 3254 0.16666666666666666 6.2607361963190185
table-0405-230 3 3 6 17 152 3592 1.0 0.1969860064585576
table-0405-679 2 3 0 33 42 909 0.5 0.22366710013003901
table-0405-429 0 1 0 175 210 4142 0.14285714285714285 0.0
table-0405-882 4 2 3 17 47 3508 1.0 0.047522750252780584
table-0405-604 1 3 0 39 51 508 1.0 0.43915343915343913
table-0405-760 7 5 4 63457 143 17217 0.25 0.0689035350509287
table-0405-776 3 3 0 80 170 1155 0.0625 0.06581899775617053
table-0405-162 5 5 0 34 124 1500 0.1111111111111111 0.19918074756784435
table-0405-246 0 1 0 235 184 21492 1.0 0.0
table-0405-792 3 2 2 44 61 3461 0.25 0.030833917309039945
table-0405-91 1 3 0 25 34 1870 1.0 0.06987951807228916
table-0405-641 1 3 0 38 46 820 1.0 0.3224043715846995
table-0405-93 1 1 0 114 74 21616 1.0 0.015454545454545455
table-0405-736 17 5 11 55 74 1525 0.3333333333333333 2.767590618336887
table-0405-261 8 3 0 3213 444 1083180 0.16666666666666666 0.9405737704918032
table-0405-498 14 5 0 189 227 4755 0.125 0.1831523924406916
table-0405-503 12 5 0 180 216 4554 0.14285714285714285 0.3026386645126548
table-0405-676 6 4 0 4 50 1355 1.0 0.3131188118811881
table-0405-843 1 4 0 80 118 976 0.1111111111111111 0.10652920962199312
table-0405-453 18 5 0 180 235 3127 0.14285714285714285 0.2111861137897782
table-0405-9 11 5 0 461 461 9191 0.14285714285714285 0.04444008115714379
table-0405-832 8 7 16 86 145 1138 0.3333333333333333 0.7524752475247525
table-0405-703 10 4 3 150 413 1481 0.06666666666666667 0.29141716566866266
table-0405-757 1 4 0 39 83 2643 0.3333333333333333 0.003089187842551071
table-0405-602 1 3 0 37 51 528 1.0 0.5833333333333334
table-0405-263 3 3 3 3213 444 1083180 0.16666666666666666 0.35655737704918034
table-0405-993 8 10 0 44 70 1078 0.05263157894736842 0.2631578947368421
table-0405-68 4 8 12 80 38 1479 0.25 0.01609096760351856
table-0405-126 5 6 0 207 212 1215 0.5 1.6036866359447004
table-0405-317 3 3 0 165 189 3719 1.0 0.4129032258064516
table-0405-386 8 6 16 82 600 782 1.0 0.09239538023098845
table-0405-347 1 5 0 100 111 1212 1.0 0.07317073170731707
table-0405-581 15 7 38 258 414 1387 1.0 0.12551832343382271
table-0405-900 5 8 0 188 294 14149 0.25 0.1353525792711784
table-0405-223 1 2 1 44 90 869 1.0 0.022222222222222223
table-0405-675 6 4 0 4 50 1355 1.0 0.28836633663366334
table-0405-406 19 4 0 196 215 0 0.07692307692307693 0.01250539025442001
table-0405-481 11 5 0 176 220 2735 0.14285714285714285 0.1537645811240721
table-0405-342 1 3 0 78 108 50504 0.5 0.01875
table-0405-298 1 2 1 56 76 3561 1.0 0.013437057991513438
table-0405-179 3 8 2 110 173 4143 0.07142857142857142 0.07745398773006135
table-0405-886 12 5 6 76 102 2758 0.5 0.8699924414210128
table-0405-69 0 1 0 7 19 307 1.0 0.0
table-0405-8 3 5 0 461 461 9191 0.14285714285714285 0.013482557759015643
table-0405-501 4 10 0 180 216 4554 0.14285714285714285 0.20516962843295639
table-0405-735 2 5 2 55 74 1525 0.3333333333333333 0.16631130063965885
table-0405-778 59 7 117 1049 334 2386 1.0 4.546259842519685
table-0405-597 1 1 0 32 44 2474 0.5 0.04756446991404011
table-0405-825 10 7 1 22 72 622 0.2 0.2902511078286558
table-0405-990 19 3 0 99 128 3871 0.3333333333333333 0.40076024979636166
table-0405-31 5 1 0 225 118 1909 0.16666666666666666 0.3875968992248062
table-0405-204 4 10 0 80 168 614 0.0625 0.19953596287703015
table-0405-959 4 5 3 487 335 4925 0.07692307692307693 0.3352534562211982
table-0405-436 0 1 0 178 217 2606 0.1 0.0
table-0405-313 20 6 3 10 42 559 0.5 1.9107505070993915
table-0405-657 62 6 41 89 300 3503 0.5 1.0816388467374811
table-0405-693 3 9 5 51 87 9303 0.2 0.034264546997993514
table-0405-513 10 6 0 231 336 4474 0.14285714285714285 0.34704743465634075
table-0405-999 6 9 10 18 60 594 0.25 2.2152777777777777
table-0405-720 2 5 0 83 131 1765 0.3333333333333333 0.27806563039723664
table-0405-67 4 8 0 80 38 1479 0.25 0.08002574554816563
table-0405-628 12 4 0 301 341 85921 0.16666666666666666 0.05495679192154578
table-0405-312 3 3 0 165 186 33967 1.0 0.014528140642168234
table-0405-648 1 3 0 39 46 513 1.0 0.702247191011236
table-0405-396 26 4 1 196 215 0 0.07692307692307693 0.0666235446313066
table-0405-896 2 7 4 1059 444 6743 1.0 0.22347266881028938
table-0405-683 5 5 3 111 236 7167 0.16666666666666666 0.00531758718559358
table-0405-146 1 3 0 47 95 1138 1.0 0.0651237890204521
table-0405-976 1 4 0 228 319 4687 0.3333333333333333 0.059213884635017866
table-0405-457 0 1 0 180 235 3127 0.14285714285714285 0.0
table-0405-285 64 6 0 12 385 50147 1.0 12.019077901430842
table-0405-946 228 8 280 40 608 19586 0.5 75.5916114790287
table-0405-265 1 4 0 52 61 713 0.5 0.06276747503566334
table-0405-158 29 6 2 34 124 1500 0.1111111111111111 1.0486431131592422
table-0405-957 7 5 6 487 335 4925 0.07692307692307693 0.913594470046083
table-0405-314 25 6 0 43 73 1713 0.3333333333333333 2.0116166505324298
table-0405-234 1 6 0 86 84 10970 0.3333333333333333 0.048109965635738834
table-0405-779 4 3 0 68 115 192362 0.5 0.018766115939260815
table-0405-674 6 4 0 4 50 1355 1.0 0.26485148514851486
table-0405-764 15 12 38 80 170 1155 0.0625 4.045624532535527
table-0405-815 2 4 1 212 197 17542 0.5 0.05432098765432099
table-0405-370 12 6 0 90 77 2410 0.14285714285714285 0.5647309536494406
table-0405-894 2 2 0 58 73 1014 0.5 0.14629948364888123
table-0405-506 11 6 0 180 216 4554 0.14285714285714285 0.4211093161012386
table-0405-759 5 4 4 63457 143 17217 0.25 0.11803475134811264
table-0405-255 1 2 1 55 81 4117 1.0 0.008050847457627118
table-0405-35 15 4 15 224 153 941 0.5 0.32117984432609586
table-0405-319 2 3 0 102 104 19577 0.3333333333333333 0.07790298873101421
table-0405-4 0 1 0 0 0 0 0.0 0.0
table-0405-199 8 7 13 93 41 5824 1.0 0.17058823529411765
table-0405-811 2 4 0 116 141 12129 1.0 0.019923580786026202
table-0405-952 21 2 1 28 92 934 0.3333333333333333 0.40664451827242526
table-0405-186 9 4 0 51 128 550 0.5 1.3702479338842974
table-0405-928 0 1 0 48 93 7021 0.25 0.0
table-0405-185 1 8 0 21 53 293 1.0 0.04207232267037552
table-0405-43 7 5 0 674 127 1897 1.0 0.23739071956960323
table-0405-690 4 9 11 51 87 9303 0.2 0.04861861398363945
table-0405-996 6 9 10 18 71 524 0.25 2.0927152317880795
table-0405-786 6 8 16 54 62 1633 0.3333333333333333 0.3415765069551777
table-0405-82 1 3 0 22 43 833 1.0 0.171021377672209
table-0405-329 4 8 3 190 377 6833 0.0625 0.03146563621308308
table-0405-730 3 5 9 162 203 2713 0.125 0.01622447031876312
table-0405-746 6 7 12 45 66 1496 0.3333333333333333 0.26741293532338306
table-0405-239 5 4 0 362 313 68145 0.16666666666666666 0.04884547069271759
table-0405-209 7 6 3 266 189 0 0.5 0.37517564402810305
table-0405-869 3 2 0 127 87 23123 0.14285714285714285 0.04795918367346939
table-0405-302 19 5 16 91 57 150398 0.5 0.6996314496314496
table-0405-969 6 3 0 30 18 5926 1.0 0.16988416988416988
table-0405-949 1 2 1 52 134 3618 1.0 0.01736745886654479
table-0405-790 2 17 8 896 828 241654 0.5 0.01160431017234973
table-0405-534 11 6 0 224 228 3549 0.125 0.2821238938053097
table-0405-135 9 5 0 153 182 19898 0.045454545454545456 0.021540849990296915
table-0405-178 4 8 3 110 173 4143 0.07142857142857142 0.07438650306748466
table-0405-306 5 3 0 103 63 6580 1.0 0.21461963450913726
table-0405-762 1 2 1 58 73 7147 1.0 0.017975402081362345
table-0405-666 5 3 0 29 58 145 1.0 0.142781875658588
table-0405-119 1 4 0 59 174 7609 1.0 0.009985734664764621
table-0405-586 9 7 19 258 414 1387 1.0 0.08461279838619298
table-0405-682 7 6 10 111 236 7167 0.16666666666666666 0.008123185332593874
table-0405-42 2 2 0 674 127 1897 1.0 0.011432414256893073
table-0405-519 11 5 0 233 333 4170 0.1111111111111111 0.101932712956335
table-0405-680 2 4 0 178 215 4758 0.3333333333333333 0.0684575389948007
table-0405-326 10 3 0 190 377 6833 0.0625 0.0941208942865029
table-0405-663 1 3 0 39 51 580 1.0 0.29130434782608694
table-0405-856 2 4 1 50 58 624 0.3333333333333333 0.3804347826086957
table-0405-583 13 1 1 258 414 1387 1.0 0.005155216855317718
table-0405-936 38 5 0 14 133 831 0.25 1.1857562408223201
table-0405-546 10 5 0 234 216 4553 0.14285714285714285 0.5813308687615527
table-0405-758 1 4 0 39 83 2643 0.3333333333333333 0.0029895366218236174
table-0405-840 10 14 42 80 118 976 0.1111111111111111 2.5670103092783507
table-0405-423 1 3 0 11 10 1157 1.0 0.24225865209471767
table-0405-981 8 5 0 219 355 66876 0.5 0.2890625
table-0405-545 15 5 0 234 216 4553 0.14285714285714285 0.8438077634011091
table-0405-296 6 7 5 256 255 5730 0.5 0.15984474241354976
table-0405-766 3 3 0 80 170 1155 0.0625 0.09648466716529544
table-0405-813 2 3 2 29 44 1169 0.3333333333333333 0.027192982456140352
table-0405-814 0 1 0 70 72 5035 1.0 0.0
table-0405-472 2 7 0 177 223 3075 0.125 0.05631747884447038
table-0405-543 3 7 0 234 216 4553 0.14285714285714285 0.24953789279112754
table-0405-474 13 5 0 177 223 3075 0.125 0.23840093376130728
table-0405-951 22 3 5 28 92 934 0.3333333333333333 0.5302325581395348
table-0405-913 4 4 0 20 122 620 0.2 0.07687538747675139
table-0405-582 13 7 32 258 414 1387 1.0 0.08259553961672084
table-0405-848 12 3 0 184 222 183795 0.2 0.09199828840393667
table-0405-138 3 4 0 153 182 19898 0.045454545454545456 0.004123811372016301
table-0405-168 1 2 1 58 84 2376 0.3333333333333333 0.01693404634581105
table-0405-237 18 18 201 811 477 88002 0.25 0.03283028858882711
table-0405-141 7 16 9 153 182 19898 0.045454545454545456 0.04526489423636716
table-0405-541 5 2 1 10 21 1134 1.0 0.21578947368421053
table-0405-354 18 4 0 19 72 718 0.2 1.0610169491525423
table-0405-785 13 5 7 54 62 1633 0.3333333333333333 1.5115919629057186
table-0405-824 16 4 16 34 612 547 1.0 0.4192678227360308
table-0405-294 25 4 0 59 31 21766 0.3333333333333333 0.27425569176882664
table-0405-784 2 5 2 54 62 1633 0.3333333333333333 0.16846986089644514
table-0405-897 1 2 1 57 94 0 1.0 0.010844748858447488
table-0405-767 3 3 0 80 170 1155 0.0625 0.09648466716529544
table-0405-364 7 4 5 108 274 3402 0.5 0.28903654485049834
table-0405-203 3 1 0 80 168 614 0.0625 0.09744779582366589
table-0405-147 2 3 0 52 85 6461 0.3333333333333333 0.018018018018018018
table-0405-499 14 6 0 189 227 4755 0.125 0.19963811821471653
table-0405-169 1 3 0 58 84 2376 0.3333333333333333 0.01693404634581105
table-0405-359 11 5 0 315 275 430046 0.3333333333333333 0.09303304567459482
table-0405-114 1 4 0 59 174 7609 1.0 0.0068473609129814554
table-0405-23 70 3 0 29 92 1892 0.5 4.77262180974478
table-0405-650 52 8 0 15 51 9246 0.5 0.3765024547147452
table-0405-299 4 5 0 107 147 4423 1.0 0.13061872025383395
table-0405-86 1 5 0 209 213 962 0.5 0.18340026773761714
table-0405-707 10 4 3 150 413 1481 0.06666666666666667 0.31187624750499005
table-0405-615 8 7 19 262 399 1103 1.0 0.08965410268341864
table-0405-39 4 3 0 139 50 161988 0.3333333333333333 0.0034762456546929316
table-0405-678 6 4 0 4 50 1355 1.0 0.2599009900990099
table-0405-85 6 2 0 24 60 2622 0.5 0.0386175807663411
table-0405-477 0 1 0 177 223 3075 0.125 0.0
table-0405-526 10 5 0 227 254 3804 0.125 0.18340348767288034
table-0405-794 11 4 0 44 61 3461 0.25 0.3566923615977575
table-0405-645 1 3 0 38 51 489 1.0 0.3505747126436782
table-0405-729 9 2 8 162 203 2713 0.125 0.02252338232487116
table-0405-470 0 1 0 181 212 2852 0.14285714285714285 0.0
table-0405-139 2 3 1 153 182 19898 0.045454545454545456 0.009314962157966233
table-0405-592 4 1 0 83 15 1407 0.2 0.08027522935779817
table-0405-395 20 5 17 196 215 0 0.07692307692307693 0.02278280868190312
table-0405-390 16 6 34 82 600 782 1.0 0.11751912404379782
table-0405-449 0 1 0 189 233 7466 0.125 0.0
table-0405-380 18 5 69 60 82 19218 0.5 0.602874432677761
table-0405-176 1 4 1 110 173 4143 0.07142857142857142 0.11503067484662577
table-0405-768 3 3 0 80 170 1155 0.0625 0.07255048616305161
table-0405-388 11 6 22 82 600 782 1.0 0.08197090145492725
table-0405-181 4 8 2 110 173 4143 0.07142857142857142 0.12116564417177914
table-0405-441 14 6 0 173 216 3015 0.14285714285714285 0.2643856920684292
table-0405-866 0 1 0 65 78 3620 1.0 0.0
table-0405-698 1 3 0 193 701 1957 1.0 0.05194540639641475
table-0405-898 6 5 0 188 294 14149 0.25 0.2574538570752485
table-0405-87 2 2 2 69 103 6430 0.5 0.02845287492590397
table-0405-992 8 6 11 44 70 1078 0.05263157894736842 0.6561859193438141
table-0405-922 5 4 0 20 57 573 0.2 0.11011523687580026
table-0405-264 8 3 8 3213 444 1083180 0.16666666666666666 1.0
table-0405-822 3 4 2 43 94 48740 0.2 0.03996802557953637
table-0405-224 5 4 8 213 319 5455 1.0 0.031385994988790716
table-0405-967 8 5 7 487 335 4925 0.07692307692307693 0.8870967741935484
table-0405-864 12 10 0 136 102 4101 0.5 0.6553956834532374
table-0405-514 0 1 0 231 336 4474 0.14285714285714285 0.0
table-0405-564 4 6 3 22 70 920 0.2 0.9119318181818182
table-0405-920 10 7 1 20 57 573 0.2 0.19334186939820744
table-0405-143 10 2 2 11 14 2511 1.0 0.051899411449973246
table-0405-242 2 4 0 362 313 68145 0.16666666666666666 0.025488454706927177
table-0405-205 3 1 0 80 168 614 0.0625 0.0962877030162413
table-0405-267 3 4 0 17 32 939 0.5 0.04945054945054945
table-0405-275 6 4 6 107 65 776165 0.3333333333333333 0.09678499665103818
table-0405-214 2 5 1 176 180 593 0.2 1.1424148606811146
table-0405-59 18 8 0 369 339 14436 0.2 0.3570552147239264
table-0405-671 6 4 0 4 50 1355 1.0 0.2561881188118812
table-0405-839 8 4 0 80 118 976 0.1111111111111111 2.625429553264605
table-0405-535 6 10 0 228 222 5252 0.125 0.3181818181818182
table-0405-883 12 6 6 107 155 7779 0.3333333333333333 0.16949924127465857
table-0405-527 16 5 0 227 254 3804 0.125 0.3196031268791341
table-0405-488 12 5 0 177 215 4819 0.125 0.2160178685386088
table-0405-823 5 3 0 1013 176 356292 1.0 0.0108622030454306
table-0405-456 11 5 0 180 235 3127 0.14285714285714285 0.17743490838958534
table-0405-340 8 3 0 511 136 191598 0.3333333333333333 0.11935784085621219
table-0405-660 1 3 0 39 51 531 1.0 0.3459715639810427
table-0405-89 1 3 0 39 53 2860 1.0 0.031504065040650404
table-0405-926 1 2 0 48 93 7021 0.25 0.01473922902494331
table-0405-252 39 4 0 104 151 582 0.5 3.498762376237624
table-0405-102 1 4 0 59 174 7609 1.0 0.016833095577746076
table-0405-201 3 1 0 80 168 614 0.0625 0.0962877030162413
table-0405-30 5 3 0 206 37 215755 0.25 0.008261211644374508
table-0405-633 1 3 0 38 46 678 1.0 0.3709677419354839
table-0405-904 5 8 0 174 238 14080 0.3333333333333333 0.5317164179104478
table-0405-291 1 3 0 150 276 14297 0.5 0.01850101282916948
table-0405-590 12 4 0 18 30 3904 0.5 0.05955028416110699
table-0405-684 8 7 7 111 236 7167 0.16666666666666666 0.01076566730825694
table-0405-575 11 4 9 65 75 10071 1.0 0.06663028649386085
table-0405-569 17 11 1 72 329 1434 0.16666666666666666 0.6396819660281894
table-0405-924 8 2 6 48 93 7021 0.25 0.09297052154195011
table-0405-728 9 2 7 162 203 2713 0.125 0.03130368390914297
table-0405-522 0 1 0 233 333 4170 0.1111111111111111 0.0
table-0405-573 4 4 3 65 75 10071 1.0 0.01942701227830832
table-0405-537 13 5 0 228 222 5252 0.125 0.3712121212121212
table-0405-540 11 6 0 228 222 5252 0.125 0.44426406926406925
table-0405-433 0 1 0 174 211 2217 0.16666666666666666 0.0
table-0405-32 4 1 0 225 118 1909 0.16666666666666666 0.1111111111111111
table-0405-57 50 8 37 27 110 5176 1.0 0.5732851985559567
table-0405-172 3 8 3 110 173 4143 0.07142857142857142 0.0299079754601227
table-0405-702 123 6 173 519 415 8438 1.0 3.556939945178171
table-0405-333 6 8 5 190 377 6833 0.0625 0.03422577974054651
table-0405-532 10 5 0 224 228 3549 0.125 0.24035398230088495
table-0405-256 73 5 3 153 112 184220 1.0 1.095044378698225
table-0405-465 3 7 0 181 212 2852 0.14285714285714285 0.19322033898305085
table-0405-845 46 8 0 903 298 65224 1.0 2.4088159031979255
table-0405-638 1 3 0 37 51 669 1.0 0.4409937888198758
table-0405-594 6 3 0 20 42 981 1.0 0.31644403500690926
table-0405-953 1 5 0 168 174 592 0.5 0.22522522522522523
table-0405-425 52 6 0 497 521 3058 1.0 0.814172128505426
table-0405-257 5 6 2 153 112 184220 1.0 0.17437130177514792
table-0405-303 53 4 0 45 91 6099 0.5 15.153225806451612
table-0405-607 0 0 0 262 399 1103 1.0 0.0
table-0405-259 62 3 0 3213 444 1083180 0.16666666666666666 8.64139344262295
table-0405-334 16 3 16 190 377 6833 0.0625 0.060171128898702735
table-0405-487 13 5 0 177 215 4819 0.125 0.2179323548181238
table-0405-122 1 4 0 59 174 7609 1.0 0.007275320970042796
table-0405-156 29 6 0 34 124 1500 0.1111111111111111 1.8248847926267282
table-0405-328 4 8 3 190 377 6833 0.0625 0.027049406569141596
table-0405-627 21 5 0 301 341 85921 0.16666666666666666 0.2289542674046024
table-0405-221 11 2 8 25 40 3073 0.5 0.3242236024844721
table-0405-131 3 4 0 153 182 19898 0.045454545454545456 0.038909373180671454
table-0405-374 0 1 0 90 77 2410 0.14285714285714285 0.0
table-0405-381 1 3 0 55 62 5712 1.0 0.04622950819672131
table-0405-520 10 6 0 233 333 4170 0.1111111111111111 0.10765926986399427
table-0405-654 18 7 1 13866 1036 2580968 0.2 0.043496254604146835
table-0405-357 3 3 0 25 27 784 1.0 0.3410931174089069
table-0405-136 6 4 0 153 182 19898 0.045454545454545456 0.006598098195226082
table-0405-27 4 7 0 15 198 1381 1.0 0.010570358951772737
table-0405-369 13 6 0 90 77 2410 0.14285714285714285 0.5578050079914758
table-0405-407 7 4 7 196 215 0 0.07692307692307693 0.003916918211872933
table-0405-504 17 5 0 180 216 4554 0.14285714285714285 0.5433494884221863
table-0405-601 1 3 0 39 51 1207 1.0 0.4506172839506173
table-0405-466 11 5 0 181 212 2852 0.14285714285714285 0.3694915254237288
table-0405-593 1 6 0 83 15 1407 0.2 0.19036697247706422
table-0405-419 8 4 1 401 594 11997 1.0 0.209588459906661
table-0405-228 4 9 3 213 319 5455 1.0 0.011077409996043782
table-0405-94 28 3 28 923 316 9880 0.3333333333333333 0.6027397260273972
table-0405-808 1 4 0 116 141 12129 1.0 0.007914847161572052
table-0405-210 31 3 23 630 187 196851 0.5 0.19071271803165069
table-0405-110 1 4 0 59 174 7609 1.0 0.008131241084165478
table-0405-640 1 7 1 1061 416 3809 1.0 0.24512534818941503
table-0405-7 2 5 0 461 461 9191 0.14285714285714285 0.006806728189017606
table-0405-130 3 4 0 153 182 19898 0.045454545454545456 0.01984281001358432
table-0405-389 2 6 4 82 600 782 1.0 0.02129893505324734
table-0405-934 0 1 0 49 207 1535 1.0 0.0
table-0405-867 2 3 0 11 22 671 1.0 0.12443642921550947
table-0405-747 46 4 15 4 15 1003 0.5 4.60230179028133
table-0405-879 0 1 0 90 104 2543 0.5 0.0
table-0405-378 6 3 0 38 64 3117 1.0 0.2426052332195677
table-0405-439 10 5 0 179 218 17636 0.14285714285714285 0.2018697049371896
table-0405-251 26 3 0 22 41 5915 1.0 0.2718468987779571
table-0405-11 10 5 0 461 461 9191 0.14285714285714285 0.039858629491458866
table-0405-15 3 7 6 1093 352 8211 1.0 0.41247002398081534
table-0405-930 3 2 2 571 529 39731 1.0 0.02511415525114155
table-0405-606 0 0 0 262 399 1103 1.0 0.0
table-0405-307 18 4 6 88 54 16282 1.0 0.4171779141104294
table-0405-235 1 6 0 86 84 10970 0.3333333333333333 0.04142802596410844
table-0405-161 58 6 60 34 124 1500 0.1111111111111111 1.1070148489503329
table-0405-948 3 2 0 12 11 993 0.5 0.05649157581764123
table-0405-254 8 7 0 38 61 3029 0.3333333333333333 0.01940588147484699
table-0405-737 6 6 8 55 74 1525 0.3333333333333333 0.464818763326226
table-0405-401 5 4 5 196 215 0 0.07692307692307693 0.002838867327871209
table-0405-321 1 1 1 190 377 6833 0.0625 0.0
table-0405-99 1 4 0 59 174 7609 1.0 0.010841654778887305
table-0405-197 7 7 7 93 41 5824 1.0 0.18529411764705883
table-0405-475 11 5 0 177 223 3075 0.125 0.2068864896410855
table-0405-518 11 5 0 233 333 4170 0.1111111111111111 0.09949892627057981
table-0405-510 11 5 0 231 336 4474 0.14285714285714285 0.3044530493707648
table-0405-165 2 4 0 138 146 661 0.5 0.2830687830687831
table-0405-469 11 5 0 181 212 2852 0.14285714285714285 0.5491525423728814
table-0405-486 2 7 0 177 215 4819 0.125 0.05456285896617741
table-0405-943 0 1 0 26 35 2794 1.0 0.0
table-0405-187 72 3 0 62 167 903 0.5 5.16743119266055
table-0405-865 8 2 0 5 16 2367 0.5 0.08241758241758242
table-0405-258 1 2 1 9 16 532 1.0 0.08266129032258064
table-0405-947 3 3 5 7 19 3615 1.0 0.12606837606837606
table-0405-908 10 7 1 22 71 792 0.2 0.21717485998755445
table-0405-544 13 5 0 234 216 4553 0.14285714285714285 0.5905730129390019
table-0405-250 2 7 2 1055 457 10850 1.0 0.20257510729613734
table-0405-505 10 5 0 180 216 4554 0.14285714285714285 0.3408723747980614
table-0405-689 1 3 0 70 81 830 1.0 0.41823899371069184
table-0405-838 3 5 2 80 118 976 0.1111111111111111 0.41580756013745707
table-0405-295 15 4 11 181 209 9903 1.0 0.19372077488309952
table-0405-464 3 10 4 181 212 2852 0.14285714285714285 0.19661016949152543
table-0405-48 30 3 43 126 134 10745 0.5 0.6136929460580913
table-0405-397 15 3 0 196 215 0 0.07692307692307693 0.00664798045134397
table-0405-410 1 3 0 180 184 4538 0.16666666666666666 0.03442211055276382
table-0405-46 7 8 0 674 127 1897 1.0 0.10984084286034522
table-0405-26 0 1 0 83 58 15969 1.0 0.0
table-0405-978 5 5 0 228 319 4687 0.3333333333333333 0.3670239918325676
table-0405-725 85 4 0 75 379 1968 1.0 1.7390686100248844
table-0405-659 1 3 0 38 51 684 1.0 0.3744075829383886
table-0405-422 1 3 0 67 110 1030 0.16666666666666666 0.11778563015312132
table-0405-806 20 4 0 116 141 12129 1.0 0.2513646288209607
table-0405-995 3 3 0 18 71 524 0.25 0.7417218543046358
table-0405-715 6 2 0 1123 237 127893 0.5 0.029502377603643427
table-0405-781 21 6 0 394 262 51509 1.0 0.05570135746606335
table-0405-232 44 3 43 17 152 3592 1.0 3.2518837459634016
table-0405-552 13 5 0 225 218 4123 0.125 0.5343693962940825
table-0405-16 5 5 3 782 439 188839 0.25 0.029614568599717114
table-0405-6 11 7 12 648 180 473920 0.5 0.17334870201463365
table-0405-538 10 5 0 228 222 5252 0.125 0.3474025974025974
table-0405-379 27 7 23 37 59 4666 0.5 5.353046594982079
table-0405-476 11 6 0 177 223 3075 0.125 0.22264371170119637
table-0405-198 9 7 11 93 41 5824 1.0 0.1866013071895425
table-0405-62 5 3 0 369 339 14436 0.2 0.037791411042944784
table-0405-231 2 3 2 17 152 3592 1.0 0.05597416576964478
table-0405-610 10 7 24 262 399 1103 1.0 0.09229098805646037
table-0405-775 3 3 0 80 170 1155 0.0625 0.06656694091249066
table-0405-587 11 7 23 258 414 1387 1.0 0.09951809929395943
table-0405-286 52 6 0 12 385 50147 1.0 10.550079491255962
table-0405-443 4 10 0 189 233 7466 0.125 0.06424904785560523
table-0405-651 1 3 0 38 51 641 1.0 0.4647887323943662
table-0405-966 6 5 5 487 335 4925 0.07692307692307693 0.5817972350230415
table-0405-734 2 5 2 55 74 1525 0.3333333333333333 0.21321961620469082
table-0405-344 4 2 3 16 47 1672 0.5 0.04874041621029573
table-0405-415 0 1 0 94 61 15578 0.3333333333333333 0.0
table-0405-863 87 7 168 1041 368 1986 1.0 9.773942093541203
table-0405-360 15 3 0 36 47 2621 0.5 0.39233226837060703
table-0405-288 1 3 0 44 55 2200 1.0 0.0366732154551408
table-0405-637 70 4 0 33 94 1989 0.5 4.909302325581395
table-0405-248 4 3 0 28 21 894 1.0 0.2763517203713818
table-0405-566 15 4 0 22 70 920 0.2 1.5340909090909092
table-0405-55 1 2 0 60 115 7064 0.16666666666666666 0.03914590747330961
table-0405-403 42 3 0 196 215 0 0.07692307692307693 0.024435820037372432
table-0405-565 17 4 0 22 70 920 0.2 1.90625
table-0405-738 1 2 1 72 102 20819 1.0 0.006864161849710983
table-0405-5 1 3 0 40 53 919 1.0 0.09497549019607843
table-0405-17 6 12 11 782 439 188839 0.25 0.03986916548797737
table-0405-92 1 2 0 6 13 883 0.5 0.26548672566371684
table-0405-983 167 4 0 196 283 55220 0.5 41.83815028901734
table-0405-327 1 4 1 190 377 6833 0.0625 0.04140215291195142
table-0405-547 10 6 0 234 216 4553 0.14285714285714285 0.6839186691312384
table-0406-1000 6 9 10 18 60 594 0.25 2.3958333333333335
table-0405-901 56 5 0 911 285 120047 0.5 1.6116389548693586
table-0405-192 4 3 0 141 187 100045 0.3333333333333333 0.02752680908553576
table-0405-658 1 3 0 59 96 1195 0.1111111111111111 0.048712206047032476
table-0405-810 1 4 0 116 141 12129 1.0 0.007914847161572052
table-0405-387 3 6 6 82 600 782 1.0 0.02519874006299685
table-0405-44 10 7 0 674 127 1897 1.0 0.2992602555480834
table-0405-724 161 4 0 75 379 1968 1.0 5.49306789904017
table-0405-108 1 4 0 59 174 7609 1.0 0.008416547788873038
table-0405-723 8 6 8 83 131 1765 0.3333333333333333 0.6373056994818653
table-0405-64 1 3 0 50 86 3826 1.0 0.031327287716405604
table-0405-748 2 2 2 70 62 11105 0.5 0.017591339648173207
table-0405-701 3 4 3 9 33 949 0.5 0.2920353982300885
table-0405-632 5 3 0 54 63 3915 1.0 0.11745747538048344
table-0405-940 12 3 12 544 164 145 1.0 0.0283475570195139
table-0405-531 14 5 0 224 228 3549 0.125 0.2605309734513274
table-0405-717 7 1 0 10 30 1896 0.5 0.15657946114798907
table-0405-939 1 3 0 414 546 18023 0.5 0.019337016574585635
table-0405-524 1 6 0 227 254 3804 0.125 0.026758869512928444
table-0405-241 8 4 0 362 313 68145 0.16666666666666666 0.09493783303730018
table-0405-63 3 3 0 369 339 14436 0.2 0.08539877300613496
table-0405-649 1 3 0 37 51 586 1.0 0.4696132596685083
table-0405-368 13 6 0 90 77 2410 0.14285714285714285 0.5988279168886521
table-0405-52 7 3 0 190 282 753 1.0 0.6666666666666666
table-0405-3 0 1 0 124 37 11702 1.0 0.0
table-0405-803 3 4 0 116 141 12129 1.0 0.03138646288209607
table-0405-539 11 5 0 228 222 5252 0.125 0.3961038961038961
table-0405-227 3 9 3 213 319 5455 1.0 0.0034287221416325992
table-0405-944 2 5 0 76 206 394 1.0 0.48148148148148145
table-0405-184 1 3 0 254 339 3723 1.0 0.14668769716088328
table-0405-980 2 3 0 320 349 8495 1.0 0.04143277198609997
table-0405-553 12 6 0 225 218 4123 0.125 0.5397489539748954
table-0405-591 6 1 0 83 15 1407 0.2 0.6605504587155964
table-0405-705 10 4 3 150 413 1481 0.06666666666666667 0.31187624750499005
table-0405-782 65 7 129 1056 414 3537 1.0 5.05744888023369
table-0405-796 2 3 0 3438 454 87082 0.2 0.024141283214517174
table-0405-861 41 11 12 192 159 7081 0.3333333333333333 0.22845741364259883
table-0405-732 2 10 2 36 46 8373 1.0 0.11348837209302326
table-0405-459 20 5 0 183 216 2600 0.16666666666666666 0.47639083683964467
table-0405-853 5 10 0 208 132 9100 0.3333333333333333 0.13683818046234153
table-0405-78 4 3 0 9 30 962 0.5 0.05613362541073384
table-0405-219 52 4 0 368 368 3261 0.14285714285714285 2.234967622571693
table-0405-821 32 3 16 43 94 48740 0.2 0.4212629896083134
table-0405-167 11 3 0 193 28 15925 0.5 0.48431423386051337
table-0405-434 10 5 0 178 217 2606 0.1 0.1729743459486919
table-0405-942 1 2 1 13 27 2095 1.0 0.04145077720207254
table-0405-467 15 5 0 181 212 2852 0.14285714285714285 0.6298305084745762
table-0405-245 3 6 0 66 47 1769 1.0 0.19936507936507936
table-0405-963 7 5 6 487 335 4925 0.07692307692307693 0.8675115207373272
table-0405-356 0 1 0 19 72 718 0.2 0.0
table-0405-950 1 5 0 76 196 253 1.0 0.15113871635610765
table-0405-393 1 3 0 64 68 10784 1.0 0.027409860191317144
table-0405-731 6 3 0 36 46 8373 1.0 0.03627906976744186
table-0405-905 10 7 1 21 64 698 0.2 0.1859267734553776
table-0405-579 0 0 0 258 414 1387 1.0 0.0
table-0405-681 2 5 0 178 215 4758 0.3333333333333333 0.06499133448873484
table-0405-858 3 3 0 35 76 1550 1.0 0.06115214180206795
table-0405-687 73 7 145 1046 372 5709 1.0 4.9370677731673585
table-0405-479 15 5 0 176 220 2735 0.14285714285714285 0.18176033934252386
table-0405-462 11 6 0 183 216 2600 0.16666666666666666 0.36044880785413747
table-0405-805 7 4 0 116 141 12129 1.0 0.2019650655021834
table-0405-745 17 8 11 45 66 1496 0.3333333333333333 1.7164179104477613
table-0405-625 45 9 0 301 341 85921 0.16666666666666666 0.6677347315273328
table-0405-301 6 3 0 101 95 4984 1.0 0.20651876198301836
table-0405-613 4 7 10 262 399 1103 1.0 0.039708391499922446
table-0405-912 5 8 2 20 122 620 0.2 0.10911345319280844
table-0405-109 3 4 0 59 174 7609 1.0 0.0275320970042796
table-0405-647 1 3 0 38 51 467 1.0 0.33004926108374383
table-0405-998 3 3 0 18 60 594 0.25 0.7881944444444444
table-0405-338 1 2 0 71 93 14009 0.3333333333333333 0.009398496240601503
table-0405-111 1 4 0 59 174 7609 1.0 0.009843081312410842
table-0405-850 52 5 42 106 175 1345 0.3333333333333333 6.65742251223491
table-0405-308 21 4 0 2063 500 582154 0.25 0.047988668555240796
table-0405-662 1 3 0 38 46 708 1.0 0.45549738219895286
table-0405-574 5 4 4 65 75 10071 1.0 0.022100954979536153
table-0405-655 1 1 0 13866 1036 2580968 0.2 0.0004552414849149526
table-0405-71 1 2 1 60 95 4282 0.5 0.014253563390847712
table-0405-394 3 3 0 13 51 913 1.0 0.07576481835564053
table-0405-421 18 5 19 401 594 11997 1.0 0.5543063215952482
table-0405-973 3 5 0 109 167 1432 0.09090909090909091 0.22088353413654618
table-0405-416 1 3 0 90 50 8619 1.0 0.028646288209606987
table-0405-452 1 7 0 180 235 3127 0.14285714285714285 0.02193828351012536
table-0405-754 1 4 0 106 64 19320 0.3333333333333333 0.025080906148867314
table-0405-222 9 5 0 17 26 1298 0.5 4.198019801980198
table-0405-447 11 5 0 189 233 7466 0.125 0.11740354363305183
table-0405-309 8 3 8 2063 500 582154 0.25 0.0030878186968838527
table-0405-417 7 3 0 102 76 4744 1.0 0.20757575757575758
table-0405-508 4 10 0 231 336 4474 0.14285714285714285 0.18586640851887706
table-0405-787 68 7 68 1061 365 3488 1.0 6.170112781954887
table-0405-247 1 3 0 34 59 2840 1.0 0.04688950789229341
table-0405-496 20 5 0 189 227 4755 0.125 0.21733011660635304
table-0405-115 1 4 0 59 174 7609 1.0 0.006419400855920114
table-0405-220 7 3 0 93 128 26478 1.0 0.09312525499796001
table-0405-339 5 3 2 71 93 14009 0.3333333333333333 0.19360902255639098
table-0405-442 0 1 0 173 216 3015 0.14285714285714285 0.0
table-0405-529 6 10 3 224 228 3549 0.125 0.19893805309734514
table-0405-310 34 4 28 282 266 1303162 0.5 0.10213804322565652
table-0405-695 2 3 2 94 279 4238 0.25 0.027983539094650206
table-0405-549 1 7 0 225 218 4123 0.125 0.049611476389719064
table-0405-148 4 3 1 52 85 6461 0.3333333333333333 0.04816354816354816
table-0405-65 23 9 4 157 326 183 1.0 0.9580536912751678
table-0405-211 1 2 1 8 35 1745 0.5 0.008743672342383801
table-0405-639 120 7 240 1061 416 3809 1.0 8.647168059424327
table-0405-771 3 3 0 80 170 1155 0.0625 0.07703814510097233
table-0405-987 1 3 2 99 128 3871 0.3333333333333333 0.006787944610371979
table-0405-2 3 3 0 183 178 4945 1.0 0.19194312796208532
table-0405-636 1 3 0 40 51 495 1.0 0.39552238805970147
table-0405-36 1 2 1 8 78 743 1.0 0.028875379939209727
table-0405-523 5 10 0 227 254 3804 0.125 0.1449188214070956
table-0405-807 8 4 0 116 141 12129 1.0 0.09552401746724891
table-0405-509 3 7 0 231 336 4474 0.14285714285714285 0.12826718296224587
table-0405-925 2 2 0 48 93 7021 0.25 0.025699168556311415
table-0405-40 1 4 0 38 41 1743 0.25 0.015790612156608264
table-0405-712 10 4 3 150 413 1481 0.06666666666666667 0.3058882235528942
table-0405-236 17 8 14 811 477 88002 0.25 0.2602594651840085
table-0405-320 4 5 18 190 377 6833 0.0625 0.024289263041678166
table-0405-10 4 5 0 461 461 9191 0.14285714285714285 0.017409516329602723
table-0405-208 1 3 0 84 87 6649 0.25 0.04807325448302175
table-0405-893 3 2 2 13 41 2202 1.0 0.12737127371273713
table-0405-117 2 4 0 59 174 7609 1.0 0.02168330955777461
table-0405-989 0 0 0 99 128 3871 0.3333333333333333 0.0
table-0405-451 3 10 0 180 235 3127 0.14285714285714285 0.07111861137897782
table-0405-51 4 1 0 581 526 13265 0.3333333333333333 0.006251468860164512
table-0405-116 1 4 0 59 174 7609 1.0 0.010271041369472182
table-0405-103 1 4 0 59 174 7609 1.0 0.013980028530670471
table-0405-881 1 3 0 18 19 1249 1.0 0.06945454545454545
table-0405-375 1 3 0 14 39 1081 1.0 0.09466019417475728
table-0405-137 3 4 0 153 182 19898 0.045454545454545456 0.00223170968367941
table-0405-876 4 9 4 41 85 2491 0.25 0.030597014925373135
table-0405-271 4 3 0 39 51 1948 1.0 0.09586964759378552
table-0405-243 2 5 1 159 150 15428 0.5 0.031335683509596556
table-0405-28 8 5 0 232 248 1228 0.5 1.4754768392370572
table-0405-154 32 6 0 45 226 951 0.1 2.3071672354948807
table-0405-233 2 2 1 138 158 9875 0.5 0.004853955547986034
table-0405-797 8 3 0 3438 454 87082 0.2 0.10466623460790668
table-0405-780 1 3 0 90 184 4490 1.0 0.07060063224446786
table-0405-884 2 4 0 107 155 7779 0.3333333333333333 0.03657056145675266
table-0405-568 0 1 0 22 70 920 0.2 0.0
table-0405-699 26 9 0 193 161 3263 1.0 1.8877887788778878
table-0405-480 10 5 0 176 220 2735 0.14285714285714285 0.12598091198303288
table-0405-83 1 3 0 28 25 24647 1.0 0.3305785123966942
table-0405-399 7 4 2 196 215 0 0.07692307692307693 0.014805232140290355
table-0405-644 1 3 0 38 52 686 1.0 0.31976744186046513
table-0405-112 2 4 0 59 174 7609 1.0 0.03209700427960057
table-0405-412 1 6 0 49 77 906 0.5 0.02476780185758514
table-0405-66 8 7 0 80 38 1479 0.25 0.14825144818708433
table-0405-149 2 4 0 154 155 586 0.5 0.39274924471299094
table-0405-19 1 3 0 137 137 66191 1.0 0.009299719887955181
table-0405-361 10 4 0 82 57 5263 0.5 0.30391138802353757
table-0405-341 49 8 39 78 108 50504 0.5 0.9645089285714286
table-0405-800 51 3 36 3438 454 87082 0.2 0.37329876863253403
table-0405-24 2 2 0 110 182 1699 0.07142857142857142 0.16136363636363638
table-0405-588 18 5 0 207 224 4049 1.0 0.1976002999625047
table-0405-458 5 10 0 183 216 2600 0.16666666666666666 0.23048153342683497
table-0405-113 2 4 0 59 174 7609 1.0 0.02168330955777461
table-0405-595 1 2 1 13 45 1488 1.0 0.017740429505135387
table-0405-507 0 1 0 180 216 4554 0.14285714285714285 0.0
table-0405-558 10 6 0 224 216 5184 0.16666666666666666 0.6862745098039216
table-0405-363 1 3 0 138 97 9573 1.0 0.014252075845829718
table-0405-311 3 3 0 282 266 1303162 0.5 0.008017662096211945
table-0405-609 12 7 30 262 399 1103 1.0 0.15231890801923376
table-0405-846 19 7 61 184 222 183795 0.2 0.17051775780915704
table-0405-918 5 4 0 20 124 643 0.2 0.08106694560669456
table-0405-988 0 1 0 99 128 3871 0.3333333333333333 0.0
table-0405-448 10 6 0 189 233 7466 0.125 0.11674118231495281
table-0405-54 5 2 0 60 115 7064 0.16666666666666666 0.10106761565836299
table-0405-435 2 5 0 178 217 2606 0.1 0.036830073660147324
table-0405-304 26 3 0 168 210 25173 0.5 0.09652902163915379
table-0405-567 19 26 294 22 70 920 0.2 1.96875
table-0405-656 5 2 0 207 143 112334 0.5 0.11396526772793053
table-0405-895 98 7 184 1059 444 6743 1.0 9.730707395498392
table-0405-664 3 3 0 44 40 2851 1.0 0.21614583333333334
table-0405-273 4 4 0 11 37 1494 0.5 0.04101025256314079
table-0405-463 0 1 0 183 216 2600 0.16666666666666666 0.0
table-0405-350 4 5 1 82 357 788 1.0 0.24301964839710444
table-0405-979 1 2 1 47 53 1569 1.0 0.011771995043370507
table-0405-468 11 5 0 181 212 2852 0.14285714285714285 0.512542372881356
table-0405-173 14 3 13 110 173 4143 0.07142857142857142 0.19478527607361965
table-0405-144 1 6 0 43 148 954 1.0 0.10238907849829351
table-0405-906 3 8 2 21 64 698 0.2 0.06578947368421052
table-0405-218 52 4 0 368 368 3261 0.14285714285714285 3.4403330249768733
table-0405-279 1 3 0 134 188 9160 1.0 0.017789244975556763
table-0405-284 68 6 0 12 385 50147 1.0 12.72496025437202
table-0405-478 6 10 0 176 220 2735 0.14285714285714285 0.1261930010604454
table-0405-332 6 8 4 190 377 6833 0.0625 0.05133866961081976
table-0405-80 10 3 0 25 50 2222 0.5 0.20475731276117004
table-0405-932 2 2 0 25 44 7281 0.3333333333333333 0.07003334921391138
table-0405-561 1 3 0 12 18 1195 1.0 0.0792838874680307
table-0405-96 22 5 13 19 68 3409 1.0 1.1888111888111887
table-0405-471 4 10 0 177 223 3075 0.125 0.11146775605485848
table-0405-643 1 3 0 38 46 503 1.0 0.41818181818181815
table-0405-634 1 3 0 38 46 608 1.0 0.42134831460674155
table-0405-892 1 1 0 46 105 22372 1.0 0.006940951614525702
table-0405-721 2 5 0 83 131 1765 0.3333333333333333 0.28324697754749567
table-0405-100 2 4 0 59 174 7609 1.0 0.012125534950071327
table-0405-713 1 3 0 44 104 9881 1.0 0.014764280623154465
table-0405-971 3 3 0 211 100 20873 1.0 0.009922741752407455
table-0405-431 0 1 0 186 216 3259 0.16666666666666666 0.0
table-0405-711 10 4 3 150 413 1481 0.06666666666666667 0.2954091816367265
table-0405-891 1 3 0 754 876 61420 1.0 0.016263736263736263
table-0405-104 4 4 0 59 174 7609 1.0 0.03495007132667618
table-0405-132 2 6 2 153 182 19898 0.045454545454545456 0.01057636328352416
table-0405-820 0 1 0 15 32 1784 1.0 0.0
table-0405-352 4 6 3 19 72 718 0.2 0.5067796610169492
table-0405-266 3 2 0 18 29 1408 1.0 0.1145374449339207
table-0405-34 19 7 0 225 118 1909 0.16666666666666666 6.483204134366925
table-0405-612 6 7 13 262 399 1103 1.0 0.07833100666976889
table-0405-163 4 2 0 34 124 1500 0.1111111111111111 0.14797747055811572
table-0405-61 5 3 0 369 339 14436 0.2 0.04024539877300613
table-0405-563 1 1 0 134 153 19038 1.0 0.002553191489361702
table-0405-322 10 3 0 190 377 6833 0.0625 0.1115097985095225
table-0405-933 8 4 8 302 176 18116 0.5 0.1075105996365839
table-0405-557 12 5 0 224 216 5184 0.16666666666666666 0.7575757575757576
table-0405-596 5 5 4 62 70 795 1.0 0.19674039580908032
table-0405-743 2 5 0 45 66 1496 0.3333333333333333 0.1517412935323383
table-0405-903 1 5 0 174 238 14080 0.3333333333333333 0.15111940298507462
table-0405-362 1 3 0 80 73 8482 1.0 0.026833631484794274
table-0405-837 5 4 5 80 118 976 0.1111111111111111 0.8075601374570447
table-0405-874 3 8 3 41 85 2491 0.25 0.01791044776119403
table-0405-755 0 1 0 39 38 2629 1.0 0.0
table-0405-605 10 7 24 262 399 1103 1.0 0.09229098805646037
table-0405-366 8 7 16 108 274 3402 0.5 1.5315614617940199
table-0405-22 1 7 2 1059 398 3503 1.0 0.15177065767284992
table-0405-446 10 5 0 189 233 7466 0.125 0.10283159463487332
table-0405-297 1 3 0 35 37 17225 1.0 0.05023491145645103
table-0405-847 23 8 74 184 222 183795 0.2 0.3607188703465982
table-0405-997 6 9 10 18 71 524 0.25 2.337748344370861
table-0405-437 11 5 0 177 215 2743 0.125 0.2287480680061824
table-0405-445 14 5 0 189 233 7466 0.125 0.12170889220069547
table-0405-97 2 4 0 59 174 7609 1.0 0.03894436519258203
table-0405-189 2 2 1 21 30 1991 1.0 0.04086687306501548
table-0405-164 6 3 1 274 184 15398 0.3333333333333333 0.10347903657448707
table-0405-483 2 6 0 176 220 2735 0.14285714285714285 0.02926829268292683
table-0405-129 8 4 9 153 182 19898 0.045454545454545456 0.03129245099941781
table-0405-880 1 3 0 31 30 7344 1.0 0.0694949494949495
table-0405-336 2 2 2 71 93 14009 0.3333333333333333 0.01804511278195489
table-0405-706 10 4 3 150 413 1481 0.06666666666666667 0.3063872255489022
table-0405-696 130 4 130 94 279 4238 0.25 6.565020576131687
table-0405-444 1 7 0 189 233 7466 0.125 0.013412816691505217
table-0405-150 14 4 0 45 226 951 0.1 1.825938566552901
table-0405-253 19 6 0 38 61 3029 0.3333333333333333 0.03851321092700403
table-0405-685 8 6 6 111 236 7167 0.16666666666666666 0.01008057938864059
table-0405-90 5 2 0 174 196 5345 0.5 0.1879432624113475
table-0405-13 0 1 0 20 23 8056 1.0 0.0
table-0405-621 166 4 166 105 274 3293 0.5 21.14145810663765
table-0405-618 5 3 0 38 45 5141 1.0 0.30472103004291845
table-0405-21 98 7 98 1059 398 3503 1.0 7.7900505902192245
table-0405-889 1 3 0 25 24 1835 1.0 0.034271099744245526
table-0405-623 1 3 0 38 51 521 1.0 0.4101123595505618
table-0405-608 10 7 24 262 399 1103 1.0 0.09229098805646037
table-0405-910 7 4 0 22 71 792 0.2 0.1269446172993155
table-0405-428 10 5 0 175 210 4142 0.14285714285714285 0.23506366307541626
table-0405-885 3 2 0 18 38 754 0.5 0.02878787878787879
table-0405-125 1 6 0 106 205 978 1.0 0.015720081135902637
table-0405-562 3 17 0 369 206 155784 0.5 0.004103377918839265
table-0405-497 12 5 0 189 227 4755 0.125 0.1521913952553277
table-0405-580 13 7 32 258 414 1387 1.0 0.08259553961672084
table-0405-763 7 5 3 193 202 6452 0.5 0.11722488038277512
table-0405-166 1 5 2 7 24 628 1.0 0.13722627737226278
table-0405-955 11 11 0 278 169 120264 0.25 0.07883138143810603
table-0405-667 72 3 0 60 172 1079 0.5 2.383001049317943
table-0405-244 1 2 0 55 64 2168 0.5 0.020612813370473538
table-0405-700 1 3 0 70 83 937 1.0 0.3406113537117904
table-0405-964 7 5 6 487 335 4925 0.07692307692307693 0.7684331797235023
table-0405-829 4 8 2 46 103 639 0.25 0.10571808510638298
table-0405-589 11 5 0 207 224 4049 1.0 0.12167229096362954
table-0405-349 4 3 0 119 73 16029 0.5 0.00941858358992936
table-0405-482 10 6 0 176 220 2735 0.14285714285714285 0.1552492046659597
table-0405-672 6 4 0 4 50 1355 1.0 0.2623762376237624
table-0405-492 10 7 0 22382 1068 1781562 0.1111111111111111 0.008763754434489809
table-0405-828 10 7 1 46 103 639 0.25 0.24933510638297873
table-0405-157 29 6 0 34 124 1500 0.1111111111111111 1.3983614951356886
table-0405-175 1 4 1 110 173 4143 0.07142857142857142 0.11503067484662577
table-0405-38 30 3 16 336 335 7266 0.16666666666666666 0.45003209929381555
table-0405-81 1 4 0 38 41 462 0.5 0.15807560137457044
table-0405-73 140 7 261 1085 462 9126 1.0 11.11807580174927
table-0405-76 1 3 0 59 43 41147 1.0 0.028325907065563337
table-0405-494 2 10 0 189 227 4755 0.125 0.039806996381182146
table-0405-977 6 5 0 228 319 4687 0.3333333333333333 0.38795303726391017
table-0405-151 21 4 0 45 226 951 0.1 2.6911262798634814
table-0405-789 4 14 12 896 828 241654 0.5 0.020950638808700375
table-0405-772 3 3 0 80 170 1155 0.0625 0.07404637247569185
table-0405-614 12 7 28 262 399 1103 1.0 0.12734605242748565
table-0405-551 14 5 0 225 218 4123 0.125 0.5493126120741183
table-0405-722 45 5 36 83 131 1765 0.3333333333333333 6.162348877374784
table-0405-668 2 3 0 78 163 2896 1.0 0.03877349159248269
table-0405-450 0 1 0 19 35 741 1.0 0.0
table-0405-159 29 6 2 34 124 1500 0.1111111111111111 1.0384024577572966
table-0405-372 26 6 0 90 77 2410 0.14285714285714285 1.161427810335642
table-0405-489 13 5 0 177 215 4819 0.125 0.25143586470963625
table-0405-677 6 4 0 4 50 1355 1.0 0.2599009900990099
table-0405-216 53 4 0 368 368 3261 0.14285714285714285 2.709528214616096
table-0405-834 20 3 20 968 491 13641 0.25 0.16472355339389172
table-0405-970 8 3 0 31718 963 2147802 0.5 0.003648610721302273
table-0405-620 7 3 6 105 274 3293 0.5 0.30794341675734493
