table_id rows cols nulls inlinks outlinks views table_imp table_fraction
table-0306-876 1 5 0 100 172 19476 0.1 0.013396375098502758
table-0306-106 18 6 0 179 154 6598 0.125 1.0266365688487584
table-0306-365 0 1 0 91 115 1250 0.5 0.0
table-0306-513 0 0 0 1528 730 135 1.0 0.0
table-0306-597 27 4 0 129 94 2812 0.2 1.6706254948535233
table-0306-13 0 1 0 178 219 92553 1.0 0.0
table-0306-765 87 3 78 40 37 1470 0.5 4.072879330943847
table-0306-240 3 7 1 92 134 3140 0.06666666666666667 0.07192374350086655
table-0306-546 1 2 1 29 36 2378 1.0 0.06312292358803986
table-0306-708 3 5 0 360 273 6469 0.2 0.13818722139673106
table-0306-35 1 2 0 10 19 1924 1.0 0.04627766599597585
table-0306-559 5 9 0 161 350 5369 0.038461538461538464 0.025196731234866827
table-0306-359 34 6 0 46 97 1304 0.09090909090909091 1.0707257072570726
table-0306-156 2 5 2 54 60 826 1.0 0.16129032258064516
table-0306-509 12 4 0 1528 730 135 1.0 0.024788654952003483
table-0306-857 4 5 4 1369 378 1516825 1.0 0.008541756283414245
table-0306-250 3 6 0 92 134 3140 0.06666666666666667 0.08232235701906412
table-0306-861 2 3 0 45 105 2250 1.0 0.03709532374100719
table-0306-944 8 3 0 0 0 0 0.0 2022.0
table-0306-141 3 6 0 90 132 3638 0.06666666666666667 0.08671875
table-0306-552 2 5 1 51 75 73321 1.0 0.027139087825103655
table-0306-734 2 3 2 76 102 1094 0.25 0.15611814345991562
table-0306-938 2 4 0 28 23 909 1.0 0.44075829383886256
table-0306-238 6 3 0 92 134 3140 0.06666666666666667 0.15771230502599654
table-0306-633 12 6 0 70 163 1485 0.1 0.8199827734711456
table-0306-681 18 5 0 408 280 6654 0.2 1.3233256351039262
table-0306-64 53 5 6 214 243 4144 0.2 0.715630190071969
table-0306-421 2 5 0 115 112 40142 0.1111111111111111 0.04447115384615385
table-0306-265 17 5 7 615 442 113269 1.0 0.04874803106838303
table-0306-410 4 3 0 0 0 0 0.0 164.0
table-0306-159 2 5 2 52 60 787 1.0 0.25504322766570603
table-0306-632 34 6 0 70 163 1485 0.1 1.4814814814814814
table-0306-741 5 3 0 424 297 6477 1.0 0.08303249097472924
table-0306-83 1 5 0 88 82 4356 0.14285714285714285 0.1102514506769826
table-0306-234 0 0 0 128 305 1249 1.0 0.0
table-0306-79 4 5 4 36 39 2624 1.0 0.25396039603960396
table-0306-863 1 3 0 42 21 1337 1.0 0.6526946107784432
table-0306-126 3 5 0 228 175 39419 0.2 0.0921409214092141
table-0306-937 4 4 4 135 133 10749 0.3333333333333333 0.18433787945446548
table-0306-413 0 1 0 42 118 2598 1.0 0.0
table-0306-124 16 6 0 228 175 39419 0.2 0.40421096518657496
table-0306-986 6 4 7 102 149 2352 0.09090909090909091 0.08115942028985507
table-0306-168 2 2 0 94 135 11367 0.06666666666666667 0.07924203273040482
table-0306-545 1 2 0 6 9 124 1.0 0.09492273730684327
table-0306-629 2 3 0 70 163 1485 0.1 0.13092161929371232
table-0306-295 3 6 0 60 92 3389 0.06666666666666667 0.076592082616179
table-0306-82 1 3 0 15 39 796 1.0 0.09730848861283643
table-0306-983 5 4 1 102 149 2352 0.09090909090909091 0.10338164251207729
table-0306-902 0 1 0 329 688 259 1.0 0.0
table-0306-529 12 7 0 261 144 105212 0.25 0.05694836460235763
table-0306-526 10 3 2 104 173 23719 0.5 0.21253822629969418
table-0306-169 3 6 0 94 135 11367 0.06666666666666667 0.10594315245478036
table-0306-868 5 3 0 71 113 1817 1.0 0.22579656862745098
table-0306-852 6 10 6 85 118 844 1.0 0.06051873198847262
table-0306-960 8 10 0 279 190 11788 0.09090909090909091 0.22007616974972796
table-0306-173 3 6 0 94 135 11367 0.06666666666666667 0.082687338501292
table-0306-412 4 3 0 0 0 0 0.0 186.0
table-0306-507 10 4 0 1528 730 135 1.0 0.01958807761918944
table-0306-640 14 8 20 42 107 932 0.14285714285714285 0.31125827814569534
table-0306-780 5 11 0 111 238 4047 0.09090909090909091 0.10240733664501338
table-0306-224 2 2 2 66 31 4103 0.5 0.036668738346799255
table-0306-33 14 3 14 117 384 2364 1.0 0.012330680920852821
table-0306-138 6 4 0 90 132 3638 0.06666666666666667 0.2390625
table-0306-364 4 2 2 91 115 1250 0.5 0.03909673070441524
table-0306-654 6 6 4 67 149 1871 0.16666666666666666 0.22697368421052633
table-0306-562 5 3 0 161 350 5369 0.038461538461538464 0.050544794188861986
table-0306-685 4 3 0 408 280 6654 0.2 0.11893764434180139
table-0306-334 4 2 0 58 104 1394 1.0 0.006709845766739667
table-0306-830 0 1 0 16 41 1998 0.5 0.0
table-0306-516 6 3 0 749 904 15714 0.3333333333333333 0.10314924691921497
table-0306-289 18 2 3 60 92 3389 0.06666666666666667 0.49225473321858865
table-0306-628 2 5 0 70 163 1485 0.1 0.17829457364341086
table-0306-195 10 3 7 87 165 1165 0.2 0.43178973717146435
table-0306-888 20 6 0 963 2673 196697 0.14285714285714285 0.10390957541939407
table-0306-668 7 7 13 50 78 1774 1.0 0.14562697576396205
table-0306-932 1 5 2 397 386 2539 1.0 0.329153605015674
table-0306-611 12 9 0 87 197 6471 0.25 3.574468085106383
table-0306-135 4 6 0 90 132 3638 0.06666666666666667 0.09453125
table-0306-193 7 11 0 248 254 64598 0.25 0.29374320757646327
table-0306-635 12 12 0 70 163 1485 0.1 0.6227390180878553
table-0306-652 34 5 0 67 149 1871 0.16666666666666666 0.8865131578947368
table-0306-183 3 4 0 42 341 84 1.0 0.7019704433497537
table-0306-286 3 4 1 60 92 3389 0.06666666666666667 0.16092943201376936
table-0306-839 2 2 2 60 87 29209 1.0 0.017384731670445956
table-0306-146 3 4 0 90 132 3638 0.06666666666666667 0.1015625
table-0306-583 4 7 0 35 253 569 0.06666666666666667 0.09008189262966333
table-0306-442 1 3 0 19 17 684 1.0 0.2689655172413793
table-0306-420 16 15 11 115 112 40142 0.1111111111111111 0.9407051282051282
table-0306-636 4 4 0 42 107 932 0.14285714285714285 0.29221854304635764
table-0306-728 25 4 0 387 241 356886 1.0 0.39411998410806515
table-0306-271 10 5 10 615 442 113269 1.0 0.021753299657813262
table-0306-892 7 4 0 49 46 813 1.0 0.29129593810444876
table-0306-707 12 5 0 360 273 6469 0.2 0.6589895988112927
table-0306-608 15 9 0 87 197 6471 0.25 4.179078014184397
table-0306-589 10 7 1 27 52 591 1.0 0.32355555555555554
table-0306-335 2 2 0 58 104 1394 1.0 0.0034947113368435766
table-0306-819 4 5 0 511 168 157169 0.3333333333333333 0.012688342585249802
table-0306-531 0 1 0 170 180 9473 0.3333333333333333 0.0
table-0306-403 115 7 96 3 266 311 1.0 8.536986301369863
table-0306-836 3 2 0 25 112 26571 0.5 0.061237373737373736
table-0306-700 2 2 2 21 35 2336 1.0 0.05383936451897617
table-0306-310 91 4 60 863 602 547117 1.0 1.0318349501297992
table-0306-627 7 3 9 145 221 1190 1.0 0.625
table-0306-332 2 3 0 799 530 321052 0.5 0.0017278527786162606
table-0306-190 4 5 8 28 53 682 1.0 0.7916666666666666
table-0306-147 3 6 0 90 132 3638 0.06666666666666667 0.06640625
table-0306-292 3 4 0 60 92 3389 0.06666666666666667 0.24010327022375216
table-0306-63 1 3 0 26 21 1126 1.0 0.17488789237668162
table-0306-107 10 5 0 179 154 6598 0.125 0.6036117381489842
table-0306-989 4 4 3 102 149 2352 0.09090909090909091 0.051690821256038647
table-0306-847 4 6 0 8 14 4090 0.5 0.07935871743486973
table-0306-898 16 4 2 136 75 961430 0.2 0.24146981627296588
table-0306-893 2 3 0 49 46 813 1.0 0.09516441005802707
table-0306-288 3 4 0 60 92 3389 0.06666666666666667 0.15748709122203097
table-0306-386 3 8 1 19 107 4827 0.125 0.2795125666412795
table-0306-269 11 3 11 615 442 113269 1.0 0.012655477703546792
table-0306-992 2 3 0 23 24 763 1.0 0.13654891304347827
table-0306-948 5 7 0 123 170 4010 0.5 0.2902408111533587
table-0306-77 19 4 12 127 159 1265 0.3333333333333333 4.91554054054054
table-0306-625 12 13 1 545 573 94975 1.0 0.3076923076923077
table-0306-237 1 3 0 234 42 12772 1.0 0.09448818897637795
table-0306-362 11 12 0 46 97 1304 0.09090909090909091 0.4022140221402214
table-0306-575 11 7 0 35 253 569 0.06666666666666667 0.2635729451016075
table-0306-864 8 2 0 32 49 17421 1.0 0.0841505852578298
table-0306-939 3 2 0 5 58 543 0.3333333333333333 0.23136818687430477
table-0306-267 2 5 0 615 442 113269 1.0 0.012546846993645104
table-0306-748 12 4 6 181 200 1047 0.3333333333333333 0.9982363315696648
table-0306-725 1 3 0 14 17 909 1.0 0.0834403080872914
table-0306-980 2 4 0 146 146 10256 0.3333333333333333 0.06555555555555556
table-0306-457 3 5 0 58 152 992 0.08333333333333333 0.14061683220073184
table-0306-459 13 12 0 58 152 992 0.08333333333333333 0.41505488761108206
table-0306-222 1 3 0 68 121 3205 1.0 0.013013196480938417
table-0306-928 13 4 13 267 152 3365 0.5 0.8107804604154969
table-0306-691 4 2 0 94 146 5536 0.5 0.17543859649122806
table-0306-449 14 5 10 6 25 841 0.5 1.6160714285714286
table-0306-187 1 2 0 19 58 605 0.16666666666666666 0.027586206896551724
table-0306-27 9 6 0 51 120 1145 0.5 0.865814696485623
table-0306-805 7 2 0 446 472 19844 0.25 0.014105676956873626
table-0306-951 5 7 0 125 202 3830 0.5 0.6918429003021148
table-0306-464 3 9 0 58 152 992 0.08333333333333333 0.20961840041819133
table-0306-280 13 6 0 53 41 1405 0.5 3.1095100864553316
table-0306-313 0 1 0 42 341 8217 0.5 0.0
table-0306-732 16 4 8 76 102 1094 0.25 1.1012658227848102
table-0306-572 0 0 0 161 350 5369 0.038461538461538464 0.0
table-0306-247 3 4 0 92 134 3140 0.06666666666666667 0.1733102253032929
table-0306-14 5 4 4 7 20 784 0.5 0.7579737335834896
table-0306-995 1 4 0 232 132 946495 0.25 0.029778786159954624
table-0306-67 15 2 0 214 243 4144 0.2 0.05886694962170142
table-0306-912 0 1 0 297 295 97708 0.1 0.0
table-0306-807 6 9 8 255 244 20616 0.5 0.10563961485557084
table-0306-614 16 4 0 7 4 874 1.0 12.173333333333334
table-0306-471 0 1 0 101 107 2601 0.5 0.0
table-0306-305 0 1 0 18 26 1384 1.0 0.0
table-0306-722 3 3 2 3 14 405 0.5 0.7373271889400922
table-0306-139 20 2 3 90 132 3638 0.06666666666666667 0.38984375
table-0306-729 10 4 7 387 241 356886 1.0 0.1567342073897497
table-0306-294 3 4 0 60 92 3389 0.06666666666666667 0.20051635111876076
table-0306-602 9 9 5 87 197 6471 0.25 2.3120567375886525
table-0306-957 7 6 14 17 27 1589 1.0 0.7134831460674157
table-0306-810 10 7 5 150 97 10558 1.0 0.16168941979522183
table-0306-155 7 3 3 137 229 8782 0.2 0.04059079800233769
table-0306-946 1 2 1 123 170 4010 0.5 0.0012674271229404308
table-0306-400 52 4 0 31 26 18048 1.0 33.694749694749696
table-0306-523 0 1 0 175 176 5693 0.3333333333333333 0.0
table-0306-663 9 7 14 50 78 1774 1.0 0.18777660695468915
table-0306-791 1 1 0 121 126 953 1.0 0.05565529622980251
table-0306-798 0 1 0 60 132 172 1.0 0.0
table-0306-349 2 2 0 69 158 1110 0.1111111111111111 0.15076923076923077
table-0306-99 11 6 0 191 150 11904 0.2 0.37496499579949594
table-0306-103 13 4 0 1462 502 768733 0.3333333333333333 0.017427574387247312
table-0306-201 4 8 2 21 51 467 0.2 0.11286307053941909
table-0306-733 6 4 3 76 102 1094 0.25 0.46624472573839665
table-0306-408 4 3 0 0 0 0 0.0 124.0
table-0306-336 1 2 0 58 104 1394 1.0 0.0011183076277899446
table-0306-478 0 1 0 109 134 4453 0.5 0.0
table-0306-144 3 4 0 90 132 3638 0.06666666666666667 0.13671875
table-0306-424 15 3 1 115 112 40142 0.1111111111111111 0.21674679487179488
table-0306-158 2 5 2 59 60 966 1.0 0.23240371845949534
table-0306-104 4 5 0 1462 502 768733 0.3333333333333333 0.005554523116314605
table-0306-203 4 3 0 5 18 1324 0.3333333333333333 0.20045558086560364
table-0306-337 1 3 0 4 15 751 1.0 0.050522648083623695
table-0306-215 4 5 8 28 54 960 1.0 0.8849206349206349
table-0306-54 7 5 0 5 38 2326 0.5 0.3789757412398922
table-0306-981 0 1 0 206 149 23061 1.0 0.0
table-0306-465 10 9 0 58 152 992 0.08333333333333333 0.7443805541035023
table-0306-225 1 2 0 6 23 1095 1.0 0.018945634266886325
table-0306-574 7 2 0 35 253 569 0.06666666666666667 0.08856536245071277
table-0306-815 13 5 0 353 197 9274 0.2 0.6382445141065831
table-0306-425 1 4 0 84 103 1515 1.0 0.04974271012006861
table-0306-164 6 4 0 94 135 11367 0.06666666666666667 0.3333333333333333
table-0306-55 24 8 11 101 163 13428 0.5 0.8155639355502229
table-0306-500 1 3 0 15 23 2521 1.0 0.1819571865443425
table-0306-404 49 8 50 3 266 311 1.0 3.6780821917808217
table-0306-357 4 2 0 46 97 1304 0.09090909090909091 0.0953259532595326
table-0306-649 4 4 0 67 149 1871 0.16666666666666666 0.32319078947368424
table-0306-302 11 2 0 1410 397 674 1.0 0.3120879120879121
table-0306-527 4 8 0 261 144 105212 0.25 0.02216503403619459
table-0306-447 0 1 0 66 223 25949 1.0 0.0
table-0306-122 20 21 20 110 140 1501 1.0 4.529113924050633
table-0306-241 3 4 0 92 134 3140 0.06666666666666667 0.13778162911611785
table-0306-179 3 4 2 42 341 93 1.0 0.6551724137931034
table-0306-184 4 5 6 27 48 714 1.0 1.2654867256637168
table-0306-58 4 6 8 26 30 5940 0.5 0.14730878186968838
table-0306-860 0 1 0 1369 378 1516825 1.0 0.0
table-0306-882 3 4 0 100 172 19476 0.1 0.045705279747832936
table-0306-441 16 5 16 784 412 18290 0.5 0.13491087891825446
table-0306-42 16 6 38 45 61 3109 1.0 3.619298245614035
table-0306-662 3 3 3 34 16 751 0.5 0.2725694444444444
table-0306-940 24 6 35 5 58 543 0.3333333333333333 2.747497219132369
table-0306-320 1 3 0 5 18 1496 0.25 0.035752979414951244
table-0306-717 8 6 2 9765 1420 958693 0.25 0.005013816482921688
table-0306-366 18 3 0 511 500 7444 0.2 0.4903314917127072
table-0306-170 3 4 0 94 135 11367 0.06666666666666667 0.20930232558139536
table-0306-137 4 6 0 90 132 3638 0.06666666666666667 0.08203125
table-0306-752 2 3 2 356 378 1362 0.25 0.2630480167014614
table-0306-537 0 1 0 181 218 19591 0.3333333333333333 0.0
table-0306-931 6 10 5 86 117 822 1.0 0.10801963993453355
table-0306-781 16 11 0 111 238 4047 0.09090909090909091 0.42453190676346964
table-0306-45 5 13 1 324 289 1452056 1.0 0.038744154976619906
table-0306-505 11 4 0 1528 730 135 1.0 0.023391142981511605
table-0306-901 15 4 8 136 75 961430 0.2 0.17346695299451204
table-0306-753 3 3 0 49 55 2031 0.5 0.26036866359447003
table-0306-720 9 2 0 138 146 63462 0.3333333333333333 0.21409121851599727
table-0306-630 1 3 0 70 163 1485 0.1 0.08871662360034453
table-0306-605 5 8 0 87 197 6471 0.25 0.5212765957446809
table-0306-389 3 9 0 19 107 4827 0.125 0.5011424219345011
table-0306-304 8 11 0 530 389 34822 0.3333333333333333 0.09688412852969815
table-0306-790 4 11 2 121 126 953 1.0 0.4380610412926391
table-0306-769 8 4 4 45 48 986 1.0 0.7553299492385787
table-0306-398 52 4 0 31 26 18048 1.0 32.02686202686203
table-0306-903 52 3 0 41 57 1212 0.5 21.442477876106196
table-0306-993 37 4 28 232 132 946495 0.25 0.473908111174135
table-0306-967 6 19 34 279 190 11788 0.09090909090909091 0.1338411316648531
table-0306-767 10 4 0 300 241 4557 0.14285714285714285 0.05185929648241206
table-0306-754 9 3 0 224 282 4599 0.09090909090909091 0.28766455387615797
table-0306-573 29 4 29 161 350 5369 0.038461538461538464 0.1239406779661017
table-0306-331 1 3 0 12 42 1841 1.0 0.036632039365773646
table-0306-789 4 11 3 121 126 953 1.0 0.3267504488330341
table-0306-192 14 4 4 1723 356 834416 0.5 0.006623309260663129
table-0306-656 1 3 0 51 57 1433 1.0 0.16181229773462782
table-0306-131 22 4 8 49 127 2801 0.25 0.3706858890345129
table-0306-463 7 8 0 58 152 992 0.08333333333333333 0.1970726607422896
table-0306-874 1 2 0 25 34 822 1.0 0.045275590551181105
table-0306-770 2 3 0 45 48 986 1.0 0.25279187817258886
table-0306-626 3 13 1 545 573 94975 1.0 0.06121343445287107
table-0306-641 3 6 2 42 107 932 0.14285714285714285 0.11589403973509933
table-0306-917 7 6 4 19 49 29281 0.5 0.1839223494275759
table-0306-256 15 4 4 71 111 2405 1.0 0.27314814814814814
table-0306-36 3 3 0 92 186 2079 1.0 0.043297028371655236
table-0306-59 0 0 0 26 30 5940 0.5 0.0
table-0306-972 8 6 0 321 35 10741 0.5 0.17836644591611478
table-0306-371 14 4 0 511 500 7444 0.2 0.3370165745856354
table-0306-584 10 7 0 35 253 569 0.06666666666666667 0.23445556566575676
table-0306-469 7 5 0 96 122 1842 0.3333333333333333 0.21170864533696393
table-0306-771 8 11 0 119 140 1113 1.0 1.0547045951859957
table-0306-20 1 2 0 90 729 24912 1.0 0.041584158415841586
table-0306-419 1 2 0 115 112 40142 0.1111111111111111 0.027243589743589744
table-0306-61 2 12 0 151 148 8604 1.0 0.14816190122539918
table-0306-50 4 2 2 17 23 2084 1.0 0.04401695467883926
table-0306-297 3 6 0 60 92 3389 0.06666666666666667 0.08864027538726334
table-0306-696 13 14 13 300 517 2574 0.3333333333333333 0.24734785036292575
table-0306-514 11 4 0 1528 730 135 1.0 0.021581250429563107
table-0306-845 22 3 0 221 292 31111 0.5 0.049575070821529746
table-0306-890 1 3 0 112 138 1544 1.0 0.10622710622710622
table-0306-823 1 3 0 168 139 48318 0.08333333333333333 0.0789838337182448
table-0306-4 18 6 9 24 236 1991 0.125 0.8208955223880597
table-0306-233 90 1 0 128 305 1249 1.0 2.080616478956728
table-0306-21 3 2 0 90 729 24912 1.0 0.19801980198019803
table-0306-172 3 4 0 94 135 11367 0.06666666666666667 0.1024978466838932
table-0306-534 4 9 0 181 218 19591 0.3333333333333333 0.13907657657657657
table-0306-462 1 3 0 58 152 992 0.08333333333333333 0.024568740198640877
table-0306-496 6 2 0 183 293 4648 0.2 0.00899708917703096
table-0306-22 6 2 0 90 729 24912 1.0 0.5366336633663367
table-0306-28 6 6 0 48 115 1380 0.5 0.45108695652173914
table-0306-907 3 7 0 297 295 97708 0.1 0.043392204628501824
table-0306-221 8 2 3 24 44 27477 1.0 0.13649425287356323
table-0306-667 10 7 14 50 78 1774 1.0 0.22170706006322444
table-0306-217 4 5 8 28 48 727 1.0 0.5071225071225072
table-0306-140 2 2 0 90 132 3638 0.06666666666666667 0.0515625
table-0306-76 2 2 1 9 11 850 1.0 0.058343057176196034
table-0306-397 7 4 0 465 102 7659 1.0 1.1631463947560088
table-0306-368 18 12 21 511 500 7444 0.2 0.6163674033149171
table-0306-318 2 2 0 5 18 1496 0.25 0.020223907547851208
table-0306-388 12 12 0 19 107 4827 0.125 1.1355674028941356
table-0306-327 8 5 0 90 112 3469 0.3333333333333333 0.30057803468208094
table-0306-895 5 4 0 112 183 5550 0.25 0.1080368906455863
table-0306-143 3 6 0 90 132 3638 0.06666666666666667 0.06953125
table-0306-69 6 12 0 45 75 7679 0.25 0.03301384451544196
table-0306-426 0 1 0 18 40 1301 1.0 0.0
table-0306-519 5 9 0 183 225 15775 0.25 0.18625678119349007
table-0306-570 5 22 23 161 350 5369 0.038461538461538464 0.025423728813559324
table-0306-909 10 5 0 297 295 97708 0.1 0.09546285018270402
table-0306-489 23 4 0 727 227 31246 0.3333333333333333 0.16340042372881355
table-0306-690 26 3 0 463 273 351 1.0 0.3334863438145513
table-0306-330 9 2 0 13 20 6016 0.5 0.2965641952983725
table-0306-759 20 2 0 224 282 4599 0.09090909090909091 0.401267674305217
table-0306-855 7 3 0 180 177 39606 1.0 0.00897884644650738
table-0306-880 2 5 0 100 172 19476 0.1 0.03335960073548726
table-0306-595 1 2 0 28 38 824 1.0 0.03054448871181939
table-0306-277 42 4 0 481 213 15501 0.125 2.14387699066447
table-0306-977 4 5 8 27 55 1648 0.5 0.3548387096774194
table-0306-671 7 3 0 50 78 1774 1.0 0.05985247629083246
table-0306-446 3 3 0 24 34 635 1.0 0.1362665527552328
table-0306-677 1 2 0 194 210 98975 0.16666666666666666 0.002529510961214165
table-0306-495 5 2 0 183 293 4648 0.2 0.005336508776572286
table-0306-585 11 7 0 35 253 569 0.06666666666666667 0.2529572338489536
table-0306-19 6 2 0 90 729 24912 1.0 0.44752475247524753
table-0306-990 6 4 7 102 149 2352 0.09090909090909091 0.09951690821256039
table-0306-113 9 5 0 169 149 4466 0.2 0.6068796068796068
table-0306-678 1 2 0 194 210 98975 0.16666666666666666 0.002318718381112985
table-0306-185 10 7 1 19 58 605 0.16666666666666666 0.1482758620689655
table-0306-958 8 5 16 17 27 1589 1.0 0.6615168539325843
table-0306-112 19 6 0 169 149 4466 0.2 1.1857493857493857
table-0306-200 10 7 1 21 51 467 0.2 0.24896265560165975
table-0306-206 9 5 0 29 28 3834 0.14285714285714285 0.17952380952380953
table-0306-160 2 5 2 54 60 988 1.0 0.15309734513274337
table-0306-651 7 8 0 67 149 1871 0.16666666666666666 0.3100328947368421
table-0306-328 6 7 8 90 112 3469 0.3333333333333333 0.23049132947976878
table-0306-493 1 3 0 189 239 22886 0.5 0.005952380952380952
table-0306-392 20 4 0 19 107 4827 0.125 1.2437166793602437
table-0306-631 7 8 0 70 163 1485 0.1 0.3496985357450474
table-0306-885 1 1 0 90 67 6047 0.5 0.013458950201884253
table-0306-687 0 1 0 8 15 1810 1.0 0.0
table-0306-581 10 8 0 35 253 569 0.06666666666666667 0.15498938428874734
table-0306-211 18 4 18 42 341 229 1.0 2.7807881773399017
table-0306-528 5 6 0 261 144 105212 0.25 0.026066744147434835
table-0306-612 15 9 0 87 197 6471 0.25 4.315602836879433
table-0306-208 8 6 0 29 28 3834 0.14285714285714285 0.16714285714285715
table-0306-125 4 5 0 228 175 39419 0.2 0.11819887429643527
table-0306-484 1 2 1 202 336 12699 0.5 0.031825795644891124
table-0306-148 2 2 2 7 10 505 0.5 0.07490144546649145
table-0306-592 1 1 0 27 55 1064 1.0 0.0050150451354062184
table-0306-355 2 3 0 46 97 1304 0.09090909090909091 0.1008610086100861
table-0306-307 2 11 1 518 323 38891 0.5 0.010705230538078692
table-0306-921 4 8 0 69 110 2992 0.5 0.020633850303438974
table-0306-979 30 2 0 146 146 10256 0.3333333333333333 0.37777777777777777
table-0306-866 1 3 0 64 118 2981 1.0 0.014968336211859529
table-0306-323 1 2 1 8 40 5969 0.5 0.01080773606370876
table-0306-333 3 2 0 58 104 1394 1.0 0.004799403569265179
table-0306-703 2 6 0 32 58 10023 0.2 0.03394546466332777
table-0306-252 3 6 0 92 134 3140 0.06666666666666667 0.05719237435008666
table-0306-710 4 3 0 360 273 6469 0.2 0.07726597325408618
table-0306-719 11 5 11 54 99 57252 0.5 0.07999220222236662
table-0306-835 13 2 4 25 112 26571 0.5 0.24684343434343434
table-0306-472 4 5 0 101 107 2601 0.5 0.1584938704028021
table-0306-797 17 7 65 53 84 9300 0.3333333333333333 0.21770436255823802
table-0306-498 4 4 2 516 117 178594 0.3333333333333333 0.019498607242339833
table-0306-163 4 7 1 94 135 11367 0.06666666666666667 0.11714039621016366
table-0306-914 5 2 0 63 92 5074 0.25 0.0036101083032490976
table-0306-699 13 4 4 300 517 2574 0.3333333333333333 0.29704075935231716
table-0306-205 15 5 0 29 28 3834 0.14285714285714285 0.2857142857142857
table-0306-308 0 1 0 14 13 3612 1.0 0.0
table-0306-380 3 5 0 33 101 1060 0.2 0.028532141629425918
table-0306-253 3 5 2 33 38 1400 0.5 0.16463022508038586
table-0306-511 5 9 8 1528 730 135 1.0 0.018144745584091272
table-0306-338 21 8 42 189 168 262 1.0 3.753358925143954
table-0306-396 1 14 0 565 322 697835 1.0 0.009260450160771705
table-0306-94 23 4 28 171 455 2573 0.16666666666666666 0.10344827586206896
table-0306-81 4 2 0 355 260 27037 0.3333333333333333 0.026750242782731526
table-0306-230 17 7 8 128 305 1249 1.0 0.30409010077059867
table-0306-279 0 1 0 95 83 9993 1.0 0.0
table-0306-906 6 10 0 297 295 97708 0.1 0.09013398294762484
table-0306-812 0 1 0 60 138 992 1.0 0.0
table-0306-451 7 2 0 39 45 4408 1.0 0.12041210560206053
table-0306-953 1 3 0 42 116 982 1.0 0.01080793763288448
table-0306-390 10 3 10 19 107 4827 0.125 0.16831683168316833
table-0306-715 7 5 0 78 167 24575 0.25 0.0674794442869294
table-0306-821 8 13 4 168 139 48318 0.08333333333333333 0.4789838337182448
table-0306-329 20 9 20 188 45 72702 0.3333333333333333 1.5304101838755304
table-0306-98 2 1 0 191 150 11904 0.2 0.014561747409689163
table-0306-858 26 4 1 1369 378 1516825 1.0 0.1190929760953727
table-0306-579 4 4 0 35 253 569 0.06666666666666667 0.030330603579011222
table-0306-766 10 4 0 300 241 4557 0.14285714285714285 0.054271356783919596
table-0306-440 4 5 2 36 58 1920 0.5 0.053597552866072616
table-0306-110 3 2 0 216 145 6656 0.5 0.21153846153846154
table-0306-744 8 4 1 90 106 918 0.3333333333333333 0.47735191637630664
table-0306-621 2 4 0 30 23 4347 0.2 0.04243008678881389
table-0306-358 7 8 0 46 97 1304 0.09090909090909091 0.24969249692496925
table-0306-856 44 4 17 1369 378 1516825 1.0 0.18705831745836662
table-0306-492 8 2 2 189 239 22886 0.5 0.05925324675324675
table-0306-904 1 3 0 12 22 1391 1.0 0.0645313235986811
table-0306-871 3 3 0 20 46 2993 1.0 0.05540946656649136
table-0306-622 1 3 0 30 23 4347 0.2 0.03037608486017358
table-0306-837 2 3 2 25 112 26571 0.5 0.03156565656565657
table-0306-669 7 6 12 50 78 1774 1.0 0.13740779768177028
table-0306-44 7 6 0 324 289 1452056 1.0 0.00918503674014696
table-0306-911 11 6 0 297 295 97708 0.1 0.13109013398294764
table-0306-2 16 6 0 24 236 1991 0.125 0.7425373134328358
table-0306-92 18 3 1 35 61 498 1.0 7.190184049079755
table-0306-747 6 2 0 112 146 70323 0.5 0.052956010086859066
table-0306-383 15 12 0 33 101 1060 0.2 0.3293227913372293
table-0306-100 5 5 0 191 150 11904 0.2 0.17698123774852983
table-0306-91 2 7 0 24 40 2369 0.5 0.0663868752384586
table-0306-161 6 3 0 94 135 11367 0.06666666666666667 0.14900947459086994
table-0306-268 15 5 15 615 442 113269 1.0 0.049019607843137254
table-0306-342 10 2 6 65 93 6364 1.0 0.27749747729566093
table-0306-820 5 5 4 511 168 157169 0.3333333333333333 0.02732873787592265
table-0306-945 3 4 3 71 54 1517 0.5 0.13491379310344828
table-0306-975 9 5 18 27 55 1648 0.5 0.71712158808933
table-0306-962 11 5 0 279 190 11788 0.09090909090909091 0.190968443960827
table-0306-214 0 1 0 381 559 293 1.0 0.0
table-0306-854 1 3 0 53 83 9865 1.0 0.01938124473335741
table-0306-57 2 9 4 304 686 186233 0.3333333333333333 0.028711056811240074
table-0306-919 0 1 0 6 16 367 1.0 0.0
table-0306-599 102 13 179 99 167 2081 0.3333333333333333 12.844543356412792
table-0306-243 6 4 0 92 134 3140 0.06666666666666667 0.3197573656845754
table-0306-793 0 1 0 79 219 1159 1.0 0.0
table-0306-34 0 1 0 30 115 2130 1.0 0.0
table-0306-488 2 2 2 1897 289 130579 0.5 0.0010668735754813055
table-0306-607 2 9 0 87 197 6471 0.25 0.549645390070922
table-0306-705 8 6 0 32 58 10023 0.2 0.22537562604340566
table-0306-963 10 5 0 279 190 11788 0.09090909090909091 0.19069640914036998
table-0306-264 21 2 0 382 227 209631 0.2 0.1936051159072742
table-0306-638 7 8 0 42 107 932 0.14285714285714285 0.3360927152317881
table-0306-78 26 4 3 127 159 1265 0.3333333333333333 7.577702702702703
table-0306-367 28 6 0 511 500 7444 0.2 1.8995165745856353
table-0306-831 2 4 0 16 41 1998 0.5 0.10103626943005181
table-0306-80 2 3 0 9 31 330 1.0 0.0736196319018405
table-0306-615 16 4 0 7 4 874 1.0 10.986666666666666
table-0306-348 2 3 1 69 158 1110 0.1111111111111111 0.16307692307692306
table-0306-430 1 3 0 1131 299 11275 1.0 0.011248242462115294
table-0306-166 6 4 0 94 135 11367 0.06666666666666667 0.3496985357450474
table-0306-188 4 5 8 27 46 687 1.0 1.0394088669950738
table-0306-3 30 6 4 24 236 1991 0.125 1.5948827292110874
table-0306-370 18 19 18 511 500 7444 0.2 0.5707872928176796
table-0306-339 6 3 0 478 403 14109 1.0 0.018408941485864562
table-0306-248 3 6 0 92 134 3140 0.06666666666666667 0.07625649913344887
table-0306-586 6 7 0 35 253 569 0.06666666666666667 0.14285714285714285
table-0306-300 0 1 0 403 525 251 1.0 0.0
table-0306-231 19 5 10 128 305 1249 1.0 0.5649081209247184
table-0306-432 2 26 0 118 203 4182 0.125 0.4001919385796545
table-0306-848 3 4 0 28 36 841 1.0 0.21798561151079138
table-0306-613 1 2 1 26 35 1210 1.0 0.026170798898071626
table-0306-142 3 4 0 90 132 3638 0.06666666666666667 0.16953125
table-0306-776 1 3 1 264 298 1332 0.3333333333333333 0.03296232876712329
table-0306-266 9 4 7 615 442 113269 1.0 0.02112867307587855
table-0306-204 3 5 3 5 18 1324 0.3333333333333333 0.20273348519362186
table-0306-925 6 3 0 56 59 2079 0.3333333333333333 0.01621271076523995
table-0306-340 1 3 0 6 19 603 1.0 0.07156862745098039
table-0306-41 5 4 9 7 28 1106 0.5 1.1825726141078838
table-0306-954 4 5 2 31 55 3498 1.0 0.21514423076923078
table-0306-72 6 4 0 919 269 163078 0.3333333333333333 0.03963817894781756
table-0306-959 12 4 12 207 138 2277 0.5 1.8643578643578644
table-0306-345 2 3 0 27 52 2561 1.0 0.23344191096634093
table-0306-494 5 3 0 189 239 22886 0.5 0.18371212121212122
table-0306-363 12 10 0 91 115 1250 0.5 0.19716885743174925
table-0306-965 13 6 0 279 190 11788 0.09090909090909091 0.28264417845484224
table-0306-236 5 4 4 8 17 2258 0.5 0.25439212930428673
table-0306-566 16 10 0 161 350 5369 0.038461538461538464 0.08338377723970944
table-0306-758 11 4 11 224 282 4599 0.09090909090909091 0.4202827888834715
table-0306-801 2 3 0 224 337 7899 1.0 0.16969353007945517
table-0306-916 4 2 0 63 92 5074 0.25 0.029138731304796286
table-0306-406 5 3 0 0 0 0 0.0 137.0
table-0306-477 30 11 39 728 919 10864 0.5 0.526167698368036
table-0306-905 2 22 0 297 295 97708 0.1 0.015377588306942754
table-0306-730 60 3 35 49 28 1079 0.5 1.3210374639769453
table-0306-391 3 3 0 19 107 4827 0.125 0.17364813404417365
table-0306-539 3 3 0 153 91 48005 0.2 0.02329842931937173
table-0306-618 1 2 0 14 30 3154 0.3333333333333333 0.008673469387755102
table-0306-947 14 5 0 123 170 4010 0.5 1.1761723700887199
table-0306-429 9 3 1 1131 299 11275 1.0 0.05764724261834089
table-0306-433 3 21 0 118 203 4182 0.125 0.5428662827895073
table-0306-275 41 4 0 481 213 15501 0.125 2.257550796265788
table-0306-46 4 13 1 324 289 1452056 1.0 0.028891115564462257
table-0306-508 10 4 0 1528 730 135 1.0 0.019885908039130335
table-0306-899 10 4 1 136 75 961430 0.2 0.22858506323073252
table-0306-775 6 3 5 264 298 1332 0.3333333333333333 0.2525684931506849
table-0306-517 19 2 0 18 56 5301 1.0 0.17077844311377247
table-0306-220 110 7 279 603 595 119685 0.5 31.265463917525775
table-0306-245 2 2 0 92 134 3140 0.06666666666666667 0.07105719237435008
table-0306-657 25 3 0 79 115 927 0.5 1.6511627906976745
table-0306-941 20 6 0 883 2985 133304 0.16666666666666666 0.06156199428052052
table-0306-40 1 1 0 20 24 1726 0.3333333333333333 0.09900990099009901
table-0306-435 1 7 0 118 203 4182 0.125 0.04286628278950736
table-0306-466 12 9 0 58 152 992 0.08333333333333333 0.8855201254573968
table-0306-549 1 3 0 53 56 2554 0.5 0.2355848434925865
table-0306-314 8 4 6 185 221 2152 1.0 0.1547433903576983
table-0306-474 4 5 0 100 115 2481 0.5 0.1231933929800413
table-0306-929 6 4 3 13 42 5028 0.5 0.34967012252591895
table-0306-731 3 3 2 3 13 360 0.5 0.6394230769230769
table-0306-606 16 6 6 87 197 6471 0.25 1.301418439716312
table-0306-116 11 6 0 137 125 3547 0.2 0.6006899525657611
table-0306-316 1 3 0 16 9 988 1.0 0.1590909090909091
table-0306-648 16 12 0 71 151 1200 0.1111111111111111 0.8222591362126246
table-0306-727 32 4 31 387 241 356886 1.0 0.32022248708780293
table-0306-210 146 6 441 780 671 275247 0.125 12.973049645390072
table-0306-434 2 16 2 118 203 4182 0.125 0.291106845809341
table-0306-259 2 3 0 67 104 7490 1.0 0.02482142857142857
table-0306-520 5 9 0 172 245 7171 0.25 0.13373493975903614
table-0306-716 2 1 0 9765 1420 958693 0.25 0.001054040965159673
table-0306-862 2 2 0 11 24 133 1.0 0.21597633136094674
table-0306-561 9 3 0 161 350 5369 0.038461538461538464 0.10086259079903148
table-0306-153 13 4 8 137 229 8782 0.2 0.0763999574965466
table-0306-913 1 3 0 9 14 796 1.0 0.1280241935483871
table-0306-742 4 3 0 424 297 6477 1.0 0.12154031287605295
table-0306-476 3 13 0 2267 416 65443 0.25 0.029284079248559476
table-0306-119 2 2 2 5 18 2038 0.5 0.08484848484848485
table-0306-178 2 5 2 54 59 955 1.0 0.1961451247165533
table-0306-65 10 8 10 214 243 4144 0.2 0.2764347665620963
table-0306-580 1 4 0 35 253 569 0.06666666666666667 0.010009099181073703
table-0306-395 8 13 1 565 322 697835 1.0 0.04565916398713826
table-0306-182 4 5 6 29 51 1101 1.0 0.8726114649681529
table-0306-550 15 2 0 51 75 73321 1.0 0.34602336977007164
table-0306-475 1 1 0 2267 416 65443 0.25 0.0002762648985713158
table-0306-458 6 9 0 58 152 992 0.08333333333333333 0.46732880292733925
table-0306-263 1 2 1 7 26 1868 1.0 0.012297734627831715
table-0306-228 26 3 25 341 327 1970 0.5 0.40122767857142855
table-0306-709 5 3 0 360 273 6469 0.2 0.0512630014858841
table-0306-132 0 1 0 49 127 2801 0.25 0.0
table-0306-872 1 4 0 166 181 11232 0.5 0.07307249712313003
table-0306-11 76 4 59 549 340 563130 0.25 1.2886356996786446
table-0306-949 1 2 1 125 202 3830 0.5 0.0030211480362537764
table-0306-522 5 9 0 175 176 5693 0.3333333333333333 0.14016288041148736
table-0306-409 418 5 40 12 624 3040 0.5 28.17113223854797
table-0306-381 7 8 0 33 101 1060 0.2 0.13956686146442077
table-0306-470 0 1 0 96 122 1842 0.3333333333333333 0.0
table-0306-298 4 3 0 163 57 70372 0.5 0.07687735288290073
table-0306-984 5 4 5 102 149 2352 0.09090909090909091 0.08357487922705314
table-0306-62 2 4 0 26 21 1126 1.0 0.22122571001494767
table-0306-261 38 14 33 100 249 9875 0.3333333333333333 2.0762362637362637
table-0306-26 4 2 0 90 729 24912 1.0 0.23564356435643563
table-0306-399 52 4 0 31 26 18048 1.0 29.36141636141636
table-0306-105 2 1 0 179 154 6598 0.125 0.023927765237020317
table-0306-194 4 7 0 248 254 64598 0.25 0.10029498525073746
table-0306-52 6 2 6 26 153 9864 0.3333333333333333 0.07560935168297131
table-0306-930 6 10 5 86 117 822 1.0 0.1039279869067103
table-0306-129 10 7 10 51 53 3069 0.5 1.0660980810234542
table-0306-257 2 2 2 2445 348 77553 0.3333333333333333 0.00267379679144385
table-0306-375 6 8 0 88 213 4078 0.08333333333333333 0.10686333534015653
table-0306-417 10 2 0 67 275 13445 0.3333333333333333 0.03198599618077658
table-0306-982 1 5 0 102 149 2352 0.09090909090909091 0.04154589371980676
table-0306-809 0 1 0 62 146 1017 1.0 0.0
table-0306-497 2 5 4 102 154 2503 1.0 0.18876404494382024
table-0306-344 4 5 3 15 35 625 1.0 0.39687267311988084
table-0306-587 8 7 0 35 253 569 0.06666666666666667 0.16954807400667274
table-0306-563 3 2 0 161 350 5369 0.038461538461538464 0.014527845036319613
table-0306-997 1 3 0 69 51 2164 1.0 0.011566507417651497
table-0306-922 2 2 1 43 97 1601 1.0 0.04837364470391994
table-0306-600 22 4 0 99 167 2081 0.3333333333333333 0.3580613254203759
table-0306-503 11 4 0 1528 730 135 1.0 0.024307544273637426
table-0306-175 3 6 0 94 135 11367 0.06666666666666667 0.08010335917312661
table-0306-377 16 2 16 88 213 4078 0.08333333333333333 0.1321493076459964
table-0306-692 12 2 0 447 375 165012 0.16666666666666666 0.026064030131826742
table-0306-89 1 5 0 238 244 9813 0.0625 0.024070945945945946
table-0306-778 2 3 2 12 36 3389 0.5 0.03111111111111111
table-0306-15 1 2 0 90 729 24912 1.0 0.033663366336633666
table-0306-74 2 2 0 6 5 221 1.0 0.4370860927152318
table-0306-533 1 1 1 181 218 19591 0.3333333333333333 0.0
table-0306-616 7 3 0 193 197 13315 1.0 0.12529864613750996
table-0306-485 11 4 0 202 336 12699 0.5 1.2462311557788945
table-0306-382 34 5 0 33 101 1060 0.2 0.5551735991749742
table-0306-53 3 2 3 26 153 9864 0.3333333333333333 0.0331619963521804
table-0306-816 1 5 0 353 197 9274 0.2 0.025705329153605017
table-0306-543 5 5 0 35 61 1473 0.5 0.16282722513089004
table-0306-536 6 5 0 181 218 19591 0.3333333333333333 0.11936936936936937
table-0306-356 1 3 0 46 97 1304 0.09090909090909091 0.04551045510455105
table-0306-49 8 3 0 17 15 6747 0.5 0.08316673330667733
table-0306-988 5 4 5 102 149 2352 0.09090909090909091 0.06231884057971015
table-0306-151 2 5 4 55 72 1609 1.0 0.05604483586869496
table-0306-282 6 6 3 208 150 4310 0.5 0.46176256372906044
table-0306-10 11 4 2 162 167 2521 0.5 0.41541755888650966
table-0306-384 27 3 1 439 298 126884 1.0 0.10343130675971905
table-0306-591 7 2 0 27 52 591 1.0 0.25244444444444447
table-0306-167 20 2 3 94 135 11367 0.06666666666666667 0.48751076658053405
table-0306-970 4 5 1 120 151 119354 0.5 0.053392399160643506
table-0306-991 7 4 8 102 149 2352 0.09090909090909091 0.09855072463768116
table-0306-460 2 3 0 58 152 992 0.08333333333333333 0.07370622059592263
table-0306-202 5 2 0 21 51 467 0.2 0.16099585062240665
table-0306-468 20 3 0 292 140 22984 0.5 0.09745930924970227
table-0306-246 3 6 0 92 134 3140 0.06666666666666667 0.08838821490467938
table-0306-219 5 2 1 90 97 24024 0.5 0.025583982202447165
table-0306-689 16 13 62 210 208 41101 0.3333333333333333 0.9487525286581254
table-0306-588 9 7 0 35 253 569 0.06666666666666667 0.20533818622990596
table-0306-115 2 1 0 137 125 3547 0.2 0.02242345838723588
table-0306-216 4 5 8 25 49 786 1.0 0.5971223021582733
table-0306-578 3 9 0 35 253 569 0.06666666666666667 0.03397027600849257
table-0306-437 22 4 0 915 373 35506 0.3333333333333333 0.12255593630316468
table-0306-372 6 3 0 406 277 375072 0.5 0.030106940944077377
table-0306-867 9 3 11 71 113 1817 1.0 0.22212009803921567
table-0306-675 22 2 0 194 210 98975 0.16666666666666666 0.08790050590219224
table-0306-191 4 5 6 27 46 835 1.0 1.0775193798449612
table-0306-232 90 4 0 128 305 1249 1.0 5.053941908713693
table-0306-686 0 1 0 16 21 2306 1.0 0.0
table-0306-838 3 3 0 125 146 10188 1.0 0.13218390804597702
table-0306-745 3 3 4 90 106 918 0.3333333333333333 0.18292682926829268
table-0306-553 2 3 0 51 75 73321 1.0 0.05653976630229928
table-0306-197 3 3 3 87 165 1165 0.2 0.11639549436795996
table-0306-84 14 4 9 185 246 2917 1.0 0.15047242984064307
table-0306-738 3 3 3 94 118 1024 0.3333333333333333 0.18297101449275363
table-0306-427 3 4 3 10 36 2123 0.5 0.06284153005464481
table-0306-186 3 8 2 19 58 605 0.16666666666666666 0.052298850574712646
table-0306-86 11 4 0 231 150 760866 0.3333333333333333 0.09555371444352388
table-0306-436 2 3 0 116 114 4221 1.0 0.2048780487804878
table-0306-438 8 6 0 49 94 2208 0.3333333333333333 0.020768431983385256
table-0306-813 1 1 0 833 313 231497 1.0 0.000787746170678337
table-0306-283 6 3 0 60 92 3389 0.06666666666666667 0.14888123924268504
table-0306-556 26 3 8 93 72 73992 0.2 0.17346998880838782
table-0306-844 6 2 4 221 292 31111 0.5 0.023135033050047216
table-0306-287 3 6 0 60 92 3389 0.06666666666666667 0.08089500860585198
table-0306-181 2 5 2 54 58 924 1.0 0.16473988439306358
table-0306-71 2 11 0 49 48 10639 1.0 0.1360818350898946
table-0306-924 4 3 0 895 254 62722 0.3333333333333333 0.003305785123966942
table-0306-642 3 5 0 71 151 1200 0.1111111111111111 0.23006644518272426
table-0306-149 41 4 77 6 29 6267 1.0 18.3
table-0306-926 5 3 0 56 59 2079 0.3333333333333333 0.014267185473411154
table-0306-540 5 3 0 153 91 48005 0.2 0.028664921465968586
table-0306-610 14 9 0 87 197 6471 0.25 3.8617021276595747
table-0306-897 107 16 0 112 183 5550 0.25 4.1396574440052705
table-0306-757 4 3 4 224 282 4599 0.09090909090909091 0.12091662603607996
table-0306-121 20 11 14 110 140 1501 1.0 2.7012658227848103
table-0306-664 2 3 0 50 78 1774 1.0 0.01833508956796628
table-0306-290 2 2 0 60 92 3389 0.06666666666666667 0.06712564543889846
table-0306-782 15 9 0 111 238 4047 0.09090909090909091 0.3026366068016813
table-0306-322 8 19 12 146 84 13750 0.5 0.515411824153613
table-0306-604 1 1 1 87 197 6471 0.25 0.0
table-0306-785 0 1 0 111 238 4047 0.09090909090909091 0.0
table-0306-886 6 5 6 54 58 698 1.0 1.761744966442953
table-0306-353 1 4 0 30 59 3898 0.5 0.012982689747003996
table-0306-846 20 6 0 877 3082 241042 0.14285714285714285 0.17405771674027468
table-0306-891 1 2 0 26 39 1108 1.0 0.03789126853377265
table-0306-133 6 3 0 90 132 3638 0.06666666666666667 0.1421875
table-0306-532 3 3 0 170 180 9473 0.3333333333333333 0.0547945205479452
table-0306-196 10 3 7 87 165 1165 0.2 0.41051314142678347
table-0306-37 3 3 0 35 37 1620 1.0 0.24642857142857144
table-0306-324 2 3 0 308 205 7255 1.0 0.02115494568324757
table-0306-414 84 5 84 880 298 31445 0.3333333333333333 0.3602024350887487
table-0306-551 8 2 0 51 75 73321 1.0 0.13004146249528836
table-0306-842 1 3 0 34 39 1426 1.0 0.030485091232754783
table-0306-763 1 3 0 15 24 1792 1.0 0.04192966636609558
table-0306-653 0 1 0 67 149 1871 0.16666666666666666 0.0
table-0306-795 16 4 0 51 116 1884 0.3333333333333333 3.5470383275261326
table-0306-802 1 7 2 21 76 4772 0.5 0.09714285714285714
table-0306-978 4 5 8 27 55 1648 0.5 0.3535980148883375
table-0306-317 5 2 0 5 18 1496 0.25 0.04658721560130011
table-0306-548 14 6 2 53 56 2554 0.5 2.2355848434925867
table-0306-373 11 5 0 88 213 4078 0.08333333333333333 0.3509933774834437
table-0306-87 13 6 0 238 244 9813 0.0625 0.2512668918918919
table-0306-209 2 6 0 29 28 3834 0.14285714285714285 0.039523809523809524
table-0306-704 5 6 0 32 58 10023 0.2 0.1457985531441291
table-0306-347 2 3 0 69 158 1110 0.1111111111111111 0.19538461538461538
table-0306-346 3 5 0 69 158 1110 0.1111111111111111 0.45692307692307693
table-0306-840 3 2 0 351 309 7425 0.5 0.08066429418742586
table-0306-555 9 3 6 93 72 73992 0.2 0.05395535135771927
table-0306-443 111 6 1 67 127 6277 0.5 1.9151630811936156
table-0306-180 3 5 6 53 61 1176 1.0 0.1589958158995816
table-0306-218 4 5 8 66 52 1516 1.0 0.2552083333333333
table-0306-369 18 35 0 511 500 7444 0.2 0.5238259668508287
table-0306-262 1 2 1 120 146 13745 1.0 0.004163014899211218
table-0306-998 4 9 0 329 437 8697 0.2 0.29529872673849167
table-0306-794 16 4 0 51 116 1884 0.3333333333333333 3.4494773519163764
table-0306-538 6 3 0 153 91 48005 0.2 0.03664921465968586
table-0306-343 1 3 0 35 64 6299 1.0 0.01723076923076923
table-0306-644 4 3 1 71 151 1200 0.1111111111111111 0.23172757475083056
table-0306-557 19 4 0 93 72 73992 0.2 0.08440831713494729
table-0306-935 1 5 2 399 392 3536 1.0 0.15358361774744028
table-0306-483 7 2 0 29 128 4414 0.5 0.0763960260363138
table-0306-711 6 2 0 114 140 45040 0.3333333333333333 0.07551374102500619
table-0306-207 6 5 0 29 28 3834 0.14285714285714285 0.11904761904761904
table-0306-834 1 1 1 10 110 2057 1.0 0.0
table-0306-136 6 4 0 90 132 3638 0.06666666666666667 0.271875
table-0306-764 3 3 2 5 13 685 0.5 0.822429906542056
table-0306-56 2 13 9 304 686 186233 0.3333333333333333 0.030238240684178377
table-0306-817 5 3 0 353 197 9274 0.2 0.04326018808777429
table-0306-870 1 3 0 30 43 1656 1.0 0.0397586084487043
table-0306-582 10 8 0 35 253 569 0.06666666666666667 0.14467697907188354
table-0306-695 13 12 18 300 517 2574 0.3333333333333333 0.23757677275265215
table-0306-117 2 5 0 137 125 3547 0.2 0.10133678309616213
table-0306-270 19 5 23 615 442 113269 1.0 0.043506599315626525
table-0306-95 11 4 0 171 455 2573 0.16666666666666666 0.13405797101449277
table-0306-594 165 6 0 5 234 3375 1.0 14.409375
table-0306-530 4 9 0 170 180 9473 0.3333333333333333 0.11809163911195088
table-0306-571 5 4 0 161 350 5369 0.038461538461538464 0.02209443099273608
table-0306-102 1 2 0 28 46 5468 1.0 0.02358974358974359
table-0306-502 11 4 0 1528 730 135 1.0 0.021787440720291415
table-0306-603 1 1 1 87 197 6471 0.25 0.0
table-0306-884 7 2 0 90 67 6047 0.5 0.03140421713772992
table-0306-851 5 3 0 54 368 2992 0.25 0.09905660377358491
table-0306-407 4 3 0 0 0 0 0.0 124.0
table-0306-299 28 4 0 7 154 1993 0.5 0.06640608928204073
table-0306-73 1 3 0 51 51 4710 1.0 0.036978131212723656
table-0306-693 1 2 0 447 375 165012 0.16666666666666666 0.001807909604519774
table-0306-849 3 3 0 28 36 841 1.0 0.27482014388489207
table-0306-453 1 3 1 630 514 45145 1.0 0.00420057757941717
table-0306-150 7 6 3 143 272 148515 1.0 0.018421455938697318
table-0306-51 18 8 0 124 222 9085 0.5 0.9412935323383085
table-0306-665 7 3 0 50 78 1774 1.0 0.060484720758693364
table-0306-376 13 6 6 88 213 4078 0.08333333333333333 0.21703792895845875
table-0306-768 10 4 0 300 241 4557 0.14285714285714285 0.04984924623115578
table-0306-985 4 4 3 102 149 2352 0.09090909090909091 0.06956521739130435
table-0306-30 2 2 0 135 182 26167 0.3333333333333333 0.01409514220991694
table-0306-950 14 5 0 125 202 3830 0.5 2.806646525679758
table-0306-480 1 1 0 1314 248 50209 0.5 0.0029540019693346463
table-0306-108 4 5 0 179 154 6598 0.125 0.29209932279909706
table-0306-554 1 2 0 26 39 2009 1.0 0.0765661252900232
table-0306-786 0 1 0 111 238 4047 0.09090909090909091 0.0
table-0306-634 13 12 0 70 163 1485 0.1 0.6821705426356589
table-0306-525 17 2 0 104 173 23719 0.5 0.13040629095674966
table-0306-779 4 4 4 30 50 1016 1.0 0.1579191825359963
table-0306-881 4 5 0 100 172 19476 0.1 0.16916206987128973
table-0306-212 8 4 6 42 341 110 1.0 1.9261083743842364
table-0306-869 5 4 0 30 43 1656 1.0 0.1845935392261271
table-0306-293 3 6 0 60 92 3389 0.06666666666666667 0.10154905335628227
table-0306-697 13 4 0 300 517 2574 0.3333333333333333 0.21328866554997208
table-0306-996 3 3 2 5 12 457 0.5 0.852017937219731
table-0306-285 3 6 0 60 92 3389 0.06666666666666667 0.08347676419965576
table-0306-718 4 5 0 9766 1420 958693 0.25 0.007905307238697546
table-0306-325 15 6 3 33 49 1423 0.5 3.7745098039215685
table-0307-1000 1 5 0 90 134 1384 0.1 0.08835758835758836
table-0306-908 10 5 0 297 295 97708 0.1 0.09135200974421437
table-0306-787 10 6 0 111 238 4047 0.09090909090909091 0.3083683607183798
table-0306-165 4 6 0 94 135 11367 0.06666666666666667 0.12058570198105081
table-0306-737 9 4 2 94 118 1024 0.3333333333333333 0.5
table-0306-177 2 5 4 54 61 956 1.0 0.08473080317740513
table-0306-101 2 5 0 191 150 11904 0.2 0.08401008120974517
table-0306-859 2 4 0 1369 378 1516825 1.0 0.009156271123947643
table-0306-444 16 4 0 870 327 20191 0.5 0.10665408211420481
table-0306-808 0 1 0 74 210 253 1.0 0.0
table-0306-306 52 3 0 38 53 1107 0.5 20.97345132743363
table-0306-784 7 8 5 111 238 4047 0.09090909090909091 0.1157814291173099
table-0306-118 4 5 0 137 125 3547 0.2 0.27598102630444155
table-0306-803 7 7 7 21 76 4772 0.5 1.06
table-0306-804 4 6 2 446 472 19844 0.25 0.022314718464562375
table-0306-374 3 6 0 88 213 4078 0.08333333333333333 0.10144491270319085
table-0306-39 4 9 2 20 24 1726 0.3333333333333333 0.21782178217821782
table-0306-672 4 3 0 50 78 1774 1.0 0.03856691253951528
table-0306-956 0 1 0 40 62 1891 1.0 0.0
table-0306-281 1 3 0 53 41 1405 0.5 0.1239193083573487
table-0306-666 7 3 0 50 78 1774 1.0 0.06006322444678609
table-0306-7 12 11 0 24 236 1991 0.125 0.7798507462686567
table-0306-504 11 5 7 1528 730 135 1.0 0.025040665307338082
table-0306-260 10 2 3 100 249 9875 0.3333333333333333 0.15178571428571427
table-0306-593 23 3 8 51 68 8813 0.3333333333333333 0.855072463768116
table-0306-976 6 5 12 27 55 1648 0.5 0.532258064516129
table-0306-360 4 6 0 46 97 1304 0.09090909090909091 0.22078720787207873
table-0306-966 2 6 0 279 190 11788 0.09090909090909091 0.03862894450489663
table-0306-877 1 3 0 100 172 19476 0.1 0.010769634883110061
table-0306-174 3 4 0 94 135 11367 0.06666666666666667 0.16106804478897502
table-0306-735 3 3 3 35 39 3437 0.5 0.05244399185336049
table-0306-88 4 5 0 238 244 9813 0.0625 0.06573761261261261
table-0306-157 2 5 2 55 60 850 1.0 0.20155902004454343
table-0306-617 1 2 1 6 16 1530 1.0 0.05263157894736842
table-0306-242 4 6 0 92 134 3140 0.06666666666666667 0.10918544194107452
table-0306-569 0 0 0 161 350 5369 0.038461538461538464 0.0
table-0306-456 22 2 5 20 29 1093 0.25 0.19224283305227655
table-0306-309 1 2 1 5 17 3893 1.0 0.028831562974203338
table-0306-111 2 1 0 169 149 4466 0.2 0.026044226044226043
table-0306-873 1 2 0 27 35 1358 1.0 0.06284153005464481
table-0306-850 67 9 155 106 597 6587 1.0 1.1431924882629108
table-0306-510 2 5 0 1528 730 135 1.0 0.0006185708721849298
table-0306-394 10 13 1 565 322 697835 1.0 0.06315112540192926
table-0306-933 5 4 0 78 43 37357 0.3333333333333333 0.28641171684296174
table-0306-32 3 2 0 135 182 26167 0.3333333333333333 0.04027183488547697
table-0306-452 2 2 0 39 45 4408 1.0 0.061171925305859624
table-0306-114 2 5 0 169 149 4466 0.2 0.15528255528255527
table-0306-680 4 3 1 194 210 98975 0.16666666666666666 0.04700674536256324
table-0306-706 5 5 0 360 273 6469 0.2 0.2362555720653789
table-0306-255 14 4 8 71 111 2405 1.0 0.3256172839506173
table-0306-43 2 3 0 39 74 8643 1.0 0.04118136439267887
table-0306-48 3 2 0 136 106 2899 0.3333333333333333 0.06783536585365854
table-0306-402 119 8 125 3 266 311 1.0 9.383561643835616
table-0306-130 60 4 40 49 127 2801 0.25 0.8796417649628658
table-0306-176 2 5 4 57 60 923 1.0 0.0773109243697479
table-0306-544 1 3 0 312 181 124757 0.5 0.009886633271816504
table-0306-152 28 2 0 137 229 8782 0.2 0.08213792370630113
table-0306-9 3 4 4 82 377 4444 0.3333333333333333 0.04770318021201413
table-0306-274 27 3 8 481 213 15501 0.125 0.7792421746293245
table-0306-473 0 1 0 100 115 2481 0.5 0.0
table-0306-482 2 3 2 1314 248 50209 0.5 0.00323533549022366
table-0306-567 33 14 87 161 350 5369 0.038461538461538464 0.11365012106537531
table-0306-521 0 1 0 172 245 7171 0.25 0.0
table-0306-658 25 6 2 634 213 120161 0.5 0.04101865338533101
table-0306-378 7 5 3 24 33 1532 1.0 0.8121974830590513
table-0306-199 0 1 0 87 165 1165 0.2 0.0
table-0306-646 7 8 0 71 151 1200 0.1111111111111111 0.3131229235880399
table-0306-751 6 4 3 356 378 1362 0.25 0.6096033402922756
table-0306-596 23 4 1 129 94 2812 0.2 1.631828978622328
table-0306-910 11 5 0 297 295 97708 0.1 0.11860535931790499
table-0306-598 28 4 0 129 94 2812 0.2 1.613618368962787
table-0306-524 4 2 3 104 173 23719 0.5 0.022498907820008737
table-0306-637 2 5 0 42 107 932 0.14285714285714285 0.057119205298013245
table-0306-213 1 2 0 6 45 2242 1.0 0.09274193548387097
table-0306-943 7 2 0 0 0 0 0.0 145.0
table-0306-145 3 6 0 90 132 3638 0.06666666666666667 0.053125
table-0306-601 2 6 0 87 197 6471 0.25 0.36347517730496454
table-0306-772 4 11 3 119 140 1113 1.0 0.3610503282275711
table-0306-411 4 3 0 0 0 0 0.0 188.0
table-0306-670 9 3 0 50 78 1774 1.0 0.0547945205479452
table-0306-85 26 4 24 231 150 760866 0.3333333333333333 0.13799134677345115
table-0306-756 4 3 4 224 282 4599 0.09090909090909091 0.11262798634812286
table-0306-826 22 13 0 168 139 48318 0.08333333333333333 0.9085450346420323
table-0306-961 3 7 0 279 190 11788 0.09090909090909091 0.07807399347116431
table-0306-974 8 5 16 27 55 1648 0.5 0.5483870967741935
table-0306-542 1 2 1 35 61 1473 0.5 0.016753926701570682
table-0306-1 27 8 25 24 236 1991 0.125 3.291577825159915
table-0306-8 8 10 39 82 377 4444 0.3333333333333333 0.232037691401649
table-0306-994 22 4 0 232 132 946495 0.25 0.6968235961429382
table-0306-341 1 3 0 259 241 91558 1.0 0.006219042377545405
table-0306-968 0 1 0 279 190 11788 0.09090909090909091 0.0
table-0306-659 1 3 0 261 193 1293 0.3333333333333333 0.1987673343605547
table-0306-679 4 4 0 194 210 98975 0.16666666666666666 0.012331365935919056
table-0306-971 1 2 0 69 95 14805 0.5 0.01593901593901594
table-0306-828 15 3 0 168 139 48318 0.08333333333333333 0.3145496535796767
table-0306-643 2 3 0 71 151 1200 0.1111111111111111 0.12956810631229235
table-0306-6 16 7 2 24 236 1991 0.125 0.7452025586353944
table-0306-518 3 6 0 183 225 15775 0.25 0.19107896323086196
table-0306-326 1 3 0 33 49 1423 0.5 0.2622549019607843
table-0306-405 15 2 0 39828 937 2632989 0.25 0.005496813083650378
table-0306-97 18 12 0 42 48 1663 0.5 1.2238010657193605
table-0306-609 15 9 0 87 197 6471 0.25 4.092198581560283
table-0306-827 3 3 1 168 139 48318 0.08333333333333333 0.13394919168591224
table-0306-541 14 7 0 153 91 48005 0.2 0.06924083769633507
table-0306-75 1 5 2 38 56 784 1.0 0.06385404789053592
table-0306-619 1 4 0 14 30 3154 0.3333333333333333 0.03775510204081633
table-0306-660 7 3 2 261 193 1293 0.3333333333333333 0.5808936825885979
table-0306-639 34 5 0 42 107 932 0.14285714285714285 0.8783112582781457
table-0306-761 13 4 3 224 282 4599 0.09090909090909091 0.2998537298878596
table-0306-249 3 4 0 92 134 3140 0.06666666666666667 0.14818024263431542
table-0306-273 41 3 1 481 213 15501 0.125 1.6792970895112576
table-0306-401 1 3 0 3 266 311 1.0 0.04246575342465753
table-0306-501 10 4 0 1528 730 135 1.0 0.01986299800682719
table-0306-623 1 3 0 30 23 4347 0.2 0.0351976856316297
table-0306-918 33 4 0 237 78 13767 0.5 1.1605734767025089
table-0306-698 14 6 42 300 517 2574 0.3333333333333333 0.12897822445561138
table-0306-661 3 3 3 30 16 1007 0.5 0.16885245901639345
table-0306-96 17 4 0 171 455 2573 0.16666666666666666 0.3020989505247376
table-0306-577 23 11 0 35 253 569 0.06666666666666667 0.21868365180467092
table-0306-296 3 4 0 60 92 3389 0.06666666666666667 0.14974182444061962
table-0306-620 1 2 0 30 23 4347 0.2 0.029893924783027964
table-0306-12 0 1 0 178 219 92553 1.0 0.0
table-0306-454 13 5 13 267 309 35844 0.5 0.6188352570828961
table-0306-755 4 3 4 224 282 4599 0.09090909090909091 0.10775231594344223
table-0306-750 14 4 4 356 378 1362 0.25 1.4446764091858038
table-0306-171 3 6 0 94 135 11367 0.06666666666666667 0.053402239448751075
table-0306-825 2 3 0 168 139 48318 0.08333333333333333 0.06697459584295612
table-0306-439 8 8 0 49 94 2208 0.3333333333333333 0.017983574058340415
table-0306-792 6 11 0 11 145 4219 0.5 0.5319047619047619
table-0306-724 13 2 3 12 36 5356 1.0 0.19532803180914513
table-0306-799 0 1 0 67 150 1211 1.0 0.0
table-0306-701 2 3 0 106 33 40160 1.0 0.13725490196078433
table-0306-936 20 6 0 873 3610 138883 0.125 0.06239857374688579
table-0306-109 4 2 0 216 145 6656 0.5 0.2519230769230769
table-0306-479 4 5 0 109 134 4453 0.5 0.12326869806094183
table-0306-16 87 3 0 90 729 24912 1.0 11.718811881188119
table-0306-694 54 5 79 447 395 60111 1.0 6.73841059602649
table-0306-499 14 5 21 516 117 178594 0.3333333333333333 0.03714020427112349
table-0306-490 1 3 0 113 149 4022 1.0 0.08218181818181818
table-0306-319 2 4 0 5 18 1496 0.25 0.020946189960274468
table-0306-448 0 1 0 66 223 25949 1.0 0.0
table-0306-244 19 2 3 92 134 3140 0.06666666666666667 0.4202772963604853
table-0306-736 3 3 1 3 13 446 0.5 1.0327102803738317
table-0306-431 1 3 0 838 455 401821 1.0 0.004766280004594005
table-0306-445 0 1 0 260 519 213 1.0 0.0
table-0306-743 8 2 0 12 46 2368 1.0 0.34296482412060303
table-0306-788 8 11 0 121 126 953 1.0 0.822262118491921
table-0306-379 3 4 0 33 101 1060 0.2 0.10381574424200757
table-0306-833 1 4 0 16 42 1769 0.5 0.0632688927943761
table-0306-535 0 1 0 181 218 19591 0.3333333333333333 0.0
table-0306-17 27 3 0 90 729 24912 1.0 2.598019801980198
table-0306-423 11 4 0 115 112 40142 0.1111111111111111 0.42788461538461536
table-0306-120 3 5 0 155 120 3168 0.5 0.10939773057899331
table-0306-624 3 3 0 175 108 245971 0.5 0.008895764842390253
table-0306-361 14 12 0 46 97 1304 0.09090909090909091 0.535670356703567
table-0306-721 0 1 0 69 88 8345 0.5 0.0
table-0306-47 14 2 0 136 106 2899 0.3333333333333333 0.2804878048780488
table-0306-900 1 3 0 136 75 961430 0.2 0.0164638511095204
table-0306-811 4 2 4 69 85 46838 1.0 0.05413105413105413
table-0306-894 1 5 2 167 195 4609 1.0 0.054524361948955914
table-0306-841 5 4 0 34 39 1426 1.0 0.11637739207832666
table-0306-258 0 1 0 45 27 2638 1.0 0.0
table-0306-66 53 13 331 214 243 4144 0.2 0.36833364089315374
table-0306-547 4 2 3 47 90 0 1.0 0.024530471444998085
table-0306-351 34 6 0 69 158 1110 0.1111111111111111 2.8276923076923075
table-0306-655 10 4 8 68 131 5209 0.5 0.048198050169788585
table-0306-774 1 1 0 119 140 1113 1.0 0.06564551422319474
table-0306-647 34 6 0 71 151 1200 0.1111111111111111 1.5091362126245846
table-0306-93 4 2 0 58 46 6303 0.3333333333333333 0.024301336573511544
table-0306-915 7 2 0 63 92 5074 0.25 0.03274883960804539
table-0306-773 4 11 1 119 140 1113 1.0 0.6586433260393874
table-0306-24 3 2 0 90 729 24912 1.0 0.22178217821782178
table-0306-896 5 2 0 112 183 5550 0.25 0.0663153271848924
table-0306-450 2 3 2 1198 570 56299 1.0 0.005190839694656489
table-0306-467 4 9 0 58 152 992 0.08333333333333333 0.4087820177731312
table-0306-303 39 3 38 380 363 1634 0.5 0.8492146596858638
table-0306-481 2 11 0 1314 248 50209 0.5 0.1588831059220706
table-0306-674 5 3 0 50 78 1774 1.0 0.05036880927291886
table-0306-512 5 1 0 1528 730 135 1.0 0.0026575637471648833
table-0306-428 2 5 4 108 168 3920 1.0 0.08742331288343558
table-0306-676 5 2 0 194 210 98975 0.16666666666666666 0.012331365935919056
table-0306-227 16 7 16 813 219 99943 1.0 0.05803172212547654
table-0306-684 5 3 0 408 280 6654 0.2 0.07967667436489607
table-0306-875 7 5 0 100 172 19476 0.1 0.21775676385605464
table-0306-822 1 2 0 168 139 48318 0.08333333333333333 0.03833718244803695
table-0306-350 7 8 0 69 158 1110 0.1111111111111111 0.6246153846153846
table-0306-814 10 5 0 353 197 9274 0.2 0.45956112852664577
table-0306-393 5 12 11 87 119 14305 0.5 0.04741058122205663
table-0306-673 7 3 0 50 78 1774 1.0 0.05964172813487882
table-0306-385 10 3 0 335 286 12820 0.5 0.10844344183048663
table-0306-312 1 3 0 20 20 473 1.0 0.16378162450066577
table-0306-558 9 2 0 93 72 73992 0.2 0.027154385344878365
table-0306-726 2 3 0 43 82 8531 1.0 0.0767590618336887
table-0306-301 5 2 0 1410 397 674 1.0 0.11208791208791209
table-0306-416 1 2 1 44 60 16539 1.0 0.009574468085106383
table-0306-38 0 1 0 20 24 1726 0.3333333333333333 0.0
table-0306-783 82 6 0 111 238 4047 0.09090909090909091 2.0962934658005348
table-0306-564 0 1 0 161 350 5369 0.038461538461538464 0.0
table-0306-25 1 2 0 90 729 24912 1.0 0.04554455445544554
table-0306-746 6 2 0 112 146 70323 0.5 0.0647240123283833
table-0306-923 1 2 1 31 64 2805 1.0 0.004221284159075761
table-0306-739 7 5 0 424 297 6477 1.0 0.5126353790613718
table-0306-824 6 3 0 168 139 48318 0.08333333333333333 0.13348729792147807
table-0306-955 1 3 0 15 13 761 1.0 0.12795549374130738
table-0306-702 1 3 0 32 58 10023 0.2 0.0038953811908736783
table-0306-189 4 5 6 27 43 688 1.0 1.185483870967742
table-0306-284 3 4 0 60 92 3389 0.06666666666666667 0.1738382099827883
table-0306-568 33 4 0 161 350 5369 0.038461538461538464 0.09322033898305085
table-0306-352 14 12 0 69 158 1110 0.1111111111111111 1.3846153846153846
table-0306-927 1 3 0 17 17 1212 1.0 0.08958130477117819
table-0306-486 3 5 6 241 202 11434 1.0 0.04540847354550983
table-0306-235 9 16 21 594 164 275818 0.3333333333333333 0.08683660676974508
table-0306-226 19 3 1 129 116 2618 0.5 0.2916299559471366
table-0306-723 1 3 0 257 158 41082 0.3333333333333333 0.1576923076923077
table-0306-311 2 4 0 20 20 473 1.0 0.24234354194407456
table-0306-889 20 11 12 112 138 1544 1.0 1.989010989010989
table-0306-461 3 3 0 58 152 992 0.08333333333333333 0.11238891792995295
table-0306-942 20 6 0 883 2985 133304 0.16666666666666666 0.06165066838103261
table-0306-762 5 7 0 165 228 55708 0.5 0.07759916734127444
table-0306-887 29 3 28 347 327 1729 0.5 0.6304229934924078
table-0306-223 3 3 0 38 45 896 1.0 0.14559386973180077
table-0306-683 1 5 0 408 280 6654 0.2 0.049653579676674366
table-0306-934 8 6 0 78 43 37357 0.3333333333333333 0.41253051261187956
table-0306-70 4 5 0 195 220 17092 0.5 0.0587585190642844
table-0306-682 10 5 0 408 280 6654 0.2 0.8556581986143187
table-0306-818 4 3 0 353 197 9274 0.2 0.06332288401253919
table-0306-418 4 14 2 115 112 40142 0.1111111111111111 0.22155448717948717
table-0306-713 1 3 1 78 167 24575 0.25 0.0008505812305075135
table-0306-272 22 3 0 481 213 15501 0.125 1.1274025260845688
table-0306-987 7 4 8 102 149 2352 0.09090909090909091 0.10434782608695652
table-0306-127 3 3 0 337 94 211333 0.5 0.0020069872890805026
table-0306-134 3 4 0 90 132 3638 0.06666666666666667 0.13046875
table-0306-154 8 4 0 137 229 8782 0.2 0.09063861438741898
table-0306-5 26 6 2 24 236 1991 0.125 1.4093816631130065
table-0306-879 19 10 6 100 172 19476 0.1 0.5702653007617546
table-0306-415 20 6 15 880 298 31445 0.3333333333333333 0.15798738447997654
table-0306-321 17 2 0 567 137 22601 1.0 0.08397113492237043
table-0306-714 5 5 0 78 167 24575 0.25 0.02721859937624043
table-0306-760 20 4 0 224 282 4599 0.09090909090909091 0.5938566552901023
table-0306-198 4 4 0 87 165 1165 0.2 0.2327909887359199
table-0306-162 3 4 0 94 135 11367 0.06666666666666667 0.15762273901808785
table-0306-491 13 3 9 49 110 1845 0.5 0.40523690773067333
table-0306-506 11 4 0 1528 730 135 1.0 0.023597333272239913
table-0306-18 2 3 0 90 729 24912 1.0 0.3069306930693069
table-0306-969 6 2 5 452 605 44793 0.5 0.017524644030668127
table-0306-29 8 4 0 68 150 909 0.5 0.8669354838709677
table-0306-565 6 6 0 161 350 5369 0.038461538461538464 0.039648910411622273
table-0306-23 1 2 0 90 729 24912 1.0 0.061386138613861385
table-0306-712 3 2 3 78 167 24575 0.25 0.008789339381910972
table-0306-999 2 3 0 103 114 1149 1.0 0.1365211365211365
table-0306-291 3 6 0 60 92 3389 0.06666666666666667 0.12134251290877797
table-0306-31 9 7 37 135 182 26167 0.3333333333333333 0.09035992952428895
table-0306-278 2 3 0 17 25 614 1.0 0.12804878048780488
table-0306-315 0 1 0 1719 321 37653 1.0 0.0
table-0306-90 7 8 0 238 244 9813 0.0625 0.09670608108108109
table-0306-777 8 2 7 12 36 3389 0.5 0.2548148148148148
table-0306-865 1 2 1 6 53 1350 1.0 0.16379310344827586
table-0306-515 20 11 20 749 904 15714 0.3333333333333333 0.28404077285866425
table-0306-68 4 6 9 11 12 1753 0.5 0.3472949389179756
table-0306-832 2 3 2 16 42 1769 0.5 0.06912712360867018
table-0306-883 14 3 0 100 172 19476 0.1 0.2842132913054899
table-0306-829 17 3 0 168 139 48318 0.08333333333333333 0.6295612009237875
table-0306-60 2 3 1 26 30 5940 0.5 0.14376770538243627
table-0306-576 3 7 0 35 253 569 0.06666666666666667 0.10221413406126782
table-0306-276 39 4 0 481 213 15501 0.125 1.8116419549697969
table-0306-387 1 2 0 19 107 4827 0.125 0.04798172124904798
table-0306-806 8 2 0 446 472 19844 0.25 0.011851081049832351
table-0306-354 2 5 0 46 97 1304 0.09090909090909091 0.11070110701107011
table-0306-254 4 2 0 33 38 1400 0.5 0.02572347266881029
table-0306-422 5 4 0 115 112 40142 0.1111111111111111 0.05608974358974359
table-0306-853 6 10 4 85 118 844 1.0 0.12463976945244956
table-0306-688 8 2 0 210 208 41101 0.3333333333333333 0.16790289952798382
table-0306-952 8 10 2 42 116 982 1.0 0.06440467753366406
table-0306-878 2 2 0 100 172 19476 0.1 0.016548463356973995
table-0306-964 12 5 0 279 190 11788 0.09090909090909091 0.235038084874864
table-0306-749 3 3 3 181 200 1047 0.3333333333333333 0.30158730158730157
table-0306-239 3 4 0 92 134 3140 0.06666666666666667 0.11091854419410745
table-0306-645 4 2 0 71 151 1200 0.1111111111111111 0.14534883720930233
table-0306-123 2 1 0 228 175 39419 0.2 0.011048572024181781
table-0306-973 3 2 2 27 55 1648 0.5 0.07320099255583126
table-0306-843 7 4 0 34 52 939 1.0 0.22367638310529447
table-0306-796 21 6 0 51 116 1884 0.3333333333333333 1.7874564459930313
table-0306-251 3 4 0 92 134 3140 0.06666666666666667 0.16204506065857885
table-0306-560 3 4 3 161 350 5369 0.038461538461538464 0.010063559322033898
table-0306-128 7 5 4 156 419 47561 0.25 0.023005112247166035
table-0306-740 15 5 0 424 297 6477 1.0 1.2671480144404332
table-0306-590 3 8 2 27 52 591 1.0 0.088
table-0306-229 1 2 0 9 29 2045 1.0 0.0749185667752443
table-0306-800 0 1 0 65 154 367 1.0 0.0
table-0306-487 0 1 0 14 34 617 1.0 0.0
table-0306-650 1 1 0 67 149 1871 0.16666666666666666 0.0024671052631578946
table-0306-920 23 2 2 151 127 327489 0.5 0.10035668943836527
table-0306-455 22 2 21 20 29 1093 0.25 0.034288926363125354
