table_id rows cols nulls inlinks outlinks views table_imp table_fraction
table-0308-630 11 6 15 34 372 30058 0.08333333333333333 0.22503137887753272
table-0308-676 0 1 0 106 134 31186 0.3333333333333333 0.0
table-0308-10 100 5 0 98 108 0 1.0 6.596891191709845
table-0308-334 1 1 1 119 47 881 0.16666666666666666 0.0
table-0308-506 25 5 0 697 1138 81728 0.25 0.12631166456219795
table-0308-491 14 10 0 133 147 1668 0.3333333333333333 1.2911392405063291
table-0308-773 4 12 0 136 58 46428 0.3333333333333333 0.017318159327065808
table-0308-632 10 6 26 34 372 30058 0.08333333333333333 0.2406311637080868
table-0308-423 1 4 0 25 32 4604 0.25 0.054982817869415807
table-0308-215 12 5 0 66 87 41429 0.5 0.5889841517277214
table-0308-787 2 5 2 477 194 170954 1.0 0.015197568389057751
table-0308-806 1 4 0 453 512 11131 0.25 0.0649867374005305
table-0308-952 2 7 2 176 125 5230 0.2 0.1815505397448479
table-0308-997 2 9 7 886 347 36181 0.16666666666666666 0.0333091962346126
table-0308-497 34 6 0 53 65 35131 0.5 5.519774011299435
table-0308-11 100 5 0 98 108 0 1.0 7.505699481865285
table-0308-80 25 6 10 114 157 1755 0.16666666666666666 2.547318611987382
table-0308-606 12 6 5 322 173 9990 0.2 0.18011894647408666
table-0308-143 1 3 0 26 44 2996 1.0 0.02962775386173715
table-0308-992 2 3 0 88 141 3515 1.0 0.05771812080536913
table-0308-73 0 1 0 105 105 895 1.0 0.0
table-0308-303 12 5 0 272 326 6772 0.1 0.3810198300283286
table-0308-175 6 7 3 31 77 17249 0.1 3.6863636363636365
table-0308-221 3 9 0 190 225 7981 0.1111111111111111 0.18047673098751418
table-0308-386 1 1 1 104 105 2361 0.5 0.0
table-0308-345 9 6 8 2143 784 202349 0.1111111111111111 0.007136530431481716
table-0308-6 100 5 0 145 156 0 1.0 6.783419689119171
table-0308-168 14 10 0 128 150 1442 0.3333333333333333 1.268041237113402
table-0308-950 2 3 0 108 100 11750 0.3333333333333333 0.004223521767381416
table-0308-593 36 7 0 841 598 160709 0.125 0.43605095541401273
table-0308-2 20 6 0 905 3092 179247 0.125 0.11390983475052142
table-0308-91 24 6 9 41 150 2361 0.16666666666666666 3.1411290322580645
table-0308-943 8 11 10 59 38 1016 0.5 3.199261992619926
table-0308-965 4 3 0 252 283 84272 0.25 0.0039049425415597456
table-0308-743 2 2 2 40 62 9206 0.3333333333333333 0.018253968253968255
table-0308-861 27 5 0 61 139 1045 0.14285714285714285 0.427001312335958
table-0308-618 7 4 7 63 109 4141 0.2 0.3411764705882353
table-0308-564 6 2 0 80 93 3034 0.5 0.20783132530120482
table-0308-335 2 3 0 170 178 14204 1.0 0.03229713362939039
table-0308-706 15 7 22 40 220 4855 0.25 0.056940980881130504
table-0308-311 11 5 0 273 195 18029 0.1 0.2763649962602842
table-0308-395 4 2 3 6 4 7196 1.0 0.9411764705882353
table-0308-591 1 6 0 841 598 160709 0.125 0.013757961783439491
table-0308-190 62 10 13 116 159 29862 0.16666666666666666 3.50253807106599
table-0308-89 5 9 3 296 180 11423 0.5 0.08587279262384748
table-0308-217 12 3 0 190 225 7981 0.1111111111111111 0.24971623155505107
table-0308-493 1 3 0 133 147 1668 0.3333333333333333 0.14135021097046413
table-0308-61 100 5 0 136 141 0 1.0 8.189637305699481
table-0308-381 1 3 0 18 24 896 1.0 0.06101344364012409
table-0308-247 1 3 0 45 31 4526 1.0 0.054567022538552785
table-0308-44 100 5 0 108 115 0 1.0 7.984455958549223
table-0308-721 28 17 29 21 60 1042 0.5 0.5522676991150443
table-0308-383 4 9 0 113 108 4657 0.25 0.11798561151079137
table-0308-566 7 6 0 54 81 3316 0.5 1.2744860943168077
table-0308-541 17 2 0 384 228 65431 0.5 0.03469940630583895
table-0308-193 5 3 0 234 218 521785 0.3333333333333333 0.003510735728096062
table-0308-834 4 2 0 47 78 9184 1.0 0.08890374331550802
table-0308-796 0 1 0 241 226 21647 0.2 0.0
table-0308-539 3 5 0 20 19 904 0.5 1.406153846153846
table-0308-559 4 5 0 4227 786 880520 0.3333333333333333 0.002120619642051436
table-0308-712 3 4 0 287 321 1156 0.5 0.025537634408602152
table-0308-21 100 5 0 98 108 0 1.0 6.979274611398964
table-0308-857 3 6 3 236 243 7268 0.5 0.029873300011623853
table-0308-793 1 10 1 241 226 21647 0.2 0.020453881367488068
table-0308-481 6 10 0 118 154 1105 0.1111111111111111 0.14996520528879612
table-0308-119 37 6 22 142 164 1983 0.16666666666666666 4.333333333333333
table-0308-985 12 3 0 225 279 189 1.0 1.2150776053215078
table-0308-536 1 3 0 92 108 1621 1.0 0.06520824568784182
table-0308-592 3 7 0 841 598 160709 0.125 0.04496815286624204
table-0308-585 11 5 1 285 207 124189 0.5 0.1614054866591507
table-0308-802 12 8 12 313 265 21850 0.2 0.17245705462265973
table-0308-896 6 4 12 29 37 939 0.2 0.1133177570093458
table-0308-610 0 1 0 13 12 1504 1.0 0.0
table-0308-699 3 2 0 107 60 26189 0.5 0.01259650548557497
table-0308-954 19 14 0 151 132 8360 0.2 0.5500945179584121
table-0308-685 3 2 0 42 70 3800 0.3333333333333333 0.13175675675675674
table-0308-932 5 5 0 119 100 13390 0.25 0.09095716552088842
table-0308-312 12 5 0 273 195 18029 0.1 0.3100224382946896
table-0308-451 26 5 0 735 1430 104566 0.125 0.1416958796931362
table-0308-361 3 5 0 448 276 198794 0.25 0.0027844073190135244
table-0308-681 9 4 0 287 320 911 0.5 0.21660649819494585
table-0308-569 3 2 1 15 30 4161 1.0 0.09623430962343096
table-0308-387 4 9 0 104 105 2361 0.5 0.17914831130690162
table-0308-8 3 4 1 164 181 173514 0.2 0.012753188297074268
table-0308-764 4 3 0 465 293 87141 0.3333333333333333 0.09658081705150977
table-0308-995 1 3 0 25 23 4326 1.0 0.019423761735189383
table-0308-850 5 3 1 138 87 122220 0.3333333333333333 0.11630716134598792
table-0308-111 3 3 0 384 256 26321 1.0 0.0049261083743842365
table-0308-479 31 9 1 66 113 1763 1.0 1.4271436086270384
table-0308-1 4 3 0 143 180 41995 1.0 0.07912713472485769
table-0308-812 5 7 10 53 31 1014 1.0 0.5957446808510638
table-0308-535 4 6 1 18 50 305 1.0 1.7620481927710843
table-0308-581 3 2 2 71 110 2446 1.0 0.08547008547008547
table-0308-824 1 2 1 182 140 284 1.0 0.007514900233221042
table-0308-46 100 5 0 108 115 0 1.0 8.756476683937823
table-0308-877 15 9 0 15 68 4757 0.1 1.4347404172731684
table-0308-304 11 5 0 272 326 6772 0.1 0.3550519357884797
table-0308-209 4 3 0 69 96 7416 1.0 0.15836926695413564
table-0308-691 11 6 0 382 263 25904 0.1 0.17684351017684352
table-0308-228 9 6 13 119 538 3040 0.08333333333333333 1.6488095238095237
table-0308-222 6 8 0 190 225 7981 0.1111111111111111 0.3337116912599319
table-0308-205 1 1 0 126 46 1506 0.25 0.12958963282937366
table-0308-858 1 2 1 12 26 2828 1.0 0.008370044052863436
table-0308-158 9 2 0 630 367 0 0.1111111111111111 0.02296617915904936
table-0308-960 11 3 11 304 299 1456 0.5 0.26163675083662913
table-0308-687 17 3 0 114 37 14262 0.5 0.3782321106434155
table-0308-14 100 5 0 98 108 0 1.0 6.195854922279793
table-0308-883 12 8 0 15 68 4757 0.1 0.9888403687530325
table-0308-385 7 5 0 113 108 4657 0.25 0.12278177458033573
table-0308-364 46 4 22 79 119 190439 0.3333333333333333 0.3670391813652888
table-0308-55 23 6 8 140 164 2110 0.16666666666666666 2.985858585858586
table-0308-396 2 2 0 6 4 7196 1.0 0.7764705882352941
table-0308-718 6 5 0 99 183 1195 0.2 0.6303448275862069
table-0308-865 14 4 0 298 301 45855 0.2 0.8223478939157566
table-0308-974 2 4 2 30 43 5203 0.3333333333333333 0.21011058451816747
table-0308-710 2 11 0 168 192 11090 0.5 0.08785465405674465
table-0308-742 1 3 0 9 42 5421 1.0 0.043875685557586835
table-0308-876 2 9 0 15 68 4757 0.1 0.1712760795730228
table-0308-542 10 4 0 384 228 65431 0.5 0.05297135281572425
table-0308-655 10 2 0 338 227 32886 0.3333333333333333 0.10998908296943231
table-0308-890 6 4 9 34 96 911 0.2 0.22144112478031636
table-0308-128 34 6 19 142 162 1724 0.16666666666666666 3.9897119341563787
table-0308-393 0 1 0 104 110 3617 0.5 0.0
table-0308-424 1 3 0 25 32 4604 0.25 0.032073310423825885
table-0308-962 102 4 106 336 137 559952 0.3333333333333333 2.285577383804504
table-0308-682 1 2 1 31 48 3022 1.0 0.019527235354573486
table-0308-348 79 4 52 697 508 501193 0.2 1.5281415116011945
table-0308-665 11 6 1 723 439 207978 1.0 0.1079318225099981
table-0308-282 0 1 0 278 203 9313 1.0 0.0
table-0308-650 1 1 0 1137 605 30118 0.05555555555555555 0.001846381093057607
table-0308-224 20 6 0 864 1513 136725 0.25 0.10155444100594031
table-0308-966 5 4 0 252 283 84272 0.25 0.01958049760124958
table-0308-104 4 5 0 3020 300 137553 0.125 0.028712014707472693
table-0308-337 0 1 0 3370 970 206047 1.0 0.0
table-0308-16 17 4 7 745 235 746955 0.25 0.05954019472906153
table-0308-734 23 7 0 967 505 19805 0.09090909090909091 0.7037492317148125
table-0308-152 11 5 11 55 314 52313 0.16666666666666666 0.058027923211169286
table-0308-59 100 5 0 136 141 0 1.0 8.774093264248705
table-0308-275 0 1 0 275 191 10796 0.1 0.0
table-0308-184 0 1 0 158 356 63090 1.0 0.0
table-0308-34 100 5 0 105 105 0 1.0 8.89740932642487
table-0308-42 1 3 0 143 165 2381 0.16666666666666666 0.37166324435318276
table-0308-372 7 2 0 164 218 4424 0.5 0.05149789551869274
table-0308-267 3 15 0 277 196 10030 0.1111111111111111 0.04727272727272727
table-0308-363 1 3 0 17 26 2402 1.0 0.1719077568134172
table-0308-714 2 12 11 101 199 6511 0.3333333333333333 0.005954853898352029
table-0308-920 3 2 0 374 321 8807 0.3333333333333333 0.017409470752089137
table-0308-85 28 6 13 143 161 2240 0.16666666666666666 3.348643006263048
table-0308-307 2 22 0 273 195 18029 0.1 0.03777112939416604
table-0308-693 10 10 0 382 263 25904 0.1 0.07991324657991325
table-0308-738 3 9 2 57 73 2328 0.3333333333333333 0.08350558081852005
table-0308-171 24 6 9 143 157 1963 0.16666666666666666 3.127016129032258
table-0308-192 0 1 0 9 19 290 1.0 0.0
table-0308-590 6 18 0 841 598 160709 0.125 0.2619108280254777
table-0308-204 5 10 1 126 46 1506 0.25 0.6241900647948164
table-0308-126 21 6 6 142 162 1724 0.16666666666666666 2.8353909465020575
table-0308-842 0 1 0 180 165 8176 0.5 0.0
table-0308-181 28 6 13 144 167 2283 0.16666666666666666 2.8071065989847717
table-0308-330 0 1 0 30 58 2875 1.0 0.0
table-0308-679 1 2 0 56 73 44529 0.25 0.00867992766726944
table-0308-795 5 2 0 241 226 21647 0.2 0.015291711308074413
table-0308-24 100 5 0 105 105 0 1.0 5.95440414507772
table-0308-139 217 4 0 263 403 986775 0.5 2.590048063330506
table-0308-638 0 1 0 1137 605 30118 0.05555555555555555 0.0
table-0308-371 20 11 13 115 150 1642 1.0 2.7840616966580978
table-0308-100 1 2 1 49 51 1677 1.0 0.028182701652089408
table-0308-123 32 6 17 142 172 1975 0.16666666666666666 3.6372549019607843
table-0308-212 9 5 0 846 2484 142241 0.14285714285714285 0.047024915620615115
table-0308-320 15 5 0 275 186 10814 0.08333333333333333 0.4230282581189372
table-0308-269 9 10 0 275 191 10796 0.1 1.069047619047619
table-0308-244 127 10 121 356 451 272430 1.0 1.4302801767830353
table-0308-696 1 2 0 62 73 5509 1.0 0.013426736719206071
table-0308-562 25 6 0 717 1214 86405 0.25 0.13476190476190475
table-0308-130 3 4 0 259 236 2084 0.25 0.1501723289020187
table-0308-529 8 2 0 12 31 2367 0.25 0.07427341227125941
table-0308-905 1 12 0 379 393 3093 0.041666666666666664 0.05619930475086906
table-0308-53 100 5 0 108 115 0 1.0 9.0580310880829
table-0308-657 2 6 0 780 394 26057 0.14285714285714285 0.07625272331154684
table-0308-809 2 6 0 203 378 265 1.0 0.12529928172386273
table-0308-28 1 6 1 34 47 696 1.0 0.09540034071550256
table-0308-449 3 5 3 244 444 7080 0.09090909090909091 0.04913961326946958
table-0308-864 7 2 5 298 301 45855 0.2 0.018330733229329172
table-0308-732 6 1 0 967 505 19805 0.09090909090909091 0.040565457897971724
table-0308-654 0 1 0 1137 605 30118 0.05555555555555555 0.0
table-0308-902 1 10 1 379 393 3093 0.041666666666666664 0.0984936268829664
table-0308-664 20 6 2 723 439 207978 1.0 0.23895448486002666
table-0308-668 1 2 1 27 58 3896 1.0 0.03792415169660679
table-0308-643 0 1 0 1137 605 30118 0.05555555555555555 0.0
table-0308-62 23 6 8 144 163 2457 0.16666666666666666 1.994535519125683
table-0308-923 1 3 0 78 80 1737 1.0 0.031086794329768713
table-0308-75 0 1 0 108 115 1164 1.0 0.0
table-0308-899 1 7 0 379 393 3093 0.041666666666666664 0.0816917728852839
table-0308-32 0 1 0 403 584 209 1.0 0.0
table-0308-270 4 7 0 275 191 10796 0.1 0.4595238095238095
table-0308-546 1 2 0 24 47 27339 0.3333333333333333 0.005517933283170303
table-0308-67 100 5 0 136 141 0 1.0 8.924352331606217
table-0308-142 12 2 0 266 169 245385 0.3333333333333333 0.01960457161925419
table-0308-250 20 6 0 862 2397 157993 0.125 0.10060210737581535
table-0308-790 0 1 0 71 57 2709 1.0 0.0
table-0308-553 16 4 0 70 33 30541 0.1111111111111111 0.16870782304423895
table-0308-183 1 3 0 144 167 2283 0.16666666666666666 0.40947546531302875
table-0308-227 1 1 1 118 46 892 0.25 0.0
table-0308-614 10 2 0 256 241 134307 0.3333333333333333 0.020396862021227504
table-0308-980 2 3 0 9 27 92 1.0 0.1356521739130435
table-0308-828 1 2 1 196 153 18529 0.5 0.011458333333333333
table-0308-157 1 2 0 630 367 0 0.1111111111111111 0.009826325411334552
table-0308-392 1 1 1 104 110 3617 0.5 0.0
table-0308-495 10 7 20 18 62 346 1.0 0.7794871794871795
table-0308-69 100 5 0 136 141 0 1.0 8.123316062176166
table-0308-478 0 1 0 11 4 1907 1.0 0.0
table-0308-465 3 4 0 92 227 10663 0.05555555555555555 0.06837339993755853
table-0308-177 27 6 12 145 162 2415 0.16666666666666666 3.121272365805169
table-0308-868 3 2 0 298 301 45855 0.2 0.01326053042121685
table-0308-648 1 1 0 1137 605 30118 0.05555555555555555 0.0015298586199620173
table-0308-661 53 8 0 780 394 26057 0.14285714285714285 1.4277414669571533
table-0308-262 6 7 0 277 196 10030 0.1111111111111111 0.3466666666666667
table-0308-389 1 1 1 109 111 3265 0.5 0.0
table-0308-961 1 7 0 5 5 924 0.5 0.14444444444444443
table-0308-257 11 6 0 278 204 24221 0.1 0.5022779043280182
table-0308-707 5 7 7 40 220 4855 0.25 0.02269966110365113
table-0308-285 10 5 0 271 282 10145 0.1111111111111111 0.239918533604888
table-0308-163 1 3 0 17 34 1144 1.0 0.05105513955071477
table-0308-325 5 9 0 112 125 3374 0.25 0.2026266416510319
table-0308-624 22 5 0 651 983 54375 0.5 0.11176598995852434
table-0308-783 0 1 0 78 169 8769 1.0 0.0
table-0308-909 1 7 0 379 393 3093 0.041666666666666664 0.09559675550405562
table-0308-445 1 9 1 244 444 7080 0.09090909090909091 0.015256342025900302
table-0308-597 2 3 0 841 598 160709 0.125 0.030573248407643312
table-0308-507 9 5 1 697 1138 81728 0.25 0.06156659555013715
table-0308-426 1 3 0 27 51 9775 1.0 0.0774307083150022
table-0308-808 1 3 0 57 35 1762 1.0 0.0994718309859155
table-0308-839 3 4 0 1065 751 437470 0.2 0.035261762105883505
table-0308-674 1 2 1 32 48 2903 1.0 0.030744336569579287
table-0308-849 4 2 0 138 87 122220 0.3333333333333333 0.014667817083692839
table-0308-278 12 5 0 278 203 9313 1.0 0.28565640194489467
table-0308-926 31 8 25 174 161 2667 0.16666666666666666 4.142857142857143
table-0308-354 10 6 0 193 164 3473 0.09090909090909091 0.26005273566249176
table-0308-355 2 4 0 193 164 3473 0.09090909090909091 0.04581410678971654
table-0308-878 10 9 0 15 68 4757 0.1 0.8622028141678797
table-0308-508 5 6 0 18 32 767 0.5 2.2262773722627736
table-0308-540 13 8 6 190 226 4788 1.0 2.2503576537911303
table-0308-412 9 2 0 220 186 15527 0.5 0.007918955553970179
table-0308-328 16 8 36 162 571 841 1.0 0.7361553150859326
table-0308-155 1 3 0 192 144 71265 0.25 0.04126289465457956
table-0308-170 1 3 0 128 150 1442 0.3333333333333333 0.10309278350515463
table-0308-637 0 1 0 126 39 6561 1.0 0.0
table-0308-469 5 4 0 92 227 10663 0.05555555555555555 0.07492975335622853
table-0308-522 6 5 0 5 21 3101 0.25 0.1590819153146023
table-0308-229 4 8 4 119 538 3040 0.08333333333333333 1.0327380952380953
table-0308-577 0 1 0 315 226 140783 0.25 0.0
table-0308-137 32 6 17 144 156 3093 0.16666666666666666 2.3286445012787724
table-0308-823 6 6 0 202 394 892 1.0 0.25525719831769655
table-0308-700 1 1 0 107 60 26189 0.5 0.01909792767167818
table-0308-946 4 2 0 126 357 26175 0.3333333333333333 0.03372063652437484
table-0308-711 2 4 0 286 319 1429 0.5 0.046189376443418015
table-0308-129 1 3 0 142 162 1724 0.16666666666666666 0.3868312757201646
table-0308-230 10 4 9 119 538 3040 0.08333333333333333 1.1666666666666667
table-0308-792 3 9 5 241 226 21647 0.2 0.05035550793805396
table-0308-863 7 3 0 61 139 1045 0.14285714285714285 0.01541994750656168
table-0308-286 10 5 0 271 282 10145 0.1111111111111111 0.24684317718940937
table-0308-807 1 2 0 453 512 11131 0.25 0.03183023872679045
table-0308-516 10 2 3 247 151 105290 0.25 0.08873626373626374
table-0308-297 12 6 0 276 427 13184 0.08333333333333333 0.2532279314888011
table-0308-208 1 2 0 145 206 13283 0.3333333333333333 0.008845829823083403
table-0308-318 3 3 0 275 186 10814 0.08333333333333333 0.10544074230282581
table-0308-649 0 1 0 1137 605 30118 0.05555555555555555 0.0
table-0308-12 100 5 0 98 108 0 1.0 6.636269430051813
table-0308-57 38 6 23 140 164 2110 0.16666666666666666 4.254545454545455
table-0308-616 10 5 0 109 144 14746 0.2 0.2149618320610687
table-0308-206 1 3 0 10 49 2172 1.0 0.03390435403283369
table-0308-511 11 6 6 27 48 728 0.5 5.090604026845638
table-0308-613 25 5 0 674 1085 56686 0.5 0.10219368646334938
table-0308-768 19 4 10 1683 703 7140615 0.25 0.056953604891442806
table-0308-444 1 20 0 244 444 7080 0.09090909090909091 0.0062089764058896576
table-0308-913 8 6 1 379 393 3093 0.041666666666666664 0.5834298957126304
table-0308-468 3 4 0 92 227 10663 0.05555555555555555 0.04152357165157665
table-0308-617 3 5 0 109 144 14746 0.2 0.0650381679389313
table-0308-998 0 1 0 19 117 1679 1.0 0.0
table-0308-662 1 2 1 5 17 235 1.0 0.00880503144654088
table-0308-520 1 4 0 5 21 3101 0.25 0.03442817570241393
table-0308-892 6 4 9 34 96 911 0.2 0.21353251318101935
table-0308-918 4 8 0 379 393 3093 0.041666666666666664 0.35979142526071844
table-0308-362 3 2 0 17 26 2402 1.0 0.1509433962264151
table-0308-801 15 5 0 313 265 21850 0.2 0.05751785369619764
table-0308-639 0 1 0 1137 605 30118 0.05555555555555555 0.0
table-0308-167 4 1 0 128 150 1442 0.3333333333333333 0.1979381443298969
table-0308-835 13 3 10 184 133 14290 1.0 0.23423728813559322
table-0308-223 2 3 0 23 44 3244 1.0 0.05148914689550732
table-0308-284 2 22 0 271 282 10145 0.1111111111111111 0.04114052953156823
table-0308-420 4 6 8 31 44 2655 0.5 0.12712440516655338
table-0308-125 1 3 0 142 172 1975 0.16666666666666666 0.41568627450980394
table-0308-397 4 3 0 1719 627 124 1.0 0.004719465262305044
table-0308-680 2 3 0 56 73 44529 0.25 0.08896925858951175
table-0308-983 2 2 0 87 101 5074 0.5 0.05191434133679429
table-0308-927 40 8 28 174 161 2667 0.16666666666666666 5.303296703296703
table-0308-101 1 2 1 49 51 1677 1.0 0.001943634596695821
table-0308-169 1 3 0 128 150 1442 0.3333333333333333 0.09072164948453608
table-0308-669 1 3 0 485 233 173200 0.125 0.024810048069468134
table-0308-251 2 22 0 278 204 24221 0.1 0.057517084282460135
table-0308-645 1 1 0 1137 605 30118 0.05555555555555555 0.0009495674192867694
table-0308-647 0 1 0 1137 605 30118 0.05555555555555555 0.0
table-0308-39 23 6 8 143 165 2381 0.16666666666666666 3.0677618069815193
table-0308-603 11 2 0 322 173 9990 0.2 0.0713678844519966
table-0308-374 12 11 4 232 283 183 1.0 1.234539089848308
table-0308-199 1 3 0 131 149 1415 0.3333333333333333 0.11904761904761904
table-0308-60 100 5 0 136 141 0 1.0 7.321243523316062
table-0308-729 3 4 0 42 39 20537 0.3333333333333333 0.2425629290617849
table-0308-853 5 2 5 127 102 138869 0.3333333333333333 0.028275415497517806
table-0308-234 36 4 0 119 538 3040 0.08333333333333333 14.203869047619047
table-0308-65 1 3 0 144 163 2457 0.16666666666666666 0.24726775956284153
table-0308-860 10 2 0 61 139 1045 0.14285714285714285 0.005085301837270341
table-0309-1000 99 3 0 37 235 1857 0.3333333333333333 0.834840552118039
table-0308-201 7 3 1 267 223 9855 0.5 0.055363683935112505
table-0308-54 100 5 0 136 141 0 1.0 7.6652849740932645
table-0308-360 6 5 0 448 276 198794 0.25 0.02194980834598973
table-0308-453 10 5 12 73 113 2686 1.0 0.44245409762651144
table-0308-900 1 11 0 379 393 3093 0.041666666666666664 0.07995365005793743
table-0308-178 34 6 19 145 162 2415 0.16666666666666666 3.73558648111332
table-0308-317 9 10 0 275 186 10814 0.08333333333333333 0.3833825390130747
table-0308-831 3 5 0 1086 564 25010 1.0 0.01342584249414309
table-0308-855 4 4 0 127 102 138869 0.3333333333333333 0.03928340168357436
table-0308-299 7 17 28 276 427 13184 0.08333333333333333 0.12885375494071147
table-0308-428 7 8 33 33 17 1023 0.5 1.5494071146245059
table-0308-737 1 1 0 19 15 2527 1.0 0.14855072463768115
table-0308-810 6 24 0 2030 361 195365 0.5 0.025866024317504014
table-0308-656 33 16 55 338 227 32886 0.3333333333333333 0.8411572052401747
table-0308-833 3 3 1 1086 564 25010 1.0 0.014507118399711659
table-0308-140 20 6 20 263 403 986775 0.5 0.2711337291489963
table-0308-489 1 1 0 1761 712 352127 0.5 0.0005784271810477077
table-0308-366 1 4 0 137 145 2918 0.3333333333333333 0.03535176758837942
table-0308-917 2 6 0 379 393 3093 0.041666666666666664 0.19177288528389339
table-0308-324 3 18 0 275 186 10814 0.08333333333333333 0.04091100801349642
table-0308-571 21 5 0 666 1233 100941 0.5 0.06804906542056074
table-0308-308 5 10 0 273 195 18029 0.1 0.193717277486911
table-0308-934 0 1 0 4 20 911 1.0 0.0
table-0308-509 1 2 0 14 34 2205 0.5 0.027463651050080775
table-0308-117 23 6 8 142 164 1983 0.16666666666666666 3.058700209643606
table-0308-862 63 5 0 61 139 1045 0.14285714285714285 0.47965879265091865
table-0308-19 1 3 0 745 235 746955 0.25 0.0059132385176122754
table-0308-741 5 2 0 16 9 14457 0.3333333333333333 0.04529201430274136
table-0308-893 6 4 6 29 37 939 0.2 0.508177570093458
table-0308-179 1 3 0 145 162 2415 0.16666666666666666 0.37375745526838966
table-0308-27 21 4 0 224 109 238776 0.3333333333333333 0.03295121575078394
table-0308-967 3 3 0 40 59 1586 1.0 0.1615138592750533
table-0308-15 100 5 0 98 108 0 1.0 6.345077720207254
table-0308-533 1 2 0 31 36 3866 0.3333333333333333 0.03228621291448516
table-0308-972 12 3 0 114 116 5594 1.0 2.1696750902527078
table-0308-185 57 10 88 158 356 63090 1.0 1.4301470588235294
table-0308-604 2 2 0 322 173 9990 0.2 0.015802888700084963
table-0308-422 1 4 0 25 32 4604 0.25 0.023482245131729668
table-0308-102 8 6 10 49 51 1677 1.0 0.5636540330417882
table-0308-852 2 1 0 347 349 34953 1.0 0.014030399198262903
table-0308-77 1 3 0 58 5 2512 1.0 0.3901345291479821
table-0308-50 100 5 0 108 115 0 1.0 7.773056994818653
table-0308-888 2 4 0 774 488 176333 0.5 0.005395940537449972
table-0308-975 4 5 0 389 460 21154 0.5 0.0041414542208114274
table-0308-716 6 8 0 99 183 1195 0.2 0.44
table-0308-260 2 22 0 277 196 10030 0.1111111111111111 0.06121212121212121
table-0308-519 0 1 0 247 151 105290 0.25 0.0
table-0308-93 32 6 17 41 150 2361 0.16666666666666666 3.6149193548387095
table-0308-625 6 5 5 34 372 30058 0.08333333333333333 0.15366684597453828
table-0308-827 10 7 10 196 153 18529 0.5 0.21020833333333333
table-0308-141 10 3 0 263 403 986775 0.5 0.08057675996607294
table-0308-557 1 2 0 11 25 2724 1.0 0.04431137724550898
table-0308-671 12 3 0 229 288 178 1.0 1.1833872707659114
table-0308-433 1 3 0 43 177 13136 0.1111111111111111 0.018562589243217516
table-0308-448 11 5 14 244 444 7080 0.09090909090909091 0.15398261486606352
table-0308-688 2 6 0 382 263 25904 0.1 0.03403403403403404
table-0308-359 24 11 3 448 276 198794 0.25 0.09445288204238085
table-0308-338 0 1 0 30 116 2055 0.5 0.0
table-0308-513 10 6 0 417 285 47326 0.1111111111111111 0.037606886492979094
table-0308-880 10 9 0 15 68 4757 0.1 0.8976225133430373
table-0308-886 3 4 0 186 174 46999 1.0 0.013221563415797723
table-0308-189 17 10 44 116 159 29862 0.16666666666666666 0.440989847715736
table-0308-970 9 4 0 451 481 19527 1.0 0.019615134331133214
table-0308-292 7 10 0 276 427 13184 0.08333333333333333 0.18708827404479578
table-0308-443 7 10 9 244 444 7080 0.09090909090909091 0.10094021642717757
table-0308-124 39 6 24 142 172 1975 0.16666666666666666 4.313725490196078
table-0308-174 1 3 0 143 157 1963 0.16666666666666666 0.36693548387096775
table-0308-49 100 5 0 108 115 0 1.0 7.1233160621761655
table-0308-400 1 3 0 46 73 8095 0.3333333333333333 0.016633875871937043
table-0308-925 21 8 6 174 161 2667 0.16666666666666666 3.0945054945054946
table-0308-298 3 6 0 276 427 13184 0.08333333333333333 0.057444005270092226
table-0308-805 1 4 0 453 512 11131 0.25 0.06962864721485411
table-0308-121 4 29 13 17 133 610 1.0 0.3069620253164557
table-0308-651 0 1 0 1137 605 30118 0.05555555555555555 0.0
table-0308-264 11 5 0 277 196 10030 0.1111111111111111 0.4296969696969697
table-0308-340 2 2 2 109 102 15152 0.5 0.16964285714285715
table-0308-678 14 2 0 56 73 44529 0.25 0.26763110307414106
table-0308-628 15 6 9 34 372 30058 0.08333333333333333 0.18916980455441995
table-0308-281 12 6 0 278 203 9313 1.0 0.37682333873581847
table-0308-490 4 1 0 133 147 1668 0.3333333333333333 0.20253164556962025
table-0308-434 7 9 0 43 177 13136 0.1111111111111111 0.3260352213231794
table-0308-452 2 3 0 121 199 487 1.0 0.034420562152412446
table-0308-287 11 5 0 271 282 10145 0.1111111111111111 0.29816700610997965
table-0308-273 11 5 0 275 191 10796 0.1 0.8988095238095238
table-0308-216 13 8 5 190 225 7981 0.1111111111111111 1.8796821793416572
table-0308-474 22 6 0 27 67 2335 0.3333333333333333 0.3469607315761162
table-0308-447 10 5 10 244 444 7080 0.09090909090909091 0.14280645733546213
table-0308-196 2 3 0 234 218 521785 0.3333333333333333 0.011244530375496083
table-0308-36 100 5 0 105 105 0 1.0 6.63419689119171
table-0308-728 7 4 0 42 39 20537 0.3333333333333333 1.345537757437071
table-0308-575 1 2 0 315 226 140783 0.25 0.004082465809348847
table-0308-87 1 3 0 143 161 2240 0.16666666666666666 0.16075156576200417
table-0308-35 100 5 0 105 105 0 1.0 8.119170984455959
table-0308-72 0 1 0 105 105 895 1.0 0.0
table-0308-411 6 2 0 220 186 15527 0.5 0.006563458657344653
table-0308-429 1 3 0 372 290 20538 1.0 0.022115259529075063
table-0308-726 16 3 0 199 182 118175 0.2 0.09284543965046423
table-0308-565 9 2 3 129 350 6012 1.0 0.13833110218652386
table-0308-626 16 7 38 34 372 30058 0.08333333333333333 0.2877891339429801
table-0308-265 12 5 0 277 196 10030 0.1111111111111111 0.49757575757575756
table-0308-775 7 8 7 293 162 18623 0.3333333333333333 0.11395016664021584
table-0308-594 25 8 0 841 598 160709 0.125 0.37261146496815284
table-0308-295 10 5 0 276 427 13184 0.08333333333333333 0.18155467720685112
table-0308-922 13 3 0 311 144 1959 0.3333333333333333 1.607717041800643
table-0308-891 6 4 6 34 96 911 0.2 0.3664323374340949
table-0308-358 14 8 4 198 250 13908 0.07142857142857142 0.6193386053199137
table-0308-241 12 11 26 37 123 7254 0.07692307692307693 0.11959496442255063
table-0308-165 77 4 64 959 548 1423739 0.5 0.45022468026270307
table-0308-561 0 1 0 4228 786 880520 0.3333333333333333 0.0
table-0308-280 10 5 0 278 203 9313 1.0 0.27957860615883307
table-0308-71 0 1 0 98 108 1273 1.0 0.0
table-0308-781 25 3 7 134 143 371752 0.3333333333333333 0.4678990530560464
table-0308-48 100 5 0 108 115 0 1.0 7.471502590673575
table-0308-258 5 19 0 278 204 24221 0.1 0.09624145785876993
table-0308-549 19 4 0 70 33 30541 0.1111111111111111 0.16495876030992251
table-0308-210 5 5 5 30 35 1905 1.0 0.41205325858444286
table-0308-476 2 3 0 27 67 2335 0.3333333333333333 0.05190962883270576
table-0308-150 11 5 11 55 314 52313 0.16666666666666666 0.05879144851657941
table-0308-854 2 3 0 127 102 138869 0.3333333333333333 0.015972372113101662
table-0308-398 3 2 0 17 26 1944 1.0 0.0734284204965663
table-0308-924 0 1 0 402 512 342 1.0 0.0
table-0308-739 1 3 0 57 73 2328 0.3333333333333333 0.050434063662670524
table-0308-302 12 5 0 272 326 6772 0.1 0.34749763928234184
table-0308-945 19 13 9 33 52 1429 0.5 0.905860349127182
table-0308-797 1 3 0 241 226 21647 0.2 0.010811337294243693
table-0308-620 26 6 0 644 1019 57266 0.5 0.1483970207253886
table-0308-727 4 4 0 199 182 118175 0.2 0.05925723648279629
table-0308-327 3 5 3 15 23 593 1.0 0.4021317829457364
table-0308-605 1 5 0 322 173 9990 0.2 0.010365335598980459
table-0308-347 2 3 0 48 69 1435 1.0 0.0625948406676783
table-0308-425 40 5 0 769 1358 121528 0.2 0.16356565502516396
table-0308-994 1 3 0 97 216 3949 1.0 0.032306255835667604
table-0308-694 10 11 7 106 342 1666 0.14285714285714285 0.8009888751545118
table-0308-86 33 6 18 143 161 2240 0.16666666666666666 3.7348643006263047
table-0308-720 1 2 1 60 64 4014 1.0 0.014671814671814672
table-0308-584 13 2 3 285 207 124189 0.5 0.06971063509958662
table-0308-615 7 4 0 109 144 14746 0.2 0.20122137404580154
table-0308-871 12 4 1 979 300 102250 0.5 0.0727840499639683
table-0308-402 3 4 0 144 164 1884 0.5 0.09523809523809523
table-0308-289 0 1 0 271 282 10145 0.1111111111111111 0.0
table-0308-782 5 3 0 170 195 4616 0.5 0.01288154578549426
table-0308-342 0 1 0 109 102 15152 0.5 0.0
table-0308-735 18 20 0 967 505 19805 0.09090909090909091 0.5018438844499078
table-0308-695 1 2 1 27 51 2466 1.0 0.012063492063492064
table-0308-4 100 5 0 145 156 0 1.0 7.644559585492228
table-0308-530 2 4 0 12 31 2367 0.25 0.024040186580552566
table-0308-640 1 1 0 1137 605 30118 0.05555555555555555 0.0015298586199620173
table-0308-760 42 16 493 131 439 43470 0.1111111111111111 0.06523925851415434
table-0308-531 6 3 0 12 31 2367 0.25 0.28058844635809116
table-0308-554 7 4 0 70 33 30541 0.1111111111111111 0.06923269182704324
table-0308-416 13 2 0 39 52 392 1.0 0.12536912751677853
table-0308-756 13 4 0 88 428 13056 0.14285714285714285 0.05772862152684111
table-0308-315 2 22 0 275 186 10814 0.08333333333333333 0.04259805989034163
table-0308-500 34 5 0 696 1138 87433 0.16666666666666666 0.1638211911898866
table-0308-74 0 1 0 108 115 1164 1.0 0.0
table-0308-724 17 2 0 199 182 118175 0.2 0.10076460950300382
table-0308-357 2 5 0 16 23 571 1.0 0.6092362344582594
table-0308-213 2 2 1 37 42 1278 1.0 0.03212482790270767
table-0308-127 29 6 14 142 162 1724 0.16666666666666666 3.405349794238683
table-0308-929 2 2 1 119 100 13390 0.25 0.033315705975674244
table-0308-391 0 1 0 109 111 3265 0.5 0.0
table-0308-456 36 7 0 298 114 51978 0.5 0.419220582671207
table-0308-151 11 5 11 55 314 52313 0.16666666666666666 0.05410122164048865
table-0308-442 6 4 0 244 444 7080 0.09090909090909091 0.05162320383182544
table-0308-607 24 6 0 624 1069 55368 0.5 0.1139926994611507
table-0308-939 3 4 0 21 25 2047 1.0 0.047069681587448085
table-0308-408 20 7 20 820 1386 129356 0.16666666666666666 0.10725226056467983
table-0308-523 24 5 0 710 1233 88043 0.25 0.10697334793720335
table-0308-20 100 5 0 98 108 0 1.0 6.482901554404145
table-0308-405 20 6 0 820 1386 129356 0.16666666666666666 0.10374607861229009
table-0308-382 1 4 0 113 108 4657 0.25 0.022541966426858514
table-0308-450 10 5 10 244 444 7080 0.09090909090909091 0.15930459464254035
table-0308-936 12 2 0 21 25 2047 1.0 0.38209506229810797
table-0308-919 0 1 0 427 552 365 1.0 0.0
table-0308-180 24 6 9 144 167 2283 0.16666666666666666 2.6226734348561758
table-0308-752 10 3 0 128 402 14851 0.14285714285714285 0.01818870784388026
table-0308-596 15 7 25 841 598 160709 0.125 0.06305732484076433
table-0308-601 0 1 0 19 120 1811 1.0 0.0
table-0308-88 1 3 0 39 46 17897 1.0 0.03288100208768267
table-0308-791 1 5 2 178 247 4046 1.0 0.04354032833690221
table-0308-3 11 5 1 905 3092 179247 0.125 0.06453553665971443
table-0308-296 11 5 0 276 427 13184 0.08333333333333333 0.20395256916996046
table-0308-558 12 6 11 79 157 3476 0.5 0.27989407211244655
table-0308-231 8 6 8 119 538 3040 0.08333333333333333 2.299107142857143
table-0308-220 5 10 0 190 225 7981 0.1111111111111111 0.2656072644721907
table-0308-740 7 3 0 16 9 14457 0.3333333333333333 0.24553039332538737
table-0308-415 7 9 41 26 26 848 0.5 0.47878787878787876
table-0308-440 37 9 50 244 444 7080 0.09090909090909091 0.5602270711371297
table-0308-547 13 4 0 70 33 30541 0.1111111111111111 0.11572106973256686
table-0308-788 3 3 0 76 79 3138 1.0 0.13240628778718258
table-0308-276 2 22 0 278 203 9313 1.0 0.04092382495948136
table-0308-394 13 3 0 303 320 1962 0.5 0.7522123893805309
table-0308-819 0 1 0 4703 1460 1081937 0.125 0.0
table-0308-145 5 5 5 55 314 52313 0.16666666666666666 0.02137870855148342
table-0308-552 27 4 0 70 33 30541 0.1111111111111111 0.26493376655836043
table-0308-78 0 1 0 136 141 1169 1.0 0.0
table-0308-526 671 5 0 0 0 0 0.0 80603.0
table-0308-875 24 9 0 15 68 4757 0.1 1.8762736535662299
table-0308-675 3 2 0 106 134 31186 0.3333333333333333 0.018431983385254414
table-0308-979 2 3 0 59 72 6009 0.3333333333333333 0.272552783109405
table-0308-432 1 2 0 43 177 13136 0.1111111111111111 0.019990480723465015
table-0308-33 100 5 0 105 105 0 1.0 7.474611398963731
table-0308-580 3 2 2 22 32 4665 1.0 0.06515775034293553
table-0308-435 7 7 0 43 177 13136 0.1111111111111111 0.41646834840552116
table-0308-370 11 2 0 26 31 1019 0.5 0.8291666666666667
table-0308-749 14 14 117 103 344 9225 0.14285714285714285 0.025839522962652996
table-0308-156 23 2 0 630 367 0 0.1111111111111111 0.19949725776965266
table-0308-641 0 1 0 1137 605 30118 0.05555555555555555 0.0
table-0308-113 28 6 13 143 159 2384 0.16666666666666666 3.5096359743040684
table-0308-83 1 3 0 114 157 1755 0.16666666666666666 0.2854889589905363
table-0308-705 8 7 13 40 220 4855 0.25 0.028390562056397468
table-0308-660 13 7 0 780 394 26057 0.14285714285714285 0.26700556765916245
table-0308-377 27 17 24 32 37 36459 0.16666666666666666 0.1938707528314457
table-0308-116 1 2 0 36 55 638 0.5 0.012102874432677761
table-0308-114 36 6 21 143 159 2384 0.16666666666666666 4.289079229122056
table-0308-462 3 4 0 92 227 10663 0.05555555555555555 0.06431470496409616
table-0308-79 0 1 0 136 141 1169 1.0 0.0
table-0308-582 17 5 8 71 110 2446 1.0 1.4761904761904763
table-0308-999 14 3 0 26 235 2668 0.5 0.8766859344894027
table-0308-419 43 6 0 813 1317 156092 0.2 0.23116842270797294
table-0308-352 30 3 30 313 353 9628 1.0 0.1947175057094628
table-0308-969 14 5 0 451 481 19527 1.0 0.02881844380403458
table-0308-717 80 6 0 99 183 1195 0.2 7.183448275862069
table-0308-95 1 2 1 30 58 6193 1.0 0.016564952048823016
table-0308-418 20 5 0 791 1349 119181 0.25 0.0774217042971595
table-0308-160 6 4 0 630 367 0 0.1111111111111111 0.019995429616087752
table-0308-351 1 3 0 87 99 1905 1.0 0.05599011939069576
table-0308-642 1 1 0 1137 605 30118 0.05555555555555555 0.001424351128930154
table-0308-754 0 1 0 128 402 14851 0.14285714285714285 0.0
table-0308-321 11 5 0 275 186 10814 0.08333333333333333 0.3133698861239983
table-0308-455 3 8 9 325 251 33732 1.0 0.032671629445823
table-0308-772 24 4 44 499 230 497170 1.0 0.1620195540841136
table-0308-982 4 10 6 194 200 5734 0.3333333333333333 0.8411764705882353
table-0308-112 24 6 9 143 159 2384 0.16666666666666666 3.342612419700214
table-0308-636 14 5 0 653 973 48459 0.25 0.08180413366814758
table-0308-277 10 10 0 278 203 9313 1.0 0.40478119935170176
table-0308-460 6 4 0 92 227 10663 0.05555555555555555 0.08242272869185138
table-0308-836 0 1 0 27 78 231 1.0 0.0
table-0308-560 2 1 0 4228 786 880520 0.3333333333333333 0.002015340652729734
table-0308-874 1 2 0 9 21 1194 1.0 0.011073663938372653
table-0308-191 4 9 4 192 717 558 1.0 0.17017892644135188
table-0308-148 10 5 10 55 314 52313 0.16666666666666666 0.052137870855148344
table-0308-305 10 6 0 272 326 6772 0.1 0.37063267233238906
table-0308-463 2 4 0 92 227 10663 0.05555555555555555 0.03246955978769903
table-0308-666 6 5 0 723 439 207978 1.0 0.04570557988954485
table-0308-438 6 4 0 43 177 13136 0.1111111111111111 0.24083769633507854
table-0308-731 1 6 0 967 505 19805 0.09090909090909091 0.05070682237246466
table-0308-524 1 2 1 6 8 1939 1.0 0.05828220858895705
table-0308-239 3 4 0 77 88 8359 1.0 0.09275834011391375
table-0308-232 9 6 9 119 538 3040 0.08333333333333333 2.8050595238095237
table-0308-600 25 5 0 645 1123 57128 0.3333333333333333 0.08561985747237236
table-0308-30 100 5 0 105 105 0 1.0 6.900518134715026
table-0308-379 6 4 0 3844 344 369870 0.5 0.02264513214366388
table-0308-66 34 4 25 1174 861 1701474 0.3333333333333333 0.20049160180253994
table-0308-259 0 1 0 278 204 24221 0.1 0.0
table-0308-172 27 6 12 143 157 1963 0.16666666666666666 3.2338709677419355
table-0308-778 1 8 1 835 370 80640 0.25 0.012871590560833588
table-0308-841 2 7 2 180 165 8176 0.5 0.10969637610186092
table-0308-840 3 4 0 1065 751 437470 0.2 0.04817797858756507
table-0308-211 20 6 0 846 2484 142241 0.14285714285714285 0.10804353597026811
table-0308-417 7 2 0 39 52 392 1.0 0.0287248322147651
table-0308-505 13 8 4 187 228 6734 0.3333333333333333 3.2485436893203885
table-0308-373 12 3 0 232 283 183 1.0 1.2287047841306884
table-0308-106 3 4 0 3020 300 137553 0.125 0.0232507840380664
table-0308-237 6 5 10 119 538 3040 0.08333333333333333 0.9523809523809523
table-0308-755 10 3 0 88 428 13056 0.14285714285714285 0.013865659562988939
table-0308-813 9 7 20 53 31 1014 1.0 0.9556737588652482
table-0308-602 31 4 0 67 138 44832 0.5 0.16047430830039525
table-0308-847 1 2 1 25 32 5208 1.0 0.01539708265802269
table-0308-599 25 6 0 676 1127 67475 0.25 0.12903006624766433
table-0308-18 29 10 18 745 235 746955 0.25 0.4385991741856553
table-0308-789 1 2 1 19 20 3229 1.0 0.009880395215808632
table-0308-107 3 4 0 3020 300 137553 0.125 0.024818860170866226
table-0308-538 9 2 0 93 82 3649 0.5 0.36043956043956044
table-0308-964 9 2 0 252 283 84272 0.25 0.01238424634608948
table-0308-704 7 17 0 352 130 13018 0.16666666666666666 0.17524213075060532
table-0308-459 2 4 0 92 227 10663 0.05555555555555555 0.084920387137059
table-0308-633 59 6 72 34 372 30058 0.08333333333333333 0.8425676887215349
table-0308-873 6 1 0 84 60 18574 0.5 0.1242521859180856
table-0308-414 4 3 0 426 471 5681 1.0 0.19318925998690242
table-0308-380 5 6 0 3844 344 369870 0.5 0.01270612152699345
table-0308-375 1 6 0 32 37 36459 0.16666666666666666 0.058694203864090605
table-0308-132 32 6 17 142 167 2374 0.16666666666666666 2.4650856389986826
table-0308-214 1 2 1 12 35 5919 1.0 0.021714285714285714
table-0308-271 17 5 0 275 191 10796 0.1 1.1642857142857144
table-0308-976 40 2 0 27 90 167 1.0 0.5195698166431594
table-0308-889 6 4 9 34 96 911 0.2 0.24428822495606328
table-0308-268 0 1 0 277 196 10030 0.1111111111111111 0.0
table-0308-551 26 4 0 70 33 30541 0.1111111111111111 0.24693826543364158
table-0308-200 1 3 0 131 149 1415 0.3333333333333333 0.08531746031746032
table-0308-404 5 6 0 222 584 38236 0.05555555555555555 0.007061503416856492
table-0308-164 2 3 0 13 13 930 1.0 0.7796610169491526
table-0308-409 19 7 20 820 1386 129356 0.16666666666666666 0.10020298948145415
table-0308-266 13 6 0 277 196 10030 0.1111111111111111 0.616969696969697
table-0308-350 2 5 0 15 19 838 1.0 0.39871794871794874
table-0308-570 6 6 0 56 69 1015 0.5 1.5773955773955775
table-0308-798 4 3 0 368 261 52793 1.0 0.02884682060883434
table-0308-811 11 8 1 2030 361 195365 0.5 0.02841821518696949
table-0308-867 3 4 1 298 301 45855 0.2 0.05187207488299532
table-0308-475 2 3 0 27 67 2335 0.3333333333333333 0.19203873050026896
table-0308-765 2 4 3 38 44 117003 0.3333333333333333 0.02589428723972237
table-0308-690 5 1 0 382 263 25904 0.1 0.013013013013013013
table-0308-851 2 4 0 138 87 122220 0.3333333333333333 0.017601380500431408
table-0308-187 38 3 38 116 159 29862 0.16666666666666666 0.8128172588832487
table-0308-968 3 3 0 237 254 6817 1.0 0.027048573543647855
table-0308-817 1 1 0 4702 1460 1081937 0.125 0.0008710448486812786
table-0308-944 5 3 0 20 21 41928 0.5 0.07820197044334976
table-0308-609 1 3 0 229 225 87800 1.0 0.013432679189841536
table-0308-470 10 4 0 92 227 10663 0.05555555555555555 0.2684982828598189
table-0308-686 2 2 0 42 70 3800 0.3333333333333333 0.03209459459459459
table-0308-887 1 4 0 186 174 46999 1.0 0.004498057656920875
table-0308-494 19 4 16 145 115 41482 0.5 0.47748323219418715
table-0308-198 14 10 0 131 149 1415 0.3333333333333333 1.2380952380952381
table-0308-993 2 3 0 88 141 3515 1.0 0.0738255033557047
table-0308-488 12 4 6 1762 712 352127 0.5 0.013002037069637602
table-0308-844 1 3 0 17 12 425 1.0 0.2109375
table-0308-514 2 3 0 417 285 47326 0.1111111111111111 0.007521377298595819
table-0308-153 10 5 10 55 314 52313 0.16666666666666666 0.04548429319371728
table-0308-197 4 1 0 131 149 1415 0.3333333333333333 0.19047619047619047
table-0308-820 0 1 0 4702 1460 1081937 0.125 0.0
table-0308-182 38 6 23 144 167 2283 0.16666666666666666 3.6988155668358713
table-0308-499 28 6 0 721 1164 91114 0.25 0.05752288084851595
table-0308-436 13 4 0 43 177 13136 0.1111111111111111 0.46882436934792954
table-0308-821 4 3 0 4702 1460 1081937 0.125 0.006401166794960094
table-0308-238 47 8 74 119 538 3040 0.08333333333333333 12.520833333333334
table-0308-708 5 3 0 327 312 9814 1.0 0.12198712051517939
table-0308-407 20 7 20 820 1386 129356 0.16666666666666666 0.1019007196899797
table-0308-845 6 2 0 51 78 30534 0.3333333333333333 0.07844630616907845
table-0308-52 100 5 0 108 115 0 1.0 7.349222797927461
table-0308-829 61 3 2 1086 564 25010 1.0 0.21188502432870787
table-0308-439 8 3 0 43 177 13136 0.1111111111111111 0.11232746311280342
table-0308-550 26 4 0 70 33 30541 0.1111111111111111 0.23544113971507125
table-0308-951 12 14 0 176 125 5230 0.2 0.774288518155054
table-0308-242 18 3 0 30 68 799 0.5 1.3546099290780143
table-0308-527 6 5 0 7 29 276 1.0 2.733031674208145
table-0308-45 100 5 0 108 115 0 1.0 8.73160621761658
table-0308-40 32 6 17 143 165 2381 0.16666666666666666 3.7926078028747434
table-0308-884 2 4 0 186 174 46999 1.0 0.009813943978736455
table-0308-388 0 1 0 104 105 2361 0.5 0.0
table-0308-261 6 10 0 277 196 10030 0.1111111111111111 0.3593939393939394
table-0308-430 34 6 10 49 90 1818 1.0 5.092783505154639
table-0308-376 8 6 0 32 37 36459 0.16666666666666666 0.13151232511658895
table-0308-959 8 11 6 15 36 905 0.5 3.4401913875598087
table-0308-673 4 5 8 73 89 988 0.5 0.19632606199770378
table-0308-154 5 2 0 192 144 71265 0.25 0.05908096280087528
table-0308-825 2 2 2 33 154 4377 1.0 0.040243331773514274
table-0308-441 35 14 0 244 444 7080 0.09090909090909091 0.411566436047543
table-0308-914 2 14 0 379 393 3093 0.041666666666666664 0.09096176129779837
table-0308-246 3 1 0 274 66 42325 0.5 0.11441765007696254
table-0308-907 7 6 1 379 393 3093 0.041666666666666664 0.5926998841251448
table-0308-332 4 5 5 119 47 881 0.16666666666666666 0.5186440677966102
table-0308-568 2 3 0 31 51 2980 1.0 0.30346820809248554
table-0308-159 1 2 0 630 367 0 0.1111111111111111 0.0047989031078610606
table-0308-369 2 7 2 20 32 1468 0.5 0.2649434571890145
table-0308-503 14 10 0 134 142 1598 0.3333333333333333 1.373913043478261
table-0308-800 2 3 0 313 265 21850 0.2 0.012159814707585408
table-0308-879 6 9 0 15 68 4757 0.1 0.6424065987384765
table-0308-472 3 4 0 92 227 10663 0.05555555555555555 0.10771152044957852
table-0308-776 6 8 6 293 162 18623 0.3333333333333333 0.08228852563085225
table-0308-480 1 2 1 0 0 0 0.0 31.0
table-0308-109 9 4 0 3020 300 137553 0.125 0.052070941927111494
table-0308-108 5 4 0 3020 300 137553 0.125 0.03666053855304423
table-0308-194 39 10 20 234 218 521785 0.3333333333333333 0.6012007733794648
table-0308-486 5 6 0 118 154 1105 0.1111111111111111 0.059846903270702856
table-0308-938 1 2 0 21 25 2047 1.0 0.019381633594831565
table-0308-894 6 4 9 29 37 939 0.2 0.3142523364485981
table-0308-869 1 3 0 298 301 45855 0.2 0.03003120124804992
table-0308-502 2 1 0 134 142 1598 0.3333333333333333 0.13260869565217392
table-0308-689 1 6 0 382 263 25904 0.1 0.022689356022689355
table-0308-306 0 1 0 272 326 6772 0.1 0.0
table-0308-316 0 1 0 275 186 10814 0.08333333333333333 0.0
table-0308-218 10 3 0 190 225 7981 0.1111111111111111 0.3076049943246311
table-0308-948 8 3 0 870 720 70928 1.0 0.022936536747962113
table-0308-991 9 4 4 24 82 3159 0.5 0.9016949152542373
table-0308-76 19 3 0 58 5 2512 1.0 4.582959641255606
table-0308-611 2 4 0 3 8 596 1.0 0.026401111625752663
table-0308-698 1 2 1 31 45 3045 1.0 0.026988636363636364
table-0308-762 2 10 0 52 142 1540 1.0 0.3086574654956085
table-0308-751 12 2 0 128 402 14851 0.14285714285714285 0.03764052039914109
table-0308-774 7 14 14 136 58 46428 0.3333333333333333 0.03166749134092034
table-0308-343 15 4 5 398 160 443713 0.5 0.28148786442625306
table-0308-339 1 3 0 210 273 21664 1.0 0.009452706364019507
table-0308-758 0 1 0 88 428 13056 0.14285714285714285 0.0
table-0308-837 0 1 0 37 32 1846 1.0 0.0
table-0308-68 100 5 0 136 141 0 1.0 8.541968911917099
table-0308-794 4 2 0 241 226 21647 0.2 0.01149313333982663
table-0308-294 22 5 0 276 427 13184 0.08333333333333333 0.35098814229249015
table-0308-272 18 5 0 275 191 10796 0.1 1.4202380952380953
table-0308-545 1 2 0 24 47 27339 0.3333333333333333 0.008778530223225483
table-0308-235 11 5 11 119 538 3040 0.08333333333333333 2.519345238095238
table-0308-97 1 2 0 169 177 10672 0.25 0.021049677238282348
table-0308-908 2 5 0 379 393 3093 0.041666666666666664 0.17555040556199306
table-0308-608 11 2 11 68 169 7890 0.5 0.29404761904761906
table-0308-663 10 5 0 638 943 66603 0.25 0.039195213043652866
table-0308-421 26 6 23 74 146 4496 1.0 1.0253353204172877
table-0308-9 100 5 0 98 108 0 1.0 7.232124352331606
table-0308-759 7 3 0 131 439 43470 0.1111111111111111 0.008574028835560665
table-0308-309 5 7 0 273 195 18029 0.1 0.17576664173522813
table-0308-897 2 4 0 73 87 5067 1.0 0.033105022831050226
table-0308-437 4 4 0 43 177 13136 0.1111111111111111 0.16277962874821514
table-0308-595 11 7 32 841 598 160709 0.125 0.030828025477707008
table-0308-487 1 8 0 118 154 1105 0.1111111111111111 0.012526096033402923
table-0308-548 13 4 0 70 33 30541 0.1111111111111111 0.11347163209197701
table-0308-736 12 8 0 967 505 19805 0.09090909090909091 0.43331284572833434
table-0308-910 7 8 0 379 393 3093 0.041666666666666664 0.7207415990730012
table-0308-937 9 2 0 21 25 2047 1.0 0.10290724503922473
table-0308-58 1 3 0 140 164 2110 0.16666666666666666 0.35353535353535354
table-0308-683 164 6 164 165 331 119016 0.5 12.711592836946277
table-0308-830 7 9 7 1086 564 25010 1.0 0.04347630203640296
table-0308-572 4 2 0 15 32 15584 1.0 0.2562893081761006
table-0308-881 8 9 0 15 68 4757 0.1 0.7942746239689471
table-0308-634 35 5 63 34 372 30058 0.08333333333333333 0.48197955890263583
table-0308-803 0 1 0 313 265 21850 0.2 0.0
table-0308-288 12 6 0 271 282 10145 0.1111111111111111 0.3788187372708758
table-0308-940 6 3 0 21 25 2047 1.0 0.35902168897092757
table-0308-814 8 7 17 53 31 1014 1.0 0.8581560283687943
table-0308-744 2 2 0 40 62 9206 0.3333333333333333 0.02619047619047619
table-0308-17 4 3 0 745 235 746955 0.25 0.003109547841158179
table-0308-29 100 5 0 105 105 0 1.0 7.124352331606218
table-0308-353 8 3 8 313 353 9628 1.0 0.05520802303644127
table-0308-483 6 6 0 118 154 1105 0.1111111111111111 0.15170494084899094
table-0308-631 1 6 0 34 372 30058 0.08333333333333333 0.012013627398242783
table-0308-25 0 1 0 244 518 208 1.0 0.0
table-0308-627 12 6 31 34 372 30058 0.08333333333333333 0.15868746637977407
table-0308-644 0 1 0 1137 605 30118 0.05555555555555555 0.0
table-0308-589 0 1 0 285 207 124189 0.5 0.0
table-0308-313 12 6 0 273 195 18029 0.1 0.3403141361256545
table-0308-958 1 2 1 47 103 6449 1.0 0.015993265993265993
table-0308-771 0 1 0 98 185 3457 1.0 0.0
table-0308-766 2 3 2 38 44 117003 0.3333333333333333 0.02589428723972237
table-0308-301 2 7 0 272 326 6772 0.1 0.0821529745042493
table-0308-326 0 1 0 112 125 3374 0.25 0.0
table-0308-207 11 2 0 145 206 13283 0.3333333333333333 0.08508845829823083
table-0308-255 13 5 0 278 204 24221 0.1 0.4988610478359909
table-0308-978 2 2 0 59 72 6009 0.3333333333333333 0.060460652591170824
table-0308-504 9 5 0 35 46 719 0.5 4.838582677165355
table-0308-43 5 26 28 117 148 1521 0.5 0.15443645083932853
table-0308-5 100 5 0 145 156 0 1.0 8.369948186528497
table-0308-779 0 1 0 835 370 80640 0.25 0.0
table-0308-431 2 14 1 43 177 13136 0.1111111111111111 0.07758210376011423
table-0308-300 9 10 0 272 326 6772 0.1 0.4343720491029273
table-0308-120 1 3 0 142 164 1983 0.16666666666666666 0.35639412997903563
table-0308-757 32 17 385 88 428 13056 0.14285714285714285 0.06328567574858376
table-0308-290 2 22 0 276 427 13184 0.08333333333333333 0.026613965744400527
table-0308-92 28 6 13 41 150 2361 0.16666666666666666 3.3044354838709675
table-0308-149 11 5 11 55 314 52313 0.16666666666666666 0.05388307155322862
table-0308-64 39 6 24 144 163 2457 0.16666666666666666 3.0027322404371586
table-0308-473 20 11 13 111 137 1703 1.0 2.8823529411764706
table-0308-26 15 5 11 224 109 238776 0.3333333333333333 0.09106564540173752
table-0308-750 0 1 0 103 344 9225 0.14285714285714285 0.0
table-0308-467 25 4 0 92 227 10663 0.05555555555555555 0.9356852950359038
table-0308-532 1 3 0 125 180 31955 1.0 0.01227260858212203
table-0308-745 8 4 0 122 113 1821 1.0 0.05578837087480356
table-0308-576 4 5 0 315 226 140783 0.25 0.04756072667891406
table-0308-7 7 3 2 164 181 173514 0.2 0.013784696174043511
table-0308-496 0 1 0 28 120 2255 0.5 0.0
table-0308-563 9 5 0 717 1214 86405 0.25 0.04992063492063492
table-0308-702 4 1 0 352 130 13018 0.16666666666666666 0.01059322033898305
table-0308-872 11 9 11 84 60 18574 0.5 0.6861481822365394
table-0308-753 26 19 350 128 402 14851 0.14285714285714285 0.06473411645825439
table-0308-843 1 1 0 47 74 1045 0.5 0.0502283105022831
table-0308-996 10 4 0 886 347 36181 0.16666666666666666 0.10173787110789283
table-0308-977 3 2 0 59 72 6009 0.3333333333333333 0.22456813819577734
table-0308-521 2 6 0 5 21 3101 0.25 0.08824693312227938
table-0308-957 2 7 2 151 132 8360 0.2 0.09593572778827977
table-0308-832 6 6 6 1086 564 25010 1.0 0.027752748242926655
table-0308-518 4 6 6 247 151 105290 0.25 0.06263736263736264
table-0308-780 4 3 0 122 174 6028 1.0 0.07823501799405413
table-0308-990 2 3 0 366 256 83161 1.0 0.013564839934888768
table-0308-110 4 6 0 3020 300 137553 0.125 0.0463934248945604
table-0308-84 24 6 9 143 161 2240 0.16666666666666666 3.258872651356994
table-0308-144 19 5 19 55 314 52313 0.16666666666666666 0.09914921465968586
table-0308-670 1 2 1 26 47 3375 1.0 0.031879194630872486
table-0308-274 12 6 0 275 191 10796 0.1 1.1154761904761905
table-0308-777 2 2 2 293 162 18623 0.3333333333333333 0.005872083796222821
table-0308-517 3 2 0 247 151 105290 0.25 0.02142857142857143
table-0308-885 1 4 0 186 174 46999 1.0 0.006474476930416411
table-0308-498 22 5 0 721 1164 91114 0.25 0.10264305876315115
table-0308-846 1 3 0 51 78 30534 0.3333333333333333 0.017263264788017263
table-0308-161 13 3 0 630 367 0 0.1111111111111111 0.1773308957952468
table-0308-838 3 2 2 15 19 50 1.0 0.06179775280898876
table-0308-963 27 2 0 252 283 84272 0.25 0.10587972776971996
table-0308-730 1 7 0 967 505 19805 0.09090909090909091 0.04548248309772587
table-0308-103 6 3 0 59 84 2279 1.0 0.11692669015265895
table-0308-166 1 4 0 959 548 1423739 0.5 0.0060490839958520564
table-0308-322 10 6 0 275 186 10814 0.08333333333333333 0.34373681990721217
table-0308-904 3 15 0 379 393 3093 0.041666666666666664 0.20278099652375434
table-0308-767 4 4 0 1683 703 7140615 0.25 0.006199224389277324
table-0308-942 2 2 0 21 25 2047 1.0 0.07014305491462852
table-0308-135 23 6 12 144 156 3093 0.16666666666666666 1.9309462915601023
table-0308-226 5 10 2 118 46 892 0.25 0.4566929133858268
table-0308-653 0 1 0 1137 605 30118 0.05555555555555555 0.0
table-0308-895 6 4 6 29 37 939 0.2 0.4591121495327103
table-0308-122 24 6 9 142 172 1975 0.16666666666666666 3.107843137254902
table-0308-323 2 6 0 275 186 10814 0.08333333333333333 0.06790383804301982
table-0308-378 5 10 0 136 52 1543 0.5 0.17638588912886968
table-0308-898 4 5 0 379 393 3093 0.041666666666666664 0.5011587485515643
table-0308-971 14 6 0 451 481 19527 1.0 0.01919680208236497
table-0308-403 20 11 10 222 584 38236 0.05555555555555555 0.05683371298405467
table-0308-567 2 1 0 40 81 4962 1.0 0.05565319273579379
table-0308-984 6 7 1 8 53 868 0.5 0.10199914015477214
table-0308-859 10 2 0 61 139 1045 0.14285714285714285 0.005085301837270341
table-0308-988 20 10 52 22 39 715 0.3333333333333333 1.5120967741935485
table-0308-612 2 4 0 3 8 596 1.0 0.06021306160259379
table-0308-956 1 7 1 151 132 8360 0.2 0.08034026465028356
table-0308-51 100 5 0 108 115 0 1.0 8.930569948186529
table-0308-457 3 5 2 50 56 3436 1.0 0.19592875318066158
table-0308-399 3 3 0 46 73 8095 0.3333333333333333 0.236988016455017
table-0308-248 3 4 0 317 323 2266 0.2 0.09773755656108597
table-0308-659 3 7 0 780 394 26057 0.14285714285714285 0.1130476882110869
table-0308-202 8 5 16 267 223 9855 0.5 0.07315541601255887
table-0308-147 10 5 10 55 314 52313 0.16666666666666666 0.04962914485165794
table-0308-249 1 2 0 22 32 4884 1.0 0.07278481012658228
table-0308-133 32 6 17 142 167 2374 0.16666666666666666 2.430830039525692
table-0308-623 2 2 0 189 253 9340 1.0 0.04278462654097172
table-0308-733 4 1 0 967 505 19805 0.09090909090909091 0.013214505224339274
table-0308-22 6 3 0 966 85 94227 0.5 0.053113358169238956
table-0308-915 3 5 0 379 393 3093 0.041666666666666664 0.220162224797219
table-0308-349 3 2 0 21 32 7328 1.0 0.17349397590361446
table-0308-501 8 5 0 696 1138 87433 0.16666666666666666 0.06429471306312178
table-0308-709 2 3 0 21 20 2137 1.0 0.12873225648556044
table-0308-933 1 3 0 119 100 13390 0.25 0.05552617662612375
table-0308-697 10 11 7 104 321 1628 0.25 3.7569060773480665
table-0308-41 39 6 24 143 165 2381 0.16666666666666666 4.574948665297741
table-0308-38 100 5 0 105 105 0 1.0 7.539896373056995
table-0308-283 26 6 0 823 1273 112901 0.25 0.13955516790231137
table-0308-485 1 9 0 118 154 1105 0.1111111111111111 0.014961725817675714
table-0308-446 2 9 3 244 444 7080 0.09090909090909091 0.03228667731062622
table-0308-525 36 2 0 74 119 99469 0.3333333333333333 2.731638418079096
table-0308-333 4 10 1 119 47 881 0.16666666666666666 0.3694915254237288
table-0308-492 1 3 0 133 147 1668 0.3333333333333333 0.12025316455696203
table-0308-916 2 11 0 379 393 3093 0.041666666666666664 0.07415990730011587
table-0308-23 100 5 0 98 108 0 1.0 7.840414507772021
table-0308-901 2 8 0 379 393 3093 0.041666666666666664 0.2230590961761298
table-0308-911 1 4 0 379 393 3093 0.041666666666666664 0.08227114716106605
table-0308-692 7 11 0 382 263 25904 0.1 0.05572238905572239
table-0308-331 28 4 8 453 305 390852 0.5 0.3227970322187214
table-0308-578 26 5 0 636 1133 100124 0.3333333333333333 0.09601848175287875
table-0308-684 1 2 1 33 45 2721 1.0 0.017992424242424244
table-0308-769 7 7 7 207 142 11214 0.5 0.19462025316455697
table-0308-406 18 7 0 820 1386 129356 0.16666666666666666 0.10894999077320539
table-0308-173 35 6 20 143 157 1963 0.16666666666666666 3.9919354838709675
table-0308-384 0 1 0 113 108 4657 0.25 0.0
table-0308-747 12 2 0 103 344 9225 0.14285714285714285 0.03080866199393242
table-0308-319 15 5 0 275 186 10814 0.08333333333333333 0.4070012652889076
table-0308-629 20 7 40 34 372 30058 0.08333333333333333 0.537027075488614
table-0308-903 2 15 0 379 393 3093 0.041666666666666664 0.10892236384704519
table-0308-291 0 1 0 276 427 13184 0.08333333333333333 0.0
table-0308-186 45 3 0 509 227 12103 0.5 0.656507014997581
table-0308-574 3 2 0 315 226 140783 0.25 0.021228822208614002
table-0308-253 6 7 0 278 204 24221 0.1 0.3211845102505695
table-0308-176 24 6 9 145 162 2415 0.16666666666666666 3.055666003976143
table-0308-390 4 9 0 109 111 3265 0.5 0.1289817232375979
table-0308-848 9 2 3 138 87 122220 0.3333333333333333 0.04245038826574633
table-0308-367 8 5 5 137 145 2918 0.3333333333333333 0.17220861043052152
table-0308-544 5 2 0 24 47 27339 0.3333333333333333 0.05242036619011788
table-0308-401 1 2 1 15 27 913 1.0 0.034545454545454546
table-0308-81 28 6 13 114 157 1755 0.16666666666666666 2.5394321766561516
table-0308-368 2 3 0 137 145 2918 0.3333333333333333 0.06650332516625831
table-0308-723 13 2 6 199 182 118175 0.2 0.10595303113052977
table-0308-722 128 5 0 106 359 774 0.5 17.073684210526316
table-0308-882 4 8 0 15 68 4757 0.1 0.27559437166424067
table-0308-458 12 6 9 73 127 3263 1.0 1.8633257403189065
table-0308-748 11 2 0 103 344 9225 0.14285714285714285 0.014593576733967988
table-0308-146 10 9 10 55 314 52313 0.16666666666666666 0.06086387434554974
table-0308-464 3 4 0 92 227 10663 0.05555555555555555 0.06493911957539807
table-0308-105 2 4 0 3020 300 137553 0.125 0.013247539742619227
table-0308-410 4 4 4 261 316 7480 1.0 0.04924831518921721
table-0308-822 0 1 0 4702 1460 1081937 0.125 0.0
table-0308-573 11 2 5 315 226 140783 0.25 0.06695243927332109
table-0308-341 2 3 0 109 102 15152 0.5 0.36160714285714285
table-0308-866 14 4 0 298 301 45855 0.2 0.6181747269890796
table-0308-672 12 11 3 229 288 178 1.0 1.261057173678533
table-0308-955 11 4 9 151 132 8360 0.2 0.29158790170132326
table-0308-719 33 3 0 4543 862 13388 1.0 0.07802951960139137
table-0308-804 8 2 1 17 22 23412 0.5 0.06239870340356564
table-0308-96 9 3 0 169 177 10672 0.25 0.40218916643278135
table-0308-528 5 2 0 12 31 2367 0.25 0.042698241837100824
table-0308-482 70 7 0 118 154 1105 0.1111111111111111 1.9130132219902576
table-0308-537 9 2 0 86 78 3161 0.5 0.4216335540838852
table-0308-598 1 3 0 404 456 3295 1.0 0.04759106933019976
table-0308-953 3 3 0 176 125 5230 0.2 0.018645731108930325
table-0308-98 2 4 0 169 177 10672 0.25 0.03957339320797081
table-0308-461 1 4 0 92 227 10663 0.05555555555555555 0.02123009678426475
table-0308-941 8 2 0 21 25 2047 1.0 0.16751269035532995
table-0308-56 30 6 15 140 164 2110 0.16666666666666666 3.4424242424242424
table-0308-195 10 9 0 234 218 521785 0.3333333333333333 0.08568230385672128
table-0308-254 23 5 0 278 204 24221 0.1 0.7915717539863326
table-0308-981 4 14 8 217 241 9017 0.5 0.06803145674697292
table-0308-510 4 3 0 256 265 23078 1.0 0.05800496004408928
table-0308-799 2 3 0 313 265 21850 0.2 0.012159814707585408
table-0308-826 29 4 25 74 151 5670 0.5 0.873652133145804
table-0308-225 5 6 7 118 46 892 0.25 0.531496062992126
table-0308-947 4 4 0 126 357 26175 0.3333333333333333 0.03788835564536499
table-0308-344 2 6 1 2143 784 202349 0.1111111111111111 0.002720485891433633
table-0308-162 2 3 0 37 43 1429 1.0 0.29652605459057074
table-0308-515 25 5 0 719 1172 80323 0.16666666666666666 0.1322744014732965
table-0308-715 1 4 0 288 320 1122 0.5 0.029542097488921712
table-0308-912 6 9 0 379 393 3093 0.041666666666666664 0.4623406720741599
table-0308-935 0 1 0 113 680 190 1.0 0.0
table-0308-987 1 1 0 225 279 189 1.0 0.02328159645232816
table-0308-31 100 5 0 105 105 0 1.0 7.530569948186528
table-0308-619 17 4 14 63 109 4141 0.2 1.0380090497737557
table-0308-870 14 3 0 784 333 108070 0.3333333333333333 0.02357394498163556
table-0308-13 100 5 0 98 108 0 1.0 5.664248704663213
table-0308-713 42 8 70 754 590 134696 0.5 0.3693900059387461
table-0308-136 27 6 12 144 156 3093 0.16666666666666666 2.0140664961636827
table-0308-329 99 9 311 162 571 841 1.0 4.1171228516868235
table-0308-512 4 1 0 417 285 47326 0.1111111111111111 0.0021734778505447996
table-0308-989 2 3 0 61 38 10397 1.0 0.05272026961964372
table-0308-579 1 2 1 56 79 413 1.0 0.012675116744496331
table-0308-701 4 1 0 352 130 13018 0.16666666666666666 0.02360774818401937
table-0308-543 1 2 0 24 47 27339 0.3333333333333333 0.005768748432405317
table-0308-252 5 10 0 278 204 24221 0.1 0.28189066059225515
table-0308-931 1 3 0 119 100 13390 0.25 0.03807509254362771
table-0308-784 3 8 9 1094 396 55579 0.3333333333333333 0.02334057615476274
table-0308-240 12 4 0 37 123 7254 0.07692307692307693 0.16529830322933772
table-0308-484 5 6 0 118 154 1105 0.1111111111111111 0.06576200417536535
table-0308-236 30 4 30 119 538 3040 0.08333333333333333 10.538690476190476
table-0308-365 6 4 5 137 145 2918 0.3333333333333333 0.20756037801890095
table-0308-47 100 5 0 108 115 0 1.0 8.316062176165802
table-0308-856 4 3 1 127 102 138869 0.3333333333333333 0.13123246276710554
table-0308-928 1 3 0 174 161 2667 0.16666666666666666 0.3978021978021978
table-0308-973 3 3 3 30 43 5203 0.3333333333333333 0.11058451816745656
table-0308-466 3 4 0 92 227 10663 0.05555555555555555 0.05994380268498283
table-0308-82 35 6 20 114 157 1755 0.16666666666666666 3.0741324921135647
table-0308-310 16 5 0 273 195 18029 0.1 0.36910994764397903
table-0308-70 0 1 0 98 108 1273 1.0 0.0
table-0308-667 0 1 0 122 98 39501 1.0 0.0
table-0308-785 4 8 7 1094 396 55579 0.3333333333333333 0.032242237330903485
table-0308-587 3 2 0 285 207 124189 0.5 0.019353626456219467
table-0308-471 16 4 0 92 227 10663 0.05555555555555555 0.4876678114267874
table-0308-245 1 3 0 356 451 272430 1.0 0.003649191095973726
table-0308-427 25 5 0 734 1331 100924 0.25 0.08531770898608848
table-0308-413 52 3 0 41 56 1513 0.5 22.035398230088497
table-0308-725 1 2 0 199 182 118175 0.2 0.006007646095030038
table-0308-930 4 2 0 119 100 13390 0.25 0.06398730830248546
table-0308-534 2 3 0 31 36 3866 0.3333333333333333 0.09860383944153578
table-0308-37 100 5 0 105 105 0 1.0 7.781347150259068
table-0308-279 18 5 0 278 203 9313 1.0 0.5068881685575365
table-0308-477 10 2 0 11 4 1907 1.0 5.431034482758621
table-0308-256 13 5 0 278 204 24221 0.1 0.5239179954441914
table-0308-131 24 6 9 142 167 2374 0.16666666666666666 2.0329380764163374
table-0308-652 13 7 1 1137 605 30118 0.05555555555555555 0.07390799746782022
table-0308-243 5 3 0 356 451 272430 1.0 0.002959899444512022
table-0308-622 9 2 4 189 253 9340 1.0 0.18636693255982595
table-0308-635 1 2 1 19 20 1672 1.0 0.04875148632580262
table-0308-314 0 1 0 273 195 18029 0.1 0.0
table-0308-336 2 1 0 3370 970 206047 1.0 0.0024937224002078103
table-0308-761 0 1 0 131 439 43470 0.1111111111111111 0.0
table-0308-906 7 6 1 379 393 3093 0.041666666666666664 0.5776361529548089
table-0308-770 0 1 0 207 142 11214 0.5 0.0
table-0308-63 30 6 15 144 163 2457 0.16666666666666666 2.419398907103825
table-0308-588 4 6 6 285 207 124189 0.5 0.038331454340473504
table-0308-986 12 11 6 225 279 189 1.0 0.9634146341463414
table-0308-94 1 3 0 41 150 2361 0.16666666666666666 0.3064516129032258
table-0308-583 20 6 8 699 1138 76498 0.3333333333333333 0.0946361100321339
table-0308-746 5 4 2 50 53 4806 0.5 0.8363636363636363
table-0308-118 27 6 12 142 164 1983 0.16666666666666666 3.2662473794549265
table-0308-949 23 13 0 108 100 11750 0.3333333333333333 0.7907732293697206
table-0308-621 4 3 0 98 185 2531 1.0 0.06797766448167031
table-0308-815 10 7 15 53 31 1014 1.0 4.627659574468085
table-0308-658 1 7 0 780 394 26057 0.14285714285714285 0.037521181312030985
table-0308-677 1 2 1 31 50 3021 1.0 0.017009847806624886
table-0308-138 1 3 0 144 156 3093 0.16666666666666666 0.16751918158567775
table-0308-816 11 7 21 53 31 1014 1.0 2.421985815602837
table-0308-921 7 3 0 311 144 1959 0.3333333333333333 0.9067524115755627
table-0308-556 11 3 0 246 262 11436 0.3333333333333333 0.02623688155922039
table-0308-90 5 3 0 30 39 1690 0.5 0.11191912025540972
table-0308-115 1 3 0 143 159 2384 0.16666666666666666 0.3511777301927195
table-0308-188 37 3 37 116 159 29862 0.16666666666666666 0.925761421319797
table-0308-786 1 3 0 1094 396 55579 0.3333333333333333 0.007850283871872152
table-0308-346 10 7 10 2143 784 202349 0.1111111111111111 0.007908389219283817
table-0308-233 64 7 245 119 538 3040 0.08333333333333333 7.285714285714286
table-0308-293 6 7 0 276 427 13184 0.08333333333333333 0.14703557312252966
table-0308-586 14 5 7 285 207 124189 0.5 0.16516347237880497
table-0308-818 1 1 0 4702 1460 1081937 0.125 0.0008710448486812786
table-0308-263 15 5 0 277 196 10030 0.1111111111111111 0.5448484848484848
table-0308-356 2 6 0 193 164 3473 0.09090909090909091 0.04779169413315755
table-0308-134 1 3 0 142 167 2374 0.16666666666666666 0.2463768115942029
table-0308-703 23 7 0 352 130 13018 0.16666666666666666 0.7263922518159807
table-0308-219 2 6 0 190 225 7981 0.1111111111111111 0.05221339387060159
table-0308-646 6 5 10 1137 605 30118 0.05555555555555555 0.008968136737708377
table-0308-454 10 12 36 325 251 33732 1.0 0.19081885856079406
table-0308-99 1 1 0 457 95 20565 1.0 0.003603261900246539
table-0308-555 16 5 0 246 262 11436 0.3333333333333333 0.3706896551724138
table-0308-763 1 2 0 465 293 87141 0.3333333333333333 0.022202486678507993
table-0308-203 5 6 6 126 46 1506 0.25 0.712742980561555
