table_id rows cols nulls inlinks outlinks views table_imp table_fraction
table-0305-244 4 11 3 51 97 1531 0.25 0.2382608695652174
table-0305-242 3 11 3 51 97 1531 0.25 0.10434782608695652
table-0305-924 3 4 0 66 190 1070 0.047619047619047616 0.13091684434968018
table-0305-90 5 4 5 44 157 12500 0.25 0.17806889859291605
table-0305-646 2 6 0 198 216 6946 0.5 0.003526922172584058
table-0305-709 4 4 0 557 296 340528 0.5 0.008892560377083435
table-0305-696 15 11 12 340 347 1472 1.0 7.252525252525253
table-0305-552 0 1 0 71 81 7115 0.5 0.0
table-0305-542 19 4 0 308 321 135131 0.5 0.16804963743739254
table-0305-99 21 9 74 349 384 4386 1.0 5.146993318485523
table-0305-635 12 6 0 941 1397 23196 0.010638297872340425 0.0899922420480993
table-0305-272 3 5 3 122 273 21869 0.3333333333333333 0.07168458781362007
table-0305-630 10 6 0 941 1397 23196 0.010638297872340425 0.08688906128782002
table-0305-286 1 7 1 170 110 96 1.0 0.04673954014323407
table-0305-977 14 11 0 306 311 1868 1.0 1.4261682242990654
table-0305-785 20 7 0 48 80 6375 0.16666666666666666 0.32783990582695705
table-0305-569 25 6 0 941 1397 23196 0.010638297872340425 0.15560234955114707
table-0305-161 4 2 0 26 74 9199 0.125 0.17068645640074212
table-0305-116 1 3 0 21 23 1244 1.0 0.15858668857847166
table-0305-950 9 3 0 67 187 1124 0.043478260869565216 0.20790155440414507
table-0305-937 2 3 0 235 229 137442 1.0 0.013058711115829706
table-0305-188 3 10 14 54 88 1457 0.5 0.34808853118712274
table-0305-259 28 2 0 71 1643 83617 0.03571428571428571 1.00533570475767
table-0305-473 2 1 0 130 121 1614 1.0 0.2663755458515284
table-0305-60 9 4 0 169 253 5429 0.3333333333333333 3.4302325581395348
table-0305-580 17 6 0 941 1397 23196 0.010638297872340425 0.1147068602460379
table-0305-411 12 2 12 102 136 2621 0.25 0.10028562361155188
table-0305-308 5 3 7 21 30 991 1.0 0.14855514855514856
table-0305-43 28 5 0 267 232 25355 0.2 6.165588123334603
table-0305-557 30 6 0 941 1397 23196 0.010638297872340425 0.18641250138534857
table-0305-700 0 1 0 197 208 8511 0.25 0.0
table-0305-764 2 5 0 227 624 15210 1.0 0.005761763600684732
table-0305-72 1 5 2 110 232 891 1.0 0.04895960832313342
table-0305-652 2 6 0 198 216 6946 0.5 0.0032134179794654754
table-0305-480 10 10 0 129 121 1460 1.0 1.5733788395904438
table-0305-31 16 17 11 327 521 61774 0.25 0.7613455125416848
table-0305-713 21 4 19 103 261 44107 0.25 0.1417350527549824
table-0305-291 1 7 1 170 110 96 1.0 0.03580851865812288
table-0305-509 2 1 0 142 138 1923 1.0 0.19798657718120805
table-0305-599 8 6 0 941 1397 23196 0.010638297872340425 0.059625401751080574
table-0305-631 20 6 0 941 1397 23196 0.010638297872340425 0.12490302560124127
table-0305-681 2 1 0 139 137 2059 1.0 0.17507418397626112
table-0305-112 1 2 1 284 181 414 1.0 0.0012323365100230035
table-0305-339 1 2 1 82 124 4206 0.3333333333333333 0.009245742092457421
table-0305-305 6 5 0 358 171 7381 0.25 0.36524822695035464
table-0305-772 7 3 0 956 340 1177476 1.0 0.026861278057156875
table-0305-243 3 10 10 51 97 1531 0.25 0.15478260869565216
table-0305-783 6 6 0 48 80 6375 0.16666666666666666 0.1748087110064744
table-0305-867 12 11 8 290 292 1631 1.0 4.735294117647059
table-0305-143 1 2 1 263 262 52814 1.0 0.03429602888086643
table-0305-776 2 7 0 25 95 2608 0.3333333333333333 0.015666705349889752
table-0305-822 15 12 0 45 266 992 0.06666666666666667 0.702956020187455
table-0305-825 3 3 0 45 266 992 0.06666666666666667 0.17591925018024512
table-0305-6 5 6 0 11 207 4505 1.0 0.07648640573648043
table-0305-120 7 5 0 52 247 2459 0.043478260869565216 0.12967671630948058
table-0305-8 15 6 0 11 207 4505 1.0 0.3353749626531222
table-0305-312 7 3 0 413 208 131452 0.125 0.011276391554702496
table-0305-610 10 6 0 941 1397 23196 0.010638297872340425 0.08245594591599247
table-0305-904 2 2 1 5 25 710 0.5 0.050666666666666665
table-0305-284 1 7 1 170 110 96 1.0 0.04523181304183943
table-0305-127 6 4 0 52 247 2459 0.043478260869565216 0.07428260079912823
table-0305-73 10 3 8 140 119 4245 0.25 0.10034502587694077
table-0305-755 10 2 10 192 204 25846 0.25 0.10121168923734854
table-0305-768 25 4 0 956 340 1177476 1.0 0.14877959033484606
table-0305-368 3 4 0 78 106 2563 0.06666666666666667 0.15164644714038128
table-0305-892 3 7 0 220 144 5340 0.3333333333333333 0.11175942549371634
table-0305-613 11 6 0 941 1397 23196 0.010638297872340425 0.07846614208134767
table-0305-15 0 1 0 21 39 1363 1.0 0.0
table-0305-264 14 2 0 71 1643 83617 0.03571428571428571 0.437083148065807
table-0305-232 6 10 26 51 97 1531 0.25 0.5391304347826087
table-0305-851 3 6 0 89 133 2437 0.06666666666666667 0.07885615251299827
table-0305-668 2 6 0 182 204 4558 0.5 0.005590812934421275
table-0305-113 7 6 1 4 14 340 1.0 0.33650982727814177
table-0305-969 3 6 0 90 137 2468 0.06666666666666667 0.05254091300602928
table-0305-107 1 2 1 17 35 994 1.0 0.018199233716475097
table-0305-28 14 5 0 145 134 5049 0.5 0.7322623828647925
table-0305-994 14 7 7 111 151 2446 1.0 11.1875
table-0305-510 8 10 0 142 138 1923 1.0 1.063758389261745
table-0305-457 2 4 2 3 63 2459 1.0 0.4533678756476684
table-0305-650 2 6 0 198 216 6946 0.5 0.0028999137863468926
table-0305-688 6 10 0 139 137 2059 1.0 0.7151335311572701
table-0305-392 1 2 1 23 66 1486 0.3333333333333333 0.009718670076726343
table-0305-496 10 4 0 438 448 7778 0.16666666666666666 0.30711610486891383
table-0305-970 3 4 0 90 137 2468 0.06666666666666667 0.10077519379844961
table-0305-813 3 3 0 86 84 2184 1.0 0.20164046479835954
table-0305-870 2 1 0 156 155 2919 1.0 0.08695652173913043
table-0305-394 1 3 0 84 122 14589 0.5 0.017144688351225765
table-0305-442 2 1 0 131 134 1635 0.5 0.23552123552123552
table-0305-664 11 5 0 226 287 10145 1.0 0.8881578947368421
table-0305-38 1 5 2 31 37 251 1.0 0.0834403080872914
table-0305-953 5 10 1 67 187 1124 0.043478260869565216 0.27493523316062174
table-0305-374 3 4 0 78 106 2563 0.06666666666666667 0.15424610051993068
table-0305-998 10 9 10 43 66 16780 0.5 0.08225314525352649
table-0305-672 2 6 0 182 204 4558 0.5 0.007101843457237836
table-0305-802 15 7 0 12 27 7230 0.25 2.314365671641791
table-0305-61 3 2 1 261 223 44424 1.0 0.023350846468184472
table-0305-460 3 3 0 316 142 422627 1.0 0.006096752816434725
table-0305-261 25 2 0 71 1643 83617 0.03571428571428571 0.88172521120498
table-0305-93 58 3 0 80 271 6423 0.25 1.653294074346706
table-0305-760 10 3 0 198 223 7779 0.1 0.4020618556701031
table-0305-12 11 2 2 288 379 34359 0.14285714285714285 0.43137254901960786
table-0305-858 3 4 0 89 133 2437 0.06666666666666667 0.1733102253032929
table-0305-562 31 6 0 941 1397 23196 0.010638297872340425 0.19428128117034246
table-0305-539 1 1 0 135 130 1255 1.0 0.03910614525139665
table-0305-576 6 2 0 941 1397 23196 0.010638297872340425 0.026487864346669623
table-0305-316 63 3 0 92 181 4769 0.5 2.682699210337401
table-0305-150 0 1 0 23 55 1591 0.25 0.0
table-0305-641 2 6 0 198 216 6946 0.5 0.0028999137863468926
table-0305-136 6 4 0 52 247 2459 0.043478260869565216 0.06447511805303305
table-0305-831 10 7 1 30 66 496 0.2 0.242152466367713
table-0305-79 6 5 0 300 168 53720 0.5 0.3745736434108527
table-0305-771 55 4 48 956 340 1177476 1.0 0.200846314240157
table-0305-197 15 3 3 39 59 5873 0.5 1.36875
table-0305-398 0 1 0 17 89 665 1.0 0.0
table-0305-14 34 6 38 566 616 5454 1.0 4.290322580645161
table-0305-239 4 11 8 51 97 1531 0.25 0.29739130434782607
table-0305-925 4 3 0 66 190 1070 0.047619047619047616 0.13049040511727078
table-0305-819 12 9 0 45 266 992 0.06666666666666667 1.263157894736842
table-0305-456 1 4 2 3 63 2459 1.0 0.2772020725388601
table-0305-544 4 14 2 34 100 26870 0.1111111111111111 0.718413320274241
table-0305-147 8 2 5 269 299 50684 1.0 0.031799379524301966
table-0305-951 7 8 0 67 187 1124 0.043478260869565216 0.12208549222797928
table-0305-634 6 6 0 941 1397 23196 0.010638297872340425 0.05596808156932284
table-0305-101 13 3 0 714 263 27394 0.3333333333333333 0.009652940520031246
table-0305-364 12 5 15 136 93 2738 0.5 2.62095531587057
table-0305-899 13 12 0 59 103 1266 0.1111111111111111 0.8593272171253823
table-0305-144 2 5 2 15 24 847 0.5 0.7564575645756457
table-0305-429 48 4 40 782 386 886911 0.2 0.28079777365491654
table-0305-616 8 6 0 941 1397 23196 0.010638297872340425 0.0652776238501607
table-0305-873 8 10 0 156 155 2919 1.0 0.662608695652174
table-0305-524 20 2 3 88 135 2915 0.06666666666666667 0.43434343434343436
table-0305-762 4 9 0 198 223 7779 0.1 0.3136966126656848
table-0305-111 1 1 0 12 25 1080 0.3333333333333333 0.21428571428571427
table-0305-965 20 2 3 90 137 2468 0.06666666666666667 0.42204995693367786
table-0305-335 2 5 4 113 277 11623 1.0 0.067926455566905
table-0305-400 10 6 23 109 177 1961 1.0 1.3841991341991342
table-0305-571 28 6 0 941 1397 23196 0.010638297872340425 0.18940485426133216
table-0305-511 1 1 0 142 138 1923 1.0 0.087248322147651
table-0305-139 5 5 5 13 21 760 1.0 0.6696542893725992
table-0305-369 4 6 0 78 106 2563 0.06666666666666667 0.11178509532062392
table-0305-801 4 7 0 594 139 339311 1.0 0.03497630331753555
table-0305-938 4 5 0 67 187 1124 0.043478260869565216 0.13665803108808292
table-0305-451 1 3 0 89 85 14631 1.0 0.032586898395721924
table-0305-592 11 6 0 941 1397 23196 0.010638297872340425 0.07447633824670287
table-0305-428 6 4 0 42 341 91 1.0 1.7216748768472907
table-0305-290 1 7 1 170 110 96 1.0 0.030531473803241612
table-0305-948 6 3 0 67 187 1124 0.043478260869565216 0.1560880829015544
table-0305-229 3 11 9 51 97 1531 0.25 0.08
table-0305-65 1 3 0 38 63 1290 0.5 0.05237395986294665
table-0305-770 9 3 0 956 340 1177476 1.0 0.033055317061204466
table-0305-798 41 16 300 16 90 1073 1.0 5.129158512720156
table-0305-179 5 2 5 263 284 53024 1.0 0.09922295277943813
table-0305-25 1 1 0 12 15 1244 1.0 0.12440758293838862
table-0305-525 2 2 0 88 135 2915 0.06666666666666667 0.057498057498057496
table-0305-119 3 3 0 52 247 2459 0.043478260869565216 0.04286233200145296
table-0305-345 4 3 0 448 278 9706 0.25 0.01579466929911155
table-0305-848 3 9 0 61 157 2589 0.058823529411764705 0.13975955345641908
table-0305-213 1 1 1 50 89 1470 0.5 0.0
table-0305-21 1 1 0 12 15 1244 1.0 0.13981042654028436
table-0305-793 19 2 0 694 532 135193 0.16666666666666666 0.06187886742921433
table-0305-185 2 9 3 54 88 1457 0.5 0.323943661971831
table-0305-959 6 3 0 90 137 2468 0.06666666666666667 0.14900947459086994
table-0305-850 3 4 0 89 133 2437 0.06666666666666667 0.14298093587521662
table-0305-56 33 5 31 250 120 165967 0.5 0.4294966146599941
table-0305-775 13 7 9 25 95 2608 0.3333333333333333 0.1154694209121504
table-0305-343 15 5 0 448 278 9706 0.25 0.1855873642645607
table-0305-927 4 2 0 66 190 1070 0.047619047619047616 0.08187633262260129
table-0305-827 7 8 0 45 266 992 0.06666666666666667 0.27180966113914923
table-0305-212 17 2 15 50 89 1470 0.5 1.0174216027874565
table-0305-947 1 8 0 67 187 1124 0.043478260869565216 0.016515544041450777
table-0305-336 7 2 3 454 608 74796 1.0 0.015160968305465436
table-0305-723 17 7 28 0 0 0 0.0 1878.0
table-0305-504 4 3 0 110 163 32945 0.5 0.018486916951080772
table-0305-921 13 12 0 66 190 1070 0.047619047619047616 0.3582089552238806
table-0305-600 12 6 0 941 1397 23196 0.010638297872340425 0.09176548819683032
table-0305-941 3 10 0 67 187 1124 0.043478260869565216 0.17389896373056996
table-0305-123 6 4 0 52 247 2459 0.043478260869565216 0.06901561932437342
table-0305-872 1 3 0 156 155 2919 1.0 0.10086956521739131
table-0305-435 10 4 0 132 153 3270 0.5 2.931972789115646
table-0305-704 4 2 0 16 117 6165 0.3333333333333333 0.03867225265871737
table-0305-285 2 7 2 170 110 96 1.0 0.049754994346023367
table-0305-508 8 10 0 142 138 1923 1.0 1.0335570469798658
table-0305-436 2 1 0 132 153 3270 0.5 0.17687074829931973
table-0305-418 31 5 27 1793 323 1897660 0.25 0.08147773279352227
table-0305-16 1 1 0 12 15 1244 1.0 0.15106635071090047
table-0305-50 4 3 0 865 344 247880 1.0 0.028896166441918704
table-0305-114 1 2 1 54 121 0 1.0 0.017335766423357664
table-0305-503 3 2 0 110 163 32945 0.5 0.00881683731513083
table-0305-869 8 10 0 156 155 2919 1.0 0.49391304347826087
table-0305-535 5 10 0 172 46 8515 0.3333333333333333 0.11819887429643527
table-0305-577 18 6 0 941 1397 23196 0.010638297872340425 0.11548265543610772
table-0305-677 2 6 0 182 204 4558 0.5 0.006346328195829556
table-0305-201 45 7 128 154 212 24174 0.5 1.986388384754991
table-0305-46 4 5 6 81 109 962 1.0 0.06576608602915038
table-0305-372 2 2 0 78 106 2563 0.06666666666666667 0.06412478336221837
table-0305-310 1 4 0 413 208 131452 0.125 0.004558541266794626
table-0305-871 5 10 0 156 155 2919 1.0 0.3565217391304348
table-0305-390 0 1 0 40 45 3237 1.0 0.0
table-0305-192 4 6 7 54 88 1457 0.5 0.1448692152917505
table-0305-754 11 2 11 192 204 25846 0.25 0.10798289379900214
table-0305-705 17 3 25 29 24 1990 0.25 0.13702472470392688
table-0305-439 31 4 0 140 145 303574 0.5 0.27152815013404824
table-0305-52 3 3 0 181 121 37343 0.16666666666666666 0.014449895826332415
table-0305-193 4 9 14 54 88 1457 0.5 0.40040241448692154
table-0305-137 8 5 0 52 247 2459 0.043478260869565216 0.15510352342898656
table-0305-514 5 5 0 111 120 2434 0.25 0.17177914110429449
table-0305-817 16 10 0 354 375 1523 0.5 4.432258064516129
table-0305-174 0 1 0 55 146 1406 1.0 0.0
table-0305-126 8 5 0 52 247 2459 0.043478260869565216 0.1749001089720305
table-0305-378 3 4 0 78 106 2563 0.06666666666666667 0.1265164644714038
table-0305-96 130 4 0 53 202 106451 0.5 59.665399239543724
table-0305-601 15 6 0 941 1397 23196 0.010638297872340425 0.1176992131220215
table-0305-744 1 1 1 109 130 2272 0.25 0.0
table-0305-614 9 6 0 941 1397 23196 0.010638297872340425 0.0771362074697994
table-0305-455 3 4 4 3 63 2459 1.0 0.38082901554404147
table-0305-245 6 9 15 51 97 1531 0.25 0.5582608695652174
table-0305-351 3 5 8 132 252 7600 0.5 0.08861756597085467
table-0305-252 1 1 1 53 80 1613 0.3333333333333333 0.0
table-0305-766 1 3 0 227 231 58611 1.0 0.031045121480910143
table-0305-224 11 2 8 51 84 1329 0.3333333333333333 1.0034722222222223
table-0305-586 14 6 0 941 1397 23196 0.010638297872340425 0.09010306993239499
table-0305-832 3 8 2 30 66 496 0.2 0.10582959641255606
table-0305-976 14 11 0 306 311 1868 1.0 1.4897196261682244
table-0305-324 4 3 0 374 297 9451 0.16666666666666666 0.08068459657701711
table-0305-502 10 2 6 110 163 32945 0.5 0.029389457717102767
table-0305-841 8 3 0 61 157 2589 0.058823529411764705 0.13095749248604552
table-0305-887 21 6 0 58 116 2246 0.3333333333333333 1.8381294964028776
table-0305-733 1 3 0 139 275 5524 0.25 0.06334841628959276
table-0305-632 6 6 0 941 1397 23196 0.010638297872340425 0.05596808156932284
table-0305-560 30 6 0 941 1397 23196 0.010638297872340425 0.18364180427795634
table-0305-943 2 11 0 67 187 1124 0.043478260869565216 0.03238341968911917
table-0305-729 4 4 0 112 45 34000 0.5 0.20877335499593827
table-0305-536 8 11 0 135 130 1255 1.0 0.6634078212290503
table-0305-366 3 4 0 78 106 2563 0.06666666666666667 0.13084922010398614
table-0305-205 1 9 2 50 96 1764 0.3333333333333333 0.3254901960784314
table-0305-382 0 1 0 40 49 4822 1.0 0.0
table-0305-711 1 3 0 16 29 840 1.0 0.03411371237458194
table-0305-355 14 5 14 9 26 992 0.3333333333333333 1.6560509554140128
table-0305-747 11 2 11 109 130 2272 0.25 0.10873983739837398
table-0305-433 4 4 0 303 388 2222 1.0 0.16051502145922747
table-0305-23 1 1 0 12 15 1244 1.0 0.1273696682464455
table-0305-361 2 4 2 20 51 1292 1.0 0.013582778062532035
table-0305-190 5 11 24 54 88 1457 0.5 0.2796780684104628
table-0305-931 10 9 0 66 190 1070 0.047619047619047616 0.6665245202558635
table-0305-203 3 2 3 264 280 52076 1.0 0.025794392523364486
table-0305-518 6 3 0 88 135 2915 0.06666666666666667 0.13442113442113443
table-0305-275 7 3 0 122 273 21869 0.3333333333333333 0.12126642771804062
table-0305-240 1 1 0 51 97 1531 0.25 0.07652173913043478
table-0305-521 6 4 1 88 135 2915 0.06666666666666667 0.3006993006993007
table-0305-450 10 10 0 129 124 1601 1.0 2.0403587443946187
table-0305-763 4 8 0 198 223 7779 0.1 0.25773195876288657
table-0305-830 11 9 0 45 266 992 0.06666666666666667 1.0901225666906993
table-0305-236 6 10 12 51 97 1531 0.25 1.093913043478261
table-0305-874 2 1 0 156 155 2919 1.0 0.09043478260869565
table-0305-349 28 2 0 4 51 755 0.5 9.768867924528301
table-0305-629 5 6 0 941 1397 23196 0.010638297872340425 0.04089548930510917
table-0305-225 0 1 0 51 84 1329 0.3333333333333333 0.0
table-0305-878 2 1 0 156 155 2919 1.0 0.09043478260869565
table-0305-715 1 3 0 103 261 44107 0.25 0.015357561547479484
table-0305-541 2 2 0 308 321 135131 0.5 0.004036779546983628
table-0305-417 2 4 0 137 220 183 1.0 0.00985960288972693
table-0305-964 6 4 2 90 137 2468 0.06666666666666667 0.2523686477174849
table-0305-273 16 7 28 122 273 21869 0.3333333333333333 0.7637395459976105
table-0305-811 8 8 8 12 50 1819 0.25 0.5539143279172821
table-0305-746 12 2 12 109 130 2272 0.25 0.11653116531165311
table-0305-182 2 9 9 54 88 1457 0.5 0.17706237424547283
table-0305-907 12 10 0 142 157 1765 1.0 1.4603960396039604
table-0305-4 4 6 0 11 207 4505 1.0 0.06976396773229758
table-0305-246 4 11 3 51 97 1531 0.25 0.21913043478260869
table-0305-788 7 5 13 34 60 2312 0.5 0.3425531914893617
table-0305-690 2 6 0 191 202 5113 0.125 0.08961303462321792
table-0305-430 14 4 0 782 386 886911 0.2 0.1512987012987013
table-0305-437 10 10 0 132 153 3270 0.5 1.5170068027210883
table-0305-277 4 5 8 531 392 6214 1.0 0.09674981103552532
table-0305-166 5 2 0 101 174 11489 0.25 0.016384563303994584
table-0305-903 5 2 4 344 373 45464 1.0 0.07512953367875648
table-0305-900 6 6 0 570 334 288200 0.2 0.050691558220344754
table-0305-932 3 5 7 38 47 1661 1.0 0.07381482659879096
table-0305-470 26 4 21 235 234 176218 0.25 0.35692046419473533
table-0305-370 6 4 0 78 106 2563 0.06666666666666667 0.3240901213171577
table-0305-383 61 4 34 703 563 336896 0.3333333333333333 0.2142458323362846
table-0305-526 3 6 0 88 135 2915 0.06666666666666667 0.08313908313908314
table-0305-849 6 3 0 89 133 2437 0.06666666666666667 0.15771230502599654
table-0305-699 4 9 0 197 208 8511 0.25 0.1665542818610924
table-0305-989 7 8 0 82 157 2096 0.16666666666666666 0.11041610008158825
table-0305-488 52 3 0 38 59 1166 0.5 21.20353982300885
table-0305-745 4 9 0 109 130 2272 0.25 0.0836720867208672
table-0305-644 2 6 0 198 216 6946 0.5 0.0025080335449486637
table-0305-131 4 3 0 52 247 2459 0.043478260869565216 0.039048310933527064
table-0305-218 6 9 2 51 84 1329 0.3333333333333333 0.8263888888888888
table-0305-318 3 2 0 455 530 117853 0.5 0.009151642719868217
table-0305-734 1 3 0 139 275 5524 0.25 0.03167420814479638
table-0305-367 3 6 0 78 106 2563 0.06666666666666667 0.0779896013864818
table-0305-730 3 6 0 139 275 5524 0.25 0.33031674208144796
table-0305-605 12 6 0 941 1397 23196 0.010638297872340425 0.09132217665964756
table-0305-868 2 1 0 156 155 2919 1.0 0.09043478260869565
table-0305-311 7 5 4 413 208 131452 0.125 0.030830134357005757
table-0305-655 6 5 0 226 287 10145 1.0 0.5105263157894737
table-0305-852 3 4 0 89 133 2437 0.06666666666666667 0.15424610051993068
table-0305-751 1 1 1 192 204 25846 0.25 0.0
table-0305-736 16 6 6 139 275 5524 0.25 0.6642533936651583
table-0305-115 0 1 0 6 14 1279 1.0 0.0
table-0305-350 1 5 1 132 252 7600 0.5 0.049625836943678614
table-0305-678 2 6 0 182 204 4558 0.5 0.005288606829857963
table-0305-940 5 10 2 67 187 1124 0.043478260869565216 0.2551813471502591
table-0305-879 8 10 0 156 155 2919 1.0 0.5756521739130435
table-0305-693 7 10 0 191 202 5113 0.125 0.6435845213849287
table-0305-967 3 6 0 90 137 2468 0.06666666666666667 0.10077519379844961
table-0305-180 1 1 0 76 55 9647 1.0 0.010073875083948958
table-0305-377 3 6 0 78 106 2563 0.06666666666666667 0.0658578856152513
table-0305-167 5 5 0 101 174 11489 0.25 0.03872714962762356
table-0305-5 8 6 0 11 207 4505 1.0 0.14475649835673737
table-0305-639 20 6 0 941 1397 23196 0.010638297872340425 0.123573090989693
table-0305-447 2 2 0 21 6 4133 1.0 0.4672364672364672
table-0305-176 18 3 0 147 143 17065 0.3333333333333333 1.1739231125521075
table-0305-669 2 6 0 182 204 4558 0.5 0.005137503777576307
table-0305-216 2 4 0 19 31 818 1.0 0.11761045426260112
table-0305-155 1 5 2 115 125 7014 1.0 0.036185322962461956
table-0305-923 0 1 0 66 190 1070 0.047619047619047616 0.0
table-0305-778 2 2 0 13 31 1436 0.5 0.06846846846846846
table-0305-926 1 3 0 66 190 1070 0.047619047619047616 0.02814498933901919
table-0305-842 9 3 0 61 157 2589 0.058823529411764705 0.1382567625590382
table-0305-175 3 5 3 9 24 567 0.5 1.1102941176470589
table-0305-707 11 3 15 29 24 1990 0.25 0.05807188863494702
table-0305-933 2 2 0 5 31 1070 1.0 0.0247805885389778
table-0305-540 1 3 0 8 42 294 1.0 0.04522613065326633
table-0305-407 3 3 0 1042 239 245281 0.3333333333333333 0.04329368062618848
table-0305-638 153 2 0 941 1397 23196 0.010638297872340425 0.7083010085337471
table-0305-134 6 4 0 52 247 2459 0.043478260869565216 0.07573556120595713
table-0305-33 8 5 0 160 267 1806 0.25 0.17876489707475623
table-0305-566 9 6 0 941 1397 23196 0.010638297872340425 0.09520115260999668
table-0305-81 3 2 0 39 47 2588 1.0 0.1777509068923821
table-0305-824 12 3 0 45 266 992 0.06666666666666667 0.6604181687094448
table-0305-633 1 4 0 941 1397 23196 0.010638297872340425 0.007203812479219772
table-0305-234 6 10 29 51 97 1531 0.25 0.2417391304347826
table-0305-55 1 2 0 95 118 10407 0.5 0.015859408486926702
table-0305-894 3 3 0 59 103 1266 0.1111111111111111 0.25076452599388377
table-0305-393 1 2 0 23 66 1486 0.3333333333333333 0.009718670076726343
table-0305-500 3 4 1 137 220 238 1.0 0.013721659321186788
table-0305-972 3 4 0 90 137 2468 0.06666666666666667 0.16623600344530576
table-0305-413 4 9 0 103 132 1862 0.16666666666666666 0.057981220657277
table-0305-942 14 9 0 67 187 1124 0.043478260869565216 0.2538860103626943
table-0305-945 13 9 0 67 187 1124 0.043478260869565216 0.2260362694300518
table-0305-719 17 7 28 0 0 0 0.0 1662.0
table-0305-388 0 1 0 40 45 2858 1.0 0.0
table-0305-288 2 7 2 170 110 96 1.0 0.06973237843950245
table-0305-26 1 1 0 12 15 1244 1.0 0.09834123222748815
table-0305-221 4 9 2 51 84 1329 0.3333333333333333 0.5416666666666666
table-0305-860 3 4 0 89 133 2437 0.06666666666666667 0.2001733102253033
table-0305-494 4 12 4 438 448 7778 0.16666666666666666 0.2687265917602996
table-0305-839 19 12 0 61 157 2589 0.058823529411764705 0.2623443537999141
table-0305-241 6 10 18 51 97 1531 0.25 0.8521739130434782
table-0305-522 4 6 0 88 135 2915 0.06666666666666667 0.108003108003108
table-0305-856 2 2 0 89 133 2437 0.06666666666666667 0.0658578856152513
table-0305-553 3 3 0 86 132 1038 1.0 0.03874678371424247
table-0305-515 0 1 0 111 120 2434 0.25 0.0
table-0305-991 8 8 16 82 157 2096 0.16666666666666666 0.06282295349469677
table-0305-27 1 1 1 12 15 1244 1.0 0.0
table-0305-611 10 6 0 941 1397 23196 0.010638297872340425 0.07769034689127785
table-0305-49 4 4 0 169 220 4577 0.3333333333333333 1.7732558139534884
table-0305-777 5 7 1 25 95 2608 0.3333333333333333 0.04467912266450041
table-0305-890 6 4 6 310 407 9927 0.25 0.05383074611917877
table-0305-726 20 5 0 984 3541 246909 0.125 0.09001598378230868
table-0305-679 2 6 0 182 204 4558 0.5 0.005137503777576307
table-0305-584 17 6 0 941 1397 23196 0.010638297872340425 0.12202150060955336
table-0305-804 5 8 0 12 27 7230 0.25 0.9505597014925373
table-0305-556 20 6 0 941 1397 23196 0.010638297872340425 0.13786988806383685
table-0305-360 6 2 0 20 51 1292 1.0 0.0468990261404408
table-0305-741 13 9 0 139 275 5524 0.25 2.190950226244344
table-0305-66 3 3 0 232 108 57675 1.0 0.04861571069015764
table-0305-833 3 2 0 30 66 496 0.2 0.12197309417040358
table-0305-538 4 11 2 135 130 1255 1.0 0.3812849162011173
table-0305-329 56 2 0 19 69 13848 0.5 1.5264207377866401
table-0305-654 2 6 0 198 216 6946 0.5 0.0029782898346265383
table-0305-660 1 5 0 226 287 10145 1.0 0.08026315789473684
table-0305-645 2 6 0 198 216 6946 0.5 0.002664785641507955
table-0305-814 6 7 0 6 18 811 0.25 0.8211624441132638
table-0305-69 9 4 0 164 226 4424 0.3333333333333333 3.4244186046511627
table-0305-472 1 4 1 235 234 176218 0.25 0.013020096235493914
table-0305-173 2 2 0 9 16 998 1.0 0.033012379642365884
table-0305-142 2 5 2 11 15 543 0.3333333333333333 0.8203125
table-0305-624 10 6 0 941 1397 23196 0.010638297872340425 0.07259226421367616
table-0305-682 8 10 0 139 137 2059 1.0 1.1661721068249258
table-0305-866 1 3 0 54 38 1605 0.5 0.04513064133016627
table-0305-725 9 6 0 564 514 31462 0.5 0.22259921858934814
table-0305-219 5 9 3 51 84 1329 0.3333333333333333 0.6041666666666666
table-0305-222 4 11 1 51 84 1329 0.3333333333333333 0.8263888888888888
table-0305-204 3 5 6 192 354 5532 1.0 0.19838601210490922
table-0305-271 24 7 48 122 273 21869 0.3333333333333333 1.6129032258064515
table-0305-880 2 1 0 156 155 2919 1.0 0.09043478260869565
table-0305-579 18 6 0 941 1397 23196 0.010638297872340425 0.12224315637814474
table-0305-476 5 4 4 6 31 432 0.5 0.49873417721518987
table-0305-94 14 3 0 80 271 6423 0.25 0.43099006256900996
table-0305-816 1 7 0 6 18 811 0.25 0.14456035767511177
table-0305-458 26 4 43 3 63 2459 1.0 5.435233160621761
table-0305-714 28 4 14 103 261 44107 0.25 0.18792497069167644
table-0305-87 7 2 0 22 38 9762 0.5 0.4066543438077634
table-0305-820 3 9 0 45 266 992 0.06666666666666667 0.4542177361211247
table-0305-988 3 5 0 82 157 2096 0.16666666666666666 0.023388632036986674
table-0305-528 3 6 0 88 135 2915 0.06666666666666667 0.07536907536907538
table-0305-987 3 4 0 82 157 2096 0.16666666666666666 0.0799564862659777
table-0305-859 3 6 0 89 133 2437 0.06666666666666667 0.1022530329289428
table-0305-673 2 6 0 182 204 4558 0.5 0.005137503777576307
table-0305-499 1 3 0 52 67 3134 1.0 0.01128451380552221
table-0305-170 3 2 2 269 278 57894 1.0 0.04164187983343248
table-0305-425 7 3 0 28 48 7960 0.125 0.33851784080512354
table-0305-422 2 4 0 28 48 7960 0.125 0.31473010064043916
table-0305-794 5 2 0 694 532 135193 0.16666666666666666 0.015657228576786048
table-0305-266 17 2 0 71 1643 83617 0.03571428571428571 0.6069364161849711
table-0305-334 6 6 0 255 666 2911 1.0 0.12249260111805327
table-0305-603 11 6 0 941 1397 23196 0.010638297872340425 0.0811260113044442
table-0305-178 0 1 0 206 43 35016 1.0 0.0
table-0305-446 1 3 0 57 115 9412 1.0 0.09462544096285537
table-0305-884 4 3 0 23 36 15975 0.25 0.13420679886685552
table-0305-737 2 9 0 139 275 5524 0.25 0.3158371040723982
table-0305-547 3 5 0 34 100 26870 0.1111111111111111 0.24240940254652302
table-0305-477 4 3 0 33 63 2356 1.0 0.15930599369085174
table-0305-717 11 7 15 0 0 0 0.0 1114.0
table-0305-551 3 3 0 71 81 7115 0.5 0.043213457076566125
table-0305-223 6 10 13 51 84 1329 0.3333333333333333 2.2916666666666665
table-0305-256 9 2 0 71 1643 83617 0.03571428571428571 0.33036905291240554
table-0305-39 1 3 0 32 39 5765 1.0 0.09592641261498029
table-0305-659 3 5 0 226 287 10145 1.0 0.18157894736842106
table-0305-315 8 2 0 275 362 132237 0.3333333333333333 0.029200613051544727
table-0305-670 2 6 0 182 204 4558 0.5 0.005288606829857963
table-0305-961 4 6 0 90 137 2468 0.06666666666666667 0.10163652024117141
table-0305-419 2 5 0 28 48 7960 0.125 0.43183897529734677
table-0305-387 2 4 0 177 168 58214 0.3333333333333333 0.023345588235294118
table-0305-906 3 1 0 142 157 1765 1.0 0.17326732673267325
table-0305-765 2 6 2 227 624 15210 1.0 0.005010229217986723
table-0305-612 9 6 0 941 1397 23196 0.010638297872340425 0.07392219882522442
table-0305-915 11 9 0 66 190 1070 0.047619047619047616 0.7850746268656716
table-0305-68 3 3 0 164 226 4424 0.3333333333333333 0.7325581395348837
table-0305-911 4 10 0 142 157 1765 1.0 0.42574257425742573
table-0305-414 0 1 0 103 132 1862 0.16666666666666666 0.0
table-0305-895 0 1 0 59 103 1266 0.1111111111111111 0.0
table-0305-897 7 8 0 59 103 1266 0.1111111111111111 0.4138634046890928
table-0305-651 2 6 0 198 216 6946 0.5 0.0023512814483893723
table-0305-71 10 4 0 161 209 5720 0.3333333333333333 3.527950310559006
table-0305-20 1 1 0 12 15 1244 1.0 0.17950236966824645
table-0305-845 6 9 0 61 157 2589 0.058823529411764705 0.18162301416917132
table-0305-331 21 4 0 122 178 1488 0.5 3.055357142857143
table-0305-623 5 6 0 941 1397 23196 0.010638297872340425 0.040784661420813474
table-0305-462 2 1 0 131 125 1472 1.0 0.273542600896861
table-0305-649 2 6 0 198 216 6946 0.5 0.002429657496669018
table-0305-391 0 1 0 42 43 2866 1.0 0.0
table-0305-18 2 3 0 12 15 1244 1.0 0.039691943127962086
table-0305-791 4 3 0 485 506 181348 1.0 0.016787024084086354
table-0305-301 29 8 0 107 247 7400 0.5 4.75
table-0305-22 1 1 0 12 15 1244 1.0 0.12559241706161137
table-0305-421 7 11 0 28 48 7960 0.125 0.4592863677950595
table-0305-338 9 3 0 154 142 65133 0.2 0.3956130043086565
table-0305-954 12 10 7 67 187 1124 0.043478260869565216 0.5922927461139896
table-0305-415 12 2 12 103 132 1862 0.16666666666666666 0.08075117370892018
table-0305-792 24 3 0 694 532 135193 0.16666666666666666 0.29711231951997
table-0305-59 6 3 0 169 253 5429 0.3333333333333333 2.5
table-0305-295 21 5 0 14 237 1009 1.0 1.8304347826086957
table-0305-759 12 3 0 198 223 7779 0.1 0.3240058910162003
table-0305-464 3 2 1 88 158 5267 0.25 0.010421455938697317
table-0305-164 20 2 0 101 174 11489 0.25 0.12268111035883547
table-0305-739 13 9 0 139 275 5524 0.25 2.0398190045248867
table-0305-928 7 8 0 66 190 1070 0.047619047619047616 0.1607675906183369
table-0305-930 5 9 0 66 190 1070 0.047619047619047616 0.33432835820895523
table-0305-293 1 7 1 170 110 96 1.0 0.025254428948360347
table-0305-320 5 5 0 374 297 9451 0.16666666666666666 0.2575387123064385
table-0305-893 3 5 0 59 103 1266 0.1111111111111111 0.3312945973496432
table-0305-210 2 10 5 50 89 1470 0.5 0.554006968641115
table-0305-181 1 5 4 54 88 1457 0.5 0.006036217303822937
table-0305-376 3 4 0 78 106 2563 0.06666666666666667 0.16291161178509533
table-0305-666 1 2 1 0 0 0 0.0 40.0
table-0305-671 2 6 0 182 204 4558 0.5 0.005741915986702931
table-0305-598 9 6 0 941 1397 23196 0.010638297872340425 0.0632827219328383
table-0305-434 1 2 0 35 62 4598 1.0 0.012358946802794197
table-0305-583 20 6 0 941 1397 23196 0.010638297872340425 0.13676160922088
table-0305-596 7 6 0 941 1397 23196 0.010638297872340425 0.048210129668624625
table-0305-300 3 3 0 114 140 1617 1.0 0.37723214285714285
table-0305-944 1 8 0 67 187 1124 0.043478260869565216 0.009067357512953367
table-0305-357 4 3 0 55 64 5466 0.3333333333333333 0.29830234438156833
table-0305-468 5 5 0 88 158 5267 0.25 0.05210727969348659
table-0305-581 17 6 0 941 1397 23196 0.010638297872340425 0.11337692563448963
table-0305-196 1 5 2 187 384 5508 1.0 0.09252912954078135
table-0305-341 3 5 0 82 124 4206 0.3333333333333333 0.08418491484184915
table-0305-100 21 9 58 349 384 4386 1.0 5.759465478841871
table-0305-939 4 10 1 67 187 1124 0.043478260869565216 0.28432642487046633
table-0305-591 10 6 0 941 1397 23196 0.010638297872340425 0.07037570652776239
table-0305-550 3 2 1 8 18 822 1.0 0.07749627421758569
table-0305-403 2 5 0 137 220 242 1.0 0.013721659321186788
table-0305-674 2 6 0 182 204 4558 0.5 0.005439709882139619
table-0305-908 3 1 0 142 157 1765 1.0 0.17326732673267325
table-0305-198 2 10 3 52 91 1496 0.5 0.9954128440366973
table-0305-530 3 6 0 88 135 2915 0.06666666666666667 0.06604506604506605
table-0305-854 6 4 1 89 133 2437 0.06666666666666667 0.2703639514731369
table-0305-37 1 3 0 167 245 4561 0.5 0.02038369304556355
table-0305-718 9 7 14 0 0 0 0.0 883.0
table-0305-452 1 4 1 3 63 2459 1.0 0.18134715025906736
table-0305-905 3 5 5 35 39 2289 1.0 0.11712795828319295
table-0305-706 18 3 27 29 24 1990 0.25 0.13910243091626845
table-0305-780 1 2 1 32 89 2237 1.0 0.009077878643096034
table-0305-474 10 10 0 130 121 1614 1.0 1.9388646288209608
table-0305-758 2 6 0 198 223 7779 0.1 0.06774668630338733
table-0305-132 25 10 125 52 247 2459 0.043478260869565216 0.15274246276788958
table-0305-104 1 1 0 714 263 27394 0.3333333333333333 0.002287691105903359
table-0305-740 16 9 0 139 275 5524 0.25 2.7266968325791856
table-0305-184 2 10 4 54 88 1457 0.5 0.3299798792756539
table-0305-189 3 10 7 54 88 1457 0.5 0.641851106639839
table-0305-231 4 9 7 51 97 1531 0.25 0.1791304347826087
table-0305-735 5 9 0 139 275 5524 0.25 0.2832579185520362
table-0305-77 14 2 0 130 134 37218 1.0 0.184645286686103
table-0305-782 43 3 0 27 84 4389 0.5 0.17744530244530243
table-0305-823 3 5 0 45 266 992 0.06666666666666667 0.21341023792357605
table-0305-177 16 3 0 147 143 17065 0.3333333333333333 0.7322834645669292
table-0305-471 2 4 0 235 234 176218 0.25 0.020945372204924994
table-0305-7 13 6 0 11 207 4505 1.0 0.3037048102778608
table-0305-3 4 6 0 11 207 4505 1.0 0.06363907977293098
table-0305-889 10 5 0 310 407 9927 0.25 0.11091637456184276
table-0305-29 1 3 0 166 270 4423 0.5 0.015843429636533086
table-0305-918 3 9 0 66 190 1070 0.047619047619047616 0.24477611940298508
table-0305-169 5 5 5 20 33 604 0.5 1.9083333333333334
table-0305-151 4 9 0 23 55 1591 0.25 0.9112903225806451
table-0305-790 67 2 0 351 512 55233 0.5 0.10720922781159885
table-0305-399 9 3 0 120 145 5930 1.0 0.07721382289416846
table-0305-909 12 10 0 142 157 1765 1.0 1.2079207920792079
table-0305-727 9 6 0 984 3541 246909 0.125 0.05259054227905345
table-0305-997 2 2 2 185 164 3774 1.0 0.024193548387096774
table-0305-35 9 2 8 160 267 1806 0.25 0.06392199349945829
table-0305-479 1 1 0 129 121 1460 1.0 0.08873720136518772
table-0305-297 3 3 0 90 86 5097 0.25 0.007118771075309105
table-0305-484 2 3 0 32 48 4837 0.25 0.0881578947368421
table-0305-619 7 6 0 941 1397 23196 0.010638297872340425 0.05607890945361853
table-0305-461 47 9 10 316 142 422627 1.0 0.13233929754804508
table-0305-589 11 6 0 941 1397 23196 0.010638297872340425 0.08832982378366397
table-0305-191 10 10 47 54 88 1457 0.5 1.1790744466800804
table-0305-960 3 4 0 90 137 2468 0.06666666666666667 0.11972437553832903
table-0305-146 3 5 3 42 57 815 0.5 0.9583333333333334
table-0305-47 0 1 0 27 71 206 1.0 0.0
table-0305-141 2 5 2 11 15 543 0.3333333333333333 1.625
table-0305-2 7 6 0 11 207 4505 1.0 0.1096504332237825
table-0305-648 2 6 0 198 216 6946 0.5 0.003291794027745121
table-0305-572 28 6 0 941 1397 23196 0.010638297872340425 0.17765709852598913
table-0305-237 15 2 14 51 97 1531 0.25 0.39304347826086955
table-0305-491 16 4 0 438 448 7778 0.16666666666666666 0.8352059925093633
table-0305-200 1 1 1 52 91 1496 0.5 0.0
table-0305-268 4 3 0 131 166 1464 1.0 0.26821608040201006
table-0305-919 15 12 0 66 190 1070 0.047619047619047616 0.41535181236673774
table-0305-549 11 3 0 34 100 26870 0.1111111111111111 0.21596474045053868
table-0305-86 11 7 10 87 119 239 1.0 0.5323741007194245
table-0305-171 1 5 2 220 175 6348 1.0 0.056741028128031036
table-0305-891 9 15 18 220 144 5340 0.3333333333333333 0.5493716337522442
table-0305-936 7 2 0 42 84 576 1.0 0.24081313526192338
table-0305-685 2 1 0 139 137 2059 1.0 0.17507418397626112
table-0305-898 34 6 0 59 103 1266 0.1111111111111111 1.8674821610601426
table-0305-570 29 6 0 941 1397 23196 0.010638297872340425 0.19727363404632606
table-0305-618 8 6 0 941 1397 23196 0.010638297872340425 0.06583176327163914
table-0305-406 8 3 6 1042 239 245281 0.3333333333333333 0.01932516693937116
table-0306-1000 1 3 0 176 18 1888 1.0 0.26376146788990823
table-0305-363 2 2 2 7 26 1628 1.0 0.018448438978240302
table-0305-738 17 9 0 139 275 5524 0.25 2.776470588235294
table-0305-952 3 10 3 67 187 1124 0.043478260869565216 0.12985751295336787
table-0305-516 11 2 11 111 120 2434 0.25 0.2392638036809816
table-0305-416 10 2 10 103 132 1862 0.16666666666666666 0.0676056338028169
table-0305-799 0 1 0 18 19 645 1.0 0.0
table-0305-427 4 4 1 137 220 261 1.0 0.01944659003135081
table-0305-128 4 4 0 52 247 2459 0.043478260869565216 0.08172902288412641
table-0305-469 1 2 0 18 33 1032 1.0 0.07543103448275862
table-0305-748 1 1 1 105 146 2172 0.25 0.0
table-0305-563 24 6 0 941 1397 23196 0.010638297872340425 0.1572647678155824
table-0305-532 3 6 0 88 135 2915 0.06666666666666667 0.06060606060606061
table-0305-148 2 5 0 200 129 9651 1.0 0.06213394448688566
table-0305-340 2 2 0 82 124 4206 0.3333333333333333 0.040875912408759124
table-0305-153 1 1 1 23 55 1591 0.25 0.0
table-0305-847 10 9 0 61 157 2589 0.058823529411764705 0.32288535852297123
table-0305-815 3 8 3 6 18 811 0.25 0.09388971684053651
table-0305-270 28 7 40 122 273 21869 0.3333333333333333 2.3990442054958185
table-0305-565 5 2 0 941 1397 23196 0.010638297872340425 0.01839742879308434
table-0305-588 15 6 0 941 1397 23196 0.010638297872340425 0.10406738335365177
table-0305-545 11 14 7 34 100 26870 0.1111111111111111 0.951028403525955
table-0305-585 16 6 0 941 1397 23196 0.010638297872340425 0.12545716502271972
table-0305-426 1 3 0 28 48 7960 0.125 0.04940530649588289
table-0305-617 6 6 0 941 1397 23196 0.010638297872340425 0.04832095755292031
table-0305-529 3 4 0 88 135 2915 0.06666666666666667 0.14607614607614608
table-0305-607 11 6 0 941 1397 23196 0.010638297872340425 0.08844065166795965
table-0305-946 2 11 0 67 187 1124 0.043478260869565216 0.03465025906735751
table-0305-724 11 7 21 0 0 0 0.0 1397.0
table-0305-680 13 3 13 78 36 35788 0.5 0.0547423887587822
table-0305-966 2 2 0 90 137 2468 0.06666666666666667 0.06546080964685616
table-0305-281 1 3 0 145 158 3623 0.16666666666666666 0.26949152542372884
table-0305-840 11 12 0 61 157 2589 0.058823529411764705 0.15264061829111206
table-0305-298 20 11 13 114 140 1617 1.0 2.484375
table-0305-800 9 6 0 594 139 339311 1.0 0.0795260663507109
table-0305-721 8 7 10 0 0 0 0.0 895.0
table-0305-720 11 7 14 0 0 0 0.0 1137.0
table-0305-384 16 6 13 97 107 3580 0.5 0.2374283046551954
table-0305-781 3 3 0 52 124 1792 1.0 0.036746184619943695
table-0305-314 10 4 0 413 208 131452 0.125 0.05812140115163148
table-0305-625 3 6 0 941 1397 23196 0.010638297872340425 0.024382134545051535
table-0305-160 19 3 0 26 74 9199 0.125 0.6530612244897959
table-0305-274 7 7 7 122 273 21869 0.3333333333333333 0.5002986857825568
table-0305-220 3 9 2 51 84 1329 0.3333333333333333 0.16319444444444445
table-0305-803 6 8 6 12 27 7230 0.25 0.25279850746268656
table-0305-356 4 2 4 55 64 5466 0.3333333333333333 0.06143896523848019
table-0305-269 2 3 0 21 26 781 1.0 0.12024048096192384
table-0305-206 19 2 16 50 96 1764 0.3333333333333333 1.196078431372549
table-0305-973 3 6 0 90 137 2468 0.06666666666666667 0.0611541774332472
table-0305-54 4 2 0 258 312 13727 0.25 0.032612312811980036
table-0305-344 5 3 0 448 278 9706 0.25 0.011352418558736426
table-0305-593 10 6 0 941 1397 23196 0.010638297872340425 0.06937825556910118
table-0305-307 4 3 0 358 171 7381 0.25 0.08687943262411348
table-0305-637 7 6 0 941 1397 23196 0.010638297872340425 0.05774132771805386
table-0305-466 2 3 0 88 158 5267 0.25 0.07371647509578544
table-0305-276 4 5 8 308 373 4664 1.0 0.21081081081081082
table-0305-809 7 6 12 64 120 5736 0.3333333333333333 0.14904458598726114
table-0305-230 3 10 14 51 97 1531 0.25 0.12869565217391304
table-0305-703 73 2 9 16 117 6165 0.3333333333333333 0.6232678053496616
table-0305-818 13 3 0 45 266 992 0.06666666666666667 0.8550829127613554
table-0305-84 13 2 0 164 177 16339 0.5 0.1411898662112155
table-0305-821 5 9 0 45 266 992 0.06666666666666667 0.5450612833453496
table-0305-575 31 6 0 941 1397 23196 0.010638297872340425 0.19261886290590713
table-0305-698 2 6 0 197 208 8511 0.25 0.13958192852326365
table-0305-445 0 1 0 3 5 236 1.0 0.0
table-0305-296 3 2 0 9 34 2036 0.5 0.090311986863711
table-0305-555 20 6 0 941 1397 23196 0.010638297872340425 0.13576415826221877
table-0305-795 36 2 0 694 532 135193 0.16666666666666666 0.27676729795612226
table-0305-279 29 6 14 145 158 3623 0.16666666666666666 2.854237288135593
table-0305-396 57 4 31 743 413 1278542 0.25 0.3396504682545535
table-0305-149 1 5 2 200 129 9651 1.0 0.024191494779730073
table-0305-82 39 4 0 123 172 10984 0.5 4.93613707165109
table-0305-443 10 10 0 131 134 1635 0.5 1.7683397683397684
table-0305-968 3 4 0 90 137 2468 0.06666666666666667 0.19896640826873385
table-0305-695 4 8 0 191 202 5113 0.125 0.31568228105906315
table-0305-88 20 4 20 44 157 12500 0.25 0.5380883066472586
table-0305-732 1 1 1 139 275 5524 0.25 0.0
table-0305-326 1 9 2 20 36 3679 0.3333333333333333 0.13529411764705881
table-0305-875 8 10 0 156 155 2919 1.0 0.6034782608695652
table-0305-165 4 3 0 101 174 11489 0.25 0.08205822613405551
table-0305-303 136 5 259 2 52 1238 0.5 86.5050505050505
table-0305-67 1 3 0 0 0 0 0.0 96.0
table-0305-423 2 4 0 28 48 7960 0.125 0.30649588289112534
table-0305-626 4 6 0 941 1397 23196 0.010638297872340425 0.0355757508589161
table-0305-373 3 6 0 78 106 2563 0.06666666666666667 0.07885615251299827
table-0305-692 10 3 0 191 202 5113 0.125 0.5519348268839104
table-0305-914 1 6 0 66 190 1070 0.047619047619047616 0.06311300639658848
table-0305-886 16 4 0 58 116 2246 0.3333333333333333 3.8884892086330933
table-0305-465 11 2 0 88 158 5267 0.25 0.08398467432950192
table-0305-687 1 1 0 139 137 2059 1.0 0.0771513353115727
table-0305-211 2 9 8 50 89 1470 0.5 0.4738675958188153
table-0305-531 3 4 0 88 135 2915 0.06666666666666667 0.12975912975912976
table-0305-187 1 1 0 54 88 1457 0.5 0.11267605633802817
table-0305-786 2 4 0 36 34 992 1.0 0.07930859176410777
table-0305-702 18 11 15 341 363 1524 0.5 6.266666666666667
table-0305-710 0 1 0 16 29 840 1.0 0.0
table-0305-902 19 6 40 570 334 288200 0.2 0.06050282755331471
table-0305-694 4 9 0 191 202 5113 0.125 0.3665987780040733
table-0305-475 6 3 0 16 29 1763 0.5 0.11136079900124844
table-0305-346 22 4 0 1191 287 124271 0.5 0.023387624815845474
table-0305-209 1 10 3 50 89 1470 0.5 0.11149825783972125
table-0305-282 8 7 14 185 142 24677 1.0 1.1918936035465484
table-0305-609 10 6 0 941 1397 23196 0.010638297872340425 0.057852155602349555
table-0305-404 7 2 0 11 52 4442 0.3333333333333333 0.09454038025466596
table-0305-260 38 2 0 71 1643 83617 0.03571428571428571 1.2792352156514006
table-0305-774 12 12 0 25 95 2608 0.3333333333333333 0.1277706858535453
table-0305-587 3 2 0 941 1397 23196 0.010638297872340425 0.010528649008090436
table-0305-10 1 3 0 64 88 8285 1.0 0.012118916871804582
table-0305-235 4 11 1 51 97 1531 0.25 0.41391304347826086
table-0305-215 1 5 0 76 124 2863 0.5 0.02394841879029782
table-0305-135 6 5 0 52 247 2459 0.043478260869565216 0.10751907010533963
table-0305-796 9 3 0 694 532 135193 0.16666666666666666 0.06281642602662667
table-0305-186 16 2 14 54 88 1457 0.5 0.5835010060362174
table-0305-527 3 4 1 88 135 2915 0.06666666666666667 0.16083916083916083
table-0305-492 16 12 19 438 448 7778 0.16666666666666666 0.7106741573033708
table-0305-857 3 6 0 89 133 2437 0.06666666666666667 0.08838821490467938
table-0305-658 1 5 0 226 287 10145 1.0 0.12236842105263158
table-0305-485 1 3 0 108 159 26974 1.0 0.011082019119527492
table-0305-742 12 9 0 139 275 5524 0.25 1.9864253393665159
table-0305-327 3 3 0 88 106 2429 1.0 0.6263079222720478
table-0305-828 2 9 0 45 266 992 0.06666666666666667 0.21845710165825521
table-0305-195 4 9 12 54 88 1457 0.5 0.5694164989939637
table-0305-389 5 3 5 122 151 16218 0.5 0.08517520215633423
table-0305-863 3 6 0 89 133 2437 0.06666666666666667 0.07365684575389948
table-0305-41 1 3 0 167 257 5359 0.5 0.013329848405645583
table-0305-158 3 6 0 26 74 9199 0.125 0.10204081632653061
table-0305-922 2 9 0 66 190 1070 0.047619047619047616 0.034968017057569294
table-0305-486 4 4 1 141 199 200 1.0 0.022925705715357007
table-0305-996 2 3 0 22 37 1992 1.0 0.0763888888888889
table-0305-978 10 11 9 306 311 1868 1.0 0.6785046728971963
table-0305-697 1 2 0 12 32 7757 1.0 0.019311502938706968
table-0305-62 1 3 0 17 22 1020 1.0 0.072
table-0305-402 3 5 3 6 17 950 0.3333333333333333 0.08284600389863547
table-0305-743 6 6 1 85 44 7645 1.0 0.04797742238946378
table-0305-248 7 9 13 53 80 1613 0.3333333333333333 1.5585106382978724
table-0305-597 5 6 0 941 1397 23196 0.010638297872340425 0.039011415272082454
table-0305-861 3 6 0 89 133 2437 0.06666666666666667 0.07365684575389948
table-0305-929 3 9 0 66 190 1070 0.047619047619047616 0.15991471215351813
table-0305-558 30 6 0 941 1397 23196 0.010638297872340425 0.18452842735232183
table-0305-412 1 5 1 103 132 1862 0.16666666666666666 0.024178403755868546
table-0305-731 9 9 5 139 275 5524 0.25 1.3167420814479638
table-0305-642 2 6 0 198 216 6946 0.5 0.0027431616897876008
table-0305-95 14 3 0 80 271 6423 0.25 0.38167096061832906
table-0305-533 20 3 0 1383 677 2229452 0.2 0.05619507908611599
table-0305-846 11 9 0 61 157 2589 0.058823529411764705 0.3432803778445685
table-0305-438 1 5 0 132 153 3270 0.5 0.22789115646258504
table-0305-749 12 2 12 105 146 2172 0.25 0.07963972505333017
table-0305-573 30 6 0 941 1397 23196 0.010638297872340425 0.17455391776570986
table-0305-44 26 5 0 267 232 25355 0.2 5.24457556147697
table-0305-901 16 7 0 570 334 288200 0.2 0.08121550725625128
table-0305-124 10 5 0 52 247 2459 0.043478260869565216 0.22357428260079912
table-0305-912 2 3 0 142 157 1765 1.0 0.26732673267326734
table-0305-834 4 5 0 61 157 2589 0.058823529411764705 0.09682267067410906
table-0305-410 0 1 0 102 136 2621 0.25 0.0
table-0305-512 6 10 0 142 138 1923 1.0 0.8456375838926175
table-0305-865 12 7 0 54 38 1605 0.5 1.2600950118764846
table-0305-958 1 2 0 174 159 1689 1.0 0.015614392396469789
table-0305-683 2 1 0 139 137 2059 1.0 0.17507418397626112
table-0305-640 14 7 6 198 216 6946 0.5 0.14875773963476763
table-0305-463 10 10 0 131 125 1472 1.0 1.9910313901345291
table-0305-263 7 2 0 71 1643 83617 0.03571428571428571 0.246776345042241
table-0305-769 38 3 34 956 340 1177476 1.0 0.07273396295842022
table-0305-117 17 5 0 11 21 7794 0.5 0.4985835694050991
table-0305-358 179 4 348 55 64 5466 0.3333333333333333 3.5521422797089732
table-0305-636 9 6 0 941 1397 23196 0.010638297872340425 0.07403302670952011
table-0305-217 4 10 0 90 92 7622 0.5 0.09357744841615809
table-0305-779 4 3 0 31 53 3702 1.0 0.14899211218229624
table-0305-424 7 4 0 28 48 7960 0.125 0.6724611161939615
table-0305-289 1 6 1 170 110 96 1.0 0.04673954014323407
table-0305-784 60 6 0 48 80 6375 0.16666666666666666 2.895821071218364
table-0305-656 5 5 0 226 287 10145 1.0 0.42105263157894735
table-0305-595 6 6 0 941 1397 23196 0.010638297872340425 0.04433115371827552
table-0305-125 6 4 0 52 247 2459 0.043478260869565216 0.06974209952778787
table-0305-254 9 2 0 71 1643 83617 0.03571428571428571 0.21654068474877725
table-0305-267 2 4 0 131 166 1464 1.0 0.125
table-0305-628 6 6 0 941 1397 23196 0.010638297872340425 0.05053751523883409
table-0305-750 10 2 10 105 146 2172 0.25 0.06684048352690211
table-0305-431 1 3 0 101 103 4880 1.0 0.044444444444444446
table-0305-505 2 1 0 142 138 1923 1.0 0.19798657718120805
table-0305-309 2 3 0 21 30 991 1.0 0.07326007326007326
table-0305-385 0 1 0 42 62 5273 1.0 0.0
table-0305-405 11 4 0 11 52 4442 0.3333333333333333 0.26373626373626374
table-0305-810 28 7 0 12 50 1819 0.25 6.088626292466765
table-0305-986 46 3 0 127 242 40667 0.3333333333333333 3.1094594594594596
table-0305-238 0 1 0 51 97 1531 0.25 0.0
table-0305-348 5 3 5 106 241 5833 0.5 0.03358925143953935
table-0305-17 20 5 45 12 15 1244 1.0 0.8050947867298578
table-0305-843 8 3 0 61 157 2589 0.058823529411764705 0.11206526406182911
table-0305-51 4 5 0 181 121 37343 0.16666666666666666 0.02305262450433497
table-0305-444 1 2 1 52 80 23093 1.0 0.007742461287693562
table-0305-194 4 11 11 54 88 1457 0.5 0.2977867203219316
table-0305-401 6 3 0 6 17 950 0.3333333333333333 0.13840155945419103
table-0305-121 6 4 0 52 247 2459 0.043478260869565216 0.06665455866327642
table-0305-615 7 6 0 941 1397 23196 0.010638297872340425 0.05474897484207027
table-0305-568 30 6 0 941 1397 23196 0.010638297872340425 0.20237171672392773
table-0305-513 1 1 1 111 120 2434 0.25 0.0
table-0305-214 1 2 1 76 124 2863 0.5 0.005833589192508443
table-0305-582 14 6 0 941 1397 23196 0.010638297872340425 0.11027374487421035
table-0305-590 10 6 0 941 1397 23196 0.010638297872340425 0.07259226421367616
table-0305-172 4 5 4 17 32 708 0.5 1.4859437751004017
table-0305-40 7 5 0 127 197 46635 0.5 0.3344760039177277
table-0305-432 1 2 1 8 99 4145 1.0 0.007764609726195341
table-0305-140 7 3 0 8 24 3224 0.5 0.13847780126849896
table-0305-757 15 8 3 198 223 7779 0.1 2.727540500736377
table-0305-812 5 7 0 12 50 1819 0.25 1.2363367799113738
table-0305-753 7 5 0 192 204 25846 0.25 0.08909479686386315
table-0305-292 2 7 2 170 110 96 1.0 0.03995476818695816
table-0305-332 22 3 0 187 221 11135 0.2 2.35812356979405
table-0305-322 1 5 0 374 297 9451 0.16666666666666666 0.032599837000814993
table-0305-546 2 5 0 34 100 26870 0.1111111111111111 0.23310479921645447
table-0305-319 2 5 4 137 260 7679 1.0 0.13177570093457944
table-0305-956 11 3 0 15 25 286 1.0 0.4093457943925234
table-0305-98 20 9 41 349 384 4386 1.0 6.380846325167038
table-0305-935 3 8 2 42 84 576 1.0 0.07427677873338545
table-0305-955 9 10 2 67 187 1124 0.043478260869565216 0.47668393782383417
table-0305-663 7 5 0 226 287 10145 1.0 0.6328947368421053
table-0305-420 2 5 2 28 48 7960 0.125 0.3970722781335773
table-0305-408 2 6 2 102 136 2621 0.25 0.060933037131069505
table-0305-283 3 3 0 185 142 24677 1.0 0.11146295123495883
table-0305-985 78 5 56 127 242 40667 0.3333333333333333 12.81081081081081
table-0305-963 4 6 0 90 137 2468 0.06666666666666667 0.08957795004306632
table-0305-844 7 8 0 61 157 2589 0.058823529411764705 0.08093602404465436
table-0305-250 7 2 6 53 80 1613 0.3333333333333333 1.127659574468085
table-0305-347 10 2 0 1191 287 124271 0.5 0.0016573907349811752
table-0305-728 21 4 5 46 29 5623 1.0 1.840568862275449
table-0305-106 27 8 15 219 331 3422 0.3333333333333333 0.6320432555492317
table-0305-63 3 3 0 600 188 23455 0.3333333333333333 0.0033119229225210757
table-0305-490 2 2 0 19 27 2710 0.5 0.057692307692307696
table-0305-255 9 2 0 71 1643 83617 0.03571428571428571 0.28056914184081816
table-0305-982 56 10 0 549 325 265305 0.5 0.588937980690558
table-0305-138 6 4 0 52 247 2459 0.043478260869565216 0.07373774064656738
table-0305-962 6 4 0 90 137 2468 0.06666666666666667 0.29457364341085274
table-0305-409 4 5 0 102 136 2621 0.25 0.05649000317359568
table-0305-156 4 11 1 26 74 9199 0.125 0.6057513914656771
table-0305-118 0 1 0 544 387 265 1.0 0.0
table-0305-497 7 3 0 438 448 7778 0.16666666666666666 0.16760299625468164
table-0305-481 26 8 49 0 0 0 0.0 1954.0
table-0305-543 1 3 0 36 49 10357 1.0 0.020475405977877146
table-0305-489 1 2 0 19 27 2710 0.5 0.021062271062271064
table-0305-19 1 4 0 12 15 1244 1.0 0.023696682464454975
table-0305-495 4 5 4 438 448 7778 0.16666666666666666 0.0650749063670412
table-0305-199 15 2 11 52 91 1496 0.5 1.4311926605504588
table-0305-353 1 1 0 173 30 4116 1.0 0.016145307769929364
table-0305-278 22 6 7 145 158 3623 0.16666666666666666 2.41864406779661
table-0305-995 2 5 0 140 154 484 1.0 1.2307692307692308
table-0305-30 214 9 190 327 521 61774 0.25 1.5157314774539654
table-0305-606 11 6 0 941 1397 23196 0.010638297872340425 0.08156932284162695
table-0305-501 12 5 0 258 285 61996 0.5 0.15249685270667226
table-0305-133 6 5 0 52 247 2459 0.043478260869565216 0.11006175081729024
table-0305-362 1 4 0 49 59 2583 0.5 0.2248939179632249
table-0305-208 1 9 2 20 33 2274 0.3333333333333333 0.0898716119828816
table-0305-13 4 6 6 566 616 5454 1.0 0.46714456391875747
table-0305-594 11 6 0 941 1397 23196 0.010638297872340425 0.07281391998226754
table-0305-621 6 6 0 941 1397 23196 0.010638297872340425 0.04222542391665743
table-0305-130 0 1 0 52 247 2459 0.043478260869565216 0.0
table-0305-253 1 2 1 178 216 19894 1.0 0.005835380835380835
table-0305-154 4 5 0 115 125 7014 1.0 0.16503212715590126
table-0305-701 5 5 0 197 208 8511 0.25 0.126770060687795
table-0305-321 11 5 0 374 297 9451 0.16666666666666666 0.6438467807660961
table-0305-689 13 8 11 191 202 5113 0.125 3.4623217922606924
table-0305-971 3 7 1 90 137 2468 0.06666666666666667 0.08613264427217916
table-0305-228 1 4 1 51 97 1531 0.25 0.2643478260869565
table-0305-74 1 3 1 140 119 4245 0.25 0.022139160437032776
table-0305-313 11 4 4 413 208 131452 0.125 0.04516554702495201
table-0305-454 2 4 4 3 63 2459 1.0 0.5544041450777202
table-0305-559 30 6 0 941 1397 23196 0.010638297872340425 0.18630167350105287
table-0305-829 4 9 0 45 266 992 0.06666666666666667 0.4253785147801009
table-0305-752 5 9 0 192 204 25846 0.25 0.11546685673556664
table-0305-323 5 3 0 374 297 9451 0.16666666666666666 0.05623471882640587
table-0305-448 38 5 22 21 6 4133 1.0 12.361823361823362
table-0305-92 21 4 0 12 23 2251 0.5 0.5131873044255699
table-0305-665 1 5 0 226 287 10145 1.0 0.10394736842105264
table-0305-304 4 5 0 358 171 7381 0.25 0.23847517730496454
table-0305-957 9 4 18 54 58 5055 1.0 0.32458354366481573
table-0305-836 3 9 0 61 157 2589 0.058823529411764705 0.1060541004723057
table-0305-75 5 3 3 140 119 4245 0.25 0.07130534790109258
table-0305-330 18 4 12 122 178 1488 0.5 2.5357142857142856
table-0305-325 1 9 2 20 36 3679 0.3333333333333333 0.14201680672268907
table-0305-380 0 1 0 27 40 3149 1.0 0.0
table-0305-627 6 6 0 941 1397 23196 0.010638297872340425 0.05053751523883409
table-0305-1 11 6 0 11 207 4505 1.0 0.23244696743352256
table-0305-992 6 6 4 82 157 2096 0.16666666666666666 0.07506119118846886
table-0305-70 5 3 1 161 209 5720 0.3333333333333333 3.1180124223602483
table-0305-129 3 4 0 52 247 2459 0.043478260869565216 0.04249909189974573
table-0305-708 4 5 0 557 296 340528 0.5 0.011370814908401769
table-0305-11 13 2 0 288 379 34359 0.14285714285714285 1.112487100103199
table-0305-984 33 6 18 10 98 93 1.0 4.254794520547946
table-0305-876 2 1 0 156 155 2919 1.0 0.09043478260869565
table-0305-265 22 2 0 71 1643 83617 0.03571428571428571 0.6616273899510894
table-0305-877 8 10 0 156 155 2919 1.0 0.568695652173913
table-0305-534 7 4 0 1383 677 2229452 0.2 0.018892794376098417
table-0305-102 4 3 0 714 263 27394 0.3333333333333333 0.005523937060595916
table-0305-789 2 4 0 23 41 1141 1.0 0.07184966838614591
table-0305-983 1 6 0 549 325 265305 0.5 0.015873015873015872
table-0305-280 34 6 19 145 158 3623 0.16666666666666666 3.2135593220338983
table-0305-657 1 5 0 226 287 10145 1.0 0.09868421052631579
table-0305-883 2 4 0 23 36 15975 0.25 0.015226628895184136
table-0305-302 12 2 11 165 293 4284 0.5 0.035743445522997366
table-0305-835 5 9 0 61 157 2589 0.058823529411764705 0.1906397595534564
table-0305-168 9 3 0 74 86 9528 1.0 1.0206043956043955
table-0305-773 2 3 0 956 340 1177476 1.0 0.006132711885195634
table-0305-34 5 5 12 160 267 1806 0.25 0.11646803900325027
table-0305-294 2 7 2 170 110 96 1.0 0.05578590275160196
table-0305-662 1 5 0 226 287 10145 1.0 0.08289473684210526
table-0305-89 41 4 41 44 157 12500 0.25 1.3425521591460456
table-0305-574 30 6 0 941 1397 23196 0.010638297872340425 0.1898481657985149
table-0305-661 1 5 0 226 287 10145 1.0 0.08421052631578947
table-0305-24 1 1 0 12 15 1244 1.0 0.12796208530805686
table-0305-787 0 1 0 249 513 213 1.0 0.0
table-0305-653 2 5 0 198 216 6946 0.5 0.0025864095932283094
table-0305-712 18 11 15 340 363 1342 0.5 6.17037037037037
table-0305-493 16 17 16 438 448 7778 0.16666666666666666 0.5594569288389513
table-0305-913 2 3 0 142 157 1765 1.0 0.18564356435643564
table-0305-42 24 4 0 177 238 6830 0.5 1.226882745471878
table-0305-258 16 2 0 71 1643 83617 0.03571428571428571 0.5847043130280124
table-0305-684 8 10 0 139 137 2059 1.0 1.0
table-0305-85 2 5 2 19 35 585 1.0 0.11687041564792176
table-0305-999 11 4 0 340 252 303820 0.5 0.15478887744593203
table-0305-478 2 3 0 111 87 1095 1.0 0.7510917030567685
table-0305-449 2 1 0 129 124 1601 1.0 0.273542600896861
table-0305-359 14 5 0 20 51 1292 1.0 0.3141978472578165
table-0305-608 11 6 0 941 1397 23196 0.010638297872340425 0.07691455170120802
table-0305-57 8 3 0 170 249 5576 0.3333333333333333 1.8059701492537314
table-0305-32 50 4 30 342 181 631 1.0 0.339087619386605
table-0305-103 2 2 0 714 263 27394 0.3333333333333333 0.07326191273295392
table-0305-337 7 3 4 154 142 65133 0.2 0.1954563258911085
table-0305-881 5 2 0 23 36 15975 0.25 0.043909348441926344
table-0305-233 4 9 8 51 97 1531 0.25 0.07652173913043478
table-0305-602 9 6 0 941 1397 23196 0.010638297872340425 0.07159481325501496
table-0305-990 34 5 0 82 157 2096 0.16666666666666666 0.2980690780527604
table-0305-97 20 9 51 349 384 4386 1.0 6.026726057906459
table-0305-80 1 1 0 844 292 43819 0.5 0.0010790172642762283
table-0305-761 5 10 0 198 223 7779 0.1 0.35640648011782033
table-0305-183 2 8 8 54 88 1457 0.5 0.1710261569416499
table-0305-620 10 6 0 941 1397 23196 0.010638297872340425 0.07104067383353652
table-0305-622 8 6 0 941 1397 23196 0.010638297872340425 0.06815914884184861
table-0305-287 1 7 1 170 110 96 1.0 0.03392385978137957
table-0305-979 10 11 4 306 311 1868 1.0 1.0878504672897196
table-0305-853 4 6 0 89 133 2437 0.06666666666666667 0.09445407279029462
table-0305-467 1 2 0 88 158 5267 0.25 0.003371647509578544
table-0305-993 10 3 0 466 207 405083 1.0 0.01691985809151278
table-0305-806 5 4 6 34 17 919 0.5 0.5219885277246654
table-0305-506 8 10 0 142 138 1923 1.0 1.3691275167785235
table-0305-257 8 2 0 71 1643 83617 0.03571428571428571 0.2819030680302357
table-0305-122 12 5 0 52 247 2459 0.043478260869565216 0.23029422448238285
table-0305-561 30 6 0 941 1397 23196 0.010638297872340425 0.18818574753407957
table-0305-306 22 4 0 358 171 7381 0.25 0.32358156028368795
table-0305-375 3 6 0 78 106 2563 0.06666666666666667 0.0831889081455806
table-0305-498 2 5 0 137 220 259 1.0 0.013721659321186788
table-0305-48 3 3 0 169 220 4577 0.3333333333333333 0.6046511627906976
table-0305-916 3 9 0 66 190 1070 0.047619047619047616 0.2814498933901919
table-0305-647 2 6 0 198 216 6946 0.5 0.0032134179794654754
table-0305-934 10 7 1 42 84 576 1.0 0.2830336200156372
table-0305-722 11 7 16 0 0 0 0.0 1358.0
table-0305-397 11 4 7 743 413 1278542 0.25 0.03834525477472163
table-0305-676 2 6 0 182 204 4558 0.5 0.004381988516168027
table-0305-163 5 2 4 101 174 11489 0.25 0.01949898442789438
table-0305-981 58 6 151 549 325 265305 0.5 0.3933889707085583
table-0305-207 1 1 0 50 96 1764 0.3333333333333333 0.2196078431372549
table-0305-487 2 3 0 8 22 115 1.0 0.09639776763064434
table-0305-354 13 4 13 9 26 992 0.3333333333333333 1.085987261146497
table-0305-395 11 3 0 0 0 0 0.0 352.0
table-0305-756 1 3 0 74 121 2326 1.0 0.020203764462096357
table-0305-917 6 9 0 66 190 1070 0.047619047619047616 0.4353944562899787
table-0305-517 11 2 11 111 120 2434 0.25 0.2392638036809816
table-0305-767 1 3 0 84 92 3364 1.0 0.04315925766076824
table-0305-507 2 1 0 142 138 1923 1.0 0.19798657718120805
table-0305-262 29 2 0 71 1643 83617 0.03571428571428571 0.9586482881280569
table-0305-386 40 3 38 177 168 58214 0.3333333333333333 0.32426470588235295
table-0305-379 3 5 0 78 106 2563 0.06666666666666667 0.06412478336221837
table-0305-381 0 1 0 54 53 13931 1.0 0.0
table-0305-83 1 2 1 99 133 14545 1.0 0.015434606011372868
table-0305-564 30 6 0 941 1397 23196 0.010638297872340425 0.2096863570874432
table-0305-604 3 6 0 941 1397 23196 0.010638297872340425 0.040119694115039344
table-0305-896 4 2 0 59 103 1266 0.1111111111111111 0.16819571865443425
table-0305-885 16 4 0 58 116 2246 0.3333333333333333 3.9892086330935252
table-0305-975 6 4 12 79 46 12332 0.5 0.0098553882725832
table-0305-227 4 5 10 238 429 7714 1.0 0.11241303551812523
table-0305-247 6 9 15 51 97 1531 0.25 0.5043478260869565
table-0305-440 3 2 0 13 29 1346 0.5 0.11750881316098707
table-0305-826 3 3 0 45 266 992 0.06666666666666667 0.1665465032444124
table-0305-691 12 3 0 191 202 5113 0.125 0.4419551934826884
table-0305-108 0 1 0 17 35 994 1.0 0.0
table-0305-76 14 2 0 208 107 4611 0.5 2.2171344165435745
table-0305-36 1 2 0 45 76 3434 0.5 0.016400709219858155
table-0305-537 4 10 2 135 130 1255 1.0 0.2681564245810056
table-0305-352 7 3 0 173 30 4116 1.0 0.2885973763874874
table-0305-317 6 2 4 455 530 117853 0.5 0.02278759037247186
table-0305-441 10 3 10 131 134 1635 0.5 2.2741312741312742
table-0305-157 1 5 0 26 74 9199 0.125 0.05102040816326531
table-0305-53 1 3 0 181 121 37343 0.16666666666666666 0.0061160024195174405
table-0305-371 19 2 3 78 106 2563 0.06666666666666667 0.4168110918544194
table-0305-482 1 3 0 10 29 8615 1.0 0.052692530399536766
table-0305-64 7 8 13 600 188 23455 0.3333333333333333 0.04551384985949418
table-0305-837 3 9 0 61 157 2589 0.058823529411764705 0.12215543151567196
table-0305-974 4 3 6 79 46 12332 0.5 0.0036648177496038034
table-0305-152 4 9 0 23 55 1591 0.25 0.9193548387096774
table-0305-328 2 5 4 122 257 8380 1.0 0.07295052365474901
table-0305-249 14 10 50 53 80 1613 0.3333333333333333 5.882978723404255
table-0305-686 8 10 0 139 137 2059 1.0 0.9198813056379822
table-0305-365 6 3 0 78 106 2563 0.06666666666666667 0.15771230502599654
table-0305-520 4 6 0 88 135 2915 0.06666666666666667 0.10256410256410256
table-0305-453 5 4 7 3 63 2459 1.0 1.8445595854922279
table-0305-251 0 1 0 53 80 1613 0.3333333333333333 0.0
table-0305-78 12 6 16 300 168 53720 0.5 0.8189147286821705
table-0305-578 18 6 0 941 1397 23196 0.010638297872340425 0.1316635265432783
table-0305-910 2 1 0 142 157 1765 1.0 0.12376237623762376
table-0305-109 0 1 0 12 25 1080 0.3333333333333333 0.0
table-0305-808 9 6 16 64 120 5736 0.3333333333333333 0.22770700636942676
table-0305-162 9 2 0 26 74 9199 0.125 0.4007421150278293
table-0305-105 31 6 31 219 331 3422 0.3333333333333333 0.8451906659077973
table-0305-838 3 9 0 61 157 2589 0.058823529411764705 0.09381708887934737
table-0305-888 12 6 0 310 407 9927 0.25 0.085628442663996
table-0305-667 12 8 18 182 204 4558 0.5 0.22695678452704746
table-0305-716 10 7 17 0 0 0 0.0 891.0
table-0305-797 12 6 0 16 90 1073 1.0 2.808219178082192
table-0305-91 26 4 0 12 23 2251 0.5 0.6334376396960214
table-0305-675 2 6 0 182 204 4558 0.5 0.005439709882139619
table-0305-855 19 2 3 89 133 2437 0.06666666666666667 0.4445407279029463
table-0305-58 4 4 0 170 249 5576 0.3333333333333333 0.835820895522388
table-0305-882 3 2 0 23 36 15975 0.25 0.026558073654390935
table-0305-523 6 4 0 88 135 2915 0.06666666666666667 0.3139083139083139
table-0305-548 8 5 7 34 100 26870 0.1111111111111111 0.272771792360431
table-0305-333 13 2 8 431 558 70033 0.5 0.04361465290427039
table-0305-342 6 5 0 448 278 9706 0.25 0.06679828891082593
table-0305-226 1 1 1 51 84 1329 0.3333333333333333 0.0
table-0305-202 4 3 0 154 212 24174 0.5 0.10843920145190562
table-0305-110 4 9 0 12 25 1080 0.3333333333333333 0.9241071428571429
table-0305-459 8 2 0 316 142 422627 1.0 0.00927766732935719
table-0305-299 20 21 20 114 140 1617 1.0 4.243303571428571
table-0305-519 3 4 0 88 135 2915 0.06666666666666667 0.11732711732711733
table-0305-643 2 6 0 198 216 6946 0.5 0.0028215377380672465
table-0305-980 5 4 0 549 325 265305 0.5 0.10620193094419898
table-0305-862 3 4 1 89 133 2437 0.06666666666666667 0.14038128249566725
table-0305-554 5 2 0 941 1397 23196 0.010638297872340425 0.020835642247589492
table-0305-9 48 6 61 602 647 10245 1.0 1.6092884533446954
table-0305-807 4 2 0 41 52 1362 0.5 0.0071962358151120955
table-0305-483 3 2 0 32 48 4837 0.25 0.05789473684210526
table-0305-145 4 5 4 40 74 793 0.5 1.4
table-0305-45 22 5 0 267 232 25355 0.2 5.945374952417206
table-0305-949 9 3 0 67 187 1124 0.043478260869565216 0.21373056994818654
table-0305-805 5 4 6 33 17 989 0.5 0.5150943396226415
table-0305-920 2 2 2 66 190 1070 0.047619047619047616 0.009381663113006396
table-0305-159 9 7 0 26 74 9199 0.125 0.41187384044526903
table-0305-864 7 3 0 1956 702 1028592 0.25 0.015956284153005464
table-0305-567 29 6 0 941 1397 23196 0.010638297872340425 0.18430677158373046
