table_id rows cols nulls inlinks outlinks views table_imp table_fraction
table-0007-941 1 3 0 25 50 3143 1.0 0.04211187932118165
table-0007-385 12 6 0 248 212 219848 1.0 0.448838358872961
table-0007-629 6 2 3 85 98 28307 0.5 0.06843800322061191
table-0007-379 12 5 0 248 212 219848 1.0 0.532130499258527
table-0007-580 9 8 0 1600 648 388456 0.09090909090909091 0.14264241695475724
table-0007-827 1 2 0 588 67 18425 0.25 0.016213638531235097
table-0007-393 4 9 4 1748 648 223650 0.125 0.003222539361016481
table-0007-794 2 3 0 40 373 7681 1.0 0.03167857832721654
table-0007-522 40 4 0 4446 644 398042 0.125 0.5093805632902725
table-0007-573 9 6 22 110 87 360716 1.0 0.013977492652856426
table-0007-802 30 9 52 12 125 2922 1.0 2.1316526610644257
table-0007-158 6 3 0 52 43 9597 0.14285714285714285 0.04425914047466325
table-0007-22 4 7 0 460 577 19084 0.029411764705882353 0.003502836698950646
table-0007-388 0 1 0 35 60 4475 1.0 0.0
table-0007-279 2 3 0 23 63 1260 1.0 0.10453216374269006
table-0007-198 24 4 18 958 315 2367960 1.0 0.052578085297681876
table-0007-977 1 18 0 967 1073 64629 0.08333333333333333 0.017054743074272082
table-0007-444 1 3 0 80 102 1658 1.0 0.03903266864658464
table-0007-120 2 2 1 26 39 4588 1.0 0.05677785663591199
table-0007-307 7 12 0 164 393 35352 0.5 0.3049119555143652
table-0007-121 15 4 11 327 325 4888 1.0 0.19705882352941176
table-0007-189 22 5 26 526 267 79185 0.2 0.4864702345159351
table-0007-309 7 7 0 50 85 1147 0.3333333333333333 3.723543888433142
table-0007-361 4 9 3 7357 1012 771031 0.3333333333333333 0.03902439024390244
table-0007-167 17 4 0 1580 179 659231 1.0 0.07042849088517196
table-0007-945 7 2 0 2446 775 327736 0.06666666666666667 0.005708470874388821
table-0007-887 10 2 9 214 180 3337 1.0 0.14990723562152133
table-0007-346 10 3 0 20 23 11137 0.125 0.14938113529662825
table-0007-936 0 1 0 161 165 9104 1.0 0.0
table-0007-115 20 4 0 439 273 152777 0.3333333333333333 0.19529561347743166
table-0007-182 11 4 2 674 355 556598 0.25 0.030186046511627908
table-0007-832 20 4 9 90 102 7025 1.0 0.7031924072476272
table-0007-782 14 3 0 62 110 5926 1.0 0.23908849770918736
table-0007-10 2 3 0 460 577 19084 0.029411764705882353 0.0005089591784800084
table-0007-699 1 2 0 19 32 7103 0.3333333333333333 0.025274725274725275
table-0007-317 33 8 0 256 525 159238 0.25 4.011825922421949
table-0007-496 16 7 0 637 366 252134 0.14285714285714285 0.08948364422816978
table-0007-451 5 4 0 353 90 29021 0.25 0.02570253598355038
table-0007-650 0 1 0 535 291 20725 0.3333333333333333 0.0
table-0007-37 0 1 0 75 75 388 1.0 0.0
table-0007-542 7 11 3 893 470 14703 0.04 0.3875432525951557
table-0007-220 5 14 15 690 151 34455 0.16666666666666666 0.03890862124636745
table-0007-514 12 2 12 434 359 14915 0.14285714285714285 0.029547881808472766
table-0007-524 1 3 0 50 56 72488 1.0 0.020433546552949537
table-0007-291 6 7 0 4 5 2751 1.0 0.3353186420488386
table-0007-921 55 2 54 189 147 13763 0.3333333333333333 0.10770461210343908
table-0007-866 57 2 53 181 178 2479 0.3333333333333333 0.05911133300049925
table-0007-558 7 10 21 154 76 61753 0.05555555555555555 0.6682188591385332
table-0007-830 6 2 0 43 53 46675 0.5 0.09207708779443255
table-0007-819 2 3 0 51 79 11588 0.5 0.0327455919395466
table-0007-617 5 2 0 86 103 79954 0.2 0.009087669280114041
table-0007-8 5 5 0 460 577 19084 0.029411764705882353 0.0019310510007035612
table-0007-934 18 4 4 179 416 6128 1.0 0.06881573904526679
table-0007-55 3 5 0 58 95 12392 0.16666666666666666 0.0030066287878787877
table-0007-471 1 3 0 11 92 2294 1.0 0.0324585635359116
table-0007-950 11 9 0 2446 775 327736 0.06666666666666667 0.026978729741133255
table-0007-41 0 1 0 337 291 32913 0.3333333333333333 0.0
table-0007-66 32 6 0 432 344 48202 0.3333333333333333 5.950617283950617
table-0007-740 18 2 0 8 127 615 0.3333333333333333 0.7638483965014577
table-0007-259 6 2 0 151 165 41252 0.25 0.005835806132542038
table-0007-436 3 7 4 198 204 4442 0.043478260869565216 0.08163265306122448
table-0007-753 1 8 1 181 240 7798 0.05555555555555555 0.12826603325415678
table-0007-318 162 11 1 256 525 159238 0.25 10.395931882686849
table-0007-679 13 2 5 460 376 123855 0.125 0.01909499358151476
table-0007-268 0 1 0 32 33 4721 1.0 0.0
table-0007-269 0 1 0 199 21 3547 1.0 0.0
table-0007-254 6 3 0 67 125 296 1.0 0.24307692307692308
table-0007-185 1 3 0 1310 214 86170 1.0 0.009971177066292747
table-0007-667 0 1 0 339 291 19779 0.16666666666666666 0.0
table-0007-165 4 4 4 5 8 662 0.3333333333333333 0.428087986463621
table-0007-988 47 6 82 174 210 2358 1.0 1.1964382083108474
table-0007-303 0 1 0 186 171 3637 1.0 0.0
table-0007-572 14 8 52 110 87 360716 1.0 0.04444125869113325
table-0007-201 8 4 6 416 175 51623 0.25 0.11316489361702127
table-0007-204 1 1 0 320 245 54984 0.25 0.007922788821665225
table-0007-878 0 1 0 219 216 49657 1.0 0.0
table-0007-755 1 8 1 181 240 7798 0.05555555555555555 0.13064133016627077
table-0007-511 0 1 0 464 565 2759 1.0 0.0
table-0007-462 3 13 13 457 505 15087 0.05263157894736842 0.0034719482364081117
table-0007-267 51 8 72 316 289 16873 0.25 0.8029377785113055
table-0007-336 9 9 9 2221 684 198289 0.08333333333333333 0.019993390614672837
table-0007-426 1 4 0 238 32 3243 0.5 0.018255578093306288
table-0007-549 12 3 0 75 46 12985 1.0 0.06672311600338696
table-0007-215 7 7 0 50 83 1059 0.3333333333333333 3.1261859582542693
table-0007-503 1 4 0 97 138 102116 0.5 0.015781167806417674
table-0007-286 9 2 2 392 328 78872 0.3333333333333333 0.018671248568155784
table-0007-918 33 3 3 188 165 3659 0.3333333333333333 0.45551508844953176
table-0007-302 7 7 18 133 250 1246 0.5 0.4295352323838081
table-0007-537 10 4 0 1963 815 129726 0.1111111111111111 0.01007904690720482
table-0007-81 8 4 0 166 123 13922 0.5 0.18747838118298166
table-0007-362 17 4 15 55 65 34684 0.5 0.3570268074735987
table-0007-714 2 3 0 17 25 5025 1.0 0.075
table-0007-540 1 2 0 70 77 4339 0.5 0.03648068669527897
table-0007-134 1 1 0 1058 250 98899 0.5 0.0006566347469220246
table-0007-908 63 3 19 219 236 4623 0.3333333333333333 1.1367562380038387
table-0007-620 1 4 0 197 200 18394 0.3333333333333333 0.05710102489019034
table-0007-532 23 8 0 1963 815 129726 0.1111111111111111 0.03730379832846368
table-0007-582 9 4 0 36 252 232 1.0 0.9000999000999002
table-0007-34 1 2 1 39 54 32055 0.5 0.008727606798346348
table-0007-850 63 3 24 204 210 2185 0.3333333333333333 0.5956010032799537
table-0007-31 22 4 0 91 90 239443 0.25 0.6066543438077634
table-0007-638 6 2 5 14 91 9393 1.0 0.06728425158459288
table-0007-538 5 2 0 1963 815 129726 0.1111111111111111 0.00527734366152522
table-0007-528 21 14 3 1963 815 129726 0.1111111111111111 0.05499309188919843
table-0007-981 1 6 0 967 1073 64629 0.08333333333333333 0.004462510493527151
table-0007-992 3 3 0 34 56 40081 1.0 0.01315413211323992
table-0007-229 3 4 0 10 48 1135 0.3333333333333333 0.15070422535211267
table-0007-330 1 2 0 16 41 1134 1.0 0.012827663134411601
table-0007-828 11 5 0 588 67 18425 0.25 0.1888412017167382
table-0007-814 19 9 0 140 152 13792 0.16666666666666666 0.33030204611886976
table-0007-56 5 4 6 58 95 12392 0.16666666666666666 0.015625
table-0007-731 13 2 10 50 71 13625 0.3333333333333333 0.20955165692007796
table-0007-478 2 2 1 22 17 1159 1.0 0.1048951048951049
table-0007-99 2 5 0 27 51 21566 0.3333333333333333 0.04373464373464373
table-0007-948 10 4 0 2446 775 327736 0.06666666666666667 0.011119108485766051
table-0007-179 8 3 0 212 304 9013 0.25 0.4914251921939681
table-0007-775 1 3 0 566 696 73144 1.0 0.020890361619363203
table-0007-571 10 6 25 110 87 360716 1.0 0.016342914486416744
table-0007-783 5 7 5 75 97 7172 0.3333333333333333 0.009684473601999375
table-0007-684 9 3 0 460 376 123855 0.125 0.029418057338468123
table-0007-447 11 2 0 81 178 31293 0.25 0.009611331253688559
table-0007-628 1 2 1 10 8 2503 1.0 0.04121475054229935
table-0007-112 408 5 650 51 543 47239 0.5 157.3846153846154
table-0007-166 3 4 0 5 8 662 0.3333333333333333 0.09813874788494077
table-0007-944 4 9 4 2446 775 327736 0.06666666666666667 0.0009431386662033705
table-0007-805 6 10 13 12 125 2922 1.0 0.41083099906629317
table-0007-946 5 6 5 2446 775 327736 0.06666666666666667 0.012608274800824005
table-0007-322 3 2 0 32 40 541 0.5 0.046052631578947366
table-0007-798 52 5 20 12 125 2922 1.0 2.672268907563025
table-0007-933 7 2 0 119 92 44165 0.5 0.037962744635699125
table-0007-423 20 4 21 118 45 6610 0.5 0.11662531017369727
table-0007-151 18 3 8 221 122 8255 0.25 0.8381063705435418
table-0007-737 35 5 5 264 146 950 1.0 0.24577656675749318
table-0007-634 12 2 0 770 445 84242 0.3333333333333333 0.005264764230123608
table-0007-154 7 2 0 79 158 3156 1.0 0.01661036036036036
table-0007-256 21 12 0 112 61 10394 0.3333333333333333 0.42593957258658804
table-0007-424 1 3 0 225 106 10762 1.0 0.008108984755108661
table-0007-516 2 3 0 294 288 222673 1.0 0.00543176775147929
table-0007-868 1 14 3 227 256 28970 0.25 0.006691551347414421
table-0007-547 11 3 10 2426 568 489162 0.25 0.007101893838356895
table-0007-181 26 5 5 674 355 556598 0.25 0.12413953488372093
table-0007-793 1 10 0 146 179 17647 0.16666666666666666 0.01907255048616305
table-0007-315 4 2 0 120 110 2311 0.3333333333333333 0.03680555555555556
table-0007-739 35 3 1 8 127 615 0.3333333333333333 4.237609329446064
table-0007-320 1 3 0 6 32 698 1.0 0.11335012594458438
table-0007-310 5 6 0 50 85 1147 0.3333333333333333 0.10090237899917966
table-0007-223 12 2 0 690 151 34455 0.16666666666666666 0.01646754924120116
table-0007-214 4 3 1 277 197 192772 0.3333333333333333 0.41660993873383256
table-0007-751 2 9 2 181 240 7798 0.05555555555555555 0.3056215360253365
table-0007-396 6 2 0 1748 648 223650 0.125 0.020992542123193077
table-0007-321 1 2 0 17 42 1473 1.0 0.014093137254901961
table-0007-548 13 3 0 75 46 12985 1.0 0.0672311600338696
table-0007-577 13 3 11 110 87 360716 1.0 0.024944448426636085
table-0007-546 4 5 0 2426 568 489162 0.25 0.011002934115764204
table-0007-207 10 3 0 59 112 7175 1.0 0.21124596712244584
table-0007-203 2 1 0 320 245 54984 0.25 0.01181215787957361
table-0007-726 0 1 0 453 219 36459 0.5 0.0
table-0007-682 2 2 0 460 376 123855 0.125 0.005295250320924262
table-0007-874 3 2 2 240 251 2441 0.25 0.09796437659033079
table-0007-510 20 12 1 225 139 83615 0.25 0.25381818181818183
table-0007-319 1 2 0 6 12 959 1.0 0.06336088154269973
table-0007-461 3 10 10 457 505 15087 0.05263157894736842 0.0029195928351613666
table-0007-492 41 4 16 660 410 770184 0.3333333333333333 0.23970524490680536
table-0007-479 1 3 0 83 89 1071 1.0 0.05915178571428571
table-0007-384 12 6 0 248 212 219848 1.0 0.37561789421651015
table-0007-96 0 1 0 1053 700 78876 1.0 0.0
table-0007-209 13 4 25 92 123 18929 0.3333333333333333 0.042086001829826164
table-0007-768 1 3 0 12 35 1234 1.0 0.11928934010152284
table-0007-904 7 2 6 237 208 2583 0.14285714285714285 0.1341625944024878
table-0007-987 91 3 39 174 210 2358 1.0 0.8197517539125742
table-0007-611 1 2 0 5 15 464 1.0 0.049783549783549784
table-0007-958 14 8 24 3815 891 424758 0.07142857142857142 0.03880002213981292
table-0007-882 9 4 9 201 198 2411 0.2 0.4173461823573017
table-0007-149 2 3 0 38 70 2074 0.3333333333333333 0.08804306036139946
table-0007-111 3 5 2 18 56 1514 1.0 0.036057692307692304
table-0007-846 1 3 0 20 58 1671 1.0 0.020889945652173912
table-0007-521 5 9 5 23 22 55353 1.0 1.6396103896103895
table-0007-295 8 7 0 4 5 2751 1.0 0.4592019058963669
table-0007-843 65 2 61 160 128 2002 0.3333333333333333 0.15024411895250778
table-0007-293 8 7 0 4 5 2751 1.0 0.4639666468135795
table-0007-587 5 2 5 568 313 219424 0.5 0.01125
table-0007-767 3 7 7 28 80 2012 0.5 0.007054917692626919
table-0007-230 5 4 0 10 48 1135 0.3333333333333333 0.23896713615023474
table-0007-87 10 3 0 111 92 103501 0.3333333333333333 0.10606842014784253
table-0007-916 7 3 0 136 201 9305 0.14285714285714285 0.13506320691949433
table-0007-129 4 3 0 106 105 32047 1.0 0.00927213722763097
table-0007-877 6 3 0 219 242 8091 1.0 0.2683011049723757
table-0007-906 1 2 1 94 121 5894 1.0 0.0104052573932092
table-0007-168 0 1 0 45 41 15073 1.0 0.0
table-0007-140 24 3 0 246 361 70760 0.06666666666666667 2.3379765395894427
table-0007-674 1 2 1 21 52 4623 1.0 0.012210796915167094
table-0007-647 9 3 0 160 102 9728 0.5 0.054610951008645534
table-0007-323 1 2 0 0 0 0 0.0 23.0
table-0007-966 23 9 6 3815 891 424758 0.07142857142857142 0.12486854486079593
table-0007-4 4 5 0 460 577 19084 0.029411764705882353 0.0034429591485412333
table-0007-623 3 3 0 58 110 1484 0.5 0.056147319010651744
table-0007-509 4 2 0 225 139 83615 0.25 0.06472727272727273
table-0007-218 15 4 0 124 53 30111 0.3333333333333333 0.1868368998381586
table-0007-226 4 5 8 21 16 948 1.0 0.6217616580310881
table-0007-905 1 3 0 33 36 14278 1.0 0.04771532551556813
table-0007-656 4 3 0 178 174 478228 1.0 0.03281756925380584
table-0007-810 24 5 0 182 185 36430 0.2 0.22700267676437944
table-0007-334 1 2 1 198 140 2524 1.0 0.008949599623174752
table-0007-668 0 1 0 339 291 19779 0.16666666666666666 0.0
table-0007-495 18 7 0 637 366 252134 0.14285714285714285 0.12293863206271965
table-0007-585 4 9 0 36 252 232 1.0 0.16583416583416583
table-0007-841 0 1 0 1024 302 19003 1.0 0.0
table-0007-612 1 2 1 50 67 23508 1.0 0.017225747960108794
table-0007-665 3 2 0 32 26 7084 0.125 0.028299319727891157
table-0007-387 16 6 0 248 212 219848 1.0 1.1279041028175976
table-0007-657 1 3 0 21 27 1615 1.0 0.2838541666666667
table-0007-762 40 4 40 140 132 1700647 1.0 0.6696224256292906
table-0007-932 1 3 0 32 67 6905 1.0 0.04600171969045572
table-0007-109 8 4 0 13 35 2910 0.3333333333333333 2.7752293577981653
table-0007-59 36 3 1 73 23 2664 0.3333333333333333 0.31829896907216493
table-0007-508 5 6 0 225 139 83615 0.25 0.034
table-0007-659 4 5 0 40 72 10204 0.5 0.33695652173913043
table-0007-940 12 10 1 970 393 1047948 0.5 0.006214725916315277
table-0007-156 28 2 0 79 158 3156 1.0 0.025297619047619048
table-0007-610 1 3 0 33 39 766 1.0 0.034316217590238944
table-0007-998 191 5 318 115 113 5062 1.0 11.292
table-0007-833 4 3 0 359 353 46651 1.0 0.019422618522115298
table-0007-316 491 11 1 256 525 159238 0.25 31.88221381267739
table-0007-493 4 13 3 660 410 770184 0.3333333333333333 0.018985695708712613
table-0007-687 2 2 1 108 27 234 1.0 0.03597122302158273
table-0007-727 1 1 0 103 136 15489 1.0 0.0016699297477830242
table-0007-639 20 13 0 160 118 66175 0.3333333333333333 0.2068744271310724
table-0007-12 13 9 0 460 577 19084 0.029411764705882353 0.013457479454515515
table-0007-706 1 2 0 13 28 2142 0.5 0.049689440993788817
table-0007-713 24 5 17 64 118 49521 0.3333333333333333 0.31899822919301796
table-0007-265 2 7 1 374 271 139813 0.25 0.026586974443528442
table-0007-143 25 3 0 246 361 70760 0.06666666666666667 4.305718475073314
table-0007-763 15 4 25 140 132 1700647 1.0 0.20509153318077802
table-0007-991 3 3 0 12 52 513 1.0 0.13174273858921162
table-0007-54 2 4 0 58 95 12392 0.16666666666666666 0.0015388257575757575
table-0007-606 4 3 0 33 39 766 1.0 0.05770208439247585
table-0007-372 10 2 0 98 70 30013 0.5 0.13392171910974673
table-0007-161 16 3 0 52 43 9597 0.14285714285714285 0.17596750053453067
table-0007-686 9 7 9 154 102 4443 0.3333333333333333 0.3425056652638394
table-0007-844 63 3 33 182 175 2961 0.3333333333333333 0.389640035118525
table-0007-961 5 6 4 3815 891 424758 0.07142857142857142 0.0671389826755964
table-0007-962 5 3 5 3815 891 424758 0.07142857142857142 0.01162340178225494
table-0007-876 13 4 2 112 107 30367 1.0 0.2550758919771339
table-0007-968 12 10 0 3815 891 424758 0.07142857142857142 0.09985055626279958
table-0007-728 22 12 63 38 75 3624 0.5 0.28309440785225365
table-0007-901 10 3 0 237 208 2583 0.14285714285714285 0.2514438027543314
table-0007-171 35 3 0 67 101 6681 0.5 0.2958498023715415
table-0007-455 11 9 0 457 505 15087 0.05263157894736842 0.03179988952891975
table-0007-86 2 3 0 203 214 13947 0.16666666666666666 0.01854344250037386
table-0007-110 3 3 0 13 35 2910 0.3333333333333333 0.46788990825688076
table-0007-744 2 8 2 181 240 7798 0.05555555555555555 0.2992874109263658
table-0007-176 1 2 1 38 55 15214 1.0 0.015372168284789644
table-0007-135 23 3 0 246 361 70760 0.06666666666666667 2.8621700879765397
table-0007-879 4 3 0 158 115 10083 1.0 0.10703363914373089
table-0007-288 78 4 3 198 260 727651 0.3333333333333333 0.37095106822880775
table-0007-70 0 1 0 12 10 627 1.0 0.0
table-0007-117 4 2 1 190 202 0 1.0 0.18908382066276802
table-0007-655 5 12 0 362 509 25051 0.3333333333333333 0.035429769392033544
table-0007-271 11 2 0 30 72 4787 0.5 0.2872983870967742
table-0007-449 1 3 0 75 93 858 1.0 0.06143344709897611
table-0007-77 1 2 0 7 11 767 1.0 0.04380952380952381
table-0007-308 7 7 0 50 85 1147 0.3333333333333333 2.7178014766201803
table-0007-899 32 3 26 237 208 2583 0.14285714285714285 0.37583296312749886
table-0007-651 3 3 0 241 239 25853 1.0 0.09052491103202848
table-0007-971 27 5 0 404 125 48896 0.3333333333333333 1.4710676446617768
table-0007-381 12 6 0 248 212 219848 1.0 0.6105412753336629
table-0007-178 34 3 25 212 304 9013 0.25 1.368421052631579
table-0007-250 7 6 5 329 297 7679 0.14285714285714285 0.08577144286071518
table-0007-119 2 2 1 82 103 74157 0.5 0.04506699147381242
table-0007-769 1 2 1 186 237 3185 1.0 0.017132551848512173
table-0007-505 1 1 0 18 31 2273 1.0 0.023409893992932862
table-0007-591 9 10 0 8 5 1502 0.16666666666666666 0.1111111111111111
table-0007-477 0 1 0 33 38 29678 0.3333333333333333 0.0
table-0007-693 1 1 0 127 78 16066 1.0 0.020188425302826378
table-0007-677 0 1 0 26 24 1646 1.0 0.0
table-0007-928 66 3 0 1717 1081 234142 1.0 0.11721558137590905
table-0007-641 2 2 1 188 142 4151 0.5 0.09109042553191489
table-0007-327 2 3 0 46 59 2831 1.0 0.05851638458768455
table-0007-194 1 3 0 18 52 2156 1.0 0.0424039048200122
table-0007-499 33 5 4 637 366 252134 0.14285714285714285 0.19092998107596648
table-0007-202 11 7 11 416 175 51623 0.25 0.043484042553191486
table-0007-770 2 6 5 199 177 62037 0.5 0.006767705652464017
table-0007-240 2 2 2 24 51 816 1.0 0.028251912889935255
table-0007-74 5 3 0 48 74 9344 1.0 0.016371681415929203
table-0007-367 6 2 0 69 87 4219 0.5 0.2559366754617414
table-0007-880 63 3 24 201 198 2411 0.2 0.9625648628613788
table-0007-481 0 1 0 1489 660 156674 1.0 0.0
table-0007-881 45 2 42 201 198 2411 0.2 0.19866567828020756
table-0007-335 9 9 0 2221 684 198289 0.08333333333333333 0.13995373430270985
table-0007-781 13 13 0 10 15 913 1.0 2.8714285714285714
table-0007-807 1 3 0 54 118 6789 1.0 0.014863175441033476
table-0007-604 6 3 0 33 39 766 1.0 0.08286731062531774
table-0007-434 3 7 4 198 204 4442 0.043478260869565216 0.08714837286265857
table-0007-498 7 5 0 637 366 252134 0.14285714285714285 0.03879426872127602
table-0007-71 2 2 0 18 41 2741 0.25 0.012424445936870383
table-0007-613 1 2 1 86 103 79954 0.2 0.0016928011404134
table-0007-429 6 7 9 198 204 4442 0.043478260869565216 0.1395477109762824
table-0007-116 10 2 0 101 130 11754 0.3333333333333333 0.13516113516113515
table-0007-174 12 3 10 108 93 8407 0.3333333333333333 0.04771520454715429
table-0007-789 0 1 0 146 179 17647 0.16666666666666666 0.0
table-0007-183 6 5 0 674 355 556598 0.25 0.02488372093023256
table-0007-431 4 7 6 198 204 4442 0.043478260869565216 0.09156094870380585
table-0007-486 4 4 0 66 139 45021 1.0 0.007441046123543251
table-0007-823 16 3 0 779 557 2463650 0.25 0.06910742159784306
table-0007-237 2 2 0 75 89 4614 0.5 0.07094133697135062
table-0007-871 4 3 0 120 127 10430 0.5 0.10029022895840052
table-0007-438 3 6 3 198 204 4442 0.043478260869565216 0.02978488692774407
table-0007-421 3 8 2 191 220 3770 0.0625 0.025429326287978865
table-0007-891 45 7 137 235 269 2987 1.0 0.6770646893377653
table-0007-238 7 4 1 918 366 311527 0.5 0.012720352564102564
table-0007-282 6 3 0 115 425 4917 0.5 0.036933490288404945
table-0007-324 4 2 1 62 94 34658 0.5 0.02687816699713593
table-0007-749 1 9 1 181 240 7798 0.05555555555555555 0.24465558194774348
table-0007-652 11 4 0 39 35 55656 0.3333333333333333 0.033157498116051246
table-0007-91 29 3 0 12 73 1452 0.5 0.23460812896587208
table-0007-649 0 1 0 222 107 192734 0.3333333333333333 0.0
table-0007-863 1 3 0 89 251 13213 1.0 0.011821728336682822
table-0007-955 5 9 4 3815 891 424758 0.07142857142857142 0.0055349532296452095
table-0007-732 13 2 0 50 71 13625 0.3333333333333333 0.15886939571150097
table-0007-427 48 4 69 45 69 225 1.0 0.12939001848428835
table-0007-312 2 3 0 30 57 885 1.0 0.15458122540753233
table-0007-720 13 6 11 332 459 11333 0.5 0.3213436385255648
table-0007-875 4 4 4 112 107 30367 1.0 0.0508574807806032
table-0007-298 5 7 0 4 5 2751 1.0 0.2942227516378797
table-0007-791 1 10 0 146 179 17647 0.16666666666666666 0.007728745948641236
table-0007-130 26 10 21 106 105 32047 1.0 1.1621078658630815
table-0007-813 0 1 0 140 152 13792 0.16666666666666666 0.0
table-0007-283 0 1 0 179 196 3229 1.0 0.0
table-0007-885 69 3 18 214 180 3337 1.0 1.4226345083487941
table-0007-663 2 2 0 32 26 7084 0.125 0.013605442176870748
table-0007-348 10 3 0 20 23 11137 0.125 0.1365770379854887
table-0007-589 6 6 0 8 5 1502 0.16666666666666666 0.040229885057471264
table-0007-454 7 5 0 457 505 15087 0.05263157894736842 0.032431152844630315
table-0007-575 57 8 180 110 87 360716 1.0 0.16988029531933194
table-0007-89 6 2 0 95 159 5042 0.2 0.04195804195804196
table-0007-49 5 5 8 516 617 21539 1.0 0.019090716255391358
table-0007-401 5 2 0 17 57 1318 1.0 0.0662557781201849
table-0007-248 17 6 13 329 297 7679 0.14285714285714285 0.26406601650412603
table-0007-383 12 6 0 248 212 219848 1.0 0.40984923381117155
table-0007-551 4 10 8 154 76 61753 0.05555555555555555 0.3480791618160652
table-0007-349 9 3 0 20 23 11137 0.125 0.13145539906103287
table-0007-439 12 7 16 198 204 4442 0.043478260869565216 0.35686707115278543
table-0007-469 10 2 0 158 173 1506 1.0 0.22740524781341107
table-0007-842 14 3 0 160 128 2002 0.3333333333333333 0.27119396360408343
table-0007-859 45 3 13 185 188 2750 0.25 0.2772020725388601
table-0007-956 6 8 0 3815 891 424758 0.07142857142857142 0.016992306415010792
table-0007-258 4 3 0 112 61 10394 0.3333333333333333 0.1584377302873987
table-0007-28 3 5 0 460 577 19084 0.029411764705882353 0.0016017244734517911
table-0007-241 0 1 0 23 31 16231 1.0 0.0
table-0007-358 6 8 0 89 87 1629 0.1111111111111111 0.9302631578947368
table-0007-515 6 8 0 434 359 14915 0.14285714285714285 0.09060163759344962
table-0007-192 13 3 13 526 267 79185 0.2 0.4329524954900782
table-0007-290 7 7 4 4 5 2751 1.0 0.37343656938653963
table-0007-459 5 4 0 457 505 15087 0.05263157894736842 0.053105026434151346
table-0007-92 0 1 0 127 161 1550 1.0 0.0
table-0007-806 16 4 0 25 31 12275 0.5 0.8316761363636364
table-0007-328 1 2 0 187 126 2386 1.0 0.01189860320744956
table-0007-175 27 3 18 108 93 8407 0.3333333333333333 0.0797995662254132
table-0007-800 37 5 22 12 125 2922 1.0 1.7105508870214752
table-0007-405 7 4 0 241 254 1324 0.5 0.07873015873015873
table-0007-224 1 2 0 302 336 40147 0.3333333333333333 0.04751131221719457
table-0007-864 1 4 0 42 219 2496 1.0 0.016639610389610388
table-0007-518 18 7 0 142 124 77565 0.5 0.1123025930980698
table-0007-960 7 3 5 3815 891 424758 0.07142857142857142 0.03763768196158743
table-0007-544 97 4 37 8 187 13110 0.5 34.60546875
table-0007-98 7 4 0 27 51 21566 0.3333333333333333 0.1941031941031941
table-0007-382 12 6 0 248 212 219848 1.0 0.15589471082550668
table-0007-180 0 1 0 212 304 9013 0.25 0.0
table-0007-217 5 6 0 50 83 1059 0.3333333333333333 0.11480075901328274
table-0007-391 4 2 0 18 48 958 1.0 0.056731583403895
table-0007-213 8 2 0 277 197 192772 0.3333333333333333 0.11368277739959155
table-0007-494 9 2 0 637 366 252134 0.14285714285714285 0.06190862395241957
table-0007-597 1 3 0 26 37 2282 1.0 0.046644455021418375
table-0007-42 14 6 10 286 245 8178 0.25 0.13798614810868406
table-0007-272 5 3 1 30 72 4787 0.5 0.6794354838709677
table-0007-103 30 4 0 29 145 4485 0.5 0.3072186110160794
table-0007-603 3 3 0 33 39 766 1.0 0.03253685815963396
table-0007-369 3 2 0 13 42 1508 0.3333333333333333 0.0703883495145631
table-0007-264 6 9 0 162 180 2036 0.5 0.22949852507374632
table-0007-506 7 4 0 256 299 22880 1.0 0.057850322007550525
table-0007-415 4 8 3 191 220 3770 0.0625 0.029392338177014532
table-0007-583 4 9 0 36 252 232 1.0 0.16983016983016982
table-0007-560 11 10 27 154 76 61753 0.05555555555555555 1.1763678696158324
table-0007-750 4 9 4 181 240 7798 0.05555555555555555 0.7133808392715756
table-0007-627 1 1 0 559 181 37456 1.0 0.004354768471476266
table-0007-719 3 5 2 12 15 1101 1.0 0.19479653102068045
table-0007-964 10 5 0 3815 891 424758 0.07142857142857142 0.024298444678142468
table-0007-35 2 2 0 39 54 32055 0.5 0.03536977491961415
table-0007-541 1 4 0 70 77 4339 0.5 0.011444921316165951
table-0007-228 36 4 0 1485 577 86349 0.25 0.43283582089552236
table-0007-126 0 0 0 162 303 9456 1.0 0.0
table-0007-825 2 2 0 588 67 18425 0.25 0.05674773485932284
table-0007-534 11 8 0 1963 815 129726 0.1111111111111111 0.014948698783719508
table-0007-331 1 1 0 1304 359 76697 1.0 0.002307505465144523
table-0007-252 8 6 4 329 297 7679 0.14285714285714285 0.1485371342835709
table-0007-729 0 1 0 1464 799 400 1.0 0.0
table-0007-169 3 8 0 3 40 1004 0.3333333333333333 0.22972972972972974
table-0007-812 0 1 0 442 356 281060 1.0 0.0
table-0007-39 1 2 1 7 17 805 1.0 0.018134715025906734
table-0007-563 57 10 114 154 76 61753 0.05555555555555555 6.231664726426077
table-0007-701 30 3 0 159 167 3470 0.14285714285714285 0.41136190717727616
table-0007-633 0 1 0 678 712 2885 1.0 0.0
table-0007-742 2 9 2 181 240 7798 0.05555555555555555 0.2604908946951702
table-0007-526 11 4 0 324 349 14924 0.3333333333333333 0.5208195637805684
table-0007-277 6 2 0 654 583 11632 0.25 0.05426356589147287
table-0007-443 2 2 1 43 61 3468 1.0 0.019280205655526992
table-0007-88 12 9 1 95 159 5042 0.2 0.6313686313686314
table-0007-333 0 1 0 49 44 6966 1.0 0.0
table-0007-420 3 8 3 191 220 3770 0.0625 0.012219286657859974
table-0007-704 10 7 12 0 0 0 0.0 1468.0
table-0007-938 3 3 0 118 147 3432 1.0 0.07381575123510607
table-0007-997 1 3 0 14 15 1416 1.0 0.08845029239766082
table-0007-60 7 5 0 73 23 2664 0.3333333333333333 0.0938573883161512
table-0007-160 1 3 0 52 43 9597 0.14285714285714285 0.010049176822749625
table-0007-736 0 1 0 73 453 1091 0.14285714285714285 0.0
table-0007-338 10 4 0 2221 684 198289 0.08333333333333333 0.07204230006609386
table-0007-929 22 2 0 45 94 5965 0.3333333333333333 0.775950668036999
table-0007-433 1 1 0 198 204 4442 0.043478260869565216 0.028681742967457253
table-0007-716 6 6 0 385 276 84374 0.5 0.06921496095355528
table-0007-69 6 4 0 13 8 1611 0.5 0.12325752017608217
table-0007-618 39 2 18 164 127 5888 1.0 2.4991023339317775
table-0007-190 20 5 20 526 267 79185 0.2 0.41791942273000604
table-0007-771 17 6 17 197 113 13383 1.0 0.08548066298342541
table-0007-441 3 7 2 198 204 4442 0.043478260869565216 0.1274131274131274
table-0007-94 1 2 0 76 89 1751 0.3333333333333333 0.07476635514018691
table-0007-838 9 2 0 81 52 7396 0.5 0.08274824473420261
table-0007-746 1 8 1 181 240 7798 0.05555555555555555 0.18527315914489312
table-0007-552 4 10 8 154 76 61753 0.05555555555555555 0.35273573923166474
table-0007-17 6 6 0 460 577 19084 0.029411764705882353 0.004999775459185965
table-0007-400 9 4 0 237 258 1508 0.5 0.16585365853658537
table-0007-965 10 5 0 3815 891 424758 0.07142857142857142 0.022748657773841812
table-0007-817 2 8 0 140 152 13792 0.16666666666666666 0.07177655082819097
table-0007-953 22 5 9 25 34 1314 0.5 0.6745464540956569
table-0007-861 7 4 6 185 188 2750 0.25 0.13811528497409326
table-0007-592 9 10 0 8 5 1502 0.16666666666666666 0.1111111111111111
table-0007-63 12 5 0 49 61 2352 0.5 0.5085545722713865
table-0007-2 4 3 0 460 577 19084 0.029411764705882353 0.003592653024564765
table-0007-673 1 2 1 293 384 18589 1.0 0.00797649034424853
table-0007-261 23 4 21 386 359 20186 0.3333333333333333 0.6114457831325302
table-0007-994 86 3 30 774 845 3883 1.0 0.5517614524467958
table-0007-359 1 5 2 252 316 2480 1.0 0.17312072892938496
table-0007-45 2 3 0 18 44 5983 0.3333333333333333 0.013031812955155231
table-0007-418 3 8 2 191 220 3770 0.0625 0.03038309114927345
table-0007-797 1 4 0 12 125 2922 1.0 0.040149393090569564
table-0007-897 3 4 2 177 153 2767 0.3333333333333333 0.32666666666666666
table-0007-990 7 2 0 139 353 775 1.0 0.028291621327529923
table-0007-900 13 3 0 237 208 2583 0.14285714285714285 0.3696135051088405
table-0007-296 7 7 0 4 5 2751 1.0 0.4127456819535438
table-0007-147 2 3 3 25 20 85 1.0 0.1206896551724138
table-0007-973 0 1 0 16 64 1210 0.3333333333333333 0.0
table-0007-281 11 2 0 38 686 67 1.0 1.1605839416058394
table-0007-105 39 10 35 101 91 74099 1.0 2.0792741165234
table-0007-658 4 2 3 40 72 10204 0.5 0.1570048309178744
table-0007-600 14 1 0 243 97 31219 1.0 0.019046314058646204
table-0007-155 2 2 0 79 158 3156 1.0 0.005751287001287002
table-0007-764 8 10 40 25 86 1336 0.5 0.0932420872540633
table-0007-239 13 2 0 105 154 35585 0.3333333333333333 0.05421448357736446
table-0007-304 5 3 0 43 62 5139 1.0 0.16713800904977374
table-0007-911 41 2 37 133 98 2579 0.3333333333333333 0.23353909465020575
table-0007-869 6 3 0 227 256 28970 0.25 0.04228878368536052
table-0007-765 3 3 0 29 274 2000 1.0 0.12009583707696915
table-0007-826 16 10 21 588 67 18425 0.25 1.2141154029566046
table-0007-974 6 5 6 438 125 100246 0.3333333333333333 0.14051936564099324
table-0007-26 2 5 0 460 577 19084 0.029411764705882353 0.0005987755040941275
table-0007-653 30 3 0 39 35 55656 0.3333333333333333 0.12358703843255464
table-0007-700 117 3 5 159 167 3470 0.14285714285714285 1.4821202130357596
table-0007-342 1 2 1 19 43 1698 1.0 0.009121459433509362
table-0007-416 5 8 2 191 220 3770 0.0625 0.0690224570673712
table-0007-836 3 4 1 664 342 12842 1.0 0.022756151091602173
table-0007-133 11 2 0 161 130 19674 0.125 0.09523809523809523
table-0007-260 16 4 14 386 359 20186 0.3333333333333333 0.3490210843373494
table-0007-376 3 2 1 5 40 873 1.0 0.03160188884852888
table-0007-446 5 2 0 25 37 3538 0.5 0.07489803485354098
table-0008-1000 1 3 0 104 101 8814 0.5 0.03094541910331384
table-0007-483 5 5 0 126 153 164439 0.2 0.11318731811916066
table-0007-632 1 2 1 14 55 0 0.5 0.005909797822706065
table-0007-412 4 8 4 191 220 3770 0.0625 0.016512549537648614
table-0007-211 30 3 0 339 462 16790 1.0 0.019439118302701522
table-0007-463 3 12 12 457 505 15087 0.05263157894736842 0.0033141324074804704
table-0007-329 2 3 0 22 86 2160 1.0 0.13473684210526315
table-0007-146 4 7 2 99 314 25140 1.0 0.03372566772295156
table-0007-16 6 6 0 460 577 19084 0.029411764705882353 0.0061823570797718665
table-0007-380 12 6 0 248 212 219848 1.0 0.21187592684132475
table-0007-559 5 10 9 154 76 61753 0.05555555555555555 0.9935972060535506
table-0007-578 16 3 9 110 87 360716 1.0 0.01218550641531073
table-0007-371 7 3 0 222 212 22142 1.0 0.1231408923716616
table-0007-476 1 2 0 33 38 29678 0.3333333333333333 0.016923842707814832
table-0007-62 12 5 0 240 233 79921 1.0 0.04243023946170592
table-0007-210 1 4 1 92 123 18929 0.3333333333333333 0.005794449527294907
table-0007-914 6 3 1 136 201 9305 0.14285714285714285 0.14659569749390108
table-0007-378 6 5 0 248 212 219848 1.0 0.5525210084033614
table-0007-11 6 8 0 460 577 19084 0.029411764705882353 0.0042063979162612454
table-0007-594 9 10 0 8 5 1502 0.16666666666666666 0.1111111111111111
table-0007-698 69 3 89 122 124 991 0.5 4.481566820276497
table-0007-708 1 3 0 399 359 142755 0.3333333333333333 0.0009287925696594427
table-0007-3 5 4 0 460 577 19084 0.029411764705882353 0.008697214196967201
table-0007-68 0 1 0 166 190 3747 1.0 0.0
table-0007-822 46 4 18 779 557 2463650 0.25 0.24215978430537818
table-0007-636 2 2 0 98 141 4102 0.5 0.041820418204182044
table-0007-824 6 2 0 588 67 18425 0.25 0.16738197424892703
table-0007-402 1 2 0 24 34 4137 1.0 0.03814262023217247
table-0007-788 24 3 0 207 360 25145 1.0 0.29250565947813656
table-0007-497 3 2 0 637 366 252134 0.14285714285714285 0.002939983779399838
table-0007-343 6 5 6 20 23 11137 0.125 0.06828851899274435
table-0007-448 4 2 0 81 178 31293 0.25 0.007545738133378299
table-0007-128 2 2 2 25 37 3874 1.0 0.020633750921149593
table-0007-394 9 9 9 1748 648 223650 0.125 0.011140778933799835
table-0007-799 8 5 5 12 125 2922 1.0 0.3510737628384687
table-0007-759 1 7 1 181 240 7798 0.05555555555555555 0.1021377672209026
table-0007-419 3 8 1 191 220 3770 0.0625 0.03830911492734478
table-0007-482 8 5 11 50 25 113510 0.5 1.7260869565217392
table-0007-858 6 4 5 177 158 2251 0.3333333333333333 0.34414225941422594
table-0007-222 12 21 72 690 151 34455 0.16666666666666666 0.07539554407491121
table-0007-872 5 3 0 240 251 2441 0.25 0.3015267175572519
table-0007-766 3 6 0 436 388 80498 0.5 0.021495700859828035
table-0007-787 3 3 0 25 48 2900 1.0 0.1682527598020556
table-0007-287 12 5 10 198 260 727651 0.3333333333333333 0.0817539627842867
table-0007-205 4 18 5 26 104 1919 1.0 0.9542559351476549
table-0007-586 1 3 0 556 354 23592 1.0 0.009180790960451978
table-0007-683 21 2 0 460 376 123855 0.125 0.061724433033804024
table-0007-811 2 5 0 182 185 36430 0.2 0.02278514069334726
table-0007-666 1 1 0 636 321 23080 0.2 0.0028726850437014854
table-0007-697 20 5 20 299 170 8769 0.3333333333333333 1.6649365628604382
table-0007-635 3 6 0 770 445 84242 0.3333333333333333 0.003128338165725622
table-0007-191 19 3 19 526 267 79185 0.2 0.6434155141310884
table-0007-747 1 9 1 181 240 7798 0.05555555555555555 0.16468725257323832
table-0007-231 4 2 0 83 96 8853 0.3333333333333333 0.14600550964187328
table-0007-235 6 3 0 13 30 932 1.0 0.5898617511520737
table-0007-924 8 4 0 3724 559 580529 0.5 0.0215147885377315
table-0007-952 1 2 1 7 18 4355 1.0 0.010614525139664804
table-0007-681 15 2 0 460 376 123855 0.125 0.02669020111253744
table-0007-437 3 7 0 198 204 4442 0.043478260869565216 0.17981246552675123
table-0007-576 6 8 26 110 87 360716 1.0 0.011898788617303419
table-0007-707 10 2 4 399 359 142755 0.3333333333333333 0.022414860681114552
table-0007-614 3 2 0 86 103 79954 0.2 0.01274055595153243
table-0007-292 8 7 0 4 5 2751 1.0 0.4639666468135795
table-0007-142 12 3 0 246 361 70760 0.06666666666666667 2.313782991202346
table-0007-411 4 8 2 191 220 3770 0.0625 0.05250990752972259
table-0007-53 1 9 0 58 95 12392 0.16666666666666666 0.0005918560606060606
table-0007-395 9 10 9 1748 648 223650 0.125 0.3322898443973851
table-0007-969 55 4 0 453 263 18864 0.5 3.1054621848739496
table-0007-440 12 7 16 198 204 4442 0.043478260869565216 0.33921676778819637
table-0007-78 5 3 0 70 49 5653 1.0 0.3798219584569733
table-0007-543 4 9 15 893 470 14703 0.04 0.04013840830449827
table-0007-985 3 3 0 18 36 1953 1.0 0.26408237431859477
table-0007-927 11 10 5 410 420 26347 0.5 0.05045388764636232
table-0007-774 8 2 0 59 46 6569 0.3333333333333333 0.08886168910648715
table-0007-233 3 5 6 33 47 995 1.0 0.31425091352009743
table-0007-232 7 2 0 83 96 8853 0.3333333333333333 0.2222222222222222
table-0007-480 7 4 6 0 0 0 0.0 473.0
table-0007-289 0 1 0 204 210 2810 1.0 0.0
table-0007-262 0 1 0 386 359 20186 0.3333333333333333 0.0
table-0007-705 10 7 20 0 0 0 0.0 759.0
table-0007-20 7 4 0 460 577 19084 0.029411764705882353 0.00685597952187776
table-0007-865 16 3 0 181 178 2479 0.3333333333333333 0.0980529206190714
table-0007-6 9 6 0 460 577 19084 0.029411764705882353 0.006137448916964807
table-0007-249 14 6 10 329 297 7679 0.14285714285714285 0.20980245061265315
table-0007-745 1 7 1 181 240 7798 0.05555555555555555 0.1187648456057007
table-0007-849 0 1 0 2189 613 241088 0.3333333333333333 0.0
table-0007-896 67 7 227 177 153 2767 0.3333333333333333 6.059166666666667
table-0007-306 35 6 0 164 393 35352 0.5 1.7228915662650603
table-0007-275 39 5 3 654 583 11632 0.25 2.0891472868217056
table-0007-646 1 3 0 19 23 1820 1.0 0.07172995780590717
table-0007-831 0 1 0 187 165 2637 1.0 0.0
table-0007-390 32 6 13 105 141 5491 1.0 2.7231075697211153
table-0007-675 2 3 0 33 19 2188 1.0 0.08747044917257683
table-0007-502 5 2 4 97 138 102116 0.5 0.07680168332456602
table-0007-943 32 9 4 2446 775 327736 0.06666666666666667 0.07247276066615373
table-0007-138 3 3 0 246 361 70760 0.06666666666666667 0.2969208211143695
table-0007-159 17 3 0 52 43 9597 0.14285714285714285 0.14539234552063288
table-0007-741 4 3 0 39 35 2669 1.0 0.20420283234353587
table-0007-959 4 3 1 3815 891 424758 0.07142857142857142 0.008855925167432336
table-0007-527 52 7 0 324 349 14924 0.3333333333333333 5.2544613350958365
table-0007-460 1 3 0 457 505 15087 0.05263157894736842 0.010415844709224336
table-0007-748 18 9 16 181 240 7798 0.05555555555555555 3.6239113222486146
table-0007-801 32 5 20 12 125 2922 1.0 1.522875816993464
table-0007-553 6 10 12 154 76 61753 0.05555555555555555 0.4807916181606519
table-0007-556 3 7 2 154 76 61753 0.05555555555555555 0.17578579743888242
table-0007-550 1 10 2 154 76 61753 0.05555555555555555 0.08614668218859138
table-0007-46 11 3 0 166 159 27154 1.0 0.17987268048218882
table-0007-949 10 4 0 2446 775 327736 0.06666666666666667 0.011392122310193344
table-0007-803 1 4 0 12 125 2922 1.0 0.040149393090569564
table-0007-939 4 2 4 18 38 3955 1.0 0.039198606271777
table-0007-33 1 3 0 29 24 2443 1.0 0.03799233182293482
table-0007-995 45 2 36 774 845 3883 1.0 0.12985451484910424
table-0007-80 7 4 0 166 123 13922 0.5 0.11726046350743688
table-0007-199 2 3 0 8 8 351 1.0 0.1079913606911447
table-0007-392 4 2 0 24 38 1669 0.5 0.05820770519262981
table-0007-365 1 2 0 17 44 1180 1.0 0.012253596164091636
table-0007-915 8 3 0 136 201 9305 0.14285714285714285 0.17786648924373474
table-0007-18 9 5 0 460 577 19084 0.029411764705882353 0.007230214211936589
table-0007-157 4 2 0 79 158 3156 1.0 0.004142535392535392
table-0007-227 110 8 179 1485 577 86349 0.25 3.5906183368869935
table-0007-456 1 8 0 457 505 15087 0.05263157894736842 0.0032352244930166497
table-0007-410 4 8 3 191 220 3770 0.0625 0.035667107001321
table-0007-445 8 2 4 10 36 1510 1.0 0.3576158940397351
table-0007-364 11 7 8 447 246 112023 0.5 0.04740295243302351
table-0007-837 9 7 8 664 342 12842 1.0 0.2563243617881483
table-0007-931 15 7 15 68 50 36050 0.5 0.16317135549872122
table-0007-253 4 6 3 329 297 7679 0.14285714285714285 0.04401100275068767
table-0007-466 3 11 11 457 505 15087 0.05263157894736842 0.0029985007496251873
table-0007-712 6 2 2 64 118 49521 0.3333333333333333 0.04123450543890716
table-0007-193 24 3 24 526 267 79185 0.2 0.4052916416115454
table-0007-347 11 3 0 20 23 11137 0.125 0.17157490396927016
table-0007-640 1 2 1 19 29 2737 1.0 0.038306451612903226
table-0007-566 2 6 0 195 221 37761 0.5 0.01632769979948439
table-0007-870 1 3 0 381 225 214061 0.25 0.015625
table-0007-164 0 1 0 264 395 12506 1.0 0.0
table-0007-917 17 2 0 136 201 9305 0.14285714285714285 0.23353293413173654
table-0007-689 2 3 0 58 78 41713 0.5 0.028085336213880638
table-0007-107 10 3 0 2477 508 136358 0.25 0.02815884476534296
table-0007-664 3 4 0 32 26 7084 0.125 0.02639455782312925
table-0007-122 0 1 0 1420 676 197560 0.5 0.0
table-0007-654 1 3 0 47 29 2010 1.0 0.08965102286401926
table-0007-52 1 9 0 58 95 12392 0.16666666666666666 0.00487689393939394
table-0007-368 1 2 1 13 42 1508 0.3333333333333333 0.015372168284789644
table-0007-671 1 1 0 190 132 34683 1.0 0.00044264575692424434
table-0007-242 7 7 0 47 88 967 0.3333333333333333 3.139047619047619
table-0007-90 9 17 24 95 159 5042 0.2 3.0959040959040958
table-0007-21 5 5 0 460 577 19084 0.029411764705882353 0.0034429591485412333
table-0007-533 13 8 0 1963 815 129726 0.1111111111111111 0.013272632556453988
table-0007-144 11 3 0 246 361 70760 0.06666666666666667 1.7060117302052786
table-0007-206 2 3 0 119 162 1360 1.0 0.1299468399291199
table-0007-474 2 2 1 12 16 1250 1.0 0.14285714285714285
table-0007-845 58 2 54 182 175 2961 0.3333333333333333 0.11115013169446883
table-0007-890 64 3 22 235 269 2987 1.0 0.395295320889798
table-0007-299 19 2 0 41 1152 115 1.0 1.7353846153846153
table-0007-30 11 4 8 91 90 239443 0.25 0.20480591497227357
table-0007-738 21 4 3 141 132 9499 1.0 0.40470708621130724
table-0007-786 1 2 0 4 4 509 1.0 0.22549019607843138
table-0007-58 47 3 0 3 40 167 1.0 6.872340425531915
table-0007-208 23 3 8 163 198 6688 0.5 0.6614748887476161
table-0007-857 42 7 122 177 158 2251 0.3333333333333333 2.430439330543933
table-0007-408 3 8 3 191 220 3770 0.0625 0.011889035667107
table-0007-150 12 3 0 221 122 8255 0.25 0.6165984804208066
table-0007-643 2 1 0 872 318 87661 1.0 0.0032055848411454623
table-0007-273 5 3 0 83 120 11448 0.3333333333333333 0.028565360518211746
table-0007-294 8 7 0 4 5 2751 1.0 0.43537820131030375
table-0007-709 2 3 0 399 359 142755 0.3333333333333333 0.001981424148606811
table-0007-893 18 4 0 235 269 2987 1.0 0.11109690616210688
table-0007-212 4 2 3 277 197 192772 0.3333333333333333 0.11164057181756297
table-0007-680 24 2 0 460 376 123855 0.125 0.055733846812152335
table-0007-274 7 4 0 83 120 11448 0.3333333333333333 0.041573749601784005
table-0007-531 2 3 0 1963 815 129726 0.1111111111111111 0.008199134787434033
table-0007-630 2 2 0 85 98 28307 0.5 0.04106280193236715
table-0007-409 4 8 3 191 220 3770 0.0625 0.034015852047556146
table-0007-314 3 3 0 120 110 2311 0.3333333333333333 0.09791666666666667
table-0007-472 1 3 0 79 98 896 1.0 0.06632975363234365
table-0007-996 11 2 10 774 845 3883 1.0 0.04833473608272214
table-0007-50 1 3 0 516 617 21539 1.0 0.0075655801456550945
table-0007-979 2 14 7 967 1073 64629 0.08333333333333333 0.018424424512879425
table-0007-300 2 9 8 133 250 1246 0.5 0.29685157421289354
table-0007-51 1 3 0 62 71 1290 1.0 0.08787878787878788
table-0007-475 4 2 0 33 38 29678 0.3333333333333333 0.18068690890990544
table-0007-473 2 2 2 26 57 8062 1.0 0.04580152671755725
table-0007-756 1 9 1 181 240 7798 0.05555555555555555 0.15122723673792557
table-0007-989 1 3 0 10 43 117 1.0 0.03735881841876629
table-0007-216 7 7 0 50 83 1059 0.3333333333333333 3.0929791271347247
table-0007-435 3 7 4 198 204 4442 0.043478260869565216 0.08714837286265857
table-0007-860 54 2 49 185 188 2750 0.25 0.1052461139896373
table-0007-851 48 2 44 204 210 2185 0.3333333333333333 0.11904302527493729
table-0007-305 5 8 0 69 70 6169 0.2 0.04972520282648522
table-0007-873 40 2 38 240 251 2441 0.25 0.6145038167938931
table-0007-132 10 2 0 161 130 19674 0.125 0.1094224924012158
table-0007-792 1 10 0 146 179 17647 0.16666666666666666 0.011717776115681875
table-0007-895 14 3 0 177 153 2767 0.3333333333333333 0.6491666666666667
table-0007-642 3 4 5 188 142 4151 0.5 0.15757978723404256
table-0007-584 8 10 0 36 252 232 1.0 0.3986013986013986
table-0007-366 2 2 0 16 43 1025 1.0 0.0449358059914408
table-0007-743 7 9 7 181 240 7798 0.05555555555555555 1.0475059382422802
table-0007-73 0 1 0 18 41 2741 0.25 0.0
table-0007-339 11 4 0 2221 684 198289 0.08333333333333333 0.0771645736946464
table-0007-907 4 3 0 322 193 78280 0.5 0.0068372664210561256
table-0007-370 4 4 0 13 42 1508 0.3333333333333333 0.2022653721682848
table-0007-790 33 10 0 146 179 17647 0.16666666666666666 0.2991772625280479
table-0007-530 20 2 0 1963 815 129726 0.1111111111111111 0.01873117256687278
table-0007-717 6 5 4 175 304 10301 0.5 0.28890439637124915
table-0007-621 6 2 5 197 200 18394 0.3333333333333333 0.08140556368960468
table-0007-835 10 8 10 664 342 12842 1.0 0.19140579877555736
table-0007-93 3 4 0 76 89 1751 0.3333333333333333 0.8457943925233645
table-0007-525 15 8 0 324 349 14924 0.3333333333333333 1.3000660938532715
table-0007-520 2 4 0 23 22 55353 1.0 0.6915584415584416
table-0007-605 4 3 0 33 39 766 1.0 0.04677173360447382
table-0007-967 17 8 6 3815 891 424758 0.07142857142857142 0.03880002213981292
table-0007-234 7 3 0 32 35 3418 0.5 0.1905059337913804
table-0007-957 12 8 0 3815 891 424758 0.07142857142857142 0.07466651906791387
table-0007-590 1 2 0 8 5 1502 0.16666666666666666 0.001277139208173691
table-0007-84 1 2 0 203 214 13947 0.16666666666666666 0.019889337520562284
table-0007-778 22 3 2 24682 143 323753 0.3333333333333333 0.08592935726693689
table-0007-9 4 3 0 460 577 19084 0.029411764705882353 0.0010777959073694295
table-0007-662 3 4 0 32 26 7084 0.125 0.02394557823129252
table-0007-417 4 8 4 191 220 3770 0.0625 0.01750330250990753
table-0007-255 1 3 0 28 26 2311 1.0 0.17095115681233933
table-0007-975 1 2 0 438 125 100246 0.3333333333333333 0.05067290073924306
table-0007-245 11 6 3 329 297 7679 0.14285714285714285 0.20130032508127033
table-0007-399 38 10 38 55 85 12584 1.0 1.771296613068765
table-0007-172 19 4 0 447 319 946 1.0 0.1646467251160392
table-0007-375 3 2 0 8 32 862 0.5 0.42786069651741293
table-0007-341 3 3 0 51 62 1179 0.5 0.06349206349206349
table-0007-688 2 3 0 66 132 612 1.0 0.05908040071923966
table-0007-236 8 3 0 113 128 7562 1.0 0.10957377658092674
table-0007-930 1 2 0 5 12 556 1.0 0.0705521472392638
table-0007-139 14 3 0 246 361 70760 0.06666666666666667 1.4545454545454546
table-0007-404 1 3 0 214 175 230100 1.0 0.0025992573550414166
table-0007-276 39 5 3 654 583 11632 0.25 2.011197243755383
table-0007-609 3 5 2 33 39 766 1.0 0.06075241484494154
table-0007-808 11 3 0 415 230 11514 1.0 0.25888324873096447
table-0007-922 31 3 2 191 143 5542 0.3333333333333333 0.3908256880733945
table-0007-608 7 3 0 33 39 766 1.0 0.11591255719369599
table-0007-722 0 1 0 18 45 2559 1.0 0.0
table-0007-567 7 3 0 598 545 40907 0.5 0.20807638750745971
table-0007-555 2 7 2 154 76 61753 0.05555555555555555 0.08847497089639116
table-0007-407 4 8 3 191 220 3770 0.0625 0.03599735799207398
table-0007-488 1 2 0 66 139 45021 1.0 0.0002735678721890901
table-0007-785 2 2 0 47 91 6931 1.0 0.013783403656821378
table-0007-356 5 1 0 89 87 1629 0.1111111111111111 0.12631578947368421
table-0007-491 1 2 0 282 119 115396 0.5 0.0034178905206942592
table-0007-980 1 7 0 967 1073 64629 0.08333333333333333 0.00030928290549198074
table-0007-79 10 4 0 166 123 13922 0.5 0.23625043237634036
table-0007-196 4 23 21 64 82 8691 0.5 1.3473756906077348
table-0007-452 2 2 0 353 90 29021 0.25 0.007710760795065113
table-0007-284 19 2 0 38 1163 65 1.0 2.0307692307692307
table-0007-758 2 9 2 181 240 7798 0.05555555555555555 0.23594615993665874
table-0007-162 30 6 38 223 258 10639 1.0 1.6824078879086664
table-0007-619 1 2 1 19 28 2341 1.0 0.03015873015873016
table-0007-735 69 5 49 73 453 1091 0.14285714285714285 3.0922077922077924
table-0007-243 7 7 0 47 88 967 0.3333333333333333 3.1228571428571428
table-0007-7 8 3 0 460 577 19084 0.029411764705882353 0.0036225917997694712
table-0007-809 1 2 1 11 26 3838 1.0 0.025333333333333333
table-0007-690 2 5 4 7 25 2042 1.0 0.16447368421052633
table-0007-136 8 3 0 246 361 70760 0.06666666666666667 1.06524926686217
table-0007-725 7 2 0 161 179 6952 1.0 0.09035476718403547
table-0007-570 17 4 29 110 87 360716 1.0 0.01483764604687836
table-0007-970 8 3 3 210 135 44927 0.5 0.06663424124513619
table-0007-912 25 3 0 136 201 9305 0.14285714285714285 0.5617653581725438
table-0007-937 13 2 6 106 154 17407 0.5 0.06053219581555962
table-0007-430 5 7 8 198 204 4442 0.043478260869565216 0.10535024820739107
table-0007-821 7 3 0 135 138 11986 1.0 0.16417027985810012
table-0007-332 0 1 0 1304 359 76697 1.0 0.0
table-0007-406 5 3 0 88 358 4551 1.0 0.41274238227146814
table-0007-345 10 3 0 20 23 11137 0.125 0.1463935125906957
table-0007-692 1 1 0 141 84 9268 1.0 0.030574198359433258
table-0007-615 3 2 0 86 103 79954 0.2 0.015057020669992873
table-0007-734 4 3 3 73 453 1091 0.14285714285714285 0.12207792207792208
table-0007-607 10 7 24 33 39 766 1.0 0.2351296390442298
table-0007-247 10 6 8 329 297 7679 0.14285714285714285 0.1452863215803951
table-0007-102 1 2 0 73 89 1584 0.3333333333333333 0.07111111111111111
table-0007-152 0 1 0 221 122 8255 0.25 0.0
table-0007-76 1 15 0 29 39 1964 0.5 0.43411764705882355
table-0007-14 7 6 0 460 577 19084 0.029411764705882353 0.02493899974552041
table-0007-644 1 1 0 231 118 22500 1.0 0.00392875851231011
table-0007-661 35 2 0 32 26 7084 0.125 0.23156462585034013
table-0007-862 1 3 0 82 89 1854 1.0 0.04861426624261699
table-0007-83 5 8 3 203 214 13947 0.16666666666666666 0.16913414087034545
table-0007-337 9 10 9 2221 684 198289 0.08333333333333333 0.5963317911434236
table-0007-903 59 2 55 237 208 2583 0.14285714285714285 0.6357174589071524
table-0007-593 9 10 0 8 5 1502 0.16666666666666666 0.1111111111111111
table-0007-703 13 3 0 264 193 12836 1.0 0.36224028906955735
table-0007-468 9 10 0 457 505 15087 0.05263157894736842 0.02406691391146532
table-0007-458 1 6 0 457 505 15087 0.05263157894736842 0.0029195928351613666
table-0007-752 1 9 1 181 240 7798 0.05555555555555555 0.11797307996832937
table-0007-285 10 5 23 392 328 78872 0.3333333333333333 0.013631156930126002
table-0007-487 7 2 0 66 139 45021 1.0 0.0015319800842589046
table-0007-784 4 7 4 75 97 7172 0.3333333333333333 0.007497656982193065
table-0007-43 1 2 1 18 44 5983 0.3333333333333333 0.007282483710233806
table-0007-351 3 4 0 66 84 22907 0.5 0.04325130499627144
table-0007-75 28 10 57 48 74 9344 1.0 1.5665929203539823
table-0007-32 11 6 10 230 212 3144 0.5 0.028043549983503793
table-0007-197 9 3 0 218 273 7353 1.0 0.09216896060749881
table-0007-95 1 1 0 1053 700 78876 1.0 0.0032275416890801506
table-0007-723 119 8 318 161 179 6952 1.0 4.3547671840354765
table-0007-972 1 4 0 214 128 83360 0.5 0.0035849852382960775
table-0007-935 0 1 0 0 0 0 0.0 0.0
table-0007-947 5 4 5 2446 775 327736 0.06666666666666667 0.013824427291454668
table-0007-776 2 2 1 53 74 30633 1.0 0.024379625598606878
table-0007-23 9 8 0 460 577 19084 0.029411764705882353 0.009969612143167224
table-0007-796 1 6 0 42 61 11884 0.5 0.0033238366571699905
table-0007-44 2 2 0 18 44 5983 0.3333333333333333 0.026830203142966653
table-0007-963 8 4 0 3815 891 424758 0.07142857142857142 0.0263463773731112
table-0007-398 4 3 0 55 85 12584 1.0 0.010776599384194322
table-0007-278 1 3 0 86 77 15665 1.0 0.028672032193158954
table-0007-777 99 3 49 15 5 1145 0.3333333333333333 2.5891980360065467
table-0007-539 21 2 0 1963 815 129726 0.1111111111111111 0.01990894883468098
table-0007-457 0 1 0 457 505 15087 0.05263157894736842 0.0
table-0007-715 1 4 1 346 484 878 0.5 0.1289134438305709
table-0007-926 8 14 7 410 420 26347 0.5 0.028088409419813182
table-0007-425 7 3 0 262 317 46670 1.0 0.028389444949954504
table-0007-360 19 2 0 40 1393 90 1.0 1.9721254355400697
table-0007-637 0 1 0 96 110 7790 0.5 0.0
table-0007-780 98 3 39 13 13 1736 0.3333333333333333 2.8282442748091605
table-0007-127 1 2 1 53 97 1698 1.0 0.02483660130718954
table-0007-562 16 10 32 154 76 61753 0.05555555555555555 2.019208381839348
table-0007-344 8 3 0 20 23 11137 0.125 0.11438326931284677
table-0007-40 5 11 0 376 375 14190 0.5 0.46216568819308546
table-0007-442 1 3 0 0 0 0 0.0 23.0
table-0007-354 4 1 0 89 87 1629 0.1111111111111111 0.056578947368421055
table-0007-29 15 4 15 410 308 1169 0.5 3.1663201663201663
table-0007-588 5 3 0 49 45 3614 1.0 0.13009985734664764
table-0007-919 65 2 62 188 165 3659 0.3333333333333333 0.17195629552549427
table-0007-839 13 6 0 593 629 91241 0.5 0.02232070910556003
table-0007-569 8 6 19 110 87 360716 1.0 0.013332377607339976
table-0007-535 11 6 15 1963 815 129726 0.1111111111111111 0.034563203551448436
table-0007-855 4 6 0 49 84 865 0.3333333333333333 0.07904085257548846
table-0007-25 3 5 0 460 577 19084 0.029411764705882353 0.0014520305974282592
table-0007-490 1 2 1 55 65 2783 1.0 0.0075069142631371
table-0007-598 32 13 0 529 453 56360 0.3333333333333333 0.7030082041932544
table-0007-779 3 3 0 33 62 2893 1.0 0.14124872057318322
table-0007-373 10 8 46 9 55 1200 0.5 0.04772727272727273
table-0007-925 17 4 0 3724 559 580529 0.5 0.03174237538007924
table-0007-601 1 3 0 28 49 2217 1.0 0.03443794671864847
table-0007-816 3 9 0 140 152 13792 0.16666666666666666 0.058460539136083144
table-0007-773 3 2 0 59 46 6569 0.3333333333333333 0.033782129742962054
table-0007-986 9 3 0 180 189 3126 1.0 0.19194356784852423
table-0007-118 1 1 0 1564 362 131956 1.0 0.0011281830879982808
table-0007-984 3 3 0 21 45 1093 1.0 0.07324919574362782
table-0007-815 3 8 0 140 152 13792 0.16666666666666666 0.058785319909061384
table-0007-913 5 3 0 136 201 9305 0.14285714285714285 0.12730095364825902
table-0007-724 7 2 0 161 179 6952 1.0 0.028824833702882482
table-0007-795 1 3 0 14 41 3202 1.0 0.09505409582689335
table-0007-340 36 6 0 2221 684 198289 0.08333333333333333 0.35575016523463315
table-0007-85 7 15 5 203 214 13947 0.16666666666666666 0.2693285479288171
table-0007-244 5 6 0 47 88 967 0.3333333333333333 0.11619047619047619
table-0007-200 2 4 1 8 8 351 1.0 0.09719222462203024
table-0007-113 22 3 22 439 273 152777 0.3333333333333333 0.22059758423394787
table-0007-626 10 3 0 5046 504 237461 0.5 0.02006591297818197
table-0007-187 3 21 1 59 120 4867 0.25 1.3462809917355372
table-0007-512 5 3 0 2901 717 1387889 1.0 0.015419447092469018
table-0007-565 1 2 1 7 9 936 1.0 0.02342786683107275
table-0007-257 2 7 2 112 61 10394 0.3333333333333333 0.0847457627118644
table-0007-145 0 1 0 11 16 989 1.0 0.0
table-0007-616 4 2 0 86 103 79954 0.2 0.00935495367070563
table-0007-47 16 5 21 454 175 66506 0.5 0.18530701754385964
table-0007-631 3 3 0 189 360 13353 1.0 0.02922077922077922
table-0007-101 3 4 0 73 89 1584 0.3333333333333333 0.9377777777777778
table-0007-678 25 6 47 275 283 10142 1.0 0.7256339749465323
table-0007-983 4 3 0 967 1073 64629 0.08333333333333333 0.02111960411788097
table-0007-301 8 7 15 133 250 1246 0.5 0.48200899550224885
table-0007-221 16 2 0 690 151 34455 0.16666666666666666 0.011462705844365515
table-0007-297 5 7 0 4 5 2751 1.0 0.2942227516378797
table-0007-545 2 1 0 2426 568 489162 0.25 0.001400373432915444
table-0007-523 20 3 20 4446 644 398042 0.125 0.03377915734696672
table-0007-27 4 4 0 460 577 19084 0.029411764705882353 0.001212520395790608
table-0007-852 9 2 8 204 210 2185 0.3333333333333333 0.021416168242330696
table-0007-413 1 1 0 191 220 3770 0.0625 0.017173051519154558
table-0007-428 39 3 0 45 69 225 1.0 0.10646950092421442
table-0007-718 1 1 0 152 147 11726 1.0 0.0035811311434922203
table-0007-733 1 2 0 50 71 13625 0.3333333333333333 0.009746588693957114
table-0007-754 3 5 3 181 240 7798 0.05555555555555555 0.34600158353127475
table-0007-579 71 3 54 18 89 3004 0.5 1.887029288702929
table-0007-100 4 5 1 3 29 1156 1.0 0.13225806451612904
table-0007-251 9 6 5 329 297 7679 0.14285714285714285 0.16429107276819205
table-0007-976 9 10 10 967 1073 64629 0.08333333333333333 0.08147395396103035
table-0007-280 1 2 0 9 20 1055 1.0 0.05066079295154185
table-0007-574 6 8 22 110 87 360716 1.0 0.01447924879936922
table-0007-106 1 1 0 2477 508 136358 0.25 0.0019855595667870036
table-0007-568 5 5 0 1302 110 145294 0.5 0.0740313272877164
table-0007-557 2 10 4 154 76 61753 0.05555555555555555 0.17520372526193248
table-0007-660 8 4 0 32 26 7084 0.125 0.05877551020408163
table-0007-517 9 6 0 142 124 77565 0.5 0.05039968804835251
table-0007-163 2 1 0 909 218 96372 1.0 0.007650387759379585
table-0007-326 1 3 0 24 49 1510 1.0 0.06518817204301075
table-0007-19 18 5 0 460 577 19084 0.029411764705882353 0.012709010074397856
table-0007-760 4 2 0 159 238 7508 0.5 0.1047424087342204
table-0007-153 4 1 0 51 54 77848 0.3333333333333333 0.19608852290272774
table-0007-595 182 6 9 8265 98 35429 1.0 5.618604651162791
table-0007-581 11 4 0 36 252 232 1.0 1.3186813186813187
table-0007-195 7 3 0 24 46 6574 0.5 0.05193100862392201
table-0007-892 8 4 7 235 269 2987 1.0 0.08335464075683968
table-0007-999 5 3 0 143 275 25903 1.0 0.06095762461901485
table-0007-694 1 1 0 106 69 9556 1.0 0.022388059701492536
table-0007-772 2 2 1 47 84 5950 1.0 0.014277035236938032
table-0007-374 1 2 1 8 32 862 0.5 0.0945273631840796
table-0007-847 1 1 0 2189 613 241088 0.3333333333333333 0.0018782523016288451
table-0007-500 0 1 0 90 67 24558 0.5 0.0
table-0007-757 7 9 7 181 240 7798 0.05555555555555555 1.051464766429137
table-0007-982 4 20 18 967 1073 64629 0.08333333333333333 0.07961825652807847
table-0007-82 3 11 1 203 214 13947 0.16666666666666666 0.17302228203977868
table-0007-123 2 2 2 11 27 3077 1.0 0.04789272030651341
table-0007-848 11 3 10 2189 613 241088 0.3333333333333333 0.01154663300181667
table-0007-363 10 7 3 74 139 14312 0.2 0.18330421761916646
table-0007-57 1 3 0 5 66 14888 0.3333333333333333 0.02572416774751405
table-0007-519 6 3 0 142 124 77565 0.5 0.020959251316046014
table-0007-884 1 2 1 84 113 1906 0.3333333333333333 0.04439252336448598
table-0007-599 1 3 0 27 42 2379 1.0 0.031185642836128274
table-0007-72 6 3 6 18 41 2741 0.25 0.12491605104096709
table-0007-225 7 3 0 208 318 64898 1.0 0.049267920338630214
table-0007-177 8 3 1 212 304 9013 0.25 0.5399172087522176
table-0007-184 12 7 12 592 108 64757 0.5 0.2365425158116655
table-0007-389 30 7 0 58 42 920 0.5 4.635964912280702
table-0007-596 1 2 1 5 11 1044 1.0 0.029780564263322883
table-0007-711 0 1 0 35 20 5388 1.0 0.0
table-0007-170 4 4 4 3 40 1004 0.3333333333333333 0.24662162162162163
table-0007-97 1 2 1 27 51 21566 0.3333333333333333 0.009336609336609337
table-0007-464 3 8 8 457 505 15087 0.05263157894736842 0.002525053262842263
table-0007-710 8 4 0 399 359 142755 0.3333333333333333 0.02043343653250774
table-0007-13 9 5 0 460 577 19084 0.029411764705882353 0.009475622352289569
table-0007-818 1 2 1 51 79 11588 0.5 0.011964735516372796
table-0007-173 1 3 0 170 224 8485 1.0 0.08875
table-0007-951 12 10 0 2446 775 327736 0.06666666666666667 0.0414981013129483
table-0007-422 3 8 1 191 220 3770 0.0625 0.04260237780713342
table-0007-853 7 7 0 49 84 865 0.3333333333333333 2.8241563055062167
table-0007-561 22 10 44 154 76 61753 0.05555555555555555 2.3742724097788126
table-0007-188 56 5 0 526 267 79185 0.2 3.248346361996392
table-0007-954 1 3 0 21 23 4378 1.0 0.04388926401080351
table-0007-910 24 3 0 133 98 2579 0.3333333333333333 0.7088477366255144
table-0007-353 5 1 0 89 87 1629 0.1111111111111111 0.12631578947368421
table-0007-883 8 4 8 201 198 2411 0.2 0.3865826538176427
table-0007-856 64 3 25 177 158 2251 0.3333333333333333 1.528765690376569
table-0007-311 6 2 0 23 36 13315 1.0 0.10755616065350579
table-0007-645 1 1 0 350 162 21640 1.0 0.007269503546099291
table-0007-507 1 3 0 256 299 22880 1.0 0.010881634465911614
table-0007-564 13 10 26 154 76 61753 0.05555555555555555 1.0844004656577415
table-0007-266 11 10 0 374 271 139813 0.25 0.05925391591096455
table-0007-672 0 1 0 26 22 2718 1.0 0.0
table-0007-350 2 2 1 66 84 22907 0.5 0.020879940343027592
table-0007-403 5 4 0 236 261 1052 0.5 0.09039010466222645
table-0007-489 4 4 0 66 139 45021 1.0 0.007550473272418887
table-0007-352 1 2 1 9 30 702 1.0 0.04139433551198257
table-0007-263 1 3 0 21 36 1356 1.0 0.034475328592975654
table-0007-1 14 7 0 460 577 19084 0.029411764705882353 0.018726703890543837
table-0007-137 14 3 0 246 361 70760 0.06666666666666667 1.721407624633431
table-0007-148 4 3 4 38 70 2074 0.3333333333333333 0.13071895424836602
table-0007-685 18 11 8 154 102 4443 0.3333333333333333 0.621236646163807
table-0007-529 21 2 0 1963 815 129726 0.1111111111111111 0.01703245679599556
table-0007-702 29 3 0 264 193 12836 1.0 2.288166214995483
table-0007-48 5 5 7 454 175 66506 0.5 0.05482456140350877
table-0007-554 7 7 7 154 76 61753 0.05555555555555555 0.3119906868451688
table-0007-834 14 3 0 664 342 12842 1.0 0.18470601825112626
table-0007-355 8 7 0 89 87 1629 0.1111111111111111 0.8565789473684211
table-0007-669 1 3 0 13 39 997 1.0 0.05876494023904383
table-0007-902 8 3 0 237 208 2583 0.14285714285714285 0.3029764549089294
table-0007-108 5 4 0 2477 508 136358 0.25 0.036101083032490974
table-0007-186 1 2 1 26 43 4130 1.0 0.010005265929436546
table-0007-676 1 2 1 253 333 28971 1.0 0.020879120879120878
table-0007-450 1 2 0 353 90 29021 0.25 0.011309115832762166
table-0007-65 6 2 0 81 41 14741 0.3333333333333333 0.07294117647058823
table-0007-485 1 5 0 66 139 45021 1.0 0.0011216282759752695
table-0007-467 3 12 12 457 505 15087 0.05263157894736842 0.003156316578552829
table-0007-141 72 3 0 246 361 70760 0.06666666666666667 10.732404692082111
table-0007-625 0 1 0 135 126 10425 1.0 0.0
table-0007-696 1 3 0 197 228 65323 0.5 0.007288955001859427
table-0007-386 16 5 0 248 212 219848 1.0 0.847318339100346
table-0007-61 3 7 3 172 157 19923 0.3333333333333333 0.06343359934520156
table-0007-894 16 2 0 10 48 9108 0.5 1.7253634894991923
table-0007-377 11 10 17 248 212 219848 1.0 0.05394216510133465
table-0007-695 1 17 0 197 228 65323 0.5 0.004313871327631089
table-0007-36 6 5 3 121 112 108121 1.0 0.1906906906906907
table-0007-854 7 7 0 49 84 865 0.3333333333333333 3.355239786856128
table-0007-648 0 1 0 492 274 19161 0.2 0.0
table-0007-978 21 22 114 967 1073 64629 0.08333333333333333 0.4063977378164627
table-0007-67 13 8 38 432 344 48202 0.3333333333333333 0.3894500561167228
table-0007-131 0 1 0 7 23 924 1.0 0.0
table-0007-622 24 5 72 197 200 18394 0.3333333333333333 0.6811127379209371
table-0007-397 2 3 0 9 5 79 1.0 1.25
table-0007-114 10 3 19 439 273 152777 0.3333333333333333 0.048696757787666876
table-0007-602 10 3 0 33 39 766 1.0 0.11845449923741738
table-0007-670 1 2 0 8 34 1267 1.0 0.012439156300703082
table-0007-721 3 3 0 332 459 11333 0.5 0.03745541022592152
table-0007-536 10 4 0 1963 815 129726 0.1111111111111111 0.009920500101922946
table-0007-501 2 2 2 14 26 697 1.0 0.11026615969581749
table-0007-432 2 7 1 198 204 4442 0.043478260869565216 0.09045780474351903
table-0007-923 50 2 45 191 143 5542 0.3333333333333333 0.10403669724770642
table-0007-357 4 1 0 89 87 1629 0.1111111111111111 0.056578947368421055
table-0007-920 68 3 34 189 147 13763 0.3333333333333333 0.5979738736336977
table-0007-24 7 6 0 460 577 19084 0.029411764705882353 0.005942846878134215
table-0007-5 4 5 0 460 577 19084 0.029411764705882353 0.0020358367139200334
table-0007-104 6 3 0 101 91 74099 1.0 0.01738299904489016
table-0007-325 3 4 0 62 94 34658 0.5 0.02555628993170302
table-0007-898 3 5 5 97 86 20509 0.5 0.04432321854756222
table-0007-888 8 5 0 255 350 73853 0.3333333333333333 0.007434944237918215
table-0007-942 4 9 4 2446 775 327736 0.06666666666666667 0.000893499789034772
table-0007-513 5 2 5 434 359 14915 0.14285714285714285 0.009967960128159488
table-0007-886 35 2 29 214 180 3337 1.0 0.2586270871985158
table-0007-414 17 2 15 191 220 3770 0.0625 0.0904887714663144
table-0007-761 2 2 1 9 21 2041 1.0 0.06472491909385113
table-0007-15 13 7 0 460 577 19084 0.029411764705882353 0.013158091702468452
table-0007-840 0 1 0 1024 302 19003 1.0 0.0
table-0007-453 1 3 0 80 90 1258 1.0 0.06234413965087282
table-0007-484 1 3 0 77 93 1148 1.0 0.036670786979810466
table-0007-504 7 4 0 97 138 102116 0.5 0.12309310889005787
table-0007-313 1 3 0 15 26 3133 1.0 0.058530986993114
table-0007-909 66 2 63 219 236 4623 0.3333333333333333 0.30374280230326295
table-0007-730 7 4 3 375 383 169444 1.0 0.041237745098039215
table-0007-993 16 10 16 34 56 40081 1.0 1.1255361738633114
table-0007-465 3 7 7 457 505 15087 0.05263157894736842 0.0023672374339146216
table-0007-691 47 3 56 34 114 14352 0.5 1.6807044410413476
table-0007-470 2 2 1 2 16 734 1.0 0.07692307692307693
table-0007-820 6 2 0 226 127 17213 0.5 0.0034262072532161097
table-0007-270 6 2 0 29 49 1827 0.5 0.07501820830298617
table-0007-124 1 3 1 163 303 9456 1.0 0.033832769453842435
table-0007-246 9 6 4 329 297 7679 0.14285714285714285 0.1390347586896724
table-0007-889 2 5 0 255 350 73853 0.3333333333333333 0.0029499940040772273
table-0007-125 0 1 0 163 303 9456 1.0 0.0
table-0007-867 2 14 10 227 256 28970 0.25 0.005416970138383103
table-0007-804 34 10 49 12 125 2922 1.0 3.100840336134454
table-0007-38 3 6 2 248 211 2292 0.5 0.02077687443541102
table-0007-624 1 1 0 1450 479 107472 1.0 0.0018124582657636174
table-0007-64 3 2 1 81 41 14741 0.3333333333333333 0.0453781512605042
table-0007-829 10 3 0 73 96 23577 1.0 0.19659160073037127
table-0007-219 7 11 42 690 151 34455 0.16666666666666666 0.09250887956086536
