table_id rows cols nulls inlinks outlinks views table_imp table_fraction
table-0875-698 0 1 0 215 439 228 1.0 0.0
table-0875-385 2 2 0 14 26 1057 0.3333333333333333 0.10130718954248366
table-0875-912 10 5 0 52 244 2555 0.0625 0.02612738261273826
table-0875-780 4 9 0 234 222 71439 0.3333333333333333 0.051040027967138614
table-0875-640 0 1 0 37 74 2887 1.0 0.0
table-0875-497 2 9 0 53 494 1362 0.05 0.056558363417569195
table-0875-744 57 6 0 63 149 1669 0.3333333333333333 1.3149580915538361
table-0875-441 44 6 0 135 110 39046 1.0 225.06158833063208
table-0875-542 4 6 0 34 274 6919 0.5 0.1062346185397867
table-0875-676 3 3 0 30 84 7701 0.14285714285714285 0.13009592326139088
table-0875-817 6 8 0 78 143 830 0.16666666666666666 0.2259684361549498
table-0875-996 5 4 0 204 544 1159 1.0 0.7937608318890814
table-0875-182 10 3 0 109 319 255933 0.08333333333333333 0.12323662496672877
table-0875-176 10 11 6 109 319 255933 0.08333333333333333 0.4072398190045249
table-0875-751 1 2 0 30 31 4671 1.0 0.03612334801762115
table-0875-833 1 2 0 8 15 674 1.0 0.025078369905956112
table-0875-815 1 2 0 18 70 2183 1.0 0.00633817215293396
table-0875-51 7 4 0 514 98 469843 0.2 0.06467443694680572
table-0875-682 5 1 1 18 40 1652 1.0 0.003914700731430926
table-0875-270 2 2 0 63 204 1660 0.3333333333333333 0.020569620253164556
table-0875-434 1 3 0 215 307 21203 0.06666666666666667 0.002989799507562434
table-0875-361 8 7 19 130 309 841 0.045454545454545456 0.26348387096774195
table-0875-186 16 6 12 61 37 1139 0.5 1.6404293381037567
table-0875-695 7 5 7 456 421 74082 0.09090909090909091 0.013939475695849633
table-0875-930 51 5 0 45 113 1483 0.5 66.93103448275862
table-0875-806 100 3 0 113 257 56526 0.5 30.38679245283019
table-0875-808 0 1 0 64 85 19725 1.0 0.0
table-0875-762 1 3 0 12 20 908 1.0 0.15919811320754718
table-0875-337 13 5 9 36 73 1607 0.25 0.8140929535232384
table-0875-318 1 3 0 95 80 28274 1.0 0.04378818737270876
table-0875-188 5 6 0 97 97 1269 0.3333333333333333 0.7487562189054726
table-0875-85 9 4 0 10720 1287 1937301 0.25 0.007593140510838718
table-0875-345 1 6 0 130 309 841 0.045454545454545456 0.012129032258064516
table-0875-724 10 3 0 9 178 2405 0.04 0.17393575346043352
table-0875-892 11 2 1 197 219 18100 0.16666666666666666 0.9087947882736156
table-0875-725 88 9 84 29 175 14817 1.0 4.200877785280216
table-0875-339 13 2 0 513 589 562334 0.25 0.019193175759729873
table-0875-902 6 3 0 153 172 28335 0.25 0.008718980549966466
table-0875-872 55 23 510 18 62 1728 0.07142857142857142 2.196987951807229
table-0875-203 22 10 0 137 246 1005 0.16666666666666666 1.7803379416282643
table-0875-208 15 2 0 43 92 2639 0.14285714285714285 0.2939841089670829
table-0875-728 3 12 0 175 110 36147 1.0 1.8172043010752688
table-0875-534 3 1 0 576 517 15300 0.08333333333333333 0.043606075453209214
table-0875-422 34 3 3 22 68 3333 1.0 1.4057239057239057
table-0875-114 1 15 0 9 44 967 0.3333333333333333 0.36089385474860336
table-0875-594 1 4 0 58 448 2908 0.037037037037037035 0.16777041942604856
table-0875-354 7 4 2 130 309 841 0.045454545454545456 0.05703225806451613
table-0875-450 4 2 4 33 62 5079 0.3333333333333333 0.011722838601632824
table-0875-601 9 4 0 58 448 2908 0.037037037037037035 2.108167770419426
table-0875-247 3 2 2 102 134 22230 0.3333333333333333 0.025052631578947368
table-0875-48 14 2 0 23 122 368 1.0 0.052011776251226695
table-0875-305 1 3 0 198 248 4212 0.06666666666666667 0.014936519790888723
table-0875-144 7 3 0 3159 780 738231 1.0 0.009446201248682397
table-0875-266 10 2 6 5 14 7468 1.0 0.4866220735785953
table-0875-325 22 6 0 29 62 969 0.3333333333333333 1.9086538461538463
table-0875-389 3 5 6 118 165 3707 1.0 0.09886411442995373
table-0875-101 32 4 0 127 194 33872 0.5 0.05962402683714159
table-0875-582 9 4 0 58 448 2908 0.037037037037037035 2.1280353200883004
table-0875-426 1 3 0 215 307 21203 0.06666666666666667 0.003693281744635948
table-0875-412 0 1 0 124 163 14525 0.07142857142857142 0.0
table-0875-604 3 4 0 58 448 2908 0.037037037037037035 0.8233995584988962
table-0875-118 0 1 0 25 61 2678 1.0 0.0
table-0875-424 1 3 0 215 307 21203 0.06666666666666667 0.0031656700668308124
table-0875-120 6 6 0 81 125 1265 0.2 0.6666666666666666
table-0875-397 7 3 0 18 39 5962 0.125 0.22833178005591798
table-0875-31 1 3 1 0 0 0 0.0 37.0
table-0875-154 67 5 0 168 1102 28265 0.07692307692307693 6.515527950310559
table-0875-583 18 4 0 58 448 2908 0.037037037037037035 4.231788079470198
table-0875-83 26 3 0 8 34 1168 0.5 0.808076422058185
table-0875-634 3 3 0 18 20 1666 1.0 0.7620041753653445
table-0875-259 4 3 0 105 152 32059 0.3333333333333333 0.022509471807443726
table-0875-711 4 3 0 9 178 2405 0.04 0.0733873073909637
table-0875-149 104 5 0 168 1102 28265 0.07692307692307693 8.192546583850932
table-0875-113 2 2 0 74 199 6461 0.2 0.00454589418705871
table-0875-875 15 2 0 18 62 1728 0.07142857142857142 0.19216867469879517
table-0875-617 4 3 0 60 172 1766 0.14285714285714285 0.5393258426966292
table-0875-916 5 5 15 52 244 2555 0.0625 0.02817294281729428
table-0875-853 1 3 0 11 12 971 1.0 0.13636363636363635
table-0875-210 4 2 0 43 92 2639 0.14285714285714285 0.08967082860385925
table-0875-471 19 6 17 96 36 7272 0.5 1.0049342105263157
table-0875-409 2 2 0 124 163 14525 0.07142857142857142 0.007898894154818325
table-0875-757 2 4 0 41 55 5358 0.5 0.022093387652773425
table-0875-836 1 2 1 11 29 2257 1.0 0.01539708265802269
table-0875-292 13 3 8 39 99 64300 0.5 0.10809694299091159
table-0875-950 5 6 0 134 86 2141 0.5 0.6748466257668712
table-0875-336 0 0 0 181 187 2956 0.5 0.0
table-0875-572 1 6 1 110 180 5987 0.5 0.05040823571175009
table-0875-500 2 9 0 53 494 1362 0.05 0.039711191335740074
table-0875-4 16 10 6 18 151 27409 0.2 0.11732537907034551
table-0875-381 4 8 0 162 234 4175 0.1111111111111111 0.16823406478578892
table-0875-867 19 23 125 18 62 1728 0.07142857142857142 0.9698795180722891
table-0875-443 100 3 0 114 250 84659 0.5 30.02358490566038
table-0875-842 9 3 2 291 360 17624 0.25 0.25683212493028446
table-0875-933 2 3 0 25 219 0 1.0 0.091
table-0875-228 8 17 0 691 430 28677 1.0 0.04158283031522468
table-0875-763 2 7 0 43 99 1087 1.0 0.0748587570621469
table-0875-951 3 3 0 165 169 3549 1.0 0.10861805201427843
table-0875-917 1 2 0 52 244 2555 0.0625 0.008089260808926082
table-0875-952 21 7 21 364 224 7222 0.25 6.409356725146199
table-0875-944 46 6 15 149 280 991 0.16666666666666666 4.797788309636651
table-0875-3 51 3 0 6 15 16702 0.5 0.5467748825288339
table-0875-742 11 5 10 1135 395 42506 0.125 0.07733473242392445
table-0875-187 10 4 0 110 82 99454 1.0 0.12727949385932266
table-0875-54 220 4 62 21 270 342 1.0 15.15842105263158
table-0875-285 3 5 2 65 70 1512 0.3333333333333333 0.19691969196919692
table-0875-748 3 3 3 15 29 846 0.5 0.4632768361581921
table-0875-110 1 16 0 54 72 114256 0.5 0.012120232708468003
table-0875-575 4 5 0 5 97 144 1.0 0.5738077214231643
table-0875-212 2 3 0 895 1016 19660 0.3333333333333333 0.059127864005912786
table-0875-435 1 3 0 215 307 21203 0.06666666666666667 0.0031656700668308124
table-0875-546 2 2 0 3 27 281 1.0 0.015172413793103448
table-0875-680 8 2 0 147 238 44960 0.5 0.004566832526753459
table-0875-39 2 6 7 70 271 2098 0.3333333333333333 0.00585480093676815
table-0875-962 3 3 3 152 241 1034 0.125 0.1
table-0875-21 1 5 1 13 28 604 0.5 0.13989637305699482
table-0875-921 1 1 0 52 244 2555 0.0625 0.0034402603440260343
table-0875-403 16 2 0 117 134 19274 1.0 0.18484555984555984
table-0875-371 7 8 0 101 187 4224 0.2 0.2328767123287671
table-0875-706 7 3 1 9 178 2405 0.04 0.10211543483938365
table-0875-156 9 11 0 65 70 3727 0.5 0.3455752212389381
table-0875-548 1 2 0 4 33 1439 1.0 0.019765287214329835
table-0875-226 5 15 5 691 430 28677 1.0 0.02342946568298681
table-0875-544 6 2 0 3 27 281 1.0 0.06344827586206897
table-0875-49 109 4 5 38 218 56032 1.0 17.211090400745572
table-0875-975 6 2 0 69 55 2633 0.5 0.01698211044853513
table-0875-636 5 5 0 0 0 0 0.0 496.0
table-0875-506 1 5 0 19 41 3043 0.3333333333333333 0.03469685902118334
table-0875-920 12 3 3 52 244 2555 0.0625 0.047326824732682474
table-0875-464 3 3 0 129 173 5637 1.0 0.03341073271413829
table-0875-860 3 3 3 147 244 1353 0.125 0.2242562929061785
table-0875-162 5 4 0 66 80 40876 0.3333333333333333 0.05946632782719187
table-0875-69 13 4 0 273 213 51900 0.16666666666666666 0.03198581560283688
table-0875-521 5 9 0 170 688 3662 0.5 0.17986230636833048
table-0875-616 5 3 0 60 172 1766 0.14285714285714285 0.7258426966292135
table-0875-427 1 3 0 215 307 21203 0.06666666666666667 0.003341540626099191
table-0875-956 52 7 104 92 117 2708 0.5 28.952095808383234
table-0875-289 260 26 4656 33 46 27786 0.5 2970.5882352941176
table-0875-525 1 2 0 29 50 1899 0.5 0.033773861967694566
table-0875-262 0 1 0 39 47 1218 1.0 0.0
table-0875-856 22 11 17 313 411 1975 1.0 0.6694915254237288
table-0875-761 2 6 0 59 170 1768 1.0 0.09451659451659451
table-0875-143 48 9 13 26 123 5311 0.25 17.738287560581583
table-0875-16 13 10 0 93 373 1455 1.0 0.21296296296296297
table-0875-736 7 4 5 175 110 36147 1.0 0.6256109481915934
table-0875-244 4 4 1 129 7 34266 0.25 0.26365237815619497
table-0875-970 2 2 0 65 66 2865 0.5 0.0903387703889586
table-0875-20 3 4 2 93 373 1455 1.0 0.028463648834019206
table-0875-391 10 2 0 67 88 2665 0.5 0.21532846715328466
table-0875-387 9 3 5 86 90 1213 0.3333333333333333 0.41654357459379615
table-0875-239 0 1 0 14 37 2828 0.5 0.0
table-0875-782 2 2 0 45 57 1914 0.3333333333333333 0.13135593220338984
table-0875-555 5 5 0 4 147 3217 0.14285714285714285 0.45260663507109006
table-0875-577 3 5 6 48 121 1705 1.0 0.05488929889298893
table-0875-679 5 3 0 838 671 31386 1.0 0.007107676880880054
table-0875-23 1 5 1 16 29 577 0.5 0.1314935064935065
table-0875-684 3 3 0 20 30 722 1.0 0.18604651162790697
table-0875-417 8 3 0 124 163 14525 0.07142857142857142 0.10689836756187467
table-0875-884 1 19 0 144 246 672 0.14285714285714285 0.06902654867256637
table-0875-368 18 4 11 44 49 88893 0.3333333333333333 0.25158946412352406
table-0875-179 10 6 0 109 319 255933 0.08333333333333333 0.2539260047910567
table-0875-93 3 3 0 65 330 42449 0.3333333333333333 0.001685069398252849
table-0875-216 69 6 0 238 261 2503 0.3333333333333333 9.27508650519031
table-0875-27 6 5 10 52 108 3460 0.5 0.07465718638902996
table-0875-797 40 9 5 87 236 3295 0.5 5.5034246575342465
table-0875-307 1 3 0 198 248 4212 0.06666666666666667 0.014936519790888723
table-0875-994 6 4 0 204 544 1159 1.0 1.1161178509532061
table-0875-924 4 6 6 53 98 2054 0.25 0.014082462253193961
table-0875-195 1 2 0 142 259 7649 1.0 0.023370233702337023
table-0875-452 1 4 0 33 62 5079 0.3333333333333333 0.009629474565626963
table-0875-290 3 2 1 31 53 6661 1.0 0.04429920116194626
table-0875-673 10 3 0 30 84 7701 0.14285714285714285 0.36930455635491605
table-0875-316 1 2 1 111 132 5003 1.0 0.005491329479768786
table-0875-783 1 3 0 153 101 58677 1.0 0.010303877052043312
table-0875-499 4 9 0 53 494 1362 0.05 0.10288808664259928
table-0875-183 30 3 30 31 44 1855 0.5 2.303174603174603
table-0875-625 1 3 0 8 15 757 1.0 0.17391304347826086
table-0875-759 6 2 0 32 81 11687 0.3333333333333333 0.04333145751266179
table-0875-779 1 2 1 6 7 3052 1.0 0.08444444444444445
table-0875-408 3 2 0 124 163 14525 0.07142857142857142 0.02843601895734597
table-0875-411 9 2 0 124 163 14525 0.07142857142857142 0.0912761102334562
table-0875-332 6 2 0 13 36 1162 1.0 0.0510064043915828
table-0875-493 4 9 3 53 494 1362 0.05 0.052948255114320095
table-0875-402 1 3 0 15 22 732 1.0 0.11971197119711971
table-0875-275 1 3 0 56 55 854 1.0 0.18615751789976134
table-0875-276 2 7 0 6 80 3228 0.5 0.24305555555555555
table-0875-390 1 2 1 32 67 2722 1.0 0.013286713286713287
table-0875-666 7 6 6 453 437 1126 1.0 1.405840886203424
table-0875-840 6 5 5 5 11 206 1.0 0.16266666666666665
table-0875-507 2 2 1 66 109 17615 0.5 0.013507109004739337
table-0875-392 6 3 0 382 199 45084 1.0 0.10326609029779059
table-0875-709 5 3 0 9 178 2405 0.04 0.08513972316531732
table-0875-807 1 3 0 155 160 1638 1.0 0.03986599664991625
table-0875-681 1 3 0 37 67 1018 1.0 0.14537037037037037
table-0875-200 42 6 17 137 246 1005 0.16666666666666666 4.245775729646698
table-0875-914 10 5 0 52 244 2555 0.0625 0.027708042770804277
table-0875-993 4 4 0 204 544 1159 1.0 0.610051993067591
table-0875-803 10 3 0 55 92 16430 0.2 2.697872340425532
table-0875-410 3 2 0 124 163 14525 0.07142857142857142 0.017377567140600316
table-0875-565 16 4 0 52 52 29913 0.08333333333333333 0.5915492957746479
table-0875-781 2 2 0 45 57 1914 0.3333333333333333 0.1292372881355932
table-0875-931 6 5 4 55 69 1652 1.0 0.22058003346346905
table-0875-700 2 11 1 99 83 15768 1.0 0.056977812787186555
table-0875-972 4 2 0 289 233 639952 0.5 0.006479350853821
table-0875-279 7 8 0 843 599 1598 1.0 0.011955717182119525
table-0875-839 5 2 5 24 36 6333 1.0 0.10898502495840266
table-0875-981 51 7 106 4 38 3839 1.0 1.1510903426791277
table-0875-685 0 1 0 142 110 1210 0.3333333333333333 0.0
table-0875-112 7 2 0 74 199 6461 0.2 0.025050778605280974
table-0875-735 5 2 0 175 110 36147 1.0 0.34995112414467255
table-0875-429 1 3 0 215 307 21203 0.06666666666666667 0.002989799507562434
table-0875-191 9 7 0 32 78 1732 0.25 0.1257286907200252
table-0875-963 3 3 5 152 241 1034 0.125 0.08795180722891566
table-0875-863 3 3 3 147 244 1353 0.125 0.2242562929061785
table-0875-459 15 6 39 391 257 36681 0.5 1.8894472361809045
table-0875-466 3 2 0 12 465 1723 1.0 0.016581632653061226
table-0875-141 42 7 0 55 255 12857 0.5 2.4149590163934427
table-0875-550 4 4 0 4 147 3217 0.14285714285714285 0.3412322274881517
table-0875-240 2 3 0 13 16 1954 1.0 0.20822281167108753
table-0875-579 58 6 86 234 197 5620 1.0 3.2333916083916083
table-0875-170 1 7 0 62 101 4400 0.3333333333333333 0.023703703703703703
table-0875-324 4 3 0 146 139 3769 0.3333333333333333 0.0127420998980632
table-0875-961 3 3 5 152 241 1034 0.125 0.07349397590361446
table-0875-517 5 9 0 170 688 3662 0.5 0.18244406196213425
table-0875-131 6 9 0 94 213 1976 0.14285714285714285 0.16272009714632665
table-0875-830 1 2 1 11 14 1053 1.0 0.030303030303030304
table-0875-62 1 11 0 243 308 76720 0.2 0.003492005146112847
table-0875-15 8 10 0 93 373 1455 1.0 0.1289437585733882
table-0875-376 9 2 0 160 225 11680 0.5 0.10857988165680474
table-0875-791 3 8 2 37 70 3408 0.5 0.06037906137184115
table-0875-346 1 6 0 130 309 841 0.045454545454545456 0.02064516129032258
table-0875-166 2 5 0 54 228 11638 0.5 0.7950742027155037
table-0875-414 12 14 105 124 163 14525 0.07142857142857142 0.06775495875021942
table-0875-47 4 2 0 47 47 17638 0.3333333333333333 0.19823788546255505
table-0875-909 4 6 5 16 39 783 0.5 0.1424090338770389
table-0875-278 7 8 0 843 599 1598 1.0 0.012180993145174268
table-0875-319 1 3 0 11 19 590 1.0 0.16022889842632332
table-0875-837 53 4 53 62 100 653 1.0 15.925233644859814
table-0875-846 9 5 6 0 0 0 0.0 320.0
table-0875-926 10 6 9 53 98 2054 0.25 0.022502903600464575
table-0875-835 0 1 0 6 8 853 1.0 0.0
table-0875-286 3 5 2 65 70 1512 0.3333333333333333 0.19911991199119913
table-0875-17 1 19 0 93 373 1455 1.0 0.011659807956104253
table-0875-790 4 9 2 100 146 3750 0.3333333333333333 0.28270042194092826
table-0875-294 1 3 0 198 248 4212 0.06666666666666667 0.012696041822255415
table-0875-415 5 2 0 124 163 14525 0.07142857142857142 0.040021063717746184
table-0875-461 26 3 24 9 37 861 0.3333333333333333 3.7257383966244726
table-0875-222 16 14 42 691 430 28677 1.0 0.06483344511513525
table-0875-897 3 7 0 27 83 1286 0.25 1.9929577464788732
table-0875-87 6 1 0 448 138 4725 0.16666666666666666 0.06479625918503674
table-0875-765 55 3 0 313 119 64355 0.5 0.33313379227776113
table-0875-436 1 3 0 215 307 21203 0.06666666666666667 0.003693281744635948
table-0875-369 8 4 0 44 49 88893 0.3333333333333333 0.44141689373297005
table-0875-720 13 3 0 9 178 2405 0.04 0.17680856620527552
table-0875-605 3 4 0 58 448 2908 0.037037037037037035 0.6887417218543046
table-0875-847 28 2 0 118 32 20244 0.14285714285714285 4.4375
table-0875-643 35 5 0 16 256 1750 0.06666666666666667 0.07951169099599535
table-0875-855 22 11 17 313 411 1975 1.0 0.6754735792622134
table-0875-776 2 3 0 36 50 5205 1.0 0.1391270459859704
table-0875-754 1 3 0 30 66 1345 0.3333333333333333 0.09778085991678225
table-0875-372 15 2 15 101 187 4224 0.2 0.2517123287671233
table-0875-124 73 8 81 642 378 46882 0.25 0.9613278008298756
table-0875-888 3 7 2 144 246 672 0.14285714285714285 0.3309734513274336
table-0875-775 7 3 0 15 30 1944 1.0 1.7067833698030634
table-0875-168 40 7 0 42 182 8905 0.5 4.0314442413162705
table-0875-918 5 8 0 52 244 2555 0.0625 0.020269642026964203
table-0875-567 7 1 0 146 427 217 1.0 0.009120644106176877
table-0875-767 5 2 0 313 119 64355 0.5 0.0193055971266088
table-0875-50 2 4 0 514 98 469843 0.2 0.030409254228376127
table-0875-603 9 4 0 58 448 2908 0.037037037037037035 2.247240618101545
table-0875-800 3 3 0 23 23 5273 1.0 0.09104389086595492
table-0875-428 1 3 0 215 307 21203 0.06666666666666667 0.004396763981709462
table-0875-923 10 5 0 52 244 2555 0.0625 0.035146443514644354
table-0875-871 1 11 0 18 62 1728 0.07142857142857142 0.01144578313253012
table-0875-587 6 4 0 58 448 2908 0.037037037037037035 1.5253863134657837
table-0875-627 3 5 0 11 28 2008 1.0 0.06287588846364134
table-0875-105 45 5 61 126 56 48929 0.2 0.9117647058823529
table-0875-580 24 5 0 60 115 1485 0.5 7.243951612903226
table-0875-939 0 1 0 168 157 1348 0.3333333333333333 0.0
table-0875-658 0 0 0 16 256 1750 0.06666666666666667 0.0
table-0875-947 2 7 0 149 280 991 0.16666666666666666 0.22274881516587677
table-0875-190 5 6 4 32 78 1732 0.25 0.03056562155348984
table-0875-760 10 2 10 100 94 120782 0.5 0.01437246963562753
table-0875-881 1 2 0 108 124 917 1.0 0.008620689655172414
table-0875-351 5 4 1 130 309 841 0.045454545454545456 0.07225806451612904
table-0875-819 10 6 0 78 143 830 0.16666666666666666 0.39956958393113345
table-0875-220 3 3 0 0 0 0 0.0 111.0
table-0875-799 1 3 0 86 285 1663 1.0 0.280672268907563
table-0875-449 1 3 0 39 105 4407 1.0 0.01654091700522345
table-0875-413 10 3 0 124 163 14525 0.07142857142857142 0.10900473933649289
table-0875-358 7 4 0 130 309 841 0.045454545454545456 0.13832258064516129
table-0875-943 3 47 0 149 280 991 0.16666666666666666 0.320695102685624
table-0875-119 1 2 1 32 52 7472 1.0 0.017924528301886792
table-0875-703 8 3 0 9 178 2405 0.04 0.1418124836772003
table-0875-687 91 15 4 93 234 133 1.0 12.95952023988006
table-0875-593 12 4 0 58 448 2908 0.037037037037037035 2.7152317880794703
table-0875-214 3 2 3 39 59 611 1.0 0.02185792349726776
table-0875-903 11 7 10 153 172 28335 0.25 0.16521350324167225
table-0875-596 12 4 0 58 448 2908 0.037037037037037035 2.5496688741721854
table-0875-481 9 4 5 15 179 1145 0.2 0.6209068010075567
table-0875-150 97 5 0 168 1102 28265 0.07692307692307693 7.370600414078675
table-0875-753 5 3 4 30 66 1345 0.3333333333333333 0.26629680998613037
table-0875-245 1 3 0 13 39 1301 1.0 0.06948640483383686
table-0875-213 2 4 0 39 59 611 1.0 0.061627200971463264
table-0875-747 3 10 0 37 203 792 0.3333333333333333 0.24258760107816713
table-0875-250 1 17 0 228 244 16682 0.5 0.006337390604566945
table-0875-297 1 3 0 198 248 4212 0.06666666666666667 0.014189693801344288
table-0875-995 5 4 5 204 544 1159 1.0 0.48700173310225303
table-0875-848 43 2 0 118 32 20244 0.14285714285714285 1.9835526315789473
table-0875-219 1 2 0 0 0 0 0.0 42.0
table-0875-184 25 4 0 171 130 2140 0.5 3.4954545454545456
table-0875-766 32 3 0 313 119 64355 0.5 0.14097575576174798
table-0875-174 2 12 0 109 319 255933 0.08333333333333333 0.07958477508650519
table-0875-503 2 9 0 53 494 1362 0.05 0.040312876052948254
table-0875-505 2 5 3 19 41 3043 0.3333333333333333 0.038349159970781595
table-0875-670 4 3 0 37 53 3551 1.0 0.11879860552426924
table-0875-957 8 10 3 152 241 1034 0.125 0.689156626506024
table-0875-672 2 2 0 343 284 22514 0.3333333333333333 0.01562228779725742
table-0875-560 3 3 0 17 62 12507 0.5 0.03874015748031496
table-0875-159 22 11 17 345 409 2589 1.0 0.731381612737545
table-0875-802 2 2 1 72 118 12323 0.5 0.03000517330574237
table-0875-311 8 5 5 292 452 107 1.0 0.09171974522292993
table-0875-68 20 4 0 273 213 51900 0.16666666666666666 0.1776595744680851
table-0875-900 5 3 0 14 26 1000 0.5 0.1993911719939117
table-0875-946 1 7 0 149 280 991 0.16666666666666666 0.10584518167456557
table-0875-8 50 2 0 18 151 27409 0.2 0.27429778772060653
table-0875-6 3 8 0 18 151 27409 0.2 0.03554561272682078
table-0875-445 126 6 387 195 421 742654 0.3333333333333333 3.4365805168986086
table-0875-696 24 19 3 456 421 74082 0.09090909090909091 0.2590943837402761
table-0875-559 6 2 6 17 62 12507 0.5 0.03811023622047244
table-0875-862 3 3 3 147 244 1353 0.125 0.2471395881006865
table-0875-693 17 6 0 456 421 74082 0.09090909090909091 0.062053149871846756
table-0875-818 6 3 0 78 143 830 0.16666666666666666 0.45911047345767575
table-0875-719 19 5 0 9 178 2405 0.04 0.31522590754766255
table-0875-400 14 4 0 18 39 5962 0.125 0.7082945013979497
table-0875-330 6 10 0 33 83 898 0.5 0.6895368782161235
table-0875-646 18 3 0 16 256 1750 0.06666666666666667 0.03907763854799121
table-0875-293 14 8 13 198 248 4212 0.06666666666666667 1.2613890963405527
table-0875-139 41 5 42 123 150 10633 0.3333333333333333 0.23436956672925793
table-0875-801 1 4 0 35 75 1309 0.5 0.05642023346303502
table-0875-55 2 3 0 184 147 137192 0.25 0.005628325828898895
table-0875-649 24 7 1 16 256 1750 0.06666666666666667 0.059294664771993286
table-0875-272 27 6 1 208 283 10033 1.0 0.17845364602418468
table-0875-446 7 3 0 56 83 334 1.0 0.4899845916795069
table-0875-398 11 4 1 18 39 5962 0.125 0.3625349487418453
table-0875-274 1 2 1 221 246 24526 1.0 0.003127057274522712
table-0875-78 3 3 0 84 174 21625 0.16666666666666666 0.03402171035213132
table-0875-271 39 9 47 63 204 1660 0.3333333333333333 8.772151898734178
table-0875-148 135 5 0 168 1102 28265 0.07692307692307693 9.298136645962733
table-0875-225 3 15 5 691 430 28677 1.0 0.016946121171473285
table-0875-977 15 9 0 40 102 1289 0.25 1.1598190727478326
table-0875-964 18 8 69 5 156 3906 1.0 0.01816591803474182
table-0875-233 1 14 0 691 430 28677 1.0 0.004247708473060586
table-0875-218 9 2 8 27 46 16227 1.0 0.05835278426142047
table-0875-300 1 3 0 198 248 4212 0.06666666666666667 0.01194921583271098
table-0875-864 3 3 3 147 244 1353 0.125 0.17162471395881007
table-0875-180 39 4 0 109 319 255933 0.08333333333333333 0.6861857865318073
table-0875-237 10 16 36 691 430 28677 1.0 0.04793203666443103
table-0875-610 22 11 17 303 408 1980 1.0 0.7137486573576799
table-0875-878 18 6 12 1138 1002 240152 1.0 0.2151238591916558
table-0875-820 10 7 0 78 143 830 0.16666666666666666 0.42395982783357244
table-0875-958 3 3 5 152 241 1034 0.125 0.08072289156626505
table-0875-64 1 16 0 243 308 76720 0.2 0.004962323102370888
table-0875-53 1 2 1 12 29 2822 1.0 0.021252796420581657
table-0875-683 8 7 16 175 185 1073 1.0 2.9925925925925925
table-0875-913 10 5 0 52 244 2555 0.0625 0.029567642956764294
table-0875-309 5 4 0 35 35 6821 0.3333333333333333 0.12700051626226122
table-0875-103 5 6 5 16 35 697 1.0 0.1302913688840022
table-0875-726 4 3 0 57 67 1043 0.5 0.3645320197044335
table-0875-232 16 14 82 691 430 28677 1.0 0.04556226246367091
table-0875-478 12 4 2 15 179 1145 0.2 0.8967254408060453
table-0875-134 42 6 0 58 263 20192 0.5 1.7689987937273823
table-0875-796 12 7 0 87 236 3295 0.5 0.7414383561643836
table-0875-253 8 4 0 30 111 2346 0.14285714285714285 0.06776416539050537
table-0875-67 25 4 0 273 213 51900 0.16666666666666666 0.08801418439716312
table-0875-163 7 3 0 66 80 40876 0.3333333333333333 0.06759847522236341
table-0875-111 7 2 0 74 199 6461 0.2 0.04149337460102524
table-0875-230 9 11 22 691 430 28677 1.0 0.030538788285267158
table-0875-628 7 3 0 21 91 23834 0.5 0.05041221786727936
table-0875-304 1 3 0 198 248 4212 0.06666666666666667 0.014936519790888723
table-0875-581 12 4 0 58 448 2908 0.037037037037037035 2.9072847682119205
table-0875-477 25 6 0 15 179 1145 0.2 0.7732997481108312
table-0875-158 5 4 0 183 174 11163 0.5 0.37727558066541117
table-0875-749 1 3 0 15 29 846 0.5 0.2598870056497175
table-0875-145 118 5 0 168 1102 28265 0.07692307692307693 9.254658385093167
table-0875-795 6 6 8 108 115 14107 1.0 0.3522479266695766
table-0875-877 34 12 9 1138 1002 240152 1.0 0.21551499348109518
table-0875-865 115 6 0 18 62 1728 0.07142857142857142 5.531927710843373
table-0875-231 21 14 90 691 430 28677 1.0 0.06876816454281243
table-0875-418 7 3 0 124 163 14525 0.07142857142857142 0.07986659645427419
table-0875-320 1 1 0 1115 474 152439 0.5 0.003898105339497779
table-0875-792 33 3 0 124 157 9561 0.3333333333333333 0.24348293469497448
table-0875-739 4 3 0 5 32 364 1.0 0.1581517655897821
table-0875-356 12 4 7 130 309 841 0.045454545454545456 0.1287741935483871
table-0875-438 1 3 0 215 307 21203 0.06666666666666667 0.002638058389025677
table-0875-94 14 4 0 246 275 2859 0.3333333333333333 1.4024767801857585
table-0875-460 74 3 0 3430 203 45777 0.5 13.1890756302521
table-0875-832 1 2 1 17 40 0 1.0 0.011040092969203951
table-0875-805 32 4 1 55 92 16430 0.2 8.02127659574468
table-0875-692 70 6 1 456 421 74082 0.09090909090909091 0.2795539367777328
table-0875-699 2 3 0 27 39 695 1.0 0.21108179419525067
table-0875-730 5 2 0 175 110 36147 1.0 0.39002932551319647
table-0875-335 7 1 0 181 187 2956 0.5 0.07454200884396715
table-0875-303 1 3 0 198 248 4212 0.06666666666666667 0.01568334578043316
table-0875-133 0 1 0 94 213 1976 0.14285714285714285 0.0
table-0875-967 9 13 0 102 101 26507 0.5 0.2949346405228758
table-0875-167 4 3 0 16 47 1928 1.0 0.27070217917675543
table-0875-283 7 8 0 467 249 1685 1.0 0.02768003753225428
table-0875-277 5 2 0 843 599 1598 1.0 0.001045924114182731
table-0875-164 43 4 50 32 79 10953 1.0 1.0562293274531422
table-0875-296 1 3 0 198 248 4212 0.06666666666666667 0.014936519790888723
table-0875-254 12 4 0 30 111 2346 0.14285714285714285 0.11466309341500766
table-0875-904 8 3 1 192 217 16257 0.2 0.43889223359422036
table-0875-675 3 3 0 30 84 7701 0.14285714285714285 0.1157074340527578
table-0875-511 50 7 0 19 44 4392 1.0 57.42150170648464
table-0875-777 5 7 5 365 224 119178 0.5 0.00995726307441512
table-0875-953 1 4 0 364 224 7222 0.25 0.023391812865497075
table-0875-207 60 7 60 43 92 2639 0.14285714285714285 4.072077185017026
table-0875-898 5 3 0 53 66 1068 0.5 0.7560975609756098
table-0875-852 32 2 0 118 32 20244 0.14285714285714285 1.6217105263157894
table-0875-674 4 3 0 30 84 7701 0.14285714285714285 0.12709832134292565
table-0875-32 3 3 0 306 128 519127 0.25 0.05792331742636169
table-0875-58 2 2 0 109 166 45104 0.3333333333333333 0.009730330831248262
table-0875-251 4 3 0 187 177 2062 1.0 0.314510833880499
table-0875-508 8 5 0 66 109 17615 0.5 0.1400473933649289
table-0875-451 2 2 0 33 62 5079 0.3333333333333333 0.0105714883818296
table-0875-406 4 4 0 124 163 14525 0.07142857142857142 0.07266982622432859
table-0875-941 6 3 0 615 617 11684 1.0 0.031190080531765307
table-0875-702 9 3 0 9 178 2405 0.04 0.1504309219117263
table-0875-72 3 3 0 49 67 3995 1.0 0.22695924764890282
table-0875-999 2 4 0 204 544 1159 1.0 0.4003466204506066
table-0875-633 1 2 0 19 41 1326 1.0 0.021718602455146365
table-0875-826 2 6 0 12 38 1387 0.2 0.14403669724770643
table-0875-201 4 7 2 137 246 1005 0.16666666666666666 0.38556067588325654
table-0875-209 14 3 0 43 92 2639 0.14285714285714285 0.27014755959137343
table-0875-73 21 4 0 174 181 30015 0.5 0.13571371515296748
table-0875-421 1 3 0 971 781 97859 1.0 0.012990288813217303
table-0875-911 10 5 0 52 244 2555 0.0625 0.03198512319851232
table-0875-547 1 2 0 4 33 1439 1.0 0.010500308832612723
table-0875-236 12 16 22 691 430 28677 1.0 0.05070422535211268
table-0875-265 0 1 0 296 647 118 1.0 0.0
table-0875-543 14 3 0 10 61 7461 0.125 0.31346578366445915
table-0875-927 1 2 1 115 155 12045 0.5 0.008566275924256087
table-0875-457 37 6 22 391 257 36681 0.5 5.798994974874372
table-0875-701 13 5 0 9 178 2405 0.04 0.3379472447114129
table-0875-607 27 5 0 62 134 1569 0.5 9.775862068965518
table-0875-394 24 4 0 37 208 3116 0.3333333333333333 0.6151172893136403
table-0875-171 9 12 0 62 101 4400 0.3333333333333333 0.20444444444444446
table-0875-870 40 6 0 18 62 1728 0.07142857142857142 2.5789156626506022
table-0875-571 1 5 2 162 179 1555 1.0 0.030379746835443037
table-0875-350 7 8 11 130 309 841 0.045454545454545456 0.1016774193548387
table-0875-312 3 5 0 339 561 64 1.0 0.5071258907363421
table-0875-532 1 3 0 576 517 15300 0.08333333333333333 0.042136207741303285
table-0875-489 4 9 4 53 494 1362 0.05 0.0210589651022864
table-0875-530 34 6 43 184 284 5212 1.0 4.967741935483871
table-0875-549 80 3 0 0 0 0 0.0 6007.0
table-0875-948 24 10 0 149 280 991 0.16666666666666666 2.0537124802527646
table-0875-404 1 3 0 3 18 152 1.0 0.04272959183673469
table-0875-189 10 6 0 97 97 1269 0.3333333333333333 2.0671641791044775
table-0875-798 20 2 0 1840 377 23469 1.0 0.0425616864968458
table-0875-651 0 1 0 16 256 1750 0.06666666666666667 0.0
table-0875-492 6 9 6 53 494 1362 0.05 0.035499398315282794
table-0875-437 1 3 0 215 307 21203 0.06666666666666667 0.003341540626099191
table-0875-152 58 5 0 168 1102 28265 0.07692307692307693 5.956521739130435
table-0875-976 15 9 0 40 102 1289 0.25 1.1813041839427063
table-0875-642 1 2 1 16 256 1750 0.06666666666666667 0.0021960986952590106
table-0875-965 10 4 1 5 156 3906 1.0 0.017331160313232896
table-0875-715 6 2 0 9 178 2405 0.04 0.09741446852964221
table-0875-707 6 3 0 9 178 2405 0.04 0.0966309741446853
table-0875-18 3 30 0 93 373 1455 1.0 0.22119341563786007
table-0875-155 4 2 0 72 90 21185 0.5 0.10163934426229508
table-0875-966 10 4 1 59 131 16606 0.5 0.07386074877181094
table-0875-854 1 3 0 7 24 471 1.0 0.10099750623441396
table-0875-76 7 2 0 84 174 21625 0.16666666666666666 0.049642573471008734
table-0875-626 0 1 0 86 68 8881 1.0 0.0
table-0875-738 35 3 0 677 182 247761 0.3333333333333333 0.7947767778365978
table-0875-193 1 3 1 16 29 4615 0.5 0.008695652173913044
table-0875-185 7 2 0 149 195 1307 1.0 0.028409090909090908
table-0875-786 2 4 0 485 393 119727 1.0 0.004933920704845815
table-0875-243 10 11 38 129 7 34266 0.25 0.10393423370522607
table-0875-135 2 5 0 58 263 20192 0.5 0.038600723763570564
table-0875-563 14 4 0 52 52 29913 0.08333333333333333 1.4501825769431402
table-0875-33 4 4 0 306 128 519127 0.25 0.07289781142010861
table-0875-378 7 8 26 44 59 1080 0.2 1.690721649484536
table-0875-527 1 3 0 29 50 1899 0.5 0.02569750367107195
table-0875-992 3 4 0 204 544 1159 1.0 0.5632582322357019
table-0875-38 41 9 46 70 271 2098 0.3333333333333333 2.251366120218579
table-0875-694 7 5 0 456 421 74082 0.09090909090909091 0.035028553442151174
table-0875-689 14 8 8 211 236 10162 1.0 0.6255723846424798
table-0875-160 22 11 18 345 409 2589 1.0 0.7015921931176169
table-0875-137 5 10 0 316 230 196120 0.3333333333333333 0.010882946767124637
table-0875-444 16 3 0 10 46 1663 0.5 0.3473705834018077
table-0875-485 13 9 0 494 144 271481 1.0 0.06844168572361974
table-0875-419 6 3 0 124 163 14525 0.07142857142857142 0.05669650693347376
table-0875-19 4 9 0 93 373 1455 1.0 0.05246913580246913
table-0875-969 1 3 0 14 38 2268 1.0 0.018283127285390912
table-0875-147 145 5 0 168 1102 28265 0.07692307692307693 10.627329192546584
table-0875-590 9 4 0 58 448 2908 0.037037037037037035 2.1545253863134657
table-0875-261 1 3 0 95 136 29736 1.0 0.008768496046347765
table-0875-326 10 8 0 29 62 969 0.3333333333333333 2.516826923076923
table-0875-940 3 9 0 168 157 1348 0.3333333333333333 0.47003891050583657
table-0875-280 3 4 0 843 599 1598 1.0 0.0025263090142567503
table-0875-472 7 5 5 341 413 87 1.0 0.06659472791737321
table-0875-599 7 4 0 58 448 2908 0.037037037037037035 1.5143487858719646
table-0875-764 7 2 0 313 119 64355 0.5 0.03382220891948518
table-0875-723 12 3 0 9 178 2405 0.04 0.20396970488378166
table-0875-810 1 3 0 12 19 1351 1.0 0.09141494435612083
table-0875-710 5 3 0 9 178 2405 0.04 0.08252807521546096
table-0875-654 0 1 0 16 256 1750 0.06666666666666667 0.0
table-0875-242 17 3 0 129 7 34266 0.25 0.7304756312389901
table-0875-34 1 2 0 306 128 519127 0.25 0.0064176402830343916
table-0875-793 41 3 0 124 157 9561 0.3333333333333333 0.500268744961032
table-0875-24 5 5 10 16 29 577 0.5 0.6428571428571429
table-0875-838 1 3 0 22 15 4375 1.0 0.038411739318083726
table-0875-809 11 4 0 2662 1032 679535 0.25 0.021128613857663823
table-0875-140 6 3 0 440 286 42177 1.0 0.061500510377679486
table-0875-553 52 6 0 4 147 3217 0.14285714285714285 16.561611374407583
table-0875-752 1 3 0 12 27 5706 1.0 0.11067708333333333
table-0875-453 6 7 3 121 103 229518 0.3333333333333333 0.020032632342277014
table-0875-522 51 3 1 76 83 1218 0.5 1.4357021996615906
table-0875-470 22 6 0 5 30 3652 1.0 21.733226837060702
table-0875-315 7 3 0 27 81 14258 0.3333333333333333 0.05123674911660778
table-0875-217 15 4 15 93 98 1513 0.5 1.8599537037037037
table-0875-828 20 6 2 12 38 1387 0.2 9.673394495412843
table-0875-869 2 2 0 18 62 1728 0.07142857142857142 0.014457831325301205
table-0875-768 10 3 0 21 21 4880 0.2 0.14021739130434782
table-0875-564 14 4 0 52 52 29913 0.08333333333333333 2.5075639019300993
table-0875-327 6 10 0 29 62 969 0.3333333333333333 0.9663461538461539
table-0875-202 1 7 0 137 246 1005 0.16666666666666666 0.09216589861751152
table-0875-95 14 11 12 246 275 2859 0.3333333333333333 0.7440660474716202
table-0875-393 24 8 0 37 208 3116 0.3333333333333333 1.5629887054735012
table-0875-108 1 2 0 144 160 3234 1.0 0.022545454545454546
table-0875-125 5 6 0 642 378 46882 0.25 0.0700414937759336
table-0875-63 1 16 0 243 308 76720 0.2 0.004962323102370888
table-0875-347 5 9 2 130 309 841 0.045454545454545456 0.0567741935483871
table-0875-328 1 3 0 127 154 2992 1.0 0.07832009080590238
table-0875-61 176 2 0 53 84 2085 0.5 6.947242206235012
table-0875-586 6 4 0 58 448 2908 0.037037037037037035 1.596026490066225
table-0875-224 1 16 2 691 430 28677 1.0 0.005499664654594232
table-0875-107 0 1 0 1268 912 314094 1.0 0.0
table-0875-661 7 13 0 153 167 34219 1.0 0.16622340425531915
table-0875-922 1 1 0 52 244 2555 0.0625 0.002882380288238029
table-0875-215 27 6 0 238 261 2503 0.3333333333333333 3.0
table-0875-359 5 4 0 130 309 841 0.045454545454545456 0.09703225806451612
table-0875-570 3 4 0 74 88 223116 1.0 0.048653441205807384
table-0875-554 26 6 0 4 147 3217 0.14285714285714285 9.675355450236967
table-0875-65 7 22 6 243 308 76720 0.2 0.8810880352876309
table-0875-891 3 2 0 197 219 18100 0.16666666666666666 0.22366992399565688
table-0875-42 10 8 0 38 69 985 0.3333333333333333 2.3694690265486726
table-0875-746 19 8 0 37 203 792 0.3333333333333333 1.7708894878706198
table-0875-425 1 3 0 215 307 21203 0.06666666666666667 0.003693281744635948
table-0875-199 3 41 0 137 246 1005 0.16666666666666666 0.2764976958525346
table-0875-382 4 8 0 162 234 4175 0.1111111111111111 0.12748171368861025
table-0875-886 42 6 12 144 246 672 0.14285714285714285 4.814159292035399
table-0875-829 20 3 0 672 267 5648 1.0 0.08368003767956668
table-0875-59 1 3 0 14 51 2064 1.0 0.08519463943841736
table-0875-879 0 1 0 1138 1002 240152 1.0 0.0
table-0875-545 2 2 0 3 27 281 1.0 0.021379310344827585
table-0875-44 1 2 0 6 19 981 1.0 0.022817460317460316
table-0875-383 4 8 0 162 234 4175 0.1111111111111111 0.18286311389759666
table-0875-22 5 5 10 13 28 604 0.5 0.687392055267703
table-0875-857 22 11 16 313 411 1975 1.0 0.6101694915254238
table-0875-611 22 11 18 303 408 1980 1.0 0.6331901181525241
table-0875-81 5 4 6 31 47 3650 0.3333333333333333 0.996268656716418
table-0875-985 44 14 186 4 38 3839 1.0 1.4365264797507789
table-0875-716 11 21 119 9 178 2405 0.04 0.453382084095064
table-0875-467 144 8 150 12 465 1723 1.0 6.199829931972789
table-0875-268 6 6 0 63 204 1660 0.3333333333333333 2.8607594936708862
table-0875-223 6 16 24 691 430 28677 1.0 0.019941873463000224
table-0875-770 10 3 0 21 21 4880 0.2 0.09202898550724638
table-0875-333 5 2 0 13 36 1162 1.0 0.032250686184812444
table-0875-181 11 3 0 109 319 255933 0.08333333333333333 0.10114453021027416
table-0875-789 1 4 0 100 146 3750 0.3333333333333333 0.379746835443038
table-0875-5 5 8 6 18 151 27409 0.2 0.05828983345761869
table-0875-116 77 5 140 26 29 1264 1.0 5.702702702702703
table-0875-14 1 3 0 242 110 36538 0.25 0.01620123641014709
table-0875-671 7 5 4 233 284 2221 0.5 0.1907356948228883
table-0875-41 23 4 0 38 69 985 0.3333333333333333 1.5575221238938053
table-0875-178 3 5 0 109 319 255933 0.08333333333333333 0.13601277615118446
table-0875-620 1 3 0 8 88 1535 1.0 0.041355721393034825
table-0875-578 3 2 0 234 197 5620 1.0 0.07080419580419581
table-0875-955 11 2 0 11 46 1167 0.3333333333333333 0.09400687490659095
table-0875-934 1 3 0 25 219 0 1.0 0.042
table-0875-194 1 2 1 142 259 7649 1.0 0.023370233702337023
table-0875-56 10 2 5 109 166 45104 0.3333333333333333 0.08729496802891298
table-0875-635 1 3 0 25 28 2231 1.0 0.09697933227344992
table-0875-495 6 9 6 53 494 1362 0.05 0.03369434416365824
table-0875-74 2 2 0 0 0 0 0.0 44.0
table-0875-377 3 5 6 147 233 3261 1.0 0.08949416342412451
table-0875-895 6 3 0 27 83 1286 0.25 0.8415492957746479
table-0875-959 3 3 5 152 241 1034 0.125 0.07590361445783132
table-0875-845 24 2 0 67 52 346 1.0 17.376237623762375
table-0875-401 2 4 0 18 39 5962 0.125 0.09925442684063374
table-0875-284 0 1 0 467 249 1685 1.0 0.0
table-0875-883 1 5 0 36 57 3096 0.3333333333333333 0.02548958657133976
table-0876-1000 7 4 0 204 544 1159 1.0 1.5875216637781628
table-0875-384 4 8 0 162 234 4175 0.1111111111111111 0.14420062695924765
table-0875-516 5 9 0 170 688 3662 0.5 0.14716006884681584
table-0875-734 13 2 0 175 110 36147 1.0 0.5571847507331378
table-0875-128 2 2 0 17 26 7036 0.5 0.05432937181663837
table-0875-246 103 20 1619 13 53 2454 0.5 1.7036040882194727
table-0875-91 2 3 0 244 175 18980 0.25 0.03686440677966102
table-0875-374 6 5 12 150 240 3961 1.0 0.12417982989064398
table-0875-518 5 9 0 170 688 3662 0.5 0.14199655765920827
table-0875-364 1 6 0 101 192 4520 0.2 0.047058823529411764
table-0875-314 12 3 0 27 81 14258 0.3333333333333333 0.08524734982332155
table-0875-667 4 3 0 102 141 2975 1.0 0.11512667660208643
table-0875-1 2 3 0 7 22 10213 1.0 0.2706459525756337
table-0875-447 4 2 0 40 79 17508 1.0 0.01738913387137033
table-0875-851 16 2 0 118 32 20244 0.14285714285714285 0.8947368421052632
table-0875-905 6 3 0 192 217 16257 0.2 0.3353401565322095
table-0875-151 68 5 0 168 1102 28265 0.07692307692307693 6.9399585921325055
table-0875-619 2 3 0 20 21 2622 1.0 0.15996649916247907
table-0875-598 3 4 0 58 448 2908 0.037037037037037035 0.6754966887417219
table-0875-2 3 5 3 25 28 656 1.0 0.1900596421471173
table-0875-7 50 2 0 18 151 27409 0.2 0.25913497390007456
table-0875-885 3 41 0 144 246 672 0.14285714285714285 0.3185840707964602
table-0875-731 19 2 2 175 110 36147 1.0 0.8621700879765396
table-0875-509 1 3 0 12 21 802 1.0 0.07909604519774012
table-0875-745 10 2 0 61 71 44130 1.0 0.11375595088950138
table-0875-439 0 1 0 54 75 6547 1.0 0.0
table-0875-84 100 3 0 116 255 52380 0.5 30.53301886792453
table-0875-13 6 3 5 242 110 36538 0.25 0.04434022596461309
table-0875-89 3 2 0 212 205 5219 0.5 0.0603376695267091
table-0875-657 0 1 0 16 256 1750 0.06666666666666667 0.0
table-0875-989 8 7 12 94 131 9149 1.0 0.3820078226857888
table-0875-281 5 3 0 843 599 1598 1.0 0.00979950439288128
table-0875-942 1 19 0 149 280 991 0.16666666666666666 0.0631911532385466
table-0875-211 11 9 10 895 1016 19660 0.3333333333333333 1.1446169007144618
table-0875-821 11 1 0 78 143 830 0.16666666666666666 0.2460545193687231
table-0875-552 52 6 0 4 147 3217 0.14285714285714285 15.69431279620853
table-0875-498 2 7 0 53 494 1362 0.05 0.05415162454873646
table-0875-755 3 8 3 11 23 1303 0.3333333333333333 0.35648148148148145
table-0875-784 3 10 2 141 182 1303 0.3333333333333333 0.07009694258016405
table-0875-935 3 3 1 25 219 0 1.0 0.114
table-0875-814 3 2 0 18 70 2183 1.0 0.025761602944183195
table-0875-988 52 4 52 139 163 6435 0.5 12.73134328358209
table-0875-910 2 1 1 52 244 2555 0.0625 0.0032543003254300326
table-0875-678 1 3 0 40 57 1675 1.0 0.25882352941176473
table-0875-844 3 3 0 291 360 17624 0.25 0.04517568321249303
table-0875-341 0 1 0 513 589 562334 0.25 0.0
table-0875-929 10 5 8 110 136 2127 1.0 0.39059251559251557
table-0875-473 9 5 5 341 413 87 1.0 0.09249267766301834
table-0875-974 1 3 1 22 35 2888 1.0 0.03253922138291691
table-0875-269 14 7 0 63 204 1660 0.3333333333333333 1.634493670886076
table-0875-986 43 9 49 4 38 3839 1.0 0.690809968847352
table-0875-490 9 9 9 53 494 1362 0.05 0.048736462093862815
table-0875-750 7 5 0 144 116 19923 0.5 0.05233243967828418
table-0875-609 22 11 19 303 408 1980 1.0 0.6638023630504833
table-0875-342 9 5 0 130 309 841 0.045454545454545456 0.14503225806451614
table-0875-177 10 7 0 109 319 255933 0.08333333333333333 0.3398988554697897
table-0875-774 20 10 25 41 69 1682 0.5 1.9356617647058822
table-0875-566 5 4 0 52 52 29913 0.08333333333333333 0.03495044340114763
table-0875-9 3 2 0 25 93 612 1.0 0.2636986301369863
table-0875-569 6 5 4 63 88 788 1.0 0.8228630278063852
table-0875-357 6 4 4 130 309 841 0.045454545454545456 0.05729032258064516
table-0875-533 2 7 0 576 517 15300 0.08333333333333333 0.116609505144537
table-0875-597 0 1 0 58 448 2908 0.037037037037037035 0.0
table-0875-488 2 7 0 53 494 1362 0.05 0.03429602888086643
table-0875-306 1 3 0 198 248 4212 0.06666666666666667 0.01344286781179985
table-0875-637 8 3 12 5 31 2543 1.0 0.3626062322946176
table-0875-127 7 5 0 45 157 2078 0.2 0.06090644320678555
table-0875-373 12 2 12 101 187 4224 0.2 0.21232876712328766
table-0875-524 44 7 0 21 38 4282 1.0 24.75862068965517
table-0875-936 22 11 16 305 407 2306 1.0 0.6112895823772373
table-0875-558 3 6 1 10 21 2434 0.5 0.11564625850340136
table-0875-991 93 4 6 133 296 1260 0.5 8.625690607734807
table-0875-287 2 2 0 9 5 2900 1.0 0.4484536082474227
table-0875-129 9 4 0 94 213 1976 0.14285714285714285 0.5476624165148756
table-0875-584 9 4 0 58 448 2908 0.037037037037037035 2.1015452538631347
table-0875-405 6 9 0 517 336 1218533 0.25 0.010464378831653865
table-0875-366 15 2 15 101 192 4520 0.2 0.2556149732620321
table-0875-130 5 2 0 94 213 1976 0.14285714285714285 0.06132361870066788
table-0875-100 21 6 18 68 43 1934 0.5 1.6923076923076923
table-0875-334 7 9 6 181 187 2956 0.5 0.5426405559065066
table-0875-416 5 2 0 124 163 14525 0.07142857142857142 0.0315955766192733
table-0875-595 3 4 0 58 448 2908 0.037037037037037035 0.5717439293598234
table-0875-573 0 1 0 110 180 5987 0.5 0.0
table-0875-812 14 4 1 92 81 80453 0.3333333333333333 0.2609223300970874
table-0875-313 1 3 1 15 41 5679 1.0 0.021649156319643426
table-0875-321 10 8 0 27 70 992 0.5 2.477434679334917
table-0875-591 18 4 0 58 448 2908 0.037037037037037035 4.514348785871965
table-0875-618 4 3 0 60 172 1766 0.14285714285714285 0.7146067415730337
table-0875-46 1 2 0 333 141 324394 0.3333333333333333 0.0030257186081694403
table-0875-537 3 1 0 576 517 15300 0.08333333333333333 0.04409603135717785
table-0875-79 2 4 0 84 174 21625 0.16666666666666666 0.024755096637543023
table-0875-344 2 8 0 130 309 841 0.045454545454545456 0.05703225806451613
table-0875-644 3 4 0 16 256 1750 0.06666666666666667 0.005942384704818499
table-0875-260 6 11 21 232 101 4377 0.5 0.17573872472783825
table-0875-172 40 7 0 50 152 9609 0.5 2.1978236607142856
table-0875-589 1 4 0 58 448 2908 0.037037037037037035 0.2560706401766004
table-0875-535 4 1 0 576 517 15300 0.08333333333333333 0.021068103870651642
table-0875-25 0 1 0 150 132 17045 1.0 0.0
table-0875-769 10 3 0 21 21 4880 0.2 0.09094202898550724
table-0875-10 6 3 0 13 63 5964 0.5 0.5186480186480187
table-0875-982 20 2 0 4 38 3839 1.0 0.18730529595015577
table-0875-945 3 7 1 149 280 991 0.16666666666666666 0.33175355450236965
table-0875-169 2 5 0 42 182 8905 0.5 0.6244972577696527
table-0875-433 1 3 0 215 307 21203 0.06666666666666667 0.003693281744635948
table-0875-659 0 1 0 9 23 884 1.0 0.0
table-0875-623 3 4 0 52 112 3031 0.2 0.09074573225516622
table-0875-136 4 10 0 316 230 196120 0.3333333333333333 0.008814694440340769
table-0875-229 6 15 6 691 430 28677 1.0 0.034518220433713394
table-0875-146 25 5 0 168 1102 28265 0.07692307692307693 2.2919254658385095
table-0875-117 10 6 9 186 186 1539 1.0 2.0830188679245283
table-0875-794 36 8 0 124 157 9561 0.3333333333333333 0.8375436710561677
table-0875-987 85 5 135 4 38 3839 1.0 1.5782710280373833
table-0875-462 26 2 2 9 37 861 0.3333333333333333 3.3966244725738397
table-0875-519 5 9 0 170 688 3662 0.5 0.1729776247848537
table-0875-901 31 10 106 153 172 28335 0.25 0.571875698636262
table-0875-448 1 3 0 107 113 27885 1.0 0.026241488124896198
table-0875-504 2 9 0 53 494 1362 0.05 0.040312876052948254
table-0875-980 8 4 0 9 24 296 1.0 0.9017341040462428
table-0875-479 20 4 10 15 179 1145 0.2 1.093198992443325
table-0875-75 2 2 0 84 174 21625 0.16666666666666666 0.015753243314800106
table-0875-588 12 4 0 58 448 2908 0.037037037037037035 2.849889624724062
table-0875-465 1 2 0 0 0 0 0.0 17.0
table-0875-221 81 4 0 15 6 1265 0.5 4.536136662286466
table-0875-758 10 2 8 32 81 11687 0.3333333333333333 0.04464453198274245
table-0875-308 2 6 0 35 35 6821 0.3333333333333333 0.08234383066597832
table-0875-353 6 4 3 130 309 841 0.045454545454545456 0.07974193548387097
table-0875-717 14 4 0 9 178 2405 0.04 0.10577174196918256
table-0875-399 1 3 0 18 39 5962 0.125 0.046598322460391424
table-0875-825 3 7 3 12 38 1387 0.2 0.11009174311926606
table-0875-647 36 5 0 16 256 1750 0.06666666666666667 0.08377470611032166
table-0875-474 9 5 5 341 413 87 1.0 0.09603823030676738
table-0875-576 53 5 0 5 97 144 1.0 7.184708554125662
table-0875-562 5 7 6 39 64 3181 1.0 0.1373762376237624
table-0875-257 11 6 10 30 111 2346 0.14285714285714285 0.09494640122511486
table-0875-234 20 15 47 691 430 28677 1.0 0.0823608316566063
table-0875-487 2 9 0 53 494 1362 0.05 0.049338146811071
table-0875-99 17 3 0 13 64 3946 0.5 0.6662362814719174
table-0875-841 35 2 0 291 360 17624 0.25 0.4799219185722253
table-0875-990 3 2 3 25 36 23657 1.0 0.035283194057567316
table-0875-708 6 3 1 9 178 2405 0.04 0.1039435884042831
table-0875-733 8 2 0 175 110 36147 1.0 0.3313782991202346
table-0875-834 23 4 0 58 137 16932 0.3333333333333333 0.6110436893203883
table-0875-486 3 3 0 53 494 1362 0.05 0.14681107099879662
table-0875-874 45 23 446 18 62 1728 0.07142857142857142 1.5
table-0875-60 18 4 6 308 128 730536 1.0 0.21268057784911718
table-0875-561 3 6 1 9 22 2224 0.5 0.14724409448818898
table-0875-349 7 8 10 130 309 841 0.045454545454545456 0.12851612903225806
table-0875-876 23 23 137 18 62 1728 0.07142857142857142 1.0174698795180723
table-0875-729 5 2 0 175 110 36147 1.0 0.33822091886608013
table-0875-997 10 4 0 204 544 1159 1.0 1.660311958405546
table-0875-375 3 9 0 56 71 2420 0.5 0.21622769753610874
table-0875-496 4 9 4 53 494 1362 0.05 0.02286401925391095
table-0875-664 1 3 0 12 16 851 1.0 0.1111111111111111
table-0875-592 12 4 0 58 448 2908 0.037037037037037035 2.922737306843267
table-0875-454 4 4 0 117 145 2749 0.3333333333333333 0.16960749009722723
table-0875-109 2 18 0 40 46 117957 0.5 0.02307046979865772
table-0875-632 21 5 13 98 95 31735 0.3333333333333333 0.47415285678951274
table-0875-175 5 2 0 109 319 255933 0.08333333333333333 0.11471919084375831
table-0875-340 6 2 0 513 589 562334 0.25 0.006646525679758308
table-0875-512 3 7 3 75 89 2898 0.5 0.5370370370370371
table-0875-355 12 4 7 130 309 841 0.045454545454545456 0.11896774193548387
table-0875-126 4 3 0 45 157 2078 0.2 0.01185427418118645
table-0875-395 4 4 0 18 39 5962 0.125 0.19804287045666355
table-0875-925 6 7 0 53 98 2054 0.25 0.037456445993031356
table-0875-204 3 2 3 137 246 1005 0.16666666666666666 0.08141321044546851
table-0875-621 1 3 0 13 19 848 1.0 0.06605504587155964
table-0875-196 46 3 1 82 80 885 0.5 1.4573863636363635
table-0875-677 6 5 0 30 84 7701 0.14285714285714285 0.3261390887290168
table-0875-370 2 6 1 101 187 4224 0.2 0.0839041095890411
table-0875-263 1 3 0 25 35 5368 1.0 0.02665013944840409
table-0875-804 2 3 0 55 92 16430 0.2 0.5872340425531914
table-0875-906 5 3 2 192 217 16257 0.2 0.23299217338952438
table-0875-115 2 21 1 9 44 967 0.3333333333333333 0.4994413407821229
table-0875-531 3 6 0 576 517 15300 0.08333333333333333 0.15874571288584027
table-0875-161 22 11 18 345 409 2589 1.0 0.7473035439137135
table-0875-282 1 2 0 467 249 1685 1.0 0.0007037297677691766
table-0875-894 7 3 7 197 219 18100 0.16666666666666666 0.23235613463626492
table-0875-606 0 1 0 58 448 2908 0.037037037037037035 0.0
table-0875-360 8 8 26 130 309 841 0.045454545454545456 0.27483870967741936
table-0875-919 5 8 0 52 244 2555 0.0625 0.020362622036262202
table-0875-737 4 5 3 20 18 4331 0.5 0.04065040650406504
table-0875-28 1 5 2 11 19 723 1.0 0.1975609756097561
table-0875-476 7 5 5 341 413 87 1.0 0.07214428857715431
table-0875-205 61 2 61 7 65 2195 0.5 7.387533875338754
table-0875-656 1 2 0 16 256 1750 0.06666666666666667 0.0027774189381216895
table-0875-258 4 2 3 105 152 32059 0.3333333333333333 0.026966792957432584
table-0875-968 16 3 0 156 172 10438 1.0 0.35144624644708244
table-0875-407 4 3 0 124 163 14525 0.07142857142857142 0.04739336492890995
table-0875-396 2 3 0 18 39 5962 0.125 0.14585274930102515
table-0875-249 11 3 0 5 14 1234 1.0 1.6907514450867052
table-0875-631 9 5 7 98 95 31735 0.3333333333333333 0.16720257234726688
table-0875-641 1 3 0 55 81 4423 1.0 0.01744262295081967
table-0875-227 14 14 28 691 430 28677 1.0 0.07489380728817349
table-0875-241 1 3 0 1278 937 319636 1.0 0.0038426912013350607
table-0875-86 14 2 0 10721 1287 1937301 0.25 0.0027474186341404504
table-0875-267 12 2 0 5 14 7468 1.0 0.7591973244147158
table-0875-655 0 0 0 16 256 1750 0.06666666666666667 0.0
table-0875-35 0 1 0 97 61 2513 0.3333333333333333 0.0
table-0875-80 6 3 6 31 47 3650 0.3333333333333333 1.914179104477612
table-0875-197 3 9 0 82 80 885 0.5 0.5738636363636364
table-0875-973 71 4 0 289 233 639952 0.5 0.41613176698558796
table-0875-513 17 6 18 170 688 3662 0.5 1.1987951807228916
table-0875-858 3 3 3 147 244 1353 0.125 0.2837528604118993
table-0875-866 15 2 0 18 62 1728 0.07142857142857142 0.19216867469879517
table-0875-256 13 6 10 30 111 2346 0.14285714285714285 0.11562021439509954
table-0875-705 7 3 0 9 178 2405 0.04 0.13241055105771743
table-0875-70 12 4 0 273 213 51900 0.16666666666666666 0.02673758865248227
table-0875-688 11 9 0 93 234 133 1.0 0.8275862068965517
table-0875-932 3 6 2 25 219 0 1.0 0.204
table-0875-264 3 3 0 8 186 1070 1.0 0.3802197802197802
table-0875-663 8 8 10 655 524 3194 1.0 0.3513708513708514
table-0875-602 12 4 0 58 448 2908 0.037037037037037035 2.717439293598234
table-0875-43 6 10 0 38 69 985 0.3333333333333333 0.8893805309734514
table-0875-90 0 1 0 327 338 22100 1.0 0.0
table-0875-331 20 4 5 13 36 1162 1.0 0.16354071363220493
table-0875-660 18 13 0 153 167 34219 1.0 0.46376329787234044
table-0875-880 16 4 6 368 407 495790 0.5 0.048470844799833844
table-0875-362 1 8 0 130 309 841 0.045454545454545456 0.03406451612903226
table-0875-431 1 2 1 215 307 21203 0.06666666666666667 0.0022863172704889203
table-0875-121 6 3 0 81 125 1265 0.2 1.5319148936170213
table-0875-697 4 3 0 456 421 74082 0.09090909090909091 0.01704213318944197
table-0875-483 1 2 1 12 28 1298 1.0 0.007612179487179487
table-0875-816 1 3 0 96 17 1319 1.0 0.09834368530020704
table-0875-482 48 7 0 6 35 2598 1.0 138.504
table-0875-132 6 7 21 94 213 1976 0.14285714285714285 0.19186399514268368
table-0875-785 3 10 2 141 182 1303 0.3333333333333333 0.05667412378821775
table-0875-235 9 17 2 691 430 28677 1.0 0.04668008048289739
table-0875-630 15 2 0 420 482 117295 0.25 0.08162267839687194
table-0875-299 4 7 4 198 248 4212 0.06666666666666667 0.09559372666168783
table-0875-142 2 5 0 55 255 12857 0.5 0.10621584699453553
table-0875-893 8 1 0 197 219 18100 0.16666666666666666 0.32138979370249726
table-0875-165 40 7 0 54 228 11638 0.5 2.304073255446795
table-0875-741 2 7 1 1135 395 42506 0.125 0.018467995802728225
table-0875-608 1 3 0 20 15 2131 1.0 0.060109289617486336
table-0875-899 7 3 7 270 293 5158 1.0 0.05188679245283019
table-0875-52 1 2 1 12 40 1222 1.0 0.0032143461343258333
table-0875-138 30 5 27 123 150 10633 0.3333333333333333 0.1272689338618819
table-0875-908 7 6 1 42 92 2384 0.3333333333333333 0.23643564356435642
table-0875-887 2 7 2 144 246 672 0.14285714285714285 0.1752212389380531
table-0875-298 1 3 0 198 248 4212 0.06666666666666667 0.014189693801344288
table-0875-515 5 9 0 170 688 3662 0.5 0.1746987951807229
table-0875-653 1 3 1 16 256 1750 0.06666666666666667 0.0029711923524092495
table-0875-379 5 11 16 44 59 1080 0.2 2.3762886597938144
table-0875-928 7 5 5 110 136 2127 1.0 0.21725571725571727
table-0875-45 2 11 0 156 263 52493 0.5 0.12231819448314293
table-0875-310 8 5 5 292 452 107 1.0 0.07579617834394904
table-0875-526 3 2 0 29 50 1899 0.5 0.04698972099853157
table-0875-102 3 5 4 16 35 697 1.0 0.034634414513468936
table-0875-629 14 3 14 420 482 117295 0.25 0.06598240469208211
table-0875-600 9 4 0 58 448 2908 0.037037037037037035 2.0706401766004414
table-0875-615 5 3 0 60 172 1766 0.14285714285714285 0.9168539325842696
table-0875-662 1 3 0 37 70 1114 1.0 0.16161616161616163
table-0875-773 5 10 4 41 69 1682 0.5 0.2867647058823529
table-0875-622 21 6 15 52 112 3031 0.2 0.8382749326145552
table-0875-295 1 3 0 198 248 4212 0.06666666666666667 0.01194921583271098
table-0875-979 16 6 2 40 102 1289 0.25 0.1424802110817942
table-0875-153 68 5 0 168 1102 28265 0.07692307692307693 7.171842650103519
table-0875-743 1 3 0 10 21 632 1.0 0.06666666666666667
table-0875-455 2 4 0 117 145 2749 0.3333333333333333 0.06841915736406194
table-0875-12 5 2 0 35 52 10574 0.5 0.17905405405405406
table-0875-66 2 3 0 243 308 76720 0.2 0.0466825951111928
table-0875-850 8 2 0 118 32 20244 0.14285714285714285 0.2746710526315789
table-0875-574 14 2 0 301 140 421278 0.5 0.017238803740551523
table-0875-665 0 1 0 453 437 1126 1.0 0.0
table-0875-811 7 5 5 92 81 80453 0.3333333333333333 0.158373786407767
table-0875-712 13 15 65 9 178 2405 0.04 0.2588143118307652
table-0875-648 6 4 0 16 256 1750 0.06666666666666667 0.013176592171554063
table-0875-704 4 3 0 9 178 2405 0.04 0.08017759206059023
table-0875-468 1 3 0 45 124 2629 1.0 0.036677663496992044
table-0875-721 13 3 0 9 178 2405 0.04 0.20396970488378166
table-0875-971 5 2 0 289 233 639952 0.5 0.008659319365386945
table-0875-813 1 2 1 18 70 2183 1.0 0.003884686158249847
table-0875-480 12 4 4 15 179 1145 0.2 0.8677581863979849
table-0875-831 1 2 1 24 36 7888 0.5 0.046228710462287104
table-0875-822 1 3 1 64 84 6609 0.3333333333333333 0.03167137033552838
table-0875-255 37 6 5 30 111 2346 0.14285714285714285 0.44946401225114857
table-0875-442 1 2 1 232 335 2844 1.0 0.017924528301886792
table-0875-827 26 6 0 12 38 1387 0.2 7.320183486238532
table-0875-494 5 9 5 53 494 1362 0.05 0.02707581227436823
table-0875-288 2 3 0 94 161 1481 1.0 0.18619582664526485
table-0875-248 1 3 0 102 134 22230 0.3333333333333333 0.004421052631578947
table-0875-788 2 3 0 485 393 119727 1.0 0.007797356828193832
table-0875-491 5 9 5 53 494 1362 0.05 0.027677496991576414
table-0875-37 15 9 0 70 271 2098 0.3333333333333333 0.8188914910226386
table-0875-861 3 3 3 147 244 1353 0.125 0.2219679633867277
table-0875-380 2 3 0 162 234 4175 0.1111111111111111 0.12643678160919541
table-0875-252 36 4 0 30 111 2346 0.14285714285714285 0.40313935681470137
table-0875-529 1 3 0 46 72 4487 1.0 0.03636363636363636
table-0875-718 14 7 0 9 178 2405 0.04 0.15826586576129537
table-0875-824 1 2 0 10 20 693 1.0 0.027450980392156862
table-0875-423 18 8 2 215 307 21203 0.06666666666666667 0.442842068237777
table-0875-983 35 5 38 4 38 3839 1.0 0.6086448598130841
table-0875-348 5 10 2 130 309 841 0.045454545454545456 0.05754838709677419
table-0875-873 15 2 0 18 62 1728 0.07142857142857142 0.19216867469879517
table-0875-536 14 7 0 576 517 15300 0.08333333333333333 0.6565409113179814
table-0875-484 54 7 0 16 40 2592 1.0 58.93973634651601
table-0875-638 4 3 0 5 31 2543 1.0 0.31798866855524077
table-0875-896 3 7 0 27 83 1286 0.25 1.9190140845070423
table-0875-645 20 7 0 16 256 1750 0.06666666666666667 0.049153856090944324
table-0875-36 10 10 0 32 55 541 1.0 1.3358490566037735
table-0875-388 24 3 15 86 90 1213 0.3333333333333333 0.8892171344165436
table-0875-843 13 2 0 291 360 17624 0.25 0.13943112102621305
table-0875-106 8 5 0 2396 350 40286 1.0 0.02469290549009777
table-0875-639 0 1 0 37 74 2887 1.0 0.0
table-0875-568 6 5 4 53 62 758 1.0 2.0706806282722514
table-0875-954 17 7 17 364 224 7222 0.25 5.10233918128655
table-0875-338 11 5 9 36 73 1607 0.25 1.2563718140929536
table-0875-123 10 6 0 81 125 1265 0.2 1.198581560283688
table-0875-652 0 0 0 16 256 1750 0.06666666666666667 0.0
table-0875-998 5 4 0 204 544 1159 1.0 0.7937608318890814
table-0875-937 22 11 18 305 407 2306 1.0 0.5745754933455713
table-0875-585 15 4 0 58 448 2908 0.037037037037037035 3.677704194260486
table-0875-98 3 18 4 27 53 1065 0.3333333333333333 1.132969034608379
table-0875-669 20 3 0 143 53 3266 0.5 0.2370429252782194
table-0875-538 4 1 0 576 517 15300 0.08333333333333333 0.021068103870651642
table-0875-92 2 3 0 65 330 42449 0.3333333333333333 0.0010642543567912731
table-0875-40 2 3 1 25 61 1379 0.3333333333333333 0.162595952547104
table-0875-541 2 3 0 19 146 1190 1.0 0.36265060240963853
table-0875-859 3 3 3 147 244 1353 0.125 0.23569794050343248
table-0875-463 0 0 0 9 37 861 0.3333333333333333 0.0
table-0875-514 5 9 0 170 688 3662 0.5 0.14457831325301204
table-0875-367 12 2 12 101 192 4520 0.2 0.21016042780748664
table-0875-960 4 3 7 152 241 1034 0.125 0.12771084337349398
table-0875-11 16 11 0 13 63 5964 0.5 0.4376456876456876
table-0875-668 28 3 0 143 53 3266 0.5 0.31748807631160575
table-0875-363 2 8 1 130 309 841 0.045454545454545456 0.06193548387096774
table-0875-430 4 18 19 215 307 21203 0.06666666666666667 0.03693281744635948
table-0875-984 9 14 64 4 38 3839 1.0 0.220404984423676
table-0875-291 13 4 14 27 81 3011 0.5 0.20819341840161182
table-0875-157 7 2 0 9 41 12490 0.5 0.0661592505854801
table-0875-520 5 9 0 170 688 3662 0.5 0.16006884681583478
table-0875-104 1 4 1 16 35 697 1.0 0.013743815283122594
table-0875-938 22 11 18 305 407 2306 1.0 0.5566773749426343
table-0875-612 1 3 0 15 16 1283 1.0 0.051570557899671826
table-0875-502 2 9 0 53 494 1362 0.05 0.05174488567990373
table-0875-71 6 2 0 460 222 55684 0.5 0.06452448820938067
table-0875-778 1 4 0 155 170 7788 0.5 0.21937321937321938
table-0875-420 5 3 0 124 163 14525 0.07142857142857142 0.06336668421976478
table-0875-82 1 3 0 10 24 687 1.0 0.12605042016806722
table-0875-889 22 10 0 144 246 672 0.14285714285714285 2.005309734513274
table-0875-528 2 3 0 29 50 1899 0.5 0.07819383259911894
table-0875-740 9 7 8 1135 395 42506 0.125 0.12214060860440713
table-0875-317 1 3 0 39 59 7454 1.0 0.07531943510423672
table-0875-26 1 5 2 11 19 597 1.0 0.20432692307692307
table-0875-557 1 3 0 24 29 4735 1.0 0.07230657989877079
table-0875-690 4 9 13 211 236 10162 1.0 0.05353997886579782
table-0875-551 26 5 0 4 147 3217 0.14285714285714285 8.616113744075829
table-0875-192 5 6 5 32 78 1732 0.25 0.02552386954466677
table-0875-882 2 5 2 36 57 3096 0.3333333333333333 0.016474976686353747
table-0875-432 1 3 0 215 307 21203 0.06666666666666667 0.002989799507562434
table-0875-823 1 2 1 11 37 1232 1.0 0.01619778346121057
table-0875-540 7 17 18 576 517 15300 0.08333333333333333 0.19402253797158256
table-0875-727 1 3 0 18 21 1880 1.0 0.020292747837658016
table-0875-475 8 5 5 341 413 87 1.0 0.09079697857252968
table-0875-978 1 9 0 40 102 1289 0.25 0.055408970976253295
table-0875-343 2 6 0 130 309 841 0.045454545454545456 0.02090322580645161
table-0875-29 3 2 1 0 0 0 0.0 59.0
table-0875-206 3 2 0 43 92 2639 0.14285714285714285 0.06299659477866061
table-0875-915 1 2 0 52 244 2555 0.0625 0.00697350069735007
table-0875-868 15 2 0 18 62 1728 0.07142857142857142 0.19216867469879517
table-0875-97 1 2 1 12 36 3003 1.0 0.011384062312762133
table-0875-722 12 3 0 9 178 2405 0.04 0.21572212065813529
table-0875-949 1 3 0 114 150 3362 1.0 0.011279159189951295
table-0875-732 8 2 0 175 110 36147 1.0 0.32160312805474095
table-0875-440 4 3 0 16 37 3972 0.5 0.15587044534412955
table-0875-302 1 3 0 198 248 4212 0.06666666666666667 0.012696041822255415
table-0875-756 3 3 0 11 23 1303 0.3333333333333333 0.3055555555555556
table-0875-458 3 5 2 391 257 36681 0.5 0.39028475711892796
table-0875-122 4 8 0 81 125 1265 0.2 0.5319148936170213
table-0875-88 11 6 0 448 138 4725 0.16666666666666666 0.5711422845691383
table-0875-691 4 1 0 456 421 74082 0.09090909090909091 0.004136876658123117
table-0875-352 7 4 0 130 309 841 0.045454545454545456 0.06322580645161291
table-0875-523 3 9 0 76 83 1218 0.5 0.5109983079526227
table-0875-539 20 8 0 576 517 15300 0.08333333333333333 1.3189612934835864
table-0875-77 5 2 0 84 174 21625 0.16666666666666666 0.009796134498279057
table-0875-238 42 4 83 14 37 2828 0.5 0.20880802584594457
table-0875-57 15 2 0 109 166 45104 0.3333333333333333 0.12288017792604948
table-0875-198 1 20 0 137 246 1005 0.16666666666666666 0.0629800307219662
table-0875-323 28 11 92 146 139 3769 0.3333333333333333 1.2273190621814476
table-0875-301 1 3 0 198 248 4212 0.06666666666666667 0.014189693801344288
table-0875-501 4 9 0 53 494 1362 0.05 0.0950661853188929
table-0875-329 12 8 0 33 83 898 0.5 2.1337907375643224
table-0875-365 6 8 0 101 192 4520 0.2 0.18502673796791444
table-0875-772 53 4 36 167 207 501 1.0 20.77037037037037
table-0875-173 2 5 0 50 152 9609 0.5 0.36746651785714285
table-0875-890 11 2 0 197 219 18100 0.16666666666666666 0.9728555917480999
table-0875-386 1 2 0 14 26 1057 0.3333333333333333 0.028594771241830064
table-0875-624 1 3 0 17 20 1573 1.0 0.03378656777915121
table-0875-614 5 3 1 60 172 1766 0.14285714285714285 0.750561797752809
table-0875-686 3 9 0 142 110 1210 0.3333333333333333 0.6144455747711088
table-0875-322 6 10 0 27 70 992 0.5 0.9548693586698337
table-0875-273 10 7 4 36 38 2359 1.0 0.1539510735656459
table-0875-714 8 3 0 9 178 2405 0.04 0.16975711674066335
table-0875-650 24 3 2 16 256 1750 0.06666666666666667 0.052189639581449426
table-0875-849 15 2 0 118 32 20244 0.14285714285714285 0.7203947368421053
table-0875-771 10 3 0 21 21 4880 0.2 0.08369565217391305
table-0875-613 5 3 2 60 172 1766 0.14285714285714285 0.6831460674157304
table-0875-469 1 3 0 13 9 3348 1.0 0.3046875
table-0875-907 4 3 0 42 92 2384 0.3333333333333333 0.0366996699669967
table-0875-96 1 3 0 83 71 3721 1.0 0.0190648203893237
table-0875-556 3 5 6 24 34 3153 1.0 0.21980413492927095
table-0875-30 4 9 0 109 68 3986 0.5 0.04890576150066994
table-0875-456 100 4 0 54 289 13274 0.3333333333333333 0.1825994318181818
table-0875-787 2 4 0 485 393 119727 1.0 0.003920704845814978
table-0875-510 17 4 14 8 12 953 0.5 0.7945900253592562
table-0875-713 9 3 0 9 178 2405 0.04 0.1687124575607208
