table_id rows cols nulls inlinks outlinks views table_imp table_fraction
table-0403-298 4 2 1 0 0 0 0.0 126.0
table-0403-841 18 7 9 54 71 1616 0.3333333333333333 2.857976653696498
table-0403-501 2 5 0 11 64 10439 0.038461538461538464 0.06327543424317618
table-0403-254 1 3 0 32 57 942 1.0 0.23979591836734693
table-0403-88 23 11 3 156 328 136 1.0 1.1534559289790742
table-0403-237 6 4 0 319 225 7036 1.0 0.27488151658767773
table-0403-871 3 4 0 4 83 692 0.25 0.29361296472831266
table-0403-937 17 4 0 15 28 6004 0.5 1.282453637660485
table-0403-283 1 3 0 172 208 2482 1.0 0.43034055727554177
table-0403-555 1 3 0 35 41 939 1.0 0.03945480631276901
table-0403-247 2 5 0 21 31 931 0.3333333333333333 0.5183585313174947
table-0403-445 151 4 0 169 208 12608 1.0 1.8361904761904762
table-0403-213 13 14 11 430 247 85284 0.16666666666666666 0.2115556548949486
table-0403-273 14 2 0 43 73 30938 0.2 0.19044740024183796
table-0403-543 1 3 0 14 47 5434 1.0 0.02718589272593681
table-0403-111 25 6 0 0 0 0 0.0 3749.0
table-0403-715 6 7 0 327 725 26156 0.125 0.05829635430261899
table-0403-48 11 3 0 20 68 5816 0.5 1.5601965601965602
table-0403-158 4 2 0 78 44 9695 0.16666666666666666 0.05555555555555555
table-0403-54 33 3 23 49 73 8409 0.5 2.0673076923076925
table-0403-644 1 3 0 22 27 688 1.0 0.040569395017793594
table-0403-109 41 6 0 0 0 0 0.0 5427.0
table-0403-53 35 4 19 77 88 6118 0.3333333333333333 6.765822784810126
table-0403-311 21 4 22 45 78 7558 0.5 3.385113268608414
table-0403-538 4 4 4 3 11 300 1.0 0.31153846153846154
table-0403-962 114 12 935 0 0 0 0.0 7052.0
table-0403-321 2 5 0 83 139 1751 0.3333333333333333 0.45118733509234826
table-0403-672 9 8 0 460 739 85044 0.3333333333333333 0.0031311727266076523
table-0403-250 18 3 0 78 34 11274 0.3333333333333333 0.4773462783171521
table-0403-844 3 4 6 199 235 1958 0.1 0.6654135338345865
table-0403-916 5 3 0 126 154 1856 0.5 0.02995169082125604
table-0403-411 11 3 0 289 262 13026 1.0 0.08797173875581596
table-0403-742 4 4 0 13 20 4114 0.2 0.06250889933077032
table-0403-189 42 3 0 26 102 6064 0.3333333333333333 8.304347826086957
table-0403-990 2 6 0 172 176 533 0.3333333333333333 0.22470433639947437
table-0403-228 3 2 1 84 93 23299 1.0 0.034451079467156635
table-0403-966 16 5 12 2257 938 967342 0.2 0.03568350284433718
table-0403-266 2 5 1 507 530 20176 0.3333333333333333 0.03731158883123301
table-0403-814 107 9 199 302 642 8857 0.027777777777777776 5.917959324370907
table-0403-327 1 2 0 1013 525 196800 0.1 0.001898860683589846
table-0403-293 2 3 0 12 45 10348 1.0 0.08587167854828257
table-0403-454 0 1 0 70 83 84120 1.0 0.0
table-0403-855 2 5 0 206 233 14524 0.14285714285714285 0.033416554637987324
table-0403-608 8 4 0 4 91 963 1.0 0.21928327645051193
table-0403-165 1 2 1 16 31 1103 1.0 0.02871205906480722
table-0403-813 109 9 192 302 642 8857 0.027777777777777776 6.0044812133746985
table-0403-163 17 2 0 15 35 1898 0.5 0.2113599126160568
table-0403-988 8 4 8 362 277 892 0.5 1.6833976833976834
table-0403-756 17 21 51 692 435 40530 0.16666666666666666 0.07812771880981381
table-0403-169 10 4 5 23 59 10120 0.25 0.3157894736842105
table-0403-999 1 3 0 14 27 871 1.0 0.03079416531604538
table-0403-486 5 18 32 31 63 3046 0.3333333333333333 0.7400644468313641
table-0403-125 4 1 0 1284 787 21287 0.25 0.010755377688844422
table-0403-945 1 2 0 19 34 1734 0.5 0.033946251768033946
table-0403-803 2 3 1 43 26 1715 1.0 0.07923771313941826
table-0403-842 8 5 3 54 71 1616 0.3333333333333333 0.5700389105058365
table-0403-483 6 3 0 347 605 22241 1.0 0.1142186583219245
table-0403-552 1 3 0 34 42 824 1.0 0.056020066889632104
table-0403-287 1 2 1 91 140 7313 0.5 0.008095440988495952
table-0403-546 1 2 0 213 178 81732 0.25 0.006701514542286556
table-0403-120 8 7 0 1284 787 21287 0.25 0.19034517258629316
table-0403-560 1 3 0 33 45 771 1.0 0.031934877896055106
table-0403-442 2 4 0 52 115 1097 0.5 1.4125
table-0403-589 7 2 4 40 85 21143 0.3333333333333333 0.1174713787954206
table-0403-963 2 2 0 61 91 937 0.25 0.1282565130260521
table-0403-556 1 3 0 33 43 759 1.0 0.05897887323943662
table-0403-161 0 1 0 73 95 12427 0.3333333333333333 0.0
table-0403-422 1 1 0 18098 898 857650 0.25 0.0008957719563659528
table-0403-804 1 2 0 55 70 8909 0.5 0.061452513966480445
table-0403-912 1 2 1 176 202 7158 0.5 0.01828681424446583
table-0403-339 33 3 21 40 66 1334 0.5 1.7745098039215685
table-0403-832 3 4 6 206 238 2457 0.1 0.49166666666666664
table-0403-931 2 2 0 51 89 7334 1.0 0.03094688221709007
table-0403-340 40 3 21 12 73 5039 0.5 3.351973684210526
table-0403-563 1 3 0 34 37 991 1.0 0.0475448168355417
table-0403-655 4 2 0 31 47 12824 0.3333333333333333 0.18830727396329028
table-0403-487 5 3 0 80 114 7323 0.16666666666666666 0.10511452776906181
table-0403-238 4 3 0 319 225 7036 1.0 0.11927330173775672
table-0403-303 3 3 1 86 119 3024 1.0 0.3931034482758621
table-0403-554 7 2 0 19 31 10511 0.3333333333333333 0.1740211311373524
table-0403-206 55 5 48 115 197 1797 0.3333333333333333 6.800312012480499
table-0403-14 5 5 0 165 283 1968 0.1 0.1877750611246944
table-0403-752 90 4 45 10 277 5564 0.3333333333333333 22.969162995594715
table-0403-936 26 11 0 453 325 38782 0.25 0.3356209150326797
table-0403-314 1 3 0 29 30 881 1.0 0.14088820826952528
table-0403-632 9 5 0 34 99 4843 0.2 2.138259833134684
table-0403-171 3 2 2 6 15 1187 1.0 0.11547911547911548
table-0403-623 9 3 0 52 36 1383 1.0 0.5599497802887633
table-0403-948 20 11 0 345 294 17171 0.25 0.427639046538025
table-0403-93 23 15 0 343 314 42085 0.25 0.22008344395979518
table-0403-848 3 3 6 199 235 1958 0.1 0.22180451127819548
table-0403-896 5 9 5 129 121 2951 0.25 0.11884984025559106
table-0403-956 118 7 182 375 393 25014 1.0 1.4571922361074183
table-0403-879 10 3 0 153 226 9840 0.2 0.25984251968503935
table-0403-807 2 2 1 144 161 25122 1.0 0.02738336713995943
table-0403-155 23 9 42 396 449 95293 0.5 0.07247186527256765
table-0403-591 10 4 0 40 85 21143 0.3333333333333333 0.19761075161772026
table-0403-413 1 4 0 166 176 749 0.5 0.2195845697329377
table-0403-285 2 2 0 44 43 899 0.3333333333333333 0.1994535519125683
table-0403-162 6 5 0 129 142 1727 0.25 0.7780859916782247
table-0403-73 1 4 0 174 198 2432 0.3333333333333333 0.022659511031604056
table-0403-149 50 4 0 104 475 23816 0.16666666666666666 1.1629730651210364
table-0403-860 0 0 0 206 233 14524 0.14285714285714285 0.0
table-0403-78 7 2 5 29 64 8813 1.0 0.028217109992810928
table-0403-824 8 4 3 203 218 3165 0.1111111111111111 1.4411764705882353
table-0403-634 1 4 0 34 99 4843 0.2 0.13230035756853398
table-0403-142 9 7 5 143 140 3178 1.0 0.29413793103448277
table-0403-193 6 4 0 11 121 72 1.0 1.2209302325581395
table-0403-450 8 6 1 56 105 775 0.3333333333333333 0.7925233644859813
table-0403-908 2 3 1 17 39 676 0.25 0.08401400233372229
table-0403-262 5 5 10 242 414 1071 1.0 0.1501416430594901
table-0403-87 5 3 0 24 33 5662 1.0 0.15800711743772242
table-0403-41 308 3 308 27 1151 103 1.0 47.39914163090129
table-0403-717 28 15 269 327 725 26156 0.125 0.3747498477334029
table-0403-349 1 3 0 105 110 4036 1.0 0.09102402022756005
table-0403-185 9 3 2 41 56 4665 0.5 0.7539936102236422
table-0403-573 1 3 0 38 38 761 1.0 0.04435146443514645
table-0403-289 5 3 1 91 140 7313 0.5 0.22496804431188752
table-0403-722 5 5 0 327 725 26156 0.125 0.046550073958061426
table-0403-652 1 3 0 26 39 883 1.0 0.03413542249580302
table-0403-24 0 1 0 27 116 5776 1.0 0.0
table-0403-836 33 8 18 75 129 1095 0.25 3.5337001375515817
table-0403-220 7 3 0 37 118 15574 0.1 0.8369565217391305
table-0403-309 2 2 0 260 404 5871 1.0 0.015735777278229293
table-0403-242 2 2 1 76 90 17472 1.0 0.053213545266067724
table-0403-65 1 7 1 29 73 2430 0.5 0.030450132391879964
table-0403-464 7 2 0 111 114 30937 0.3333333333333333 0.044067243349110496
table-0403-75 1 1 0 144 98 23085 1.0 0.007461391636300538
table-0403-761 0 1 0 7 19 558 1.0 0.0
table-0403-69 1 6 0 178 70 5059 0.2 0.05452366686638706
table-0403-477 10 9 5 87 249 6071 0.125 1.6773428232502965
table-0403-80 2 2 0 85 49 22598 0.25 0.031136857349746562
table-0403-849 1 3 0 37 69 1925 1.0 0.0214168039538715
table-0403-34 71 11 13 698 467 28739 0.25 1.9494405304600082
table-0403-985 39 5 0 5 113 711 0.3333333333333333 2.9947552447552446
table-0403-344 3 4 0 10 32 695 0.5 0.07380073800738007
table-0403-992 2 2 0 36 37 879 0.3333333333333333 0.1157556270096463
table-0403-249 12 4 12 6 74 952 0.3333333333333333 0.7444876783398184
table-0403-26 0 1 0 112 73 3907 1.0 0.0
table-0403-970 1 4 0 31 50 1323 0.5 0.04892798240791644
table-0403-880 80 3 0 153 226 9840 0.2 2.6581364829396326
table-0403-108 24 14 72 66 97 879 1.0 0.4516372795969773
table-0403-830 3 4 6 206 238 2457 0.1 0.49166666666666664
table-0403-342 2 2 0 24 61 2558 0.5 0.02304147465437788
table-0403-883 2 1 0 421 199 57273 1.0 0.019116555308092056
table-0403-395 5 6 6 219 229 1348 0.5 0.933852140077821
table-0403-840 2 5 0 54 71 1616 0.3333333333333333 0.2782101167315175
table-0403-888 2 2 0 12 40 2995 0.5 0.08311688311688312
table-0403-79 2 2 0 85 49 22598 0.25 0.022447501810282405
table-0403-269 1 3 0 23 48 2114 1.0 0.03229974160206718
table-0403-378 172 9 81 47 511 25117 0.5 53.51876379690949
table-0403-219 20 3 0 37 118 15574 0.1 0.9130434782608695
table-0403-690 39 3 0 83 86 12152 0.3333333333333333 0.26978857242704873
table-0403-268 41 2 0 394 432 39613 0.25 1.7579162410623084
table-0403-749 4 3 0 570 553 126519 0.1 0.007285784913221098
table-0403-459 1 3 0 99 82 13345 0.5 0.034531963470319636
table-0403-783 8 4 4 72 51 4534 0.3333333333333333 0.2580736543909348
table-0403-568 1 3 0 40 46 918 1.0 0.03528528528528529
table-0403-372 1 2 0 54 86 20694 0.5 0.008294930875576038
table-0403-176 1 3 0 120 131 2093 1.0 0.09992810927390366
table-0403-424 10 5 10 18098 898 857650 0.25 0.0264949438649574
table-0403-592 13 8 11 194 211 4155 1.0 2.0248138957816377
table-0403-216 4 7 0 37 118 15574 0.1 0.5448369565217391
table-0403-191 38 4 23 120 187 23615 0.3333333333333333 10.461928934010153
table-0403-444 2 4 0 72 125 1374 0.5 1.4984126984126984
table-0403-359 1 2 1 50 110 1265 1.0 0.0040633019674935844
table-0403-971 2 4 0 31 50 1323 0.5 0.12094557449147883
table-0403-666 6 4 10 41 96 11160 0.1 0.023617107642348426
table-0403-885 10 5 10 50 54 2617 0.25 0.4002911208151383
table-0403-613 9 2 0 7 25 933 1.0 1.6842105263157894
table-0403-907 2 3 2 17 39 676 0.25 0.08751458576429405
table-0403-85 44 8 36 97 152 1650 0.3333333333333333 5.647058823529412
table-0403-511 7 5 0 11 64 10439 0.038461538461538464 0.22415219189412738
table-0403-400 2 5 0 100 166 2333 0.3333333333333333 0.305019305019305
table-0403-84 2 5 0 97 152 1650 0.3333333333333333 0.2647058823529412
table-0403-418 31 4 0 105 176 1104 0.3333333333333333 7.884393063583815
table-0403-679 3 4 0 183 282 45046 0.1111111111111111 0.03792173993865601
table-0403-66 1 6 0 178 70 5059 0.2 0.05032953864589575
table-0403-984 2 2 0 98 133 1271 0.25 0.13851992409867173
table-0403-539 1 3 0 10 21 1696 1.0 0.12098009188361408
table-0403-369 21 7 14 92 138 1527 0.3333333333333333 4.437810945273632
table-0403-927 10 2 4 124 159 122255 0.5 0.06623853211009174
table-0403-617 36 3 16 651 700 32548 0.1 0.902668759811617
table-0403-703 7 4 0 4 75 1188 1.0 0.41148325358851673
table-0403-513 7 3 0 78 56 12270 1.0 0.19928002057084082
table-0403-934 7 3 0 98 146 3865 0.3333333333333333 0.8571428571428571
table-0403-396 7 3 0 621 549 27251 1.0 0.03041871421029119
table-0403-654 1 3 0 22 29 680 1.0 0.045692883895131084
table-0403-83 2 5 0 97 152 1650 0.3333333333333333 0.22408963585434175
table-0403-685 15 2 0 183 282 45046 0.1111111111111111 0.04637977507203272
table-0403-192 3 3 0 75 80 19046 0.5 0.007669616519174041
table-0403-102 2 5 0 175 171 586 0.3333333333333333 0.5486486486486486
table-0403-701 7 4 0 4 75 1188 1.0 0.44178628389154706
table-0403-837 32 8 17 75 129 1095 0.25 3.4319119669876206
table-0403-371 1 2 0 51 69 817 1.0 0.008008356545961003
table-0403-470 0 1 0 231 115 110234 1.0 0.0
table-0403-124 8 1 0 1284 787 21287 0.25 0.03501750875437719
table-0403-619 94 3 92 651 700 32548 0.1 1.0353218210361068
table-0403-980 0 1 0 22 38 1524 1.0 0.0
table-0403-416 7 4 7 222 199 23992 0.25 0.2489816700610998
table-0403-225 3 2 3 22 47 3105 1.0 0.0759493670886076
table-0403-28 3 3 0 38 21 2142 0.3333333333333333 0.0651549025870329
table-0403-614 8 3 0 170 25 9357 0.5 0.07537600559636236
table-0403-856 0 0 0 206 233 14524 0.14285714285714285 0.0
table-0403-194 8 4 1 11 121 72 1.0 1.4534883720930232
table-0403-9 7 5 0 172 207 3245 0.5 0.10926555933560136
table-0403-716 6 6 0 327 725 26156 0.125 0.05742625946228139
table-0403-678 6 4 5 183 282 45046 0.1111111111111111 0.015335997769309415
table-0403-251 3 2 0 78 34 11274 0.3333333333333333 0.06067961165048544
table-0403-462 2 9 2 81 86 12134 0.25 0.03566165635131152
table-0403-306 5 4 1 80 118 1041 0.2 0.35271317829457366
table-0403-30 28 3 0 66 78 21185 0.5 0.8698800633627517
table-0403-39 21 2 0 77 175 10252 0.25 0.10403880419718868
table-0403-612 7 3 0 10 12 2451 0.5 0.3146453089244851
table-0403-857 1 5 0 206 233 14524 0.14285714285714285 0.01709237564816593
table-0403-92 2 2 0 23 59 3086 0.5 0.11578947368421053
table-0403-132 1 3 1 54 80 7511 0.3333333333333333 0.05222437137330754
table-0403-403 21 2 0 49 48 18032 0.2 0.028597103287873984
table-0403-47 12 3 0 16 70 2467 0.5 1.6222760290556901
table-0403-144 7 5 13 143 140 3178 1.0 0.09551724137931035
table-0403-347 2 3 0 21 25 1269 0.5 0.11285403050108933
table-0403-831 3 4 6 206 238 2457 0.1 0.46111111111111114
table-0403-502 1 4 0 11 64 10439 0.038461538461538464 0.029363110008271298
table-0403-291 88 4 0 141 350 2172 0.3333333333333333 9.037313432835822
table-0403-637 1 5 2 11 33 1028 1.0 0.07021517553793885
table-0403-660 1 3 0 16 23 567 1.0 0.050643776824034335
table-0403-784 12 4 12 84 64 2210 1.0 0.18604148660328435
table-0403-384 19 2 0 20 76 19219 0.5 0.45287958115183247
table-0403-353 8 5 3 112 163 1671 0.3333333333333333 0.6843177189409368
table-0403-947 16 11 0 290 126 27439 0.5 0.6219512195121951
table-0403-771 0 1 0 11 17 780 1.0 0.0
table-0403-253 10 4 13 37 214 1516 0.3333333333333333 0.5451776649746193
table-0403-336 33 3 24 41 66 1701 0.5 1.655844155844156
table-0403-21 2 3 0 77 89 4660 0.25 0.11464968152866242
table-0403-979 3 3 0 8 37 665 1.0 0.10355759070095104
table-0403-156 4 5 0 84 119 945 0.25 1.8663366336633664
table-0403-537 3 2 0 108 184 13132 0.5 0.01646170233368839
table-0403-811 16 4 16 127 125 6890 0.16666666666666666 0.12977278051065824
table-0403-205 2 5 0 115 197 1797 0.3333333333333333 0.2870514820592824
table-0403-776 2 5 0 51 96 1937 0.3333333333333333 0.24581724581724582
table-0403-909 19 13 0 23 54 2271 0.5 0.5006700616456714
table-0403-466 3 2 0 96 132 188510 0.1 0.19051799824407376
table-0403-373 1 4 0 165 169 552 0.5 0.20461095100864554
table-0403-421 2 4 0 76 196 257 1.0 0.32644628099173556
table-0403-530 10 7 31 37 101 176 1.0 0.10736026563364692
table-0403-57 9 1 0 28 115 798 1.0 0.010007900974453516
table-0403-904 17 4 0 345 312 199912 0.3333333333333333 0.11428793411545335
table-0403-760 1 5 0 169 171 623 0.5 0.30641330166270786
table-0403-346 4 9 3 21 25 1269 0.5 0.13376906318082787
table-0403-433 11 9 28 140 436 49224 1.0 0.46843352725705667
table-0403-724 5 5 0 327 725 26156 0.125 0.042460628208474724
table-0403-899 6 5 0 41 68 8946 0.5 0.07937056890887083
table-0403-735 4 10 4 19 43 1177 1.0 0.33157338965153116
table-0403-526 1 10 0 115 68 11580 0.3333333333333333 0.04558680892337536
table-0403-414 1 2 0 70 79 42089 0.5 0.012521739130434783
table-0403-316 1 3 0 31 34 930 1.0 0.13602015113350127
table-0403-649 19 4 2 1 10 575 1.0 0.5492341356673961
table-0403-278 2 2 0 34 40 867 0.3333333333333333 0.07013815090329437
table-0403-182 1 3 0 66 35 11948 1.0 0.0503989920201596
table-0403-223 4 4 0 37 118 15574 0.1 0.5
table-0403-638 1 3 0 22 31 1044 1.0 0.037521815008726006
table-0403-527 0 1 0 115 68 11580 0.3333333333333333 0.0
table-0403-105 4 2 4 21 46 3651 0.3333333333333333 0.032612104107870805
table-0403-571 5 4 7 395 210 122377 0.5 0.0076086032474708834
table-0403-151 32 4 1 104 475 23816 0.16666666666666666 0.7623593590180703
table-0403-851 1 2 0 49 66 8059 0.5 0.006212424849699399
table-0403-799 2 3 0 8 23 569 1.0 0.13187954309449637
table-0403-863 0 1 0 12 22 665 1.0 0.0
table-0403-785 18 8 15 457 401 34439 0.2 0.40326923076923077
table-0403-957 29 7 22 375 393 25014 1.0 0.07311885136931667
table-0403-525 3 3 0 131 124 7697 1.0 0.03333333333333333
table-0403-698 7 4 0 4 75 1188 1.0 0.5614035087719298
table-0403-302 0 1 0 72 94 1591 1.0 0.0
table-0403-586 2 4 0 1012 363 867146 0.08333333333333333 0.004675628287551139
table-0403-157 3 2 0 78 44 9695 0.16666666666666666 0.02372034956304619
table-0403-846 3 4 6 199 235 1958 0.1 0.6654135338345865
table-0403-817 2 5 0 109 150 1936 0.3333333333333333 0.26608187134502925
table-0403-582 7 4 1 1012 363 867146 0.08333333333333333 0.02294954217806351
table-0403-116 7 20 20 1284 787 21287 0.25 0.1738369184592296
table-0403-392 1 4 0 167 169 683 0.5 0.1407528641571195
table-0403-107 1 3 0 136 136 1771 1.0 0.15217391304347827
table-0403-476 12 9 6 87 249 6071 0.125 2.166073546856465
table-0403-969 8 5 8 31 50 1323 0.5 0.25783397471137987
table-0403-627 12 2 0 57 94 3527 0.5 0.226890756302521
table-0403-588 4 4 0 1012 363 867146 0.08333333333333333 0.016286771868303136
table-0403-919 2 2 0 47 41 829 0.3333333333333333 0.1373913043478261
table-0403-387 43 5 36 83 127 1864 0.3333333333333333 4.449612403100775
table-0403-805 6 2 0 2607 1058 468575 1.0 0.0028788201091966246
table-0403-381 41 4 0 12 116 8969 0.25 19.63736263736264
table-0403-202 5 3 0 70 148 14091 0.3333333333333333 0.05381797689489997
table-0403-759 18 3 15 692 435 40530 0.16666666666666666 0.11258047677048895
table-0403-350 2 5 0 112 163 1671 0.3333333333333333 0.3421588594704684
table-0403-930 3 3 0 24 53 8115 0.5 0.05465346534653465
table-0403-328 18 3 4 1013 525 196800 0.1 0.07755346791924846
table-0403-738 33 6 31 78 51 173 1.0 12.658333333333333
table-0403-494 1 5 0 11 64 10439 0.038461538461538464 0.019851116625310174
table-0403-475 1 9 0 87 249 6071 0.125 0.20877817319098457
table-0403-656 1 2 0 31 47 12824 0.3333333333333333 0.022433718558803536
table-0403-11 2 3 0 24 27 891 1.0 0.08940092165898618
table-0403-504 4 5 0 11 64 10439 0.038461538461538464 0.13564929693961952
table-0403-542 4 4 0 79 90 70251 0.3333333333333333 0.0756634669678148
table-0403-777 2 5 0 51 96 1937 0.3333333333333333 0.2084942084942085
table-0403-775 2 3 0 47 91 9684 0.5 0.07298245614035087
table-0403-222 2 6 0 37 118 15574 0.1 0.20923913043478262
table-0403-427 0 1 0 41 123 1811 1.0 0.0
table-0403-355 3 9 0 166 173 655 0.5 0.8449074074074074
table-0403-754 1 5 2 88 139 1252 1.0 0.10495049504950495
table-0403-630 2 3 0 16 47 1010 1.0 0.028304870335230867
table-0403-438 1 6 1 140 436 49224 1.0 0.03275156216332687
table-0403-329 13 3 0 1013 525 196800 0.1 0.030031980811513093
table-0403-751 1 2 1 15 35 1572 1.0 0.033928571428571426
table-0403-606 8 4 0 4 91 963 1.0 0.2380546075085324
table-0403-317 1 42 1 48 109 2641 0.3333333333333333 0.3300132802124834
table-0403-650 1 3 0 23 31 789 1.0 0.07211538461538461
table-0403-744 14 3 0 570 553 126519 0.1 0.02125887955036299
table-0403-991 2 6 0 172 176 533 0.3333333333333333 0.2536136662286465
table-0403-114 4 1 0 1284 787 21287 0.25 0.011255627813906953
table-0403-695 0 1 0 4 75 1188 1.0 0.0
table-0403-455 4 4 0 72 86 794 0.5 2.16991643454039
table-0403-71 3 2 3 21 39 6440 0.5 0.020618556701030927
table-0403-788 42 5 38 457 401 34439 0.2 0.5913461538461539
table-0403-51 41 3 11 97 97 10769 0.5 4.636363636363637
table-0403-131 2 2 0 54 80 7511 0.3333333333333333 0.0367504835589942
table-0403-557 1 3 0 32 38 711 1.0 0.042113955408753095
table-0403-664 1 3 0 16 23 570 1.0 0.04541701073492981
table-0403-282 25 3 25 187 344 7898 1.0 0.20551378446115287
table-0403-440 7 6 5 140 436 49224 1.0 0.1969403145873734
table-0403-113 9 1 0 1284 787 21287 0.25 0.04027013506753377
table-0403-523 5 5 0 104 115 6643 0.25 0.08274675426247458
table-0403-152 43 4 0 104 475 23816 0.16666666666666666 1.0030685305148312
table-0403-415 2 6 0 169 170 561 0.5 0.5284090909090909
table-0403-976 1 4 0 31 50 1323 0.5 0.05497526113249038
table-0403-862 0 0 0 206 233 14524 0.14285714285714285 0.0
table-0403-792 10 6 20 101 164 843 0.14285714285714285 0.37286432160804023
table-0403-665 5 4 6 41 96 11160 0.1 0.023727812834421935
table-0403-484 1 4 0 399 489 18010 0.5 0.003836150845253576
table-0403-56 42 4 42 90 108 15302 0.3333333333333333 4.985037406483791
table-0403-541 6 4 3 79 90 70251 0.3333333333333333 0.11029550159984942
table-0403-681 5 3 0 183 282 45046 0.1111111111111111 0.019611488056510827
table-0403-52 35 4 26 70 94 7984 0.5 5.75531914893617
table-0403-301 22 6 2 0 0 0 0.0 2262.0
table-0403-647 3 8 6 282 205 3614 0.3333333333333333 0.18755352554952898
table-0403-736 4 10 4 19 43 1177 1.0 0.4498416050686378
table-0403-683 4 3 0 183 282 45046 0.1111111111111111 0.03745701273352542
table-0403-954 3 5 0 417 134 170929 0.5 0.023506190561636463
table-0403-670 3 2 3 41 96 11160 0.1 0.005166242296763718
table-0403-903 0 1 0 13 22 1314 0.3333333333333333 0.0
table-0403-868 8 5 3 76 129 1668 0.3333333333333333 0.5823970037453183
table-0403-488 12 4 0 80 114 7323 0.16666666666666666 0.396297458424851
table-0403-893 9 11 50 68 60 1373 0.5 0.4100549882168107
table-0403-692 7 4 0 4 75 1188 1.0 0.3827751196172249
table-0403-570 1 3 0 36 46 868 1.0 0.040769230769230766
table-0403-922 12 6 0 84 43 1617 0.5 2.154859967051071
table-0403-780 4 2 2 190 195 89763 1.0 0.010677726791387222
table-0403-506 61 4 0 11 64 10439 0.038461538461538464 1.6116625310173698
table-0403-594 17 4 0 38 67 6209 0.25 2.423076923076923
table-0403-545 1 2 0 213 178 81732 0.25 0.006031363088057901
table-0403-4 1 2 0 87 138 6365 0.16666666666666666 0.008777945412151968
table-0403-734 4 10 4 22 32 3484 1.0 0.4053333333333333
table-0403-366 1 2 0 58 81 13129 0.5 0.022149302707136997
table-0403-490 4 3 0 80 114 7323 0.16666666666666666 0.046438657044242236
table-0403-858 0 0 0 206 233 14524 0.14285714285714285 0.0
table-0403-460 0 1 0 189 252 17506 1.0 0.0
table-0403-276 3 3 0 43 73 30938 0.2 0.08585247883917775
table-0403-579 3 3 0 170 149 10942 1.0 0.08158640226628895
table-0403-905 18 3 0 345 312 199912 0.3333333333333333 0.03267034418460104
table-0403-521 9 2 0 104 115 6643 0.25 0.05897074925699984
table-0403-561 1 3 0 31 43 656 1.0 0.05550811272416738
table-0403-528 12 5 12 105 145 3572 0.3333333333333333 0.40331491712707185
table-0403-212 2 2 0 430 247 85284 0.16666666666666666 0.021457308895842648
table-0403-691 5 7 1 83 86 12152 0.3333333333333333 0.05469159531714136
table-0403-331 2 2 0 62 93 951 0.25 0.1574468085106383
table-0403-827 8 3 3 203 218 3165 0.1111111111111111 0.5915032679738562
table-0403-195 6 4 0 11 121 72 1.0 1.169767441860465
table-0403-615 1 3 0 41 20 1194 1.0 0.09250585480093677
table-0403-379 10 2 6 15 30 6147 1.0 0.32492725509214354
table-0403-310 41 3 16 53 99 7817 0.5 5.155339805825243
table-0403-507 14 5 0 11 64 10439 0.038461538461538464 0.43631100082712987
table-0403-284 4 3 0 25 23 989 1.0 0.8009188361408882
table-0403-136 10 6 0 8 57 308 1.0 1.3500570125427593
table-0403-463 2 3 0 81 86 12134 0.25 0.07220748600058945
table-0403-917 1 3 0 137 23 120954 1.0 0.05799648506151142
table-0403-497 1 4 0 11 64 10439 0.038461538461538464 0.028122415219189414
table-0403-209 30 5 0 429 366 46795 0.3333333333333333 0.10750225971678216
table-0403-495 2 5 0 11 64 10439 0.038461538461538464 0.05334987593052109
table-0403-764 0 1 0 50 130 3100 1.0 0.0
table-0403-29 1 3 0 38 21 2142 0.3333333333333333 0.012775471095496647
table-0403-472 1 2 0 37 59 8301 0.5 0.018911174785100286
table-0403-587 5 4 0 1012 363 867146 0.08333333333333333 0.021702707968049875
table-0403-994 2 2 0 53 64 1766 0.5 0.14772727272727273
table-0403-687 15 2 0 183 282 45046 0.1111111111111111 0.03383214053350683
table-0403-263 6 5 12 242 414 1071 1.0 0.2169971671388102
table-0403-874 2 5 0 144 137 1318 0.25 0.2795031055900621
table-0403-960 7 5 0 292 355 1771 0.3333333333333333 0.8310991957104558
table-0403-828 2 3 0 25 49 4992 1.0 0.14454976303317535
table-0403-786 18 22 54 457 401 34439 0.2 0.09423076923076923
table-0403-159 2 7 0 73 95 12427 0.3333333333333333 0.004343576935606472
table-0403-779 6 6 7 51 96 1937 0.3333333333333333 0.29987129987129985
table-0403-478 2 7 2 87 249 6071 0.125 0.33926453143534996
table-0403-97 5 2 0 34 53 3888 0.3333333333333333 0.23344947735191637
table-0403-300 2 20 0 0 0 0 0.0 50.0
table-0403-393 143 4 0 90 210 13056 0.5 4.790795454545455
table-0403-493 4 4 0 11 64 10439 0.038461538461538464 0.09553349875930521
table-0403-458 11 6 0 6450 1043 1727045 0.5 0.017050210404412187
table-0403-622 1 3 0 32 20 1544 1.0 0.09449465899753492
table-0403-315 7 5 0 0 0 0 0.0 477.0
table-0403-17 2 3 0 509 342 35318 1.0 0.02760284068069141
table-0403-583 3 4 0 1012 363 867146 0.08333333333333333 0.021390999415546463
table-0403-265 8 6 0 507 530 20176 0.3333333333333333 0.29898690387941684
table-0403-98 1 3 0 34 53 3888 0.3333333333333333 0.08826945412311266
table-0403-886 10 5 10 50 54 2617 0.25 0.710334788937409
table-0403-955 16 11 0 375 393 25014 1.0 0.2923424621111407
table-0403-835 3 3 6 206 238 2457 0.1 0.18055555555555555
table-0403-928 3 2 0 124 159 122255 0.5 0.01669724770642202
table-0403-710 11 5 10 74 29 85 1.0 1.8727678571428572
table-0403-894 4 9 4 129 121 2951 0.25 0.09584664536741214
table-0403-449 8 7 8 176 139 66964 0.3333333333333333 0.6368038740920097
table-0403-982 1 2 0 59 73 12431 1.0 0.024134312696747113
table-0403-67 1 7 0 178 70 5059 0.2 0.0713001797483523
table-0403-16 43 11 3 509 342 35318 1.0 0.394211443119389
table-0403-631 0 1 0 10 14 808 1.0 0.0
table-0403-134 2 2 0 40 66 2050 0.3333333333333333 0.0890625
table-0403-714 7 6 0 327 725 26156 0.125 0.06595318889758983
table-0403-199 34 5 0 334 258 3636 1.0 0.262495028503248
table-0403-651 1 3 0 23 32 826 1.0 0.04445964432284542
table-0403-297 5 4 0 95 119 11518 0.5 0.17634220864251418
table-0403-565 1 3 0 33 42 777 1.0 0.03751705320600273
table-0403-352 36 5 25 112 163 1671 0.3333333333333333 5.94704684317719
table-0403-781 6 5 9 352 313 4642 0.5 1.3571428571428572
table-0403-641 3 4 2 90 106 4952 0.5 0.03929594760540319
table-0403-854 35 4 0 206 233 14524 0.14285714285714285 0.5392740541578644
table-0403-825 8 4 3 203 218 3165 0.1111111111111111 1.4901960784313726
table-0403-580 26 4 7 1012 363 867146 0.08333333333333333 0.06783557373855445
table-0403-845 4 4 8 199 235 1958 0.1 0.8571428571428571
table-0403-567 1 3 0 35 43 857 1.0 0.04018445322793149
table-0403-938 12 4 6 15 28 6004 0.5 0.6191155492154066
table-0403-933 8 5 0 98 146 3865 0.3333333333333333 5.979591836734694
table-0403-45 4 2 4 36 60 7158 1.0 0.025580788305925344
table-0403-834 3 4 6 206 238 2457 0.1 0.4083333333333333
table-0403-179 21 4 21 52 78 3839 0.5 4.353191489361702
table-0403-304 2 2 0 80 118 1041 0.2 0.13178294573643412
table-0403-368 2 5 0 92 138 1527 0.3333333333333333 0.3855721393034826
table-0403-491 7 3 0 80 114 7323 0.16666666666666666 0.12456855977408221
table-0403-154 17 4 0 396 449 95293 0.5 0.09545853619602522
table-0403-508 18 4 0 11 64 10439 0.038461538461538464 0.5885028949545078
table-0403-531 5 4 0 1073 126 4601 1.0 0.04861418018814319
table-0403-380 2 3 0 7 23 802 1.0 0.15162644281217208
table-0403-138 15 2 0 8 57 308 1.0 0.3637400228050171
table-0403-481 1 4 0 19 40 1590 0.3333333333333333 0.014773126978543792
table-0403-686 17 2 0 183 282 45046 0.1111111111111111 0.04851752021563342
table-0403-766 1 6 0 166 169 710 0.5 0.25862068965517243
table-0403-214 11 7 2 37 118 15574 0.1 1.1956521739130435
table-0403-597 16 8 16 26 51 144 1.0 12.575
table-0403-748 1 2 0 570 553 126519 0.1 0.0014311363222398584
table-0403-802 3 2 0 66 83 3916 0.5 0.11816192560175055
table-0403-902 2 2 0 13 22 1314 0.3333333333333333 0.03977272727272727
table-0403-208 10 2 0 429 366 46795 0.3333333333333333 0.04585718589936728
table-0403-876 2 8 4 59 47 6838 0.25 0.0499790004199916
table-0403-290 10 6 0 141 350 2172 0.3333333333333333 0.7375621890547264
table-0403-566 1 3 0 34 44 971 1.0 0.02982233502538071
table-0403-639 1 3 0 27 30 748 1.0 0.2562814070351759
table-0403-959 8 5 0 292 355 1771 0.3333333333333333 1.0589812332439679
table-0403-996 1 7 0 519 337 31097 0.1 0.01044761813476469
table-0403-875 2 6 1 59 47 6838 0.25 0.0869382612347753
table-0403-517 10 9 0 11 17 722 0.5 3.901098901098901
table-0403-357 2 5 0 181 181 2010 0.25 0.23485784919653893
table-0403-498 2 5 0 11 64 10439 0.038461538461538464 0.05748552522746071
table-0403-989 1 2 1 4 20 1096 1.0 0.021814006888633754
table-0403-471 5 3 0 104 95 6545 0.5 0.04193725921849202
table-0403-918 2 3 0 161 48 5371 1.0 0.07836216025414755
table-0403-82 8 2 0 21 57 1074 0.5 0.05542857142857143
table-0403-677 16 4 0 183 282 45046 0.1111111111111111 0.07444929826192025
table-0403-434 20 10 47 140 436 49224 1.0 0.7541478129713424
table-0403-164 3 2 0 61 72 802 1.0 0.017533252720677146
table-0403-178 1 2 1 15 25 1545 1.0 0.015522875816993464
table-0403-791 2 5 0 101 164 843 0.14285714285714285 0.264321608040201
table-0403-514 5 5 2 136 169 2404 0.25 0.1030469017459774
table-0403-944 1 5 0 313 265 64871 0.3333333333333333 0.003664077385314378
table-0403-330 1 3 0 1013 525 196800 0.1 0.009744153507895262
table-0403-674 1 3 0 15 23 978 1.0 0.04959422903516682
table-0403-981 0 1 0 572 406 29590 1.0 0.0
table-0403-341 4 2 0 24 61 2558 0.5 0.059907834101382486
table-0403-884 21 5 12 68 77 6221 0.5 1.4839883551673945
table-0403-872 40 5 16 4 83 692 0.25 2.0467111534795044
table-0403-1 13 3 0 608 433 88750 1.0 0.06227267717403284
table-0403-377 147 9 86 42 381 12209 0.5 47.35761589403973
table-0403-605 8 4 0 4 91 963 1.0 0.23464163822525597
table-0403-230 3 3 0 4 13 2441 0.3333333333333333 0.18374558303886926
table-0403-292 81 4 0 141 350 2172 0.3333333333333333 9.088308457711443
table-0403-819 6 7 12 109 150 1936 0.3333333333333333 0.3757309941520468
table-0403-789 2 2 0 101 164 843 0.14285714285714285 0.06633165829145729
table-0403-576 1 3 0 34 42 780 1.0 0.0626204238921002
table-0403-624 6 3 8 22 28 3349 0.5 0.10656142081894425
table-0403-296 1 3 0 104 120 1587 1.0 0.048055759354365374
table-0403-409 2 2 0 67 81 2696 0.5 0.08563899868247694
table-0403-405 3 3 3 49 48 18032 0.2 0.06438312718046305
table-0403-929 0 1 0 124 159 122255 0.5 0.0
table-0403-889 14 4 0 163 161 5460 0.5 0.3345049794961921
table-0403-940 40 8 24 81 175 77686 0.5 0.14866953506829858
table-0403-818 49 8 82 109 150 1936 0.3333333333333333 5.853801169590644
table-0403-743 34 2 0 570 553 126519 0.1 0.036038614660040075
table-0403-657 3 3 0 60 46 1639 1.0 0.04851889683350358
table-0403-873 40 8 80 4 83 692 0.25 2.188751191611058
table-0403-750 17 4 0 570 553 126519 0.1 0.03403502380890427
table-0403-915 1 3 0 67 158 2456 0.5 0.12395709177592372
table-0403-128 2 2 0 45 78 4654 0.3333333333333333 0.029504741833508957
table-0403-808 2 2 0 134 191 910 0.25 0.12320916905444126
table-0403-732 10 6 0 194 130 5420 0.2 0.30927051671732525
table-0403-412 2 8 0 171 178 918 0.5 0.6027777777777777
table-0403-961 6 4 0 36 94 3080 1.0 0.04142320534223706
table-0403-258 8 3 3 57 90 878 0.2 0.5679245283018868
table-0403-374 1 2 0 51 69 419 1.0 0.008008356545961003
table-0403-569 1 3 0 32 38 857 1.0 0.04583333333333333
table-0403-939 4 2 0 15 28 6004 0.5 0.19258202567760344
table-0403-693 7 4 0 4 75 1188 1.0 0.44178628389154706
table-0403-451 9 4 0 56 105 775 0.3333333333333333 1.5794392523364487
table-0403-419 14 4 0 105 176 1104 0.3333333333333333 3.052023121387283
table-0403-574 1 3 0 34 42 745 1.0 0.05
table-0403-866 2 5 0 76 129 1668 0.3333333333333333 0.3258426966292135
table-0403-882 31 5 0 111 197 14454 0.5 0.12179822268687925
table-0403-224 1 5 0 168 172 680 0.5 0.12056737588652482
table-0403-308 2 2 0 260 404 5871 1.0 0.016427459795953656
table-0403-633 12 5 1 34 99 4843 0.2 2.029797377830751
table-0403-236 0 1 0 319 225 7036 1.0 0.0
table-0403-739 2 4 0 13 20 4114 0.2 0.027053965541791257
table-0403-96 7 6 0 150 243 1501 0.14285714285714285 0.26222222222222225
table-0403-257 5 4 1 57 90 878 0.2 0.37735849056603776
table-0403-663 1 3 0 16 23 655 1.0 0.05475989890480202
table-0403-694 7 4 0 4 75 1188 1.0 0.44178628389154706
table-0403-607 8 4 0 4 91 963 1.0 0.26621160409556316
table-0403-175 2 4 0 41 76 3764 1.0 0.009075180361048542
table-0403-723 5 5 0 327 725 26156 0.125 0.047246149830331506
table-0403-270 1 3 0 7 19 657 1.0 0.2234910277324633
table-0403-307 8 3 3 80 118 1041 0.2 0.5775193798449613
table-0403-248 15 2 15 6 74 952 0.3333333333333333 0.32944228274967574
table-0403-810 36 4 37 134 191 910 0.25 1.9283667621776504
table-0403-839 2 5 0 54 71 1616 0.3333333333333333 0.2782101167315175
table-0403-167 28 14 0 166 175 10984 0.3333333333333333 0.804251550044287
table-0403-926 9 10 56 37 21 781 0.5 1.140552995391705
table-0403-983 26 5 16 283 264 103040 0.3333333333333333 2.3464566929133857
table-0403-809 7 2 0 134 191 910 0.25 0.13753581661891118
table-0403-358 2 8 0 181 181 2010 0.25 0.276885043263288
table-0403-180 40 4 40 75 115 5732 0.5 8.558823529411764
table-0403-726 22 6 28 103 101 11828 1.0 0.40038684719535783
table-0403-117 7 19 21 1284 787 21287 0.25 0.16108054027013508
table-0403-519 2 2 2 104 115 6643 0.25 0.008133896449241357
table-0403-10 4 5 0 91 143 1894 0.25 0.40605095541401276
table-0403-259 1 3 0 7 15 777 1.0 0.4104938271604938
table-0403-217 1 7 0 37 118 15574 0.1 0.14266304347826086
table-0403-658 1 2 1 176 202 2510 0.5 0.008318739054290718
table-0403-133 3 2 0 40 66 2050 0.3333333333333333 0.421875
table-0403-843 4 4 8 199 235 1958 0.1 0.868421052631579
table-0403-986 12 9 9 5 113 711 0.3333333333333333 1.152097902097902
table-0403-898 2 5 0 175 205 4123 0.3333333333333333 0.060657118786857624
table-0403-399 2 5 0 100 166 2333 0.3333333333333333 0.33976833976833976
table-0403-474 7 3 0 87 249 6071 0.125 0.3748517200474496
table-0403-659 1 4 0 176 202 2510 0.5 0.011821366024518389
table-0403-364 6 5 1 182 187 613 0.3333333333333333 1.9870129870129871
table-0403-642 1 3 0 25 38 973 1.0 0.03161810291382517
table-0403-890 14 4 0 163 161 5460 0.5 0.19625073227885179
table-0403-234 10 5 0 319 225 7036 1.0 1.1208530805687205
table-0403-27 1 3 0 226 237 178595 1.0 0.00866435617168755
table-0403-443 3 3 0 93 117 11675 1.0 0.19534658264663113
table-0403-38 8 2 6 77 175 10252 0.25 0.0244506038408236
table-0403-36 11 3 0 837 463 146276 1.0 0.025863221207395856
table-0403-951 5 3 0 463 476 181182 0.25 0.003151357864491612
table-0403-520 20 2 0 104 115 6643 0.25 0.16627561395276083
table-0403-439 109 10 218 140 436 49224 1.0 4.476836888601595
table-0403-177 8 5 8 35 36 57527 0.5 0.1339031339031339
table-0403-733 4 10 4 22 32 3484 1.0 0.39466666666666667
table-0403-700 7 4 0 4 75 1188 1.0 0.41148325358851673
table-0403-187 27 3 0 46 72 3713 0.5 2.9596774193548385
table-0403-299 1 20 0 0 0 0 0.0 34.0
table-0403-63 7 3 0 208 39 11875 1.0 0.0725503207255032
table-0403-112 4 6 0 1284 787 21287 0.25 0.06728364182091046
table-0403-689 1 3 0 183 282 45046 0.1111111111111111 0.01357003438981318
table-0403-348 9 9 3 107 182 5336 1.0 0.08787319175130809
table-0403-141 5 5 4 143 140 3178 1.0 0.29
table-0403-356 2 9 0 181 181 2010 0.25 0.2843016069221261
table-0403-325 29 2 0 1013 525 196800 0.1 0.03587847291625025
table-0403-544 1 3 0 13 27 2804 1.0 0.08700764256319812
table-0403-524 9 9 0 11 15 663 0.5 2.179054054054054
table-0403-168 1 4 0 166 175 10984 0.3333333333333333 0.046058458813108945
table-0403-745 9 2 0 570 553 126519 0.1 0.00637506179906846
table-0403-509 6 5 1 11 64 10439 0.038461538461538464 0.24937965260545905
table-0403-997 1 1 0 519 337 31097 0.1 0.003929838013994057
table-0403-183 13 5 0 177 187 128475 0.1111111111111111 0.029649270820778596
table-0403-203 0 1 0 70 148 14091 0.3333333333333333 0.0
table-0403-59 7 3 0 14029 1057 2986857 0.3333333333333333 0.00979927763633134
table-0403-887 2 2 0 12 40 2995 0.5 0.05627705627705628
table-0403-231 2 5 0 319 225 7036 1.0 0.22195892575039494
table-0403-196 12 10 79 335 149 79264 0.3333333333333333 0.036881080296210254
table-0403-540 6 2 3 47 70 9489 1.0 0.11095700416088766
table-0403-653 1 3 0 25 27 675 1.0 0.049436253252385085
table-0403-725 2 3 0 64 85 10199 1.0 0.05237858445217968
table-0403-753 1 3 0 25 35 2252 1.0 0.02360116679925749
table-0403-147 0 1 0 43 61 2637 0.3333333333333333 0.0
table-0403-101 3 4 0 175 171 586 0.3333333333333333 0.8243243243243243
table-0403-447 1 2 1 40 65 12989 1.0 0.016918967052537846
table-0403-20 7 5 0 76 89 4660 0.25 0.4585987261146497
table-0403-404 23 4 4 49 48 18032 0.2 2.006184586108468
table-0403-772 3 3 0 9 20 538 1.0 0.16619876473891074
table-0403-768 3 5 7 178 190 892 0.25 1.2724014336917562
table-0403-867 42 8 34 76 129 1668 0.3333333333333333 6.623595505617978
table-0403-778 25 9 42 51 96 1937 0.3333333333333333 2.7953667953667956
table-0403-668 1 2 1 41 96 11160 0.1 0.0012177571128085907
table-0403-390 1 2 0 204 198 583182 0.3333333333333333 0.0011117287381878821
table-0403-6 3 5 0 87 138 6365 0.16666666666666666 0.03662049101632149
table-0403-323 8 6 10 83 139 1751 0.3333333333333333 0.9551451187335093
table-0403-13 3 5 0 115 209 3471 0.045454545454545456 0.5094339622641509
table-0403-23 17 4 15 84 67 3949 0.25 0.246301775147929
table-0403-58 9 1 0 28 115 798 1.0 0.029848125713282415
table-0403-121 2 7 0 1284 787 21287 0.25 0.08379189594797398
table-0403-618 21 3 6 651 700 32548 0.1 0.6656200941915228
table-0403-406 3 3 2 23 53 1318 0.5 0.09812667261373774
table-0403-7 5 2 0 270 317 2449 1.0 0.27189988623435724
table-0403-697 7 4 0 4 75 1188 1.0 0.43381180223285487
table-0403-512 4 4 0 11 64 10439 0.038461538461538464 0.09222497932175351
table-0403-94 12 4 0 343 314 42085 0.25 0.04949743978759719
table-0403-50 29 3 0 55 81 6846 0.5 3.9006622516556293
table-0403-118 5 20 0 1284 787 21287 0.25 0.14982491245622812
table-0403-964 26 7 34 2257 938 967342 0.2 0.05826581623857956
table-0403-897 1 4 0 175 205 4123 0.3333333333333333 0.03201347935973041
table-0403-32 6 5 0 145 117 1465 0.25 1.0594965675057209
table-0403-210 5 14 6 430 247 85284 0.16666666666666666 0.1724407688869021
table-0403-99 8 5 0 135 130 1915 0.25 0.5220949263502455
table-0403-878 14 3 0 153 226 9840 0.2 0.36876640419947504
table-0403-925 4 3 0 31 50 1370 1.0 0.16911501254030814
table-0403-453 0 1 0 43 54 3753 0.5 0.0
table-0403-279 10 3 3 34 40 867 0.3333333333333333 0.41764080765143463
table-0403-708 2 9 2 57 119 2204 0.3333333333333333 0.019099590723055934
table-0403-110 35 6 0 0 0 0 0.0 4944.0
table-0403-432 36 10 72 140 436 49224 1.0 1.5076492135315664
table-0403-77 2 4 0 120 121 18137 0.5 0.2544529262086514
table-0403-184 112 8 0 177 187 128475 0.1111111111111111 0.4808967096540918
table-0403-741 4 5 0 13 20 4114 0.2 0.015378043571123452
table-0403-740 4 3 0 13 20 4114 0.2 0.03502776591200342
table-0403-485 1 3 0 26 45 1847 1.0 0.03865110246433204
table-0403-900 5 10 21 46 23 1197 0.5 0.6135531135531136
table-0403-712 14 4 2 327 725 26156 0.125 0.12816496998172802
table-0403-337 1 3 0 59 118 2920 0.3333333333333333 0.031554343591741335
table-0403-838 33 8 18 75 129 1095 0.25 3.1829436038514443
table-0403-645 1 3 0 23 32 617 1.0 0.06290672451193059
table-0403-765 2 5 0 169 171 850 0.5 0.7012987012987013
table-0403-468 18 14 14 96 132 188510 0.1 1.9569798068481123
table-0403-977 1 4 0 31 50 1323 0.5 0.026937877954920284
table-0403-718 1 5 0 327 725 26156 0.125 0.007743844079004612
table-0403-496 2 5 0 11 64 10439 0.038461538461538464 0.06989247311827956
table-0403-245 2 2 1 31 42 0 1.0 0.0517503805175038
table-0403-256 5 4 1 57 90 878 0.2 0.36792452830188677
table-0403-288 12 2 0 91 140 7313 0.5 0.17170856412441415
table-0403-72 3 4 0 21 39 6440 0.5 0.12252180808881839
table-0403-865 2 5 0 76 129 1668 0.3333333333333333 0.27902621722846443
table-0403-215 2 4 0 37 118 15574 0.1 0.1766304347826087
table-0403-662 2 3 0 20 34 1307 1.0 0.06269592476489028
table-0403-197 8 7 0 335 149 79264 0.3333333333333333 0.297662262233193
table-0403-2 5 2 1 87 138 6365 0.16666666666666666 0.019887532574406803
table-0403-746 20 2 0 570 553 126519 0.1 0.012385834352475866
table-0403-581 33 4 0 1012 363 867146 0.08333333333333333 0.10734463276836158
table-0403-593 1 2 0 38 67 6209 0.25 0.05897435897435897
table-0403-667 1 2 1 41 96 11160 0.1 0.0025093176869995203
table-0403-123 5 7 0 1284 787 21287 0.25 0.1630815407703852
table-0403-181 41 3 0 66 92 8359 0.5 6.026490066225166
table-0403-240 4 2 1 72 78 5410 1.0 0.09833333333333333
table-0403-911 7 10 31 56 67 2028 0.5 0.609308885754584
table-0403-516 2 7 0 136 169 2404 0.25 0.12461485792536803
table-0403-895 5 9 5 129 121 2951 0.25 0.12332268370607029
table-0403-95 23 7 21 343 314 42085 0.25 0.24881471648018205
table-0403-906 8 3 1 17 39 676 0.25 0.3115519253208868
table-0403-255 2 2 0 57 90 878 0.2 0.12830188679245283
table-0403-435 3 9 6 140 436 49224 1.0 0.10407239819004525
table-0403-226 2 6 0 169 173 613 0.5 0.49476439790575916
table-0403-91 0 1 0 359 368 46487 1.0 0.0
table-0403-119 14 7 0 1284 787 21287 0.25 0.38019009504752377
table-0403-397 2 2 0 5 11 821 1.0 0.09341825902335456
table-0403-489 5 3 0 80 114 7323 0.16666666666666666 0.057420771885786
table-0403-286 9 3 3 44 43 899 0.3333333333333333 0.9207650273224044
table-0403-891 7 2 4 28 42 6480 0.5 0.06567284448025786
table-0403-950 18 12 0 463 476 181182 0.25 0.12651774955973677
table-0403-166 4 4 4 20 57 10133 0.5 0.0655111633372503
table-0403-407 1 3 0 37 44 2846 1.0 0.06495726495726496
table-0403-201 5 2 0 70 148 14091 0.3333333333333333 0.03958861651169344
table-0403-881 12 3 0 153 226 9840 0.2 0.3543307086614173
table-0403-37 309 3 309 27 1151 129 1.0 46.23175965665236
table-0403-243 3 3 0 130 370 6890 1.0 0.189769820971867
table-0403-18 3 2 0 52 61 0 1.0 0.09628217349857007
table-0403-770 1 4 1 178 190 892 0.25 0.36200716845878134
table-0403-145 3 2 0 43 61 2637 0.3333333333333333 0.6896551724137931
table-0403-146 2 2 0 43 61 2637 0.3333333333333333 0.15119363395225463
table-0403-532 8 4 0 70 121 1145 0.16666666666666666 0.14689798227418444
table-0403-794 13 5 32 101 164 843 0.14285714285714285 0.471356783919598
table-0403-312 7 3 2 805 420 349332 0.14285714285714285 0.005996209649858639
table-0403-967 52 5 0 2257 938 967342 0.2 0.20818249727058552
table-0403-829 8 3 0 18 55 956 1.0 0.3370998116760829
table-0403-332 1 3 0 297 203 2855 1.0 0.043343653250773995
table-0403-719 6 5 0 327 725 26156 0.125 0.05899243017488906
table-0403-354 3 4 0 18 35 1265 0.5 0.046079223928860144
table-0403-267 2 3 0 507 530 20176 0.3333333333333333 0.055349641709908574
table-0403-143 9 7 9 143 140 3178 1.0 0.19482758620689655
table-0403-935 15 4 11 132 134 5983 1.0 0.11058946270213876
table-0403-391 12 4 0 204 198 583182 0.3333333333333333 0.02605614230127849
table-0403-33 9 2 2 84 83 70836 1.0 0.02280557834290402
table-0403-500 2 4 0 11 64 10439 0.038461538461538464 0.06286186931348221
table-0403-428 21 2 0 16 27 1914 0.5 0.41612200435729846
table-0403-682 1 2 1 183 282 45046 0.1111111111111111 0.0017659633794962356
table-0403-758 22 3 19 692 435 40530 0.16666666666666666 0.18635809987819732
table-0403-376 118 8 71 47 261 6675 0.5 31.415011037527595
table-0403-275 3 4 0 43 73 30938 0.2 0.024788391777509067
table-0403-965 12 8 39 2257 938 967342 0.2 0.019220823995862783
table-0403-43 284 3 284 27 1151 106 1.0 42.836909871244636
table-0403-469 18 3 1 96 132 188510 0.1 1.0456540825285339
table-0403-598 8 5 0 348 387 461 1.0 0.04710182767624021
table-0403-40 12 2 0 77 175 10252 0.25 0.027915264304098197
table-0403-246 4 5 0 21 31 931 0.3333333333333333 0.9287257019438445
table-0403-628 0 1 0 20 21 903 1.0 0.0
table-0403-229 28 3 6 4 13 2441 0.3333333333333333 1.7326266195524147
table-0403-423 1 1 0 18098 898 857650 0.25 0.0008957719563659528
table-0403-626 2 3 0 148 133 2937 1.0 0.06835443037974684
table-0403-426 62 7 60 271 231 13181 0.3333333333333333 0.8453567158230371
table-0403-5 7 2 0 87 138 6365 0.16666666666666666 0.024139349883417913
table-0403-227 5 2 0 101 108 5090 1.0 0.06657848324514991
table-0403-244 0 1 0 32 49 1246 1.0 0.0
table-0403-25 0 1 0 16 22 1764 1.0 0.0
table-0403-767 1 6 0 196 240 793 0.5 0.2702702702702703
table-0403-572 1 3 0 37 45 741 1.0 0.04143862392494136
table-0403-360 2 2 2 17 85 8562 0.5 0.025554808338937456
table-0403-993 2 3 0 32 71 5865 1.0 0.16355404640633842
table-0403-135 33 4 0 8 57 308 1.0 1.8985176738882554
table-0403-200 10 2 0 334 258 3636 1.0 0.0994299350391091
table-0403-140 5 4 8 143 140 3178 1.0 0.15344827586206897
table-0403-15 4 6 0 28 51 13767 1.0 1.5886524822695036
table-0403-333 18 6 0 141 266 1909 1.0 0.6009229191591181
table-0403-324 27 2 0 1013 525 196800 0.1 0.08300019988007196
table-0403-294 1 2 0 28 38 1689 1.0 0.010676156583629894
table-0403-815 16 4 0 31 67 3610 0.3333333333333333 0.36425648021828105
table-0403-901 5 2 0 13 22 1314 0.3333333333333333 0.08451704545454546
table-0403-103 2 3 0 25 58 3978 1.0 0.16787564766839377
table-0403-558 1 3 0 33 37 584 1.0 0.05781990521327014
table-0403-729 12 4 19 194 130 5420 0.2 0.8031914893617021
table-0403-49 13 3 0 55 73 10662 0.5 1.6105263157894736
table-0403-271 8 4 0 212 211 28298 0.3333333333333333 0.10725401005506344
table-0403-596 2 4 0 38 67 6209 0.25 0.2512820512820513
table-0403-106 4 3 0 21 46 3651 0.3333333333333333 0.06083411727814362
table-0403-100 20 6 0 336 195 86520 0.5 0.12466775272228414
table-0403-137 29 13 136 8 57 308 1.0 1.5689851767388825
table-0403-798 0 1 0 10 23 681 1.0 0.0
table-0403-704 7 4 5 299 508 12826 0.2 0.0879859222524396
table-0403-3 2 2 0 87 138 6365 0.16666666666666666 0.009052256206281717
table-0403-551 37 7 117 49 61 9278 0.5 13.673267326732674
table-0403-892 2 2 0 28 42 6480 0.5 0.022965350523771154
table-0403-852 16 4 0 33 60 4250 0.3333333333333333 0.38487155090390107
table-0403-621 58 3 29 651 700 32548 0.1 1.5274725274725274
table-0403-505 2 5 0 11 64 10439 0.038461538461538464 0.06658395368072788
table-0403-755 17 8 14 692 435 40530 0.16666666666666666 0.309900817817992
table-0403-170 20 4 1 23 59 10120 0.25 0.804953560371517
table-0403-188 1 2 0 26 102 6064 0.3333333333333333 0.09178743961352658
table-0403-707 14 12 105 299 508 12826 0.2 0.1265397536394177
table-0403-338 33 3 22 42 67 2300 0.5 1.9161290322580644
table-0403-375 2 5 6 58 74 3899 1.0 0.13181242078580482
table-0403-864 2 3 0 33 85 5848 1.0 0.19022556390977444
table-0403-870 24 2 0 6 28 5460 1.0 0.44387001477104876
table-0403-629 2 2 0 36 35 3455 0.5 0.07726027397260274
table-0403-585 4 4 0 1012 363 867146 0.08333333333333333 0.009390220144165205
table-0403-479 1 10 1 87 249 6071 0.125 0.18861209964412812
table-0403-987 9 13 0 170 119 8398 0.5 0.23194014447884417
table-0403-602 8 4 0 4 91 963 1.0 0.24146757679180889
table-0403-924 26 6 0 35 37 9461 1.0 4.403769841269841
table-0403-974 2 4 0 31 50 1323 0.5 0.05167674546454096
table-0403-35 5 11 0 117 94 6672 0.25 0.10119617224880383
table-0403-452 6 4 0 56 105 775 0.3333333333333333 1.080373831775701
table-0403-272 5 4 0 212 211 28298 0.3333333333333333 0.0648790998324156
table-0403-549 13 2 0 182 204 47089 1.0 0.019242155121373596
table-0403-713 6 6 0 327 725 26156 0.125 0.053336813712694685
table-0403-385 2 5 0 83 127 1864 0.3333333333333333 0.18992248062015504
table-0403-398 2 2 2 7 20 2105 1.0 0.0341726618705036
table-0403-737 1 3 0 63 99 1514 1.0 0.03836317135549872
table-0403-410 1 3 0 213 215 20843 1.0 0.054474708171206226
table-0404-1000 1 2 0 183 119 169374 0.5 0.979498861047836
table-0403-345 14 5 5 1397 322 71630 0.25 0.10902211874272409
table-0403-946 3 3 0 102 340 21381 1.0 0.017955911823647294
table-0403-671 0 0 0 41 96 11160 0.1 0.0
table-0403-534 17 4 0 70 121 1145 0.16666666666666666 0.3092589100509146
table-0403-604 8 4 0 4 91 963 1.0 0.21245733788395904
table-0403-239 4 3 0 319 225 7036 1.0 0.15560821484992102
table-0403-515 9 3 0 136 169 2404 0.25 0.018829168093118794
table-0403-529 11 5 11 105 145 3572 0.3333333333333333 0.3572744014732965
table-0403-816 2 5 0 109 150 1936 0.3333333333333333 0.25292397660818716
table-0403-305 6 4 2 80 118 1041 0.2 0.4941860465116279
table-0403-367 2 5 0 92 138 1527 0.3333333333333333 0.36318407960199006
table-0403-274 6 2 0 43 73 30938 0.2 0.044740024183796856
table-0403-334 8 6 0 141 266 1909 1.0 0.23722440608443002
table-0403-533 9 4 0 70 121 1145 0.16666666666666666 0.1608523477277013
table-0403-584 1 4 0 1012 363 867146 0.08333333333333333 0.006312098188194039
table-0403-64 1 6 0 530 535 33063 0.5 0.02462335979264539
table-0403-473 10 8 0 87 249 6071 0.125 0.7769869513641756
table-0403-635 3 4 0 34 99 4843 0.2 0.46245530393325385
table-0403-241 2 4 0 268 193 16507 1.0 0.041680843824430075
table-0403-436 8 10 12 140 436 49224 1.0 0.31135531135531136
table-0403-153 68 4 0 104 475 23816 0.16666666666666666 1.675417661097852
table-0403-204 2 5 0 115 197 1797 0.3333333333333333 0.41497659906396256
table-0403-949 10 7 10 463 476 181182 0.25 0.11001946426916304
table-0403-676 10 2 6 183 282 45046 0.1111111111111111 0.02872014127707036
table-0403-172 147 3 0 133 362 1739 0.5 8.493479752916953
table-0403-806 10 2 0 144 161 25122 1.0 0.186105476673428
table-0403-382 7 4 5 12 116 8969 0.25 1.6923076923076923
table-0403-261 27 3 28 116 141 15976 0.5 0.5188401530762438
table-0403-465 5 13 2 96 132 188510 0.1 0.7374890254609306
table-0403-973 1 5 1 31 50 1323 0.5 0.035184167124793844
table-0403-280 17 6 7 67 102 649 0.5 3.973913043478261
table-0403-636 0 1 0 6 14 589 1.0 0.0
table-0403-235 12 5 0 319 225 7036 1.0 1.338862559241706
table-0403-978 1 4 0 31 50 1323 0.5 0.026937877954920284
table-0403-431 25 10 50 140 436 49224 1.0 1.0864037922861451
table-0403-796 14 6 0 37 56 890 0.5 4.512333965844403
table-0403-218 40 7 36 37 118 15574 0.1 2.421195652173913
table-0403-705 1 1 0 299 508 12826 0.2 0.004639257718764998
table-0403-797 5 3 0 33 20 7330 1.0 0.538787023977433
table-0403-503 30 5 0 11 64 10439 0.038461538461538464 1.1414392059553349
table-0403-394 7 3 0 1206 854 209081 1.0 0.026609377355646013
table-0403-388 8 6 10 83 127 1864 0.3333333333333333 0.49224806201550386
table-0403-913 2 4 0 176 202 7158 0.5 0.07892204042348412
table-0403-456 9 4 0 135 152 6038 0.3333333333333333 0.10873287671232877
table-0403-923 8 9 0 40 62 5579 0.5 0.20867579908675798
table-0403-853 6 5 0 143 128 1542 0.25 0.7014218009478673
table-0403-877 1 5 1 59 47 6838 0.25 0.04367912641747165
table-0403-190 15 3 15 46 50 2342 0.5 0.8972972972972973
table-0403-688 1 2 0 183 282 45046 0.1111111111111111 0.0017659633794962356
table-0403-430 6 9 12 140 436 49224 1.0 0.22258134022839904
table-0403-773 15 4 3 202 106 196996 0.5 0.2757450018860807
table-0403-702 7 4 0 4 75 1188 1.0 0.4098883572567783
table-0403-362 6 4 0 29 64 2416 1.0 0.10448087431693989
table-0403-322 48 5 40 83 139 1751 0.3333333333333333 10.29023746701847
table-0403-787 4 3 0 457 401 34439 0.2 0.043076923076923075
table-0403-90 2 7 1 172 170 909 0.3333333333333333 0.5263157894736842
table-0403-706 1 2 0 299 508 12826 0.2 0.007358822588385858
table-0403-70 1 3 0 178 70 5059 0.2 0.06530856800479329
table-0403-910 7 6 7 5 183 257 1.0 0.6790310370931113
table-0403-44 10 3 0 918 657 72594 1.0 0.015852600418516816
table-0403-383 32 4 0 12 116 8969 0.25 14.623626373626374
table-0403-958 1 3 0 375 393 25014 1.0 0.01808029779314012
table-0403-859 2 5 0 206 233 14524 0.14285714285714285 0.029575571346264644
table-0403-221 9 3 0 37 118 15574 0.1 0.6997282608695652
table-0403-150 128 4 1 104 475 23816 0.16666666666666666 2.936924650528469
table-0403-89 1 5 0 172 170 909 0.3333333333333333 0.3349282296650718
table-0403-953 2 2 0 61 56 941 0.3333333333333333 0.13181019332161686
table-0403-233 1 5 0 319 225 7036 1.0 0.11532385466034756
table-0403-869 18 15 102 14 294 40832 1.0 0.5470817120622569
table-0403-850 0 1 0 10 20 601 1.0 0.0
table-0403-793 10 6 19 101 164 843 0.14285714285714285 0.37286432160804023
table-0403-186 9 3 2 38 63 3488 0.5 0.7313019390581718
table-0403-727 2 3 2 194 130 5420 0.2 0.11778115501519756
table-0403-599 4 2 3 21 26 1970 1.0 0.05387029288702929
table-0403-669 3 2 3 41 96 11160 0.1 0.007527953060998561
table-0403-731 12 4 16 194 130 5420 0.2 0.8503039513677811
table-0403-720 6 5 0 327 725 26156 0.125 0.05707822152614635
table-0403-547 4 3 0 35 59 16655 0.5 0.057817310981867945
table-0403-295 220 4 220 376 581 22390 1.0 4.194933145672062
table-0403-115 128 8 0 1284 787 21287 0.25 4.5417708854427215
table-0403-550 1 3 0 36 44 1137 1.0 0.031914893617021274
table-0403-795 12 3 0 8 16 763 0.5 1.2937853107344632
table-0403-800 0 1 0 8 23 569 1.0 0.0
table-0403-122 1 6 0 1284 787 21287 0.25 0.022511255627813906
table-0403-774 33 8 14 47 91 9684 0.5 1.192280701754386
table-0403-363 1 4 0 182 187 613 0.3333333333333333 0.34805194805194806
table-0403-914 7 10 31 63 64 1931 0.5 0.733446519524618
table-0403-536 18 8 2 70 121 1145 0.16666666666666666 0.374693569677541
table-0403-389 1 2 0 51 69 291 1.0 0.008008356545961003
table-0403-968 1 2 0 59 76 0 0.5 0.10310421286031042
table-0403-61 2 7 1 79 62 16836 0.5 0.2068746021642266
table-0403-365 1 2 1 52 96 15230 0.5 0.005900621118012423
table-0403-616 72 3 53 651 700 32548 0.1 1.2951334379905808
table-0403-553 6 4 0 19 31 10511 0.3333333333333333 0.10068365444375388
table-0403-609 8 4 0 4 91 963 1.0 0.22866894197952217
table-0403-590 7 2 0 40 85 21143 0.3333333333333333 0.10253857640617223
table-0403-600 8 4 0 4 91 963 1.0 0.26621160409556316
table-0403-467 2 2 0 96 132 188510 0.1 0.12467076382791922
table-0403-833 3 4 6 206 238 2457 0.1 0.49166666666666664
table-0403-611 8 4 0 4 91 963 1.0 0.23464163822525597
table-0403-62 61 4 14 208 39 11875 1.0 1.3136474231364743
table-0403-661 1 3 0 15 23 527 1.0 0.036564625850340135
table-0403-129 1 2 1 45 78 4654 0.3333333333333333 0.01053740779768177
table-0403-769 2 3 2 178 190 892 0.25 0.6845878136200717
table-0403-577 29 3 0 124 389 6393 0.3333333333333333 0.30665224445646294
table-0403-326 5 2 0 1013 525 196800 0.1 0.008245052968219068
table-0403-782 10 4 5 72 51 4534 0.3333333333333333 0.5963172804532578
table-0403-277 2 2 0 43 73 30938 0.2 0.04353083434099154
table-0403-386 2 5 0 83 127 1864 0.3333333333333333 0.2157622739018088
table-0403-562 1 3 0 33 44 826 1.0 0.03127079174983367
table-0403-437 6 10 8 140 436 49224 1.0 0.21116138763197587
table-0403-575 1 3 0 35 45 847 1.0 0.029860650298606503
table-0403-417 26 6 10 105 176 1104 0.3333333333333333 4.15606936416185
table-0403-673 1 3 0 14 26 754 1.0 0.05534495830174375
table-0403-104 8 5 0 155 133 1868 0.25 0.3504415011037528
table-0403-281 15 4 0 67 102 649 0.5 5.230434782608696
table-0403-446 0 1 0 28 38 2817 0.5 0.0
table-0403-12 2 2 0 115 209 3471 0.045454545454545456 0.15283018867924528
table-0403-721 6 5 0 327 725 26156 0.125 0.056730183590011314
table-0403-820 2 3 0 17 49 2929 1.0 0.06296068796068796
table-0403-548 0 1 0 35 59 16655 0.5 0.0
table-0403-578 1 2 1 12 20 7469 1.0 0.018700787401574805
table-0403-252 9 3 9 37 214 1516 0.3333333333333333 0.22233502538071065
table-0403-510 8 4 0 11 64 10439 0.038461538461538464 0.16335814722911496
table-0403-535 18 8 0 70 121 1145 0.16666666666666666 0.36979068451819724
table-0403-60 14 2 0 14028 1057 2986857 0.3333333333333333 0.008570667298241458
table-0403-711 9 7 13 23 102 2211 0.5 0.5348055688910226
table-0403-343 29 4 6 187 126 116705 0.5 0.40498974709501023
table-0403-31 19 6 19 66 78 21185 0.5 0.32473410273817604
table-0403-81 13 3 6 85 49 22598 0.25 0.12961622013034033
table-0403-448 10 3 0 176 139 66964 0.3333333333333333 0.5907990314769975
table-0403-160 9 7 4 73 95 12427 0.3333333333333333 0.03941796069062873
table-0403-482 10 11 42 7 4 421 0.5 0.9226100151745068
table-0403-696 7 4 0 4 75 1188 1.0 0.42902711323763953
table-0403-684 26 2 0 183 282 45046 0.1111111111111111 0.1062366390928525
table-0403-610 8 4 0 4 91 963 1.0 0.22440273037542663
table-0403-847 4 4 8 199 235 1958 0.1 0.8195488721804511
table-0403-127 4 2 0 45 78 4654 0.3333333333333333 0.17650158061116966
table-0403-361 1 2 0 14 27 1884 1.0 0.02751196172248804
table-0403-822 8 4 3 203 218 3165 0.1111111111111111 1.477124183006536
table-0403-313 1 5 2 13 34 1412 1.0 0.0473186119873817
table-0403-790 8 2 0 101 164 843 0.14285714285714285 0.11959798994974874
table-0403-975 2 4 0 31 50 1323 0.5 0.057174271577789995
table-0403-728 2 3 2 194 130 5420 0.2 0.11778115501519756
table-0403-173 31 4 0 41 76 3764 1.0 0.14415826069924592
table-0403-42 284 3 284 27 1151 221 1.0 42.54935622317596
table-0403-408 24 9 56 39 178 279 1.0 5.406438631790745
table-0403-457 7 3 0 135 152 6038 0.3333333333333333 0.049942922374429224
table-0403-401 41 8 72 100 166 2333 0.3333333333333333 6.399613899613899
table-0403-595 5 2 0 38 67 6209 0.25 0.441025641025641
table-0403-730 11 6 0 194 130 5420 0.2 0.35106382978723405
table-0403-74 4 4 0 174 198 2432 0.3333333333333333 0.057245080500894455
table-0403-823 8 4 3 203 218 3165 0.1111111111111111 1.4934640522875817
table-0403-402 6 6 7 100 166 2333 0.3333333333333333 0.4671814671814672
table-0403-952 4 4 4 463 476 181182 0.25 0.012976179442024284
table-0403-620 19 3 5 651 700 32548 0.1 0.5949764521193093
table-0403-351 2 5 0 112 163 1671 0.3333333333333333 0.34419551934826886
table-0403-318 3 3 0 48 109 2641 0.3333333333333333 0.12682602921646746
table-0403-130 4 2 0 54 80 7511 0.3333333333333333 0.218568665377176
table-0403-972 4 5 4 31 50 1323 0.5 0.16492578339747113
table-0403-763 0 1 0 9 13 548 1.0 0.0
table-0403-801 13 2 0 9 22 1153 0.5 0.8908450704225352
table-0403-559 4 4 0 154 197 4086 0.5 0.05821064552661381
table-0403-139 19 13 13 12 101 1526 0.3333333333333333 0.9172625127681308
table-0403-126 31 7 0 1284 787 21287 0.25 0.8264132066033016
table-0403-335 1 2 1 53 73 6900 1.0 0.013258897418004187
table-0403-941 4 3 0 81 175 77686 0.5 0.015957224612556914
table-0403-643 1 3 0 24 31 900 1.0 0.09517241379310344
table-0403-625 1 1 0 24 85 9582 1.0 0.0036603221083455345
table-0403-441 1 3 0 17 30 1061 1.0 0.3641025641025641
table-0403-8 1 5 2 11 40 1063 1.0 0.0863239573229874
table-0403-480 4 3 0 561 363 67028 0.5 0.0034800969734886996
table-0403-425 1 7 1 271 231 13181 0.3333333333333333 0.01700544705726053
table-0403-370 8 7 3 92 138 1527 0.3333333333333333 1.0248756218905473
table-0403-429 21 5 19 140 436 49224 1.0 0.5313510019392372
table-0403-86 8 16 10 97 152 1650 0.3333333333333333 0.9859943977591037
table-0403-198 462 4 8 138 701 5183 1.0 6.423431908080618
table-0403-564 7 2 0 393 229 60149 1.0 0.029061102831594635
table-0403-319 1 3 0 0 0 0 0.0 109.0
table-0403-22 18 4 13 84 67 3949 0.25 0.22411242603550297
table-0403-757 3 3 0 692 435 40530 0.16666666666666666 0.04576300678614929
table-0403-76 10 4 0 19 16 0 0.5 0.08620689655172414
table-0403-680 5 4 0 183 282 45046 0.1111111111111111 0.050841156241286364
table-0403-932 1 2 1 54 74 2646 1.0 0.008105802047781569
table-0403-174 4 3 0 41 76 3764 1.0 0.0050272581856168185
table-0403-260 4 2 0 116 141 15976 0.5 0.14512805416544008
table-0403-675 1 3 0 50 20 1152 1.0 0.04878048780487805
table-0403-211 3 3 0 430 247 85284 0.16666666666666666 0.045932051855163164
table-0403-601 8 4 0 4 91 963 1.0 0.24146757679180889
table-0403-709 29 4 56 233 216 14520 0.5 3.3536585365853657
table-0403-522 4 3 0 104 115 6643 0.25 0.07492569998435789
table-0403-920 15 10 30 7 72 616 0.3333333333333333 1.2916666666666667
table-0403-232 5 5 0 319 225 7036 1.0 0.5916271721958926
table-0403-518 9 12 0 46 65 1101 0.5 3.804428044280443
table-0403-648 1 3 0 22 38 718 1.0 0.03479749001711352
table-0403-603 0 1 0 4 91 963 1.0 0.0
table-0403-264 6 5 4 124 135 364 1.0 0.18503937007874016
table-0403-55 1 2 0 90 108 15302 0.3333333333333333 0.04738154613466334
table-0403-68 2 7 0 178 70 5059 0.2 0.1396045536249251
table-0403-861 4 5 0 206 233 14524 0.14285714285714285 0.06472056846552718
table-0403-420 1 2 0 18 24 1122 1.0 0.022954091816367265
table-0403-646 77 6 0 282 205 3614 0.3333333333333333 1.2426491578646874
table-0403-821 3 2 0 28 28 2170 0.5 0.08583391486392185
table-0403-699 7 4 0 4 75 1188 1.0 0.41148325358851673
table-0403-148 5 5 0 84 97 1117 0.5 0.41646191646191644
table-0403-499 3 4 0 11 64 10439 0.038461538461538464 0.07278742762613731
table-0403-942 29 11 0 536 351 37433 0.5 0.14051464717803844
table-0403-762 3 3 0 30 66 2341 1.0 0.15500945179584122
table-0403-207 8 16 9 115 197 1797 0.3333333333333333 1.078003120124805
table-0403-46 42 4 42 115 103 25405 0.5 4.002016129032258
table-0403-998 6 8 0 519 337 31097 0.1 0.08779833221508675
table-0403-826 8 4 4 203 218 3165 0.1111111111111111 1.3398692810457515
table-0403-461 6 8 0 465 870 10016 0.5 0.846031746031746
table-0403-320 2 5 0 83 139 1751 0.3333333333333333 0.45118733509234826
table-0403-640 0 1 0 11 14 835 1.0 0.0
table-0403-812 16 4 16 127 125 6890 0.16666666666666666 0.20894823143593347
table-0403-747 2 2 0 570 553 126519 0.1 0.0011709297181962477
table-0403-921 3 8 0 7 72 616 0.3333333333333333 0.23790322580645162
table-0403-19 12 4 22 296 170 2614 0.5 0.036875454451023165
table-0403-995 1 1 0 519 337 31097 0.1 0.003929838013994057
table-0403-943 0 1 0 236 106 147451 1.0 0.0
table-0403-492 95 4 0 11 64 10439 0.038461538461538464 2.760545905707196
