table_id rows cols nulls inlinks outlinks views table_imp table_fraction
table-0100-596 6 9 3 95 179 1815 0.5 0.21804511278195488
table-0100-548 5 7 0 353 424 13239 0.1111111111111111 0.019838429287248185
table-0100-212 1 3 0 37 58 2537 1.0 0.062086092715231786
table-0100-931 0 1 0 206 287 4166 0.14285714285714285 0.0
table-0100-717 5 7 0 408 464 16509 0.1 0.1043885811674478
table-0100-306 2 6 0 220 275 16113 0.25 0.011232604373757456
table-0100-350 1 9 0 23256 1580 1187222 0.08333333333333333 0.0034422091333282338
table-0100-853 5 5 5 217 192 4219 0.5 0.2562962962962963
table-0100-471 7 4 7 122 140 198112 0.25 0.06082174053704303
table-0100-543 31 6 8 89 134 16372 0.3333333333333333 0.1944788313939094
table-0100-672 3 2 0 13 76 1913 0.5 0.015538489015895695
table-0100-358 1 2 1 595 274 10399 1.0 0.002617801047120419
table-0100-241 0 1 0 345 359 2301 1.0 0.0
table-0100-7 34 4 34 168 463 1716 1.0 11.509615384615385
table-0100-200 1 3 0 64 64 2214 1.0 0.07873154729360306
table-0100-380 71 5 68 154 231 14476 1.0 0.8771816418875242
table-0100-637 25 8 0 582 99 662389 0.07142857142857142 1.7076023391812865
table-0100-207 1 3 0 16 33 1584 1.0 0.06519114688128773
table-0100-173 2 3 0 23 47 1399 1.0 0.21199143468950749
table-0100-331 12 7 0 290 200 1984 0.2 1.3663003663003663
table-0100-19 23 4 23 169 482 1527 1.0 8.461928934010153
table-0100-668 0 1 0 48 29 2495 1.0 0.0
table-0100-146 1 3 0 72 67 1590 1.0 0.07612293144208038
table-0100-49 1 2 0 33 62 25140 0.3333333333333333 0.03244005641748942
table-0100-152 1 3 0 59 80 1071 1.0 0.08812046848856665
table-0100-406 6 5 0 525 549 0 0.023809523809523808 0.2504340277777778
table-0100-996 1 8 0 203 290 3578 0.14285714285714285 0.023647294589178358
table-0100-93 1 3 0 38 30 1627 1.0 0.07590597453476983
table-0100-486 1 5 1 49 144 1774 0.5 0.0037984299822739933
table-0100-410 6 4 0 525 549 0 0.023809523809523808 0.2191840277777778
table-0100-68 5 3 0 17 45 3658 1.0 0.3002481389578164
table-0100-472 9 5 0 163 59 3507 0.5 0.392578125
table-0100-615 3 8 1 213 319 5078 0.06666666666666667 0.0983009708737864
table-0100-294 2 6 0 220 275 16113 0.25 0.009244532803180914
table-0100-829 15 4 4 631 313 693688 0.3333333333333333 0.032477118393858875
table-0100-536 71 4 71 172 557 1648 1.0 26.790055248618785
table-0100-163 1 3 0 55 80 1440 1.0 0.07460611677479147
table-0100-644 2 3 0 35 44 1165 1.0 0.056706966033390906
table-0100-650 15 2 0 110 142 9175 0.16666666666666666 0.1971993410214168
table-0100-783 1 3 0 42 92 5342 0.08333333333333333 0.020919713531850737
table-0100-456 0 0 0 725 420 14569 1.0 0.0
table-0100-30 1 5 2 7 21 821 1.0 0.18090452261306533
table-0100-818 0 1 0 67 87 2525 1.0 0.0
table-0100-308 2 6 0 220 275 16113 0.25 0.010536779324055666
table-0100-754 0 1 0 204 308 4475 0.14285714285714285 0.0
table-0100-476 10 5 20 30 45 95 1.0 0.5343669250645995
table-0100-192 1 3 0 42 72 1483 1.0 0.06255506607929516
table-0100-3 32 4 32 168 463 1716 1.0 11.283653846153847
table-0100-733 3 12 12 273 359 9275 0.125 0.007853917141174161
table-0100-217 1 3 0 73 63 1901 1.0 0.11306340718105425
table-0100-288 1 2 1 36 61 2946 1.0 0.038696537678207736
table-0100-369 19 5 14 21 23 2901 0.5 0.12982341399607586
table-0100-47 0 1 0 6 13 24033 0.5 0.0
table-0100-975 2 7 0 214 293 6489 0.14285714285714285 0.02678027997565429
table-0100-329 12 6 0 290 200 1984 0.2 1.23992673992674
table-0100-332 28 4 2 31 486 267446 0.07142857142857142 1.066286897980321
table-0100-139 6 6 0 198 148 48317 0.1111111111111111 0.45683679899180846
table-0100-17 47 4 47 170 568 2070 1.0 15.777272727272727
table-0100-935 17 3 2 161 87 144662 0.3333333333333333 0.060498724851232644
table-0100-752 0 1 0 204 308 4475 0.14285714285714285 0.0
table-0100-936 13 4 10 161 87 144662 0.3333333333333333 0.024747331633134976
table-0100-439 1 3 0 62 101 4177 1.0 0.020973782771535582
table-0100-769 17 8 0 51 72 1260 0.125 0.5051736881005173
table-0100-424 6 4 0 525 549 0 0.023809523809523808 0.20963541666666666
table-0100-857 7 7 16 217 192 4219 0.5 0.20814814814814814
table-0100-719 0 1 0 408 464 16509 0.1 0.0
table-0100-963 1 7 0 210 302 6313 0.14285714285714285 0.01838235294117647
table-0100-900 112 4 112 172 541 2733 1.0 40.98984771573604
table-0100-183 2 3 0 273 267 5211 1.0 0.11008569545154911
table-0100-218 3 3 0 112 87 2277 1.0 0.23172550969666833
table-0100-42 3 5 0 11 22 964 0.3333333333333333 0.16731517509727625
table-0100-942 7 4 0 211 299 6130 0.14285714285714285 0.32262996941896027
table-0100-262 1 4 0 324 1007 27283 0.041666666666666664 0.003827177571817218
table-0100-652 5 2 1 16 40 7360 0.5 0.20027624309392264
table-0100-834 1 2 0 71 73 5817 0.3333333333333333 0.05345911949685535
table-0100-228 1 3 0 75 82 1310 1.0 0.08328643781654474
table-0100-602 7 10 0 57 312 2463 1.0 0.0769437718590261
table-0100-15 35 4 35 170 568 2070 1.0 11.586363636363636
table-0100-988 2 7 0 209 282 4247 0.14285714285714285 0.03989637305699482
table-0100-926 3 2 0 16 24 876 1.0 0.2007366482504604
table-0100-758 1 2 0 53 109 14108 1.0 0.008403361344537815
table-0100-265 15 3 5 324 1007 27283 0.041666666666666664 0.029741319684603678
table-0100-905 8 3 0 46 58 4065 1.0 0.11756168359941944
table-0100-594 5 2 0 83 117 15054 1.0 0.016501933820369574
table-0100-700 2 1 0 5565 716 869045 1.0 0.0026410443443921827
table-0100-249 3 2 0 20 44 1262 0.14285714285714285 0.09197651663405088
table-0100-181 1 3 0 36 70 735 1.0 0.0411522633744856
table-0100-827 4 3 0 631 313 693688 0.3333333333333333 0.0025728626260070014
table-0100-276 2 2 0 40 59 8289 1.0 0.01323564169227133
table-0100-52 1 5 0 156 216 2792 0.2 0.09562398703403566
table-0100-495 155 4 155 169 493 1526 1.0 56.619289340101524
table-0100-293 14 8 0 220 275 16113 0.25 0.18827037773359842
table-0100-311 6 4 10 385 549 718 0.5 0.9480968858131488
table-0100-222 1 3 0 37 43 1439 1.0 0.08441193021947102
table-0100-953 5 7 0 276 350 9317 0.07142857142857142 0.07623157137720245
table-0100-91 1 2 0 32 54 13650 0.3333333333333333 0.030463576158940398
table-0100-737 13 7 0 273 359 9275 0.125 0.06381307677204005
table-0100-360 18 8 16 362 386 550 1.0 1.2026745913818722
table-0100-635 20 8 0 582 99 662389 0.07142857142857142 1.375243664717349
table-0100-165 1 3 0 26 35 1208 1.0 0.12333071484681854
table-0100-238 1 3 0 24 47 936 1.0 0.10919143054595715
table-0100-832 1 6 0 27 123 1039 1.0 0.06962025316455696
table-0100-678 0 1 0 208 289 4680 0.14285714285714285 0.0
table-0100-484 10 3 10 39 115 7421 1.0 0.5729794933655006
table-0100-985 6 4 0 211 296 5571 0.14285714285714285 0.19827360711483127
table-0100-382 2 3 0 86 125 42720 1.0 0.10117526826775677
table-0100-391 1 2 1 10 32 576 1.0 0.031198686371100164
table-0100-90 2 2 1 13 47 3312 1.0 0.028452463566967384
table-0100-469 13 5 23 122 140 198112 0.25 0.171950824975736
table-0100-887 2 3 0 94 303 7097 0.14285714285714285 0.01884999207983526
table-0100-944 8 8 0 209 286 4849 0.14285714285714285 0.17231160033869602
table-0100-299 2 6 0 220 275 16113 0.25 0.010437375745526839
table-0100-143 1 3 0 18 33 813 1.0 0.14912280701754385
table-0100-765 45 10 0 181 179 3231 1.0 1.7432258064516128
table-0100-585 5 4 1 24 36 613 1.0 0.1585612968591692
table-0100-394 0 1 0 7 33 1151 1.0 0.0
table-0100-781 9 6 9 42 92 5342 0.08333333333333333 0.06200527704485488
table-0100-147 3 3 0 41 23 1534 1.0 0.24912485414235705
table-0100-405 6 9 0 525 549 0 0.023809523809523808 0.3771701388888889
table-0100-415 5 4 0 525 549 0 0.023809523809523808 0.12065972222222222
table-0100-906 41 4 41 171 469 1119 1.0 14.583333333333334
table-0100-757 7 4 0 204 308 4475 0.14285714285714285 0.2669357163447679
table-0100-25 3 3 0 34 50 17414 0.3333333333333333 0.026557377049180327
table-0100-103 18 5 0 0 0 0 0.0 1534.0
table-0100-683 1 5 0 15 45 192 1.0 0.03031716417910448
table-0100-367 75 6 62 172 227 6554 1.0 1.3086612533833022
table-0100-464 1 3 0 119 142 124 1.0 0.08653122648607976
table-0100-718 5 8 0 408 464 16509 0.1 0.09032807839795484
table-0100-629 0 1 0 204 291 5052 0.05263157894736842 0.0
table-0100-381 0 0 0 154 231 14476 1.0 0.0
table-0100-812 7 4 0 33 34 2574 0.3333333333333333 0.2517482517482518
table-0100-453 2 2 2 725 420 14569 1.0 0.0009325175699956786
table-0100-302 14 6 0 220 275 16113 0.25 0.06391650099403579
table-0100-711 2 1 0 78 84 2749 1.0 0.02732502396931927
table-0100-657 6 7 6 126 137 38383 0.2 0.09301181102362205
table-0100-342 4 4 1 18 52 164 1.0 0.02184598580010923
table-0100-474 9 3 0 62 111 2758 0.5 0.4629014396456257
table-0100-102 21 3 0 378 402 682 1.0 4.8895348837209305
table-0100-658 9 8 13 126 137 38383 0.2 0.1732283464566929
table-0100-46 0 1 0 6 13 24033 0.5 0.0
table-0100-815 19 5 10 413 85 28083 0.2 2.5215110178384053
table-0100-482 1 2 0 11 11 896 0.5 0.08034188034188035
table-0100-878 4 3 0 12 44 3506 0.5 0.08896882494004796
table-0100-368 1 3 0 172 227 6554 1.0 0.008744534665833853
table-0100-220 2 3 0 70 81 1682 1.0 0.13082901554404144
table-0100-982 2 7 0 211 296 5571 0.14285714285714285 0.021449123724823438
table-0100-675 0 1 0 208 289 4680 0.14285714285714285 0.0
table-0100-746 1 7 0 459 300 6598 0.14285714285714285 0.009760425909494233
table-0100-107 1 3 0 82 71 2135 1.0 0.10154394299287411
table-0100-266 6 3 0 324 1007 27283 0.041666666666666664 0.014524830543643657
table-0100-54 6 8 0 156 216 2792 0.2 0.23500810372771475
table-0100-665 1 2 1 29 54 9025 0.3333333333333333 0.012345679012345678
table-0100-99 2 4 2 84 111 13397 0.25 0.11002785515320335
table-0100-344 24 6 0 182 203 2193 0.2 3.0798403193612773
table-0100-713 6 4 0 408 464 16509 0.1 0.3293566254793353
table-0100-33 40 9 1 177 193 3943 1.0 0.4414855072463768
table-0100-588 8 8 6 452 280 6652 0.14285714285714285 0.40719910011248595
table-0100-191 1 3 0 77 59 2456 1.0 0.08017103153393906
table-0100-632 20 6 0 582 99 662389 0.07142857142857142 1.3148148148148149
table-0100-170 1 3 0 19 35 1020 1.0 0.12459016393442623
table-0100-187 1 3 0 16 34 1105 1.0 0.12779552715654952
table-0100-37 1 5 2 7 20 732 1.0 0.12446351931330472
table-0100-371 3 3 0 7 30 903 1.0 0.349009900990099
table-0100-708 0 1 0 52 41 4574 1.0 0.0
table-0100-764 1 3 0 26 71 1642 1.0 0.06745594713656387
table-0100-27 2 3 0 79 77 988 1.0 0.28223350253807106
table-0100-277 1 2 0 484 41 56072 0.5 0.018225039619651346
table-0100-29 27 6 1 185 229 1617 0.3333333333333333 4.979655712050079
table-0100-105 4 3 0 14 32 644 1.0 0.37639664804469275
table-0100-158 1 3 0 64 72 1577 1.0 0.07840236686390532
table-0100-519 1 3 0 280 250 51214 1.0 0.02000275900124155
table-0100-104 1 3 0 31 59 3682 0.25 0.06529562982005141
table-0100-40 2 6 0 110 170 1432 1.0 0.29082774049217003
table-0100-685 1 4 0 15 45 192 1.0 0.022388059701492536
table-0100-94 1 6 0 297 345 7476 1.0 0.009245501073138518
table-0100-762 2 4 0 26 55 282 1.0 0.013445378151260505
table-0100-337 10 6 0 148 161 2373 0.2 1.0019193857965452
table-0100-508 0 1 0 50 89 9977 1.0 0.0
table-0100-784 6 7 0 42 92 5342 0.08333333333333333 0.05597436863927629
table-0100-320 35 3 3 6 65 20606 0.25 47.372093023255815
table-0100-186 1 3 0 39 91 1836 1.0 0.03910482921083628
table-0100-869 4 4 4 172 637 1503 1.0 1.015748031496063
table-0100-281 2 2 2 38 55 273 1.0 0.014883720930232559
table-0100-709 1 2 1 35 56 2579 1.0 0.018095238095238095
table-0100-290 3 3 0 22 44 767 1.0 0.18816458622283866
table-0100-895 0 1 0 217 311 5340 0.14285714285714285 0.0
table-0100-509 1 5 0 39 52 909 0.5 0.23839009287925697
table-0100-828 30 10 7 631 313 693688 0.3333333333333333 0.41056139018937954
table-0100-759 0 1 0 16 55 3661 1.0 0.0
table-0100-651 11 2 0 110 142 9175 0.16666666666666666 0.12289950576606261
table-0100-446 20 3 0 262 229 7375 0.25 0.41723779854620974
table-0100-510 1 2 1 22 33 5431 1.0 0.03571428571428571
table-0100-124 1 3 0 17 20 790 1.0 0.163
table-0100-947 0 1 0 209 286 4849 0.14285714285714285 0.0
table-0100-753 2 7 0 204 308 4475 0.14285714285714285 0.026232343614874604
table-0100-809 3 3 0 410 57 10392 0.2 0.20905923344947736
table-0100-772 2 5 0 65 140 8512 0.3333333333333333 0.043515358361774746
table-0100-715 8 8 0 408 464 16509 0.1 0.15935236472092032
table-0100-223 1 3 0 19 38 1348 1.0 0.11746987951807229
table-0100-938 3 6 0 211 299 6130 0.14285714285714285 0.04281345565749235
table-0100-524 14 15 14 334 365 2544 0.3333333333333333 0.36470588235294116
table-0100-603 12 10 0 57 312 2463 1.0 0.15819209039548024
table-0100-761 2 4 0 26 55 282 1.0 0.01359816653934301
table-0100-730 5 5 0 273 359 9275 0.125 0.054977419988219124
table-0100-77 27 6 56 79 179 1456 0.16666666666666666 0.6305567544238239
table-0100-421 6 4 0 525 549 0 0.023809523809523808 0.2426215277777778
table-0100-642 6 9 3 124 179 1411 0.5 0.18083462132921174
table-0100-578 3 2 0 46 46 1441 0.5 0.06244653550042772
table-0100-688 1 4 0 14 42 323 1.0 0.031599736668861095
table-0100-256 7 4 3 324 1007 27283 0.041666666666666664 0.03564347304836999
table-0100-82 2 3 0 30 42 861 1.0 0.17723880597014927
table-0100-851 6 12 12 45 59 2137 0.0625 0.043031977891827874
table-0100-504 19 6 19 266 433 26507 0.1111111111111111 0.17828740521546144
table-0100-80 3 6 0 79 179 1456 0.16666666666666666 0.02762192490289167
table-0100-113 1 3 0 23 40 541 1.0 0.07588206863218946
table-0100-178 1 3 0 20 65 1064 1.0 0.08272251308900523
table-0100-202 2 3 0 54 60 2697 1.0 0.15486500254712177
table-0100-949 7 4 0 209 286 4849 0.14285714285714285 0.3645215918712955
table-0100-470 8 5 14 122 140 198112 0.25 0.11307020381753478
table-0100-101 52 3 0 39 251 182 1.0 5.572593800978793
table-0100-141 10 8 0 198 148 48317 0.1111111111111111 0.6534341524889729
table-0100-348 1 1 0 23256 1580 1187222 0.08333333333333333 0.001055610800887325
table-0100-36 1 3 0 26 112 1213 0.5 0.31296296296296294
table-0100-950 6 5 0 276 350 9317 0.07142857142857142 0.12477526069759079
table-0100-295 2 6 0 220 275 16113 0.25 0.010039761431411531
table-0100-314 44 7 0 14 54 2800 1.0 31.7461482024945
table-0100-431 6 3 0 525 549 0 0.023809523809523808 0.1427951388888889
table-0100-209 16 6 1 102 54 49902 1.0 0.4119636440498837
table-0100-6 12 4 12 168 463 1716 1.0 4.259615384615385
table-0100-894 2 7 0 217 311 5340 0.14285714285714285 0.010504474127869277
table-0100-514 6 18 1 77 151 39669 0.16666666666666666 0.10872828651082994
table-0100-283 1 3 0 139 152 13192 1.0 0.02320185614849188
table-0100-872 73 4 73 172 637 1503 1.0 21.086614173228348
table-0100-693 0 1 0 207 279 6873 0.14285714285714285 0.0
table-0100-247 3 4 1 20 44 1262 0.14285714285714285 0.12654924983692106
table-0100-627 0 1 0 204 291 5052 0.05263157894736842 0.0
table-0100-463 1 3 0 8 9 20974 1.0 0.26990291262135924
table-0100-531 6 4 0 334 365 2544 0.3333333333333333 0.15137254901960784
table-0101-1000 2 7 0 203 290 3578 0.14285714285714285 0.031663326653306616
table-0100-312 2 3 0 138 263 221079 1.0 0.02329864628418823
table-0100-110 1 3 0 0 0 0 0.0 94.0
table-0100-188 2 3 0 33 31 1289 1.0 0.24363057324840764
table-0100-387 35 4 2 62 268 3795 0.125 3.3101472995090018
table-0100-396 2 2 2 6 25 1092 0.5 0.016415868673050615
table-0100-862 140 4 140 169 557 1365 1.0 47.51131221719457
table-0100-353 10 4 0 23256 1580 1187222 0.08333333333333333 0.003992962594660751
table-0100-285 24 5 0 23 48 4048 1.0 0.3410425844346549
table-0100-399 9 7 8 71 74 5692 0.5 0.31836551414458913
table-0100-849 3 16 0 45 59 2137 0.0625 0.03276746940386893
table-0100-618 8 4 0 209 79 11672 0.5 0.13706677109849227
table-0100-821 2 6 0 186 282 1726 1.0 0.0658682634730539
table-0100-776 0 1 0 205 288 4494 0.058823529411764705 0.0
table-0100-76 12 4 2 236 155 201617 0.3333333333333333 0.20927664273881832
table-0100-624 5 5 0 204 291 5052 0.05263157894736842 0.13380952380952382
table-0100-189 1 3 0 38 46 1731 1.0 0.14930875576036867
table-0100-586 2 5 0 24 36 613 1.0 0.07446808510638298
table-0100-118 4 3 0 189 150 54851 0.2 0.007788662277180023
table-0100-889 2 3 0 94 303 7097 0.14285714285714285 0.018374782195469667
table-0100-95 1 2 1 7 20 2123 1.0 0.012978142076502733
table-0100-810 12 3 0 410 57 10392 0.2 1.5592334494773519
table-0100-339 10 7 0 148 161 2373 0.2 1.1055662188099808
table-0100-980 1 8 0 211 296 5571 0.14285714285714285 0.01360188333769291
table-0100-243 1 3 0 45 47 1511 1.0 0.05110497237569061
table-0100-416 23 5 0 525 549 0 0.023809523809523808 0.90234375
table-0100-402 6 9 0 525 549 0 0.023809523809523808 0.6258680555555556
table-0100-791 29 6 0 42 92 5342 0.08333333333333333 0.13720316622691292
table-0100-526 4 5 0 334 365 2544 0.3333333333333333 0.05176470588235294
table-0100-151 1 3 0 53 63 898 1.0 0.12508934953538242
table-0100-634 20 6 0 582 99 662389 0.07142857142857142 1.290448343079922
table-0100-12 4 2 4 64 58 7873 1.0 0.009184224743381956
table-0100-605 0 1 0 213 319 5078 0.06666666666666667 0.0
table-0100-714 1 3 0 408 464 16509 0.1 0.07285896889646357
table-0100-577 67 5 131 83 158 20277 0.25 2.525790987535954
table-0100-978 0 1 0 94 423 5563 1.0 0.0
table-0100-253 0 1 0 7 10 1093 1.0 0.0
table-0100-490 8 5 0 144 48 2209 0.5 0.4263764404609475
table-0100-307 2 6 0 220 275 16113 0.25 0.011133200795228629
table-0100-571 6 9 4 117 185 1712 0.5 0.23233695652173914
table-0100-258 2 4 0 324 1007 27283 0.041666666666666664 0.007977129155715405
table-0100-917 4 9 0 187 582 77609 0.3333333333333333 0.06587419514611194
table-0100-793 5 5 0 210 287 3822 0.14285714285714285 0.08570554025099479
table-0100-957 0 1 0 276 350 9317 0.07142857142857142 0.0
table-0100-96 25 4 0 327 383 0 0.5 0.20069536913744637
table-0100-356 1 4 0 334 222 26690 1.0 0.011347886347886348
table-0100-74 3 5 0 450 459 11068 0.3333333333333333 0.033598966185655825
table-0100-122 1 3 0 50 59 208177 1.0 0.017063566472904558
table-0100-447 3 2 0 45 64 1543 0.5 0.03425774877650897
table-0100-417 6 5 0 525 549 0 0.023809523809523808 0.3958333333333333
table-0100-532 6 9 2 83 174 1484 1.0 0.5720081135902637
table-0100-255 1 2 1 36 52 4917 1.0 0.006247944755014798
table-0100-392 1 3 0 125 174 6991 1.0 0.04853128991060025
table-0100-21 86 4 86 169 482 1527 1.0 31.756345177664976
table-0100-278 1 3 0 86 240 161012 1.0 0.012184249628528975
table-0100-789 10 5 10 42 92 5342 0.08333333333333333 0.08349038823972861
table-0100-969 111 6 161 72 274 21780 0.25 5.175058094500387
table-0100-2 27 4 27 168 463 1716 1.0 8.89423076923077
table-0100-39 4 7 4 345 359 54499 0.2 0.07506342336964632
table-0100-630 6 4 0 204 291 5052 0.05263157894736842 0.3657142857142857
table-0100-680 2 3 0 29 77 2692 1.0 0.043870376031794556
table-0100-473 45 5 0 130 207 500 0.5 2.3335574983187626
table-0100-455 6 9 17 725 420 14569 1.0 0.019241704005276684
table-0100-802 1 7 0 208 290 4324 0.14285714285714285 0.011141304347826087
table-0100-198 1 3 0 31 41 1521 1.0 0.10655195234943746
table-0100-267 5 4 0 324 1007 27283 0.041666666666666664 0.03343016553695762
table-0100-254 2 3 0 15 25 1121 1.0 0.5334728033472803
table-0100-576 8 2 0 242 287 117526 0.5 0.0208
table-0100-197 18 5 12 52 75 3335 0.3333333333333333 0.9826038159371493
table-0100-581 5 4 0 10 32 932 0.5 0.07992895204262877
table-0100-383 1 2 1 10 37 945 0.5 0.0065
table-0100-977 6 4 0 214 293 6489 0.14285714285714285 0.22915398660986
table-0100-61 4 2 0 250 342 88456 0.14285714285714285 0.015813749176367232
table-0100-438 2 3 0 18 19 1077 0.25 0.06284658040665435
table-0100-193 1 3 0 24 32 1070 1.0 0.065738592420727
table-0100-860 3 3 0 29 62 2378 0.3333333333333333 0.023694390715667313
table-0100-412 6 1 0 525 549 0 0.023809523809523808 0.019097222222222224
table-0100-694 0 1 0 207 279 6873 0.14285714285714285 0.0
table-0100-389 17 4 8 62 268 3795 0.125 1.4909983633387889
table-0100-132 1 3 0 22 19 1333 1.0 0.13520408163265307
table-0100-847 1 16 0 45 59 2137 0.0625 0.010659297275957363
table-0100-252 12 3 0 20 44 1262 0.14285714285714285 0.29549902152641877
table-0100-346 9 6 0 182 203 2193 0.2 1.033932135728543
table-0100-667 0 1 0 48 29 2495 1.0 0.0
table-0100-292 1 2 0 5 21 869 1.0 0.02395964691046658
table-0100-400 32 4 2 87 195 5399 0.3333333333333333 0.772810553316233
table-0100-88 18 7 0 17 16 20197 0.3333333333333333 1.2852564102564104
table-0100-321 1 2 1 38 66 8791 1.0 0.004048582995951417
table-0100-23 7 14 0 13 53 2202 1.0 0.2617669542426559
table-0100-390 32 6 0 62 268 3795 0.125 2.536824877250409
table-0100-229 2 2 2 41 60 10090 1.0 0.00837404047452896
table-0100-760 2 5 0 26 55 282 1.0 0.019251336898395723
table-0100-899 1 2 0 87 106 1959 1.0 0.025755879059350503
table-0100-883 5 3 0 167 169 3315 1.0 0.2241796200345423
table-0100-323 17 9 0 640 429 45744 0.2 0.24055755395683454
table-0100-418 5 5 0 525 549 0 0.023809523809523808 0.1974826388888889
table-0100-377 1 4 0 130 120 58494 0.3333333333333333 0.05829285218598196
table-0100-156 1 3 0 47 68 1244 1.0 0.10616656071201526
table-0100-923 0 1 0 210 306 5327 0.14285714285714285 0.0
table-0100-494 57 4 57 169 493 1526 1.0 19.776649746192895
table-0100-69 14 5 0 63 52 2432 0.5 6.157894736842105
table-0100-924 0 1 0 210 306 5327 0.14285714285714285 0.0
table-0100-523 14 11 0 334 365 2544 0.3333333333333333 0.35764705882352943
table-0100-614 30 8 13 213 319 5078 0.06666666666666667 1.0024271844660195
table-0100-327 7 7 0 29 37 1786 1.0 0.44926522043386985
table-0100-861 1 3 0 10 33 1577 1.0 0.020003961180431767
table-0100-115 1 3 0 12 18 866 1.0 0.1840277777777778
table-0100-806 7 4 0 208 290 4324 0.14285714285714285 0.24157608695652175
table-0100-838 3 10 3 45 59 2137 0.0625 0.04007106198183972
table-0100-468 2 2 2 39 57 5104 1.0 0.005119765953556409
table-0100-547 77 13 17 353 424 13239 0.1111111111111111 0.38183863380713773
table-0100-78 3 6 0 79 179 1456 0.16666666666666666 0.028269313767803193
table-0100-973 7 7 0 214 293 6489 0.14285714285714285 0.08734023128423615
table-0100-647 4 4 4 110 142 9175 0.16666666666666666 0.044481054365733116
table-0100-631 14 6 0 172 203 1225 0.3333333333333333 5.276666666666666
table-0100-333 29 4 9 31 486 267446 0.07142857142857142 0.9150699119627136
table-0100-876 2 4 2 172 637 1503 1.0 0.547244094488189
table-0100-604 23 8 7 213 319 5078 0.06666666666666667 0.7075242718446602
table-0100-108 1 3 0 22 26 1531 1.0 0.1102514506769826
table-0100-909 17 4 17 171 469 1119 1.0 6.21078431372549
table-0100-230 1 3 0 83 71 2063 1.0 0.11830535571542766
table-0100-363 4 6 0 43 100 2076 0.125 0.19793966151582046
table-0100-66 34 16 0 250 342 88456 0.14285714285714285 0.23061717548868876
table-0100-153 1 3 0 47 69 971 1.0 0.09975520195838433
table-0100-597 1 1 0 95 179 1815 0.5 0.05263157894736842
table-0100-871 18 4 18 172 637 1503 1.0 4.9015748031496065
table-0100-298 2 6 0 220 275 16113 0.25 0.010437375745526839
table-0100-696 0 1 0 207 279 6873 0.14285714285714285 0.0
table-0100-945 3 7 0 209 286 4849 0.14285714285714285 0.04995766299745978
table-0100-913 33 4 33 171 469 1119 1.0 11.151960784313726
table-0100-649 16 2 0 110 142 9175 0.16666666666666666 0.21153212520593082
table-0100-892 18 6 0 27 64 1034 0.5 2.3136094674556213
table-0100-911 5 4 5 171 469 1119 1.0 1.607843137254902
table-0100-640 3 4 0 9 27 524 0.5 0.07133757961783439
table-0100-863 5 4 5 169 557 1365 1.0 1.5475113122171946
table-0100-324 4 9 0 640 429 45744 0.2 0.027128297362110313
table-0100-160 7 3 0 43 16 2901 0.5 0.3310734463276836
table-0100-703 6 3 0 2312 842 452011 1.0 0.015440582053354891
table-0100-376 0 1 0 130 120 58494 0.3333333333333333 0.0
table-0100-573 9 4 0 23 27 1591 0.5 0.3761996161228407
table-0100-865 3 4 3 169 557 1365 1.0 0.7918552036199095
table-0100-34 3 2 0 41 55 763 0.5 0.0584958217270195
table-0100-260 19 4 0 324 1007 27283 0.041666666666666664 0.09600221330751141
table-0100-695 0 1 0 207 279 6873 0.14285714285714285 0.0
table-0100-239 2 3 0 8 28 512 1.0 0.30434782608695654
table-0100-986 6 5 0 209 282 4247 0.14285714285714285 0.1772020725388601
table-0100-993 6 3 0 170 273 672 1.0 0.05888
table-0100-664 5 3 0 159 267 311 1.0 0.05423476968796434
table-0100-32 6 4 10 134 154 3689 1.0 0.014618613402807932
table-0100-22 124 4 124 169 482 1527 1.0 46.46192893401015
table-0100-537 113 4 113 172 557 1648 1.0 44.193370165745854
table-0100-967 1 2 1 37 54 169 1.0 0.021087680355160933
table-0100-83 1 8 0 49 173 2139 1.0 0.04253308128544423
table-0100-800 11 5 0 208 290 4324 0.14285714285714285 0.1782608695652174
table-0100-206 1 3 0 28 106 1799 1.0 0.021270866989768444
table-0100-798 0 1 0 210 287 3822 0.14285714285714285 0.0
table-0100-35 52 8 0 26 112 1213 0.5 17.927777777777777
table-0100-959 13 2 0 37 152 36250 0.5 0.09892328398384927
table-0100-282 296 11 0 5 675 526 1.0 17.968321513002365
table-0100-112 1 3 0 21 33 1116 1.0 0.10260972716488731
table-0100-128 1 3 0 27 37 1670 1.0 0.10395010395010396
table-0100-534 7 3 0 83 174 1484 1.0 0.45841784989858014
table-0100-444 0 1 0 175 236 1996 0.5 0.0
table-0100-450 12 3 0 19 51 8728 0.25 1.488323603002502
table-0100-427 4 5 0 525 549 0 0.023809523809523808 0.14973958333333334
table-0100-89 10 7 0 17 16 20197 0.3333333333333333 0.29246794871794873
table-0100-515 4 18 1 77 151 39669 0.16666666666666666 0.08878404460647651
table-0100-595 3 2 0 46 38 6862 0.5 0.1807909604519774
table-0100-336 12 6 0 148 161 2373 0.2 1.2955854126679462
table-0100-215 1 3 0 15 41 1139 1.0 0.1105223315669947
table-0100-643 1 1 0 124 179 1411 0.5 0.04327666151468315
table-0100-677 0 1 0 208 289 4680 0.14285714285714285 0.0
table-0100-971 6 5 0 214 293 6489 0.14285714285714285 0.10681679853925746
table-0100-485 2 3 1 24 35 1043 0.5 0.1026936026936027
table-0100-943 6 5 0 209 286 4849 0.14285714285714285 0.14479254868755292
table-0100-538 229 4 229 172 557 1648 1.0 88.49723756906077
table-0100-867 170 4 170 172 637 1503 1.0 47.232283464566926
table-0100-684 1 4 2 15 45 192 1.0 0.006996268656716418
table-0100-92 1 3 0 31 62 2440 1.0 0.037037037037037035
table-0100-13 106 4 107 170 568 2070 1.0 35.154545454545456
table-0100-920 8 8 0 210 306 5327 0.14285714285714285 0.04666258420085732
table-0100-979 6 5 0 211 296 5571 0.14285714285714285 0.09312058592728224
table-0100-60 11 7 21 15 22 661 1.0 3.057649667405765
table-0100-274 14 4 0 324 1007 27283 0.041666666666666664 0.07110250380412228
table-0100-541 61 4 61 170 440 1238 1.0 20.865
table-0100-322 12 9 0 640 429 45744 0.2 0.2018884892086331
table-0100-756 2 7 0 204 308 4475 0.14285714285714285 0.02450273854136639
table-0100-45 0 1 0 6 13 24033 0.5 0.0
table-0100-965 0 1 0 210 302 6313 0.14285714285714285 0.0
table-0100-670 14 5 0 6 72 470 0.5 4.252525252525253
table-0100-850 3 16 0 45 59 2137 0.0625 0.03335965258586656
table-0100-235 1 3 0 12 31 812 1.0 0.1265377855887522
table-0100-264 10 3 2 324 1007 27283 0.041666666666666664 0.02042698390740997
table-0100-297 2 6 0 220 275 16113 0.25 0.009443339960238568
table-0100-70 1 3 0 10 32 777 1.0 0.08942512420156139
table-0100-135 1 3 0 24 25 1096 1.0 0.1253993610223642
table-0100-11 39 4 39 168 463 1716 1.0 13.899038461538462
table-0100-739 0 1 0 273 359 9275 0.125 0.0
table-0100-154 5 3 0 112 127 2325 1.0 0.25113995089442304
table-0100-970 113 5 208 72 274 21780 0.25 5.556932610379551
table-0100-24 1 2 1 34 50 17414 0.3333333333333333 0.006229508196721312
table-0100-352 0 0 0 23256 1580 1187222 0.08333333333333333 0.0
table-0100-64 27 3 25 250 342 88456 0.14285714285714285 0.1959147814627718
table-0100-477 6 2 0 17 15 978 0.2 0.13602391629297458
table-0100-205 1 3 0 37 41 1298 1.0 0.10533333333333333
table-0100-626 0 1 0 204 291 5052 0.05263157894736842 0.0
table-0100-161 1 3 0 57 60 1156 1.0 0.06852667645619187
table-0100-359 2 3 0 595 274 10399 1.0 0.027280242491044365
table-0100-528 4 5 0 334 365 2544 0.3333333333333333 0.06235294117647059
table-0100-998 3 7 0 203 290 3578 0.14285714285714285 0.05050100200400802
table-0100-724 1 2 1 29 45 4978 1.0 0.021158129175946547
table-0100-59 9 4 0 280 384 5672 1.0 0.3500200240288346
table-0100-550 2 7 0 353 424 13239 0.1111111111111111 0.009050005112997238
table-0100-790 1 6 0 42 92 5342 0.08333333333333333 0.005088578967206936
table-0100-682 12 5 0 24 34 1314 0.5 0.8717504332755632
table-0100-736 8 8 0 273 359 9275 0.125 0.04889063420380915
table-0100-786 9 5 10 42 92 5342 0.08333333333333333 0.05729362985299661
table-0100-833 3 2 0 71 73 5817 0.3333333333333333 0.3191823899371069
table-0100-958 1 2 0 38 54 5593 1.0 0.03427719821162444
table-0100-159 3 3 0 102 82 2196 1.0 0.17924217462932454
table-0100-782 10 4 0 42 92 5342 0.08333333333333333 0.06596306068601583
table-0100-699 11 5 0 179 488 301 1.0 0.5782973092192325
table-0100-823 1 3 0 11 37 1050 1.0 0.08104298801973221
table-0100-902 121 4 121 172 541 2733 1.0 43.609137055837564
table-0100-232 1 3 0 49 54 1326 1.0 0.12598425196850394
table-0100-57 29 5 20 280 384 5672 1.0 1.1517821385662796
table-0100-384 40 4 0 62 268 3795 0.125 3.560556464811784
table-0100-648 22 2 0 110 142 9175 0.16666666666666666 0.2500823723228995
table-0100-268 6 4 2 324 1007 27283 0.041666666666666664 0.03638124221884078
table-0100-679 6 4 0 208 289 4680 0.14285714285714285 0.28328402366863903
table-0100-898 7 4 0 217 311 5340 0.14285714285714285 0.11425236674880042
table-0100-744 5 5 0 459 300 6598 0.14285714285714285 0.06233362910381544
table-0100-788 9 5 11 42 92 5342 0.08333333333333333 0.057105163965322274
table-0100-565 0 1 0 285 341 14943 0.1111111111111111 0.0
table-0100-459 1 11 0 725 420 14569 1.0 0.0004776309504855915
table-0100-201 1 3 0 49 50 1423 1.0 0.099932478055368
table-0100-842 3 2 0 45 59 2137 0.0625 0.006908803789972365
table-0100-138 2 6 0 198 148 48317 0.1111111111111111 0.3446754883427851
table-0100-954 0 1 0 276 350 9317 0.07142857142857142 0.0
table-0100-592 0 1 0 452 280 6652 0.14285714285714285 0.0
table-0100-43 5 3 0 6 13 24033 0.5 0.01810657009829281
table-0100-879 1 3 0 23 38 2368 1.0 0.03636363636363636
table-0100-544 2 2 0 78 117 3749 0.5 0.12552891396332863
table-0100-846 3 12 16 45 59 2137 0.0625 0.015396762731938412
table-0100-210 1 3 0 23 24 943 1.0 0.09379128137384413
table-0100-174 1 3 0 27 42 1149 1.0 0.1179245283018868
table-0100-747 0 1 0 459 300 6598 0.14285714285714285 0.0
table-0100-617 0 1 0 213 319 5078 0.06666666666666667 0.0
table-0100-856 7 7 14 217 192 4219 0.5 0.19111111111111112
table-0100-676 0 1 0 208 289 4680 0.14285714285714285 0.0
table-0100-496 140 4 140 169 493 1526 1.0 50.736040609137056
table-0100-347 15 7 0 182 203 2193 0.2 1.7944111776447105
table-0100-740 0 1 0 273 359 9275 0.125 0.0
table-0100-164 0 1 0 57 59 900 1.0 0.0
table-0100-563 10 7 0 285 341 14943 0.1111111111111111 0.2143595041322314
table-0100-582 4 3 0 28 36 1433 1.0 0.2403993855606759
table-0100-300 2 6 0 220 275 16113 0.25 0.009840954274353877
table-0100-361 3 6 0 43 100 2076 0.125 0.1927888153053716
table-0100-440 1 2 1 6 37 742 1.0 0.02823179791976226
table-0100-71 3 6 0 450 459 11068 0.3333333333333333 0.03682963601119966
table-0100-364 2 6 0 43 100 2076 0.125 0.07505518763796909
table-0100-606 0 1 0 213 319 5078 0.06666666666666667 0.0
table-0100-305 2 4 0 220 275 16113 0.25 0.007654075546719682
table-0100-951 8 8 0 276 350 9317 0.07142857142857142 0.14347357065803668
table-0100-129 2 3 0 56 56 5487 1.0 0.1225114854517611
table-0100-787 9 5 8 42 92 5342 0.08333333333333333 0.06049754994346023
table-0100-441 10 7 7 70 76 1884 0.5 0.6160776160776161
table-0100-633 20 6 0 582 99 662389 0.07142857142857142 1.2592592592592593
table-0100-608 0 1 0 213 319 5078 0.06666666666666667 0.0
table-0100-848 1 12 0 45 59 2137 0.0625 0.012830635609948677
table-0100-549 3 7 0 353 424 13239 0.1111111111111111 0.012884753042233358
table-0100-814 19 5 10 413 85 28083 0.2 2.377754459601259
table-0100-927 6 5 0 206 287 4166 0.14285714285714285 0.14679276315789475
table-0100-804 0 1 0 208 290 4324 0.14285714285714285 0.0
table-0100-145 1 3 0 34 53 13159 1.0 0.08100289296046287
table-0100-142 0 1 0 23 37 1342 1.0 0.0
table-0100-326 30 4 0 30 112 5679 0.5 0.8655311519497983
table-0100-401 22 9 0 525 549 0 0.023809523809523808 0.8875868055555556
table-0100-286 8 4 0 10 27 3772 1.0 0.0640833176956277
table-0100-452 4 9 2 133 140 1207 1.0 0.10134600158353127
table-0100-692 5 5 0 207 279 6873 0.14285714285714285 0.14190573770491804
table-0100-488 7 4 0 13 31 984 0.5 0.09431245500359971
table-0100-646 1 2 0 41 60 1091 0.5 0.0122306348281887
table-0100-317 7 5 16 387 549 775 0.5 1.0580645161290323
table-0100-185 3 3 0 78 81 1404 1.0 0.21016483516483517
table-0100-341 2 4 0 18 52 164 1.0 0.007646095030038231
table-0100-149 1 3 0 70 67 1196 1.0 0.12767710049423395
table-0100-375 3 3 0 130 120 58494 0.3333333333333333 0.07009021512838307
table-0100-734 7 4 0 273 359 9275 0.125 0.17573139603377183
table-0100-707 8 3 0 2312 842 452011 1.0 0.024252223120452707
table-0100-97 1 2 1 84 111 13397 0.25 0.026462395543175487
table-0100-58 123 5 112 280 384 5672 1.0 4.4221065278334
table-0100-817 7 4 0 249 252 6433 0.25 0.30391459074733096
table-0100-379 2 3 0 154 231 14476 1.0 0.01669898728722258
table-0100-26 4 4 0 34 50 17414 0.3333333333333333 0.06754098360655737
table-0100-190 4 3 0 140 129 1817 1.0 0.3827508455467869
table-0100-539 2 4 2 170 440 1238 1.0 0.7
table-0100-655 10 5 0 175 423 290 1.0 0.39578630549285176
table-0100-231 1 3 0 42 48 2069 1.0 0.14908456843940715
table-0100-436 9 3 0 18 19 1077 0.25 0.18299445471349354
table-0100-500 64 4 64 168 445 1893 1.0 21.71641791044776
table-0100-731 3 9 9 273 359 9275 0.125 0.006086785784409974
table-0100-55 7 2 0 156 216 2792 0.2 0.36223662884927066
table-0100-224 1 3 0 37 48 1206 1.0 0.11053024645257654
table-0100-313 2 9 2 14 54 2800 1.0 0.2516507703595011
table-0100-745 0 1 0 459 300 6598 0.14285714285714285 0.0
table-0100-858 7 6 13 217 192 4219 0.5 0.19740740740740742
table-0100-645 1 2 1 41 60 1091 0.5 0.0110658124635993
table-0100-591 0 1 0 452 280 6652 0.14285714285714285 0.0
table-0100-533 1 1 0 83 174 1484 1.0 0.10953346855983773
table-0100-28 1 2 1 33 39 3267 1.0 0.034545454545454546
table-0100-498 46 4 46 168 445 1893 1.0 16.796019900497512
table-0100-204 1 3 0 24 50 1084 1.0 0.08828522920203735
table-0100-309 3 4 7 384 548 689 0.5 0.264
table-0100-63 5 2 0 250 342 88456 0.14285714285714285 0.02251262903580057
table-0100-990 4 7 0 209 282 4247 0.14285714285714285 0.0922279792746114
table-0100-855 10 7 23 217 192 4219 0.5 0.28555555555555556
table-0100-227 1 3 0 31 41 1759 1.0 0.1359466221851543
table-0100-816 19 5 10 413 85 28083 0.2 2.3515215110178382
table-0100-499 60 4 60 168 445 1893 1.0 21.47761194029851
table-0100-619 3 3 0 183 275 10064 1.0 0.10626885685551458
table-0100-623 1 2 0 27 59 5677 0.3333333333333333 0.011041766682669226
table-0100-351 0 1 0 23256 1580 1187222 0.08333333333333333 0.0
table-0100-340 2 5 0 18 52 164 1.0 0.01788640087383943
table-0100-291 1 3 0 38 59 1535 1.0 0.01837806301050175
table-0100-968 1 5 1 72 274 21780 0.25 0.055770720371804805
table-0100-1 20 4 20 168 463 1716 1.0 7.024038461538462
table-0100-937 6 5 0 211 299 6130 0.14285714285714285 0.13111620795107035
table-0100-840 6 10 24 45 59 2137 0.0625 0.04579549940781682
table-0100-507 19 6 19 266 433 26507 0.1111111111111111 0.17569816904013316
table-0100-984 1 6 0 211 296 5571 0.14285714285714285 0.012817159298979858
table-0100-182 1 3 0 28 53 1126 1.0 0.10482180293501048
table-0100-854 6 7 12 217 192 4219 0.5 0.19407407407407407
table-0100-318 55 3 3 6 65 20606 0.25 101.23837209302326
table-0100-171 2 3 0 43 47 1249 1.0 0.19137625516834023
table-0100-777 0 1 0 205 288 4494 0.058823529411764705 0.0
table-0100-916 5 6 1 187 582 77609 0.3333333333333333 0.1822684497275879
table-0100-910 72 4 72 171 469 1119 1.0 24.848039215686274
table-0100-522 26 6 34 111 121 7317 0.5 0.5913683602771362
table-0100-386 17 4 8 62 268 3795 0.125 1.3756137479541735
table-0100-319 51 3 3 6 65 20606 0.25 156.52616279069767
table-0100-540 100 4 100 170 440 1238 1.0 37.365
table-0100-557 1 1 0 132 187 1413 1.0 0.07943262411347518
table-0100-767 8 3 0 144 148 18999 1.0 0.018327534791252487
table-0100-194 2 3 0 66 86 1564 1.0 0.07571801566579635
table-0100-16 79 4 79 170 568 2070 1.0 24.545454545454547
table-0100-270 6 4 0 324 1007 27283 0.041666666666666664 0.03628902107253193
table-0100-511 1 3 0 65 100 4403 1.0 0.0127000254000508
table-0100-426 6 7 0 525 549 0 0.023809523809523808 0.4075520833333333
table-0100-897 1 5 0 217 311 5340 0.14285714285714285 0.0042796005706134095
table-0100-568 7 4 0 285 341 14943 0.1111111111111111 0.45609504132231404
table-0100-73 6 5 0 450 459 11068 0.3333333333333333 0.06956709024337712
table-0100-155 1 3 0 40 53 823 1.0 0.1397748592870544
table-0100-512 79 8 10 8 109 1779 0.5 37.52996845425867
table-0100-868 47 4 47 172 637 1503 1.0 12.933070866141732
table-0100-778 0 1 0 205 288 4494 0.058823529411764705 0.0
table-0100-237 1 3 0 29 87 1218 1.0 0.03233830845771144
table-0100-545 11 4 0 68 104 1185 0.5 0.4839302112029385
table-0100-125 1 3 0 20 50 1188 1.0 0.07293497363796134
table-0100-716 20 7 0 408 464 16509 0.1 0.34000852151683
table-0100-601 4 5 2 57 312 2463 1.0 0.040624159268227066
table-0100-261 1 4 0 324 1007 27283 0.041666666666666664 0.005210494766449947
table-0100-600 8 4 0 9 20 823 0.5 0.13434163701067617
table-0100-852 8 9 0 61 49 3172 0.3333333333333333 0.34344894026974954
table-0100-357 2 3 0 443 968 11373 0.1111111111111111 0.04235695986336464
table-0100-907 61 4 61 171 469 1119 1.0 22.465686274509803
table-0100-62 63 3 61 250 342 88456 0.14285714285714285 0.44421260707226007
table-0100-822 1 6 0 184 283 1541 1.0 0.06451612903225806
table-0100-72 3 5 0 450 459 11068 0.3333333333333333 0.035968124057721304
table-0100-448 1 2 0 161 121 95853 1.0 0.0798483455882353
table-0100-211 2 3 0 27 29 1871 1.0 0.16724137931034483
table-0100-250 1 2 0 20 44 1262 0.14285714285714285 0.03065883887801696
table-0100-738 0 1 0 273 359 9275 0.125 0.0
table-0100-933 7 4 0 206 287 4166 0.14285714285714285 0.3597861842105263
table-0100-768 16 7 16 51 72 1260 0.125 0.49519586104951957
table-0100-315 44 8 0 14 54 2800 1.0 27.384446074834923
table-0100-976 4 7 0 214 293 6489 0.14285714285714285 0.04990870359099209
table-0100-172 1 3 0 89 78 1823 1.0 0.1018041237113402
table-0100-225 1 3 0 31 41 855 1.0 0.13051305130513052
table-0100-660 4 2 0 342 377 2591 0.5 0.03896103896103896
table-0100-845 3 16 0 45 59 2137 0.0625 0.03355704697986577
table-0100-466 6 2 0 308 501 8799 1.0 0.018342233573252844
table-0100-801 1 8 0 208 290 4324 0.14285714285714285 0.013858695652173913
table-0100-493 1 3 0 3 70 1854 1.0 0.023416227990560902
table-0100-404 6 9 0 525 549 0 0.023809523809523808 0.3537326388888889
table-0100-992 6 4 0 209 282 4247 0.14285714285714285 0.3901554404145078
table-0100-593 7 4 0 452 280 6652 0.14285714285714285 1.0213723284589427
table-0100-574 20 6 0 146 242 1266 0.3333333333333333 8.07719298245614
table-0100-388 17 4 0 62 268 3795 0.125 1.6530278232405893
table-0100-620 20 6 2 27 99 1634 1.0 1.08675799086758
table-0100-941 0 1 0 211 299 6130 0.14285714285714285 0.0
table-0100-653 2 3 0 16 40 7360 0.5 0.1919889502762431
table-0100-799 7 4 0 210 287 3822 0.14285714285714285 0.27946127946127947
table-0100-5 3 4 3 168 463 1716 1.0 0.9519230769230769
table-0100-843 0 1 0 45 59 2137 0.0625 0.0
table-0100-425 6 4 0 525 549 0 0.023809523809523808 0.21006944444444445
table-0100-166 1 3 0 32 54 1264 1.0 0.060632308358596794
table-0100-999 2 7 0 203 290 3578 0.14285714285714285 0.03687374749498998
table-0100-991 1 6 0 209 282 4247 0.14285714285714285 0.01606217616580311
table-0100-345 27 6 4 182 203 2193 0.2 3.3293413173652695
table-0100-9 33 4 33 168 463 1716 1.0 12.25
table-0100-616 5 5 0 213 319 5078 0.06666666666666667 0.11286407766990292
table-0100-162 1 3 0 53 69 983 1.0 0.0888030888030888
table-0100-168 1 3 0 48 59 1303 1.0 0.0741745816372682
table-0100-569 27 6 0 135 216 1718 0.3333333333333333 9.43019943019943
table-0100-819 11 3 0 156 186 11810 1.0 0.3267862226017649
table-0100-567 8 8 0 285 341 14943 0.1111111111111111 0.42923553719008267
table-0100-750 7 4 0 459 300 6598 0.14285714285714285 0.2038598047914818
table-0100-435 6 7 0 525 549 0 0.023809523809523808 0.3559027777777778
table-0100-365 1 6 0 43 100 2076 0.125 0.04856512141280353
table-0100-117 1 3 0 18 19 851 1.0 0.07275666936135812
table-0100-654 16 4 19 898 778 15986 0.5 0.33871781928319034
table-0100-839 3 12 0 45 59 2137 0.0625 0.0568495854717726
table-0100-771 3 2 0 65 140 8512 0.3333333333333333 0.04052901023890785
table-0100-912 62 4 62 171 469 1119 1.0 21.598039215686274
table-0100-805 1 7 0 208 290 4324 0.14285714285714285 0.011141304347826087
table-0100-4 49 4 49 168 463 1716 1.0 17.596153846153847
table-0100-934 22 6 9 83 123 6474 1.0 1.6641751201281367
table-0100-487 9 5 0 155 53 2534 0.5 0.5801526717557252
table-0100-67 40 3 28 197 222 5424 1.0 0.7121273989383422
table-0100-86 1 8 0 57 122 1763 1.0 0.018641259320629662
table-0100-669 1 2 1 37 57 2473 1.0 0.006500171057133082
table-0100-233 1 3 0 17 27 505 1.0 0.11018867924528301
table-0100-564 2 7 0 285 341 14943 0.1111111111111111 0.05165289256198347
table-0100-641 1 3 0 24 417 2171 1.0 0.02460456942003515
table-0100-797 0 1 0 210 287 3822 0.14285714285714285 0.0
table-0100-38 1 7 1 77 114 7324 0.3333333333333333 0.04201077199281867
table-0100-748 0 1 0 459 300 6598 0.14285714285714285 0.0
table-0100-928 8 8 0 206 287 4166 0.14285714285714285 0.15871710526315788
table-0100-130 1 3 0 32 29 1397 1.0 0.13383838383838384
table-0100-349 1 1 0 23256 1580 1187222 0.08333333333333333 0.0011168056299242714
table-0100-989 3 7 0 209 282 4247 0.14285714285714285 0.061139896373056994
table-0100-639 17 8 17 143 168 3445 0.5 1.5315533980582525
table-0100-712 5 5 0 408 464 16509 0.1 0.11887515977844056
table-0100-673 5 5 0 208 289 4680 0.14285714285714285 0.10428994082840237
table-0100-720 4 7 0 408 464 16509 0.1 0.06135492117596932
table-0100-497 39 4 39 168 445 1893 1.0 15.124378109452737
table-0100-111 2 3 0 32 32 1580 1.0 0.2076923076923077
table-0100-248 3 3 0 20 44 1262 0.14285714285714285 0.13829093281148075
table-0100-948 2 7 0 209 286 4849 0.14285714285714285 0.03344623200677392
table-0100-98 12 5 0 84 111 13397 0.25 1.0055710306406684
table-0100-366 1 2 1 41 61 7192 1.0 0.004123263888888889
table-0100-636 25 8 0 582 99 662389 0.07142857142857142 1.7115009746588694
table-0100-287 4 1 0 64 67 2126 1.0 0.040175768989328314
table-0100-742 3 12 12 273 359 9275 0.125 0.007264873355586099
table-0100-481 8 5 0 103 162 9627 1.0 0.08324934489014311
table-0100-423 7 1 0 525 549 0 0.023809523809523808 0.033854166666666664
table-0100-330 10 6 0 290 200 1984 0.2 1.0036630036630036
table-0100-53 12 7 0 156 216 2792 0.2 0.7779578606158833
table-0100-723 5 3 0 39 30 665 1.0 0.23857358111501759
table-0100-289 1 7 1 54 81 1026 0.5 0.1297029702970297
table-0100-373 14 14 0 92 122 7841 0.5 0.3271586495368987
table-0100-422 6 4 0 525 549 0 0.023809523809523808 0.2769097222222222
table-0100-433 8 4 0 525 549 0 0.023809523809523808 0.2977430555555556
table-0100-475 0 1 0 42 47 1441 1.0 0.0
table-0100-918 1 2 1 41 61 3452 1.0 0.00639300134589502
table-0100-919 6 5 0 210 306 5327 0.14285714285714285 0.042008573178199636
table-0100-56 1 3 0 27 79 2699 1.0 0.012802582033351264
table-0100-408 6 5 0 525 549 0 0.023809523809523808 0.2269965277777778
table-0100-284 1 3 0 13 41 2228 1.0 0.07607433217189315
table-0100-725 1 3 0 17 21 986 1.0 0.13098039215686275
table-0100-880 11 11 2 52 89 66359 0.25 6.578947368421052
table-0100-972 8 8 0 214 293 6489 0.14285714285714285 0.12538040170419965
table-0100-460 29 22 75 725 420 14569 1.0 0.055860076875838695
table-0100-870 39 4 39 172 637 1503 1.0 11.437007874015748
table-0100-489 4 4 0 14 34 947 0.5 0.027808676307007785
table-0100-457 19 5 0 725 420 14569 1.0 0.049309709554893444
table-0100-691 10 3 0 22 27 1133 0.5 0.6015037593984962
table-0100-41 2 3 0 11 22 964 0.3333333333333333 0.04409857328145266
table-0100-702 10 3 0 5564 716 869045 1.0 0.009306537213572453
table-0100-628 0 1 0 204 291 5052 0.05263157894736842 0.0
table-0100-795 0 1 0 210 287 3822 0.14285714285714285 0.0
table-0100-552 3 7 0 353 424 13239 0.1111111111111111 0.01385622251763984
table-0100-981 12 7 0 211 296 5571 0.14285714285714285 0.13366466126078996
table-0100-242 61 6 0 345 359 2301 1.0 1.5306670646172214
table-0100-859 8 5 0 29 62 2378 0.3333333333333333 0.11919729206963249
table-0100-226 2 3 0 90 73 1931 1.0 0.19569471624266144
table-0100-116 1 3 0 18 18 1038 1.0 0.1481103166496425
table-0100-785 9 5 10 42 92 5342 0.08333333333333333 0.057105163965322274
table-0100-180 13 5 0 206 239 3499 0.25 0.013756780127348479
table-0100-877 94 4 94 172 637 1503 1.0 26.52755905511811
table-0100-908 26 4 26 171 469 1119 1.0 9.137254901960784
table-0100-599 3 2 1 14 31 1533 1.0 0.16638655462184873
table-0100-966 6 4 0 210 302 6313 0.14285714285714285 0.2540106951871658
table-0100-65 7 4 0 250 342 88456 0.14285714285714285 0.04370744564023721
table-0100-131 3 3 0 37 44 1790 1.0 0.24586939417781276
table-0100-562 2 7 0 285 341 14943 0.1111111111111111 0.04132231404958678
table-0100-671 4 2 2 13 76 1913 0.5 0.02375424182889802
table-0100-831 18 12 0 28 41 2136 0.5 0.8124137931034483
table-0100-807 1 2 1 39 54 4840 1.0 0.005298382598996096
table-0100-179 1 3 0 27 33 1486 1.0 0.12305168170631665
table-0100-432 6 3 0 525 549 0 0.023809523809523808 0.1345486111111111
table-0100-609 7 4 0 213 319 5078 0.06666666666666667 0.3648867313915858
table-0100-176 1 3 0 23 31 1348 1.0 0.060290286564942314
table-0100-430 10 1 0 525 549 0 0.023809523809523808 0.020833333333333332
table-0100-864 269 4 269 169 557 1365 1.0 96.37556561085972
table-0100-803 0 1 0 208 290 4324 0.14285714285714285 0.0
table-0100-583 4 4 2 807 671 131358 0.3333333333333333 0.08285577841451768
table-0100-10 6 4 6 168 463 1716 1.0 1.8701923076923077
table-0100-866 53 4 0 20 58 40435 0.5 0.2471199918442247
table-0100-721 5 7 0 408 464 16509 0.1 0.07072858968896463
table-0100-891 1 3 0 142 118 11950 1.0 0.020544142143253747
table-0100-506 8 6 24 266 433 26507 0.1111111111111111 0.044756796744960234
table-0100-556 6 10 3 132 187 1413 1.0 0.3304964539007092
table-0100-398 1 3 0 129 140 4607 1.0 0.00924599557234015
table-0100-148 1 3 0 20 46 2038 1.0 0.08035714285714286
table-0100-273 1 4 0 324 1007 27283 0.041666666666666664 0.0029049661087287315
table-0100-144 1 3 0 47 24 1531 1.0 0.1143481427530954
table-0100-995 6 5 0 203 290 3578 0.14285714285714285 0.13667334669338677
table-0100-84 0 1 0 40 5 2964 1.0 0.0
table-0100-517 34 13 0 77 151 39669 0.16666666666666666 0.6665236971906497
table-0100-280 3 3 0 54 50 7011 1.0 0.25798722044728434
table-0100-796 0 1 0 210 287 3822 0.14285714285714285 0.0
table-0100-884 29 11 5 107 120 7295 0.5 0.5201195219123506
table-0100-87 153 2 1 458 479 29347 0.5 58.63492063492063
table-0100-199 1 3 0 41 46 1365 1.0 0.10822206605762473
table-0100-589 2 7 0 452 280 6652 0.14285714285714285 0.09336332958380203
table-0100-445 23 4 0 262 229 7375 0.25 0.3954309449636552
table-0100-100 3 6 5 84 111 13397 0.25 0.22284122562674094
table-0100-167 1 3 0 29 41 1408 1.0 0.09986504723346828
table-0100-572 1 1 0 117 185 1712 0.5 0.07608695652173914
table-0100-246 4 6 1 214 210 144677 0.3333333333333333 0.09469883472837683
table-0100-491 1 5 1 50 149 1795 0.5 0.004083855159270351
table-0100-580 6 3 0 159 255 248 1.0 0.580952380952381
table-0100-826 1 2 1 36 55 1688 1.0 0.008399646330680813
table-0100-956 7 4 0 276 350 9317 0.07142857142857142 0.3164329377921611
table-0100-354 0 1 0 23257 1580 1187222 0.08333333333333333 0.0
table-0100-874 15 4 15 172 637 1503 1.0 4.133858267716535
table-0100-393 7 3 0 142 210 7022 1.0 0.07098679959383365
table-0100-31 18 6 0 110 186 1079 0.5 4.685567010309279
table-0100-656 8 7 8 126 137 38383 0.2 0.13139763779527558
table-0100-355 0 1 0 23257 1580 1187222 0.08333333333333333 0.0
table-0100-755 0 1 0 204 308 4475 0.14285714285714285 0.0
table-0100-560 1 3 0 285 341 14943 0.1111111111111111 0.07747933884297521
table-0100-929 2 7 0 206 287 4166 0.14285714285714285 0.038651315789473686
table-0100-14 115 4 115 170 568 2070 1.0 38.47727272727273
table-0100-184 1 3 0 10 34 590 1.0 0.0812720848056537
table-0100-710 1 2 1 31 57 6544 0.3333333333333333 0.009236752552260573
table-0100-728 9 3 0 84 55 21222 1.0 0.5227722772277228
table-0100-134 1 3 0 33 24 1088 1.0 0.176056338028169
table-0100-779 7 4 0 205 288 4494 0.058823529411764705 0.2980153649167734
table-0100-419 6 4 0 525 549 0 0.023809523809523808 0.2760416666666667
table-0100-559 5 5 0 285 341 14943 0.1111111111111111 0.14979338842975207
table-0100-997 5 7 0 203 290 3578 0.14285714285714285 0.09098196392785571
table-0100-584 2 4 0 24 36 613 1.0 0.04812563323201621
table-0100-114 3 3 0 37 30 1432 1.0 0.411006018916595
table-0100-881 15 6 0 52 89 66359 0.25 1.300986842105263
table-0100-915 14 6 0 187 582 77609 0.3333333333333333 0.629024269440317
table-0100-501 4 4 4 168 445 1893 1.0 1.2736318407960199
table-0100-259 5 4 0 324 1007 27283 0.041666666666666664 0.025637478673859918
table-0100-836 17 5 0 45 59 2137 0.0625 0.2366758784050533
table-0100-442 4 9 2 136 133 1103 1.0 0.11895910780669144
table-0100-304 2 6 0 220 275 16113 0.25 0.00904572564612326
table-0100-48 0 1 0 6 13 24033 0.5 0.0
table-0100-735 0 1 0 273 359 9275 0.125 0.0
table-0100-751 5 5 0 204 308 4475 0.14285714285714285 0.08042663591813203
table-0100-886 2 3 0 94 303 7097 0.14285714285714285 0.022493267859971487
table-0100-403 6 9 0 525 549 0 0.023809523809523808 0.6341145833333334
table-0100-955 2 7 0 276 350 9317 0.07142857142857142 0.030924128011506652
table-0100-674 0 1 0 208 289 4680 0.14285714285714285 0.0
table-0100-150 2 2 1 14 24 1639 1.0 0.05685279187817259
table-0100-732 3 9 9 273 359 9275 0.125 0.0064794816414686825
table-0100-529 4 11 3 334 365 2544 0.3333333333333333 0.0792156862745098
table-0100-530 4 5 0 334 365 2544 0.3333333333333333 0.05254901960784314
table-0100-269 1 4 1 324 1007 27283 0.041666666666666664 0.004149951583898187
table-0100-681 224 5 374 20 624 11766 1.0 50.891774891774894
table-0100-385 17 4 0 62 268 3795 0.125 1.711947626841244
table-0100-483 88 4 0 132 314 454 0.5 17.46252676659529
table-0100-505 7 6 7 266 433 26507 0.1111111111111111 0.08378028481597928
table-0100-830 6 3 0 631 313 693688 0.3333333333333333 0.02771099582437049
table-0100-434 5 7 0 525 549 0 0.023809523809523808 0.3107638888888889
table-0100-610 27 8 16 213 319 5078 0.06666666666666667 0.8211974110032363
table-0100-502 75 4 75 168 445 1893 1.0 27.378109452736318
table-0100-133 1 3 0 21 30 1301 1.0 0.12277992277992278
table-0100-257 9 4 0 324 1007 27283 0.041666666666666664 0.04463503481348273
table-0100-932 0 1 0 206 287 4166 0.14285714285714285 0.0
table-0100-960 6 5 0 210 302 6313 0.14285714285714285 0.11497326203208556
table-0100-749 0 1 0 459 300 6598 0.14285714285714285 0.0
table-0100-119 1 3 0 29 24 1014 1.0 0.19767441860465115
table-0100-987 1 8 0 209 282 4247 0.14285714285714285 0.029015544041450778
table-0100-221 1 3 0 32 43 1231 1.0 0.10395010395010396
table-0100-518 16 6 0 156 178 1908 0.5 6.073529411764706
table-0100-946 0 1 0 209 286 4849 0.14285714285714285 0.0
table-0100-316 2 2 2 10 18 1734 1.0 0.0944055944055944
table-0100-727 14 5 0 6 71 699 0.5 4.378378378378378
table-0100-271 57 4 0 324 1007 27283 0.041666666666666664 0.2562364550191359
table-0100-820 23 8 51 343 320 62282 1.0 0.40575692963752663
table-0100-123 1 3 0 22 29 845 1.0 0.14620431115276475
table-0100-325 7 9 0 640 429 45744 0.2 0.10536570743405275
table-0100-479 4 4 0 17 15 978 0.2 0.11360239162929746
table-0100-480 6 3 0 17 15 978 0.2 0.35575485799701045
table-0100-462 25 23 0 725 420 14569 1.0 0.05131121068073782
table-0100-706 5 2 0 2312 842 452011 1.0 0.014713015359741309
table-0100-214 2 3 0 60 58 1328 1.0 0.15881147540983606
table-0100-296 2 6 0 220 275 16113 0.25 0.008846918489065606
table-0100-625 0 1 0 204 291 5052 0.05263157894736842 0.0
table-0100-467 1 5 1 49 110 1631 0.5 0.003459119496855346
table-0100-362 8 6 0 43 100 2076 0.125 0.3833701250919794
table-0100-137 9 12 0 198 148 48317 0.1111111111111111 0.8935097668557026
table-0100-546 2 3 0 74 91 6584 0.5 0.020265003897116135
table-0100-157 1 3 0 60 74 1596 1.0 0.08410200759631037
table-0100-729 19 5 0 221 193 15357 0.5 0.12937410310188763
table-0100-303 2 6 0 220 275 16113 0.25 0.00904572564612326
table-0100-20 105 4 105 169 482 1527 1.0 37.65989847715736
table-0100-904 298 4 299 170 519 1480 1.0 119.82608695652173
table-0100-196 1 3 0 16 46 1280 1.0 0.14198071866783524
table-0100-780 1 2 0 42 92 5342 0.08333333333333333 0.07331323030531474
table-0100-808 14 3 0 410 57 10392 0.2 1.0540069686411149
table-0100-939 0 1 0 211 299 6130 0.14285714285714285 0.0
table-0100-841 5 6 1 45 59 2137 0.0625 0.02783260955388867
table-0100-613 29 8 14 213 319 5078 0.06666666666666667 0.9603559870550162
table-0100-465 5 4 0 308 501 8799 1.0 0.10796377989319712
table-0100-219 1 3 0 53 51 1889 1.0 0.0843644544431946
table-0100-773 5 5 0 205 288 4494 0.058823529411764705 0.08898847631241998
table-0100-374 2 2 1 130 120 58494 0.3333333333333333 0.0388619014573213
table-0100-236 1 3 0 92 92 1923 1.0 0.10109289617486339
table-0100-521 1 2 0 40 52 1027 0.5 0.061764705882352944
table-0100-50 1 2 0 33 62 25140 0.3333333333333333 0.047954866008462625
table-0100-395 1 2 0 9 23 598 1.0 0.029601029601029602
table-0100-414 5 5 0 525 549 0 0.023809523809523808 0.18359375
table-0100-558 6 4 0 22 22 1238 0.5 0.29343308395677475
table-0100-621 9 6 0 27 99 1634 1.0 0.5226967499328499
table-0100-338 8 6 0 148 161 2373 0.2 0.9078694817658349
table-0100-811 9 10 0 33 34 2574 0.3333333333333333 0.3986013986013986
table-0100-837 5 8 4 45 59 2137 0.0625 0.025661271219897353
table-0100-407 8 8 0 525 549 0 0.023809523809523808 0.5690104166666666
table-0100-844 3 16 0 45 59 2137 0.0625 0.03493880773786025
table-0100-698 6 4 0 207 279 6873 0.14285714285714285 0.3785860655737705
table-0100-81 7 2 0 79 179 1456 0.16666666666666666 0.09149762624082866
table-0100-875 1 4 1 172 637 1503 1.0 0.29133858267716534
table-0100-962 0 1 0 210 302 6313 0.14285714285714285 0.0
table-0100-127 1 3 0 18 36 1099 1.0 0.13758079409048937
table-0100-888 2 3 0 94 303 7097 0.14285714285714285 0.019483605258989387
table-0100-775 0 1 0 205 288 4494 0.058823529411764705 0.0
table-0100-774 1 7 0 205 288 4494 0.058823529411764705 0.013444302176696543
table-0100-612 28 8 9 213 319 5078 0.06666666666666667 0.8875404530744336
table-0100-553 3 3 0 353 424 13239 0.1111111111111111 0.009510174864505573
table-0100-409 8 4 0 525 549 0 0.023809523809523808 0.38671875
table-0100-551 5 8 0 353 424 13239 0.1111111111111111 0.01978729931485837
table-0100-930 0 1 0 206 287 4166 0.14285714285714285 0.0
table-0100-813 1 6 0 148 218 1746 1.0 0.07432432432432433
table-0100-952 4 7 0 276 350 9317 0.07142857142857142 0.06005034160373966
table-0100-587 64 6 0 181 339 1852 0.5 17.795511221945137
table-0100-429 1 4 0 525 549 0 0.023809523809523808 0.041666666666666664
table-0100-216 1 3 0 20 50 1035 1.0 0.1111111111111111
table-0100-245 20 4 11 4 61 7209 0.5 33.049019607843135
table-0100-120 4 3 0 58 38 833 0.5 0.04171494785631518
table-0100-18 51 4 51 170 568 2070 1.0 16.663636363636364
table-0100-914 12 3 10 47 86 2165 0.5 0.08841201716738198
table-0100-885 2 3 0 94 303 7097 0.14285714285714285 0.019325201964200855
table-0100-370 1 3 0 101 207 209073 1.0 0.01265996972615935
table-0100-244 0 1 0 7 14 815 1.0 0.0
table-0100-792 1 2 1 45 51 2471 1.0 0.023255813953488372
table-0100-525 4 11 1 334 365 2544 0.3333333333333333 0.10196078431372549
table-0100-903 75 4 75 170 519 1480 1.0 30.14673913043478
table-0100-454 17 2 0 725 420 14569 1.0 0.009325175699956785
table-0100-663 5 3 0 159 267 311 1.0 0.05423476968796434
table-0100-566 4 7 0 285 341 14943 0.1111111111111111 0.12861570247933884
table-0100-659 9 5 0 159 46 2619 0.5 0.6006051437216339
table-0100-922 0 1 0 210 306 5327 0.14285714285714285 0.0
table-0100-722 5 7 0 408 464 16509 0.1 0.09586706433745207
table-0100-79 7 2 0 79 179 1456 0.16666666666666666 0.0932239965472594
table-0100-535 133 4 133 165 289 923 1.0 52.502793296089386
table-0100-893 0 1 0 217 311 5340 0.14285714285714285 0.0
table-0100-527 4 11 3 334 365 2544 0.3333333333333333 0.08627450980392157
table-0100-301 11 4 0 220 275 16113 0.25 0.07395626242544731
table-0100-554 26 8 0 353 424 13239 0.1111111111111111 0.10139073524900297
table-0100-542 121 4 121 170 440 1238 1.0 43.555
table-0100-279 5 5 4 59 100 1591 0.5 0.08171906425320208
table-0100-741 3 11 11 273 359 9275 0.125 0.0068721774985273905
table-0100-705 8 14 0 2312 842 452011 1.0 0.06782538399353275
table-0100-520 37 6 0 215 313 1745 0.5 8.533195020746888
table-0100-794 1 7 0 210 287 3822 0.14285714285714285 0.012855831037649219
table-0100-492 1 1 0 228 394 25710 0.5 0.0026732011583871684
table-0100-825 8 12 0 22 65 2094 1.0 0.9087688219663419
table-0100-411 6 8 0 525 549 0 0.023809523809523808 0.5729166666666666
table-0100-175 1 3 0 57 56 1370 1.0 0.10971089696071164
table-0100-983 0 1 0 211 296 5571 0.14285714285714285 0.0
table-0100-925 7 4 0 210 306 5327 0.14285714285714285 0.10642988364972443
table-0100-208 1 3 0 18 23 988 1.0 0.11428571428571428
table-0100-263 14 3 1 324 1007 27283 0.041666666666666664 0.02932632452621386
table-0100-195 1 3 0 35 96 1328 1.0 0.03718199608610567
table-0100-555 1 2 1 31 53 10331 0.3333333333333333 0.015741507870753936
table-0100-203 1 3 0 47 55 1583 1.0 0.09529860228716645
table-0100-126 1 3 0 18 16 968 1.0 0.18835192069392812
table-0100-343 3 6 0 182 203 2193 0.2 0.1437125748502994
table-0100-661 5 3 0 159 267 311 1.0 0.05423476968796434
table-0100-766 4 4 0 144 148 18999 1.0 0.01677435387673956
table-0100-638 25 8 0 582 99 662389 0.07142857142857142 1.7017543859649122
table-0100-882 28 7 0 52 89 66359 0.25 2.3782894736842106
table-0100-611 27 8 13 213 319 5078 0.06666666666666667 0.8406148867313916
table-0100-940 0 1 0 211 299 6130 0.14285714285714285 0.0
table-0100-763 3 2 0 12 10 15514 0.5 0.02109996540989277
table-0100-575 3 3 0 25 36 1360 0.5 0.04977945809703844
table-0100-579 1 3 0 70 138 4913 1.0 0.04156479217603912
table-0100-690 39 7 0 127 331 47678 1.0 0.3991214308126765
table-0100-272 15 4 0 324 1007 27283 0.041666666666666664 0.08276847881219164
table-0100-503 11 4 11 168 445 1893 1.0 3.9402985074626864
table-0100-835 0 1 0 71 73 5817 0.3333333333333333 0.0
table-0100-240 1 3 0 37 26 1514 1.0 0.08700322234156821
table-0100-397 38 6 8 129 140 4607 1.0 0.9785128271910405
table-0100-622 2 3 0 183 205 41694 1.0 0.030508072174738842
table-0100-896 0 1 0 217 311 5340 0.14285714285714285 0.0
table-0100-85 1 3 0 10 20 3573 1.0 0.13018433179723501
table-0100-964 1 7 0 210 302 6313 0.14285714285714285 0.012366310160427808
table-0100-428 7 5 0 525 549 0 0.023809523809523808 0.3420138888888889
table-0100-213 1 3 0 26 54 4887 1.0 0.07876530069185737
table-0100-140 6 3 0 198 148 48317 0.1111111111111111 0.5267800882167611
table-0100-873 47 4 47 172 637 1503 1.0 12.559055118110237
table-0100-334 122 4 53 31 486 267446 0.07142857142857142 3.7410668047643707
table-0100-372 2 3 0 88 130 68465 1.0 0.10518214468958441
table-0100-824 1 3 0 259 103 34837 1.0 0.019724243584833396
table-0100-901 175 4 175 172 541 2733 1.0 62.95939086294416
table-0100-890 2 3 0 94 303 7097 0.14285714285714285 0.016315539363218754
table-0100-275 10 4 3 21 32 1232 1.0 0.47705802968960864
table-0100-443 15 4 0 175 236 1996 0.5 1.588336192109777
table-0100-701 10 5 0 5564 716 869045 1.0 0.032572880247503586
table-0100-413 6 4 0 525 549 0 0.023809523809523808 0.2300347222222222
table-0100-590 7 7 0 452 280 6652 0.14285714285714285 0.34195725534308213
table-0100-121 1 8 0 258 302 2824 1.0 0.06241234221598878
table-0100-106 1 3 0 27 42 1688 1.0 0.12885375494071147
table-0100-662 5 3 0 159 267 311 1.0 0.05423476968796434
table-0100-666 4 3 0 48 29 2495 1.0 0.3594351732991014
table-0100-743 3 6 6 273 359 9275 0.125 0.00490869821323385
table-0100-234 1 3 0 28 38 1020 1.0 0.11538461538461539
table-0100-921 0 1 0 210 306 5327 0.14285714285714285 0.0
table-0100-328 12 6 0 290 200 1984 0.2 1.294871794871795
table-0100-449 12 3 0 19 51 8728 0.25 1.5717264386989158
table-0100-974 6 10 0 214 293 6489 0.14285714285714285 0.08825319537431528
table-0100-251 11 5 9 20 44 1262 0.14285714285714285 0.4774951076320939
table-0100-451 12 3 0 19 51 8728 0.25 2.5767306088407005
table-0100-770 5 2 4 65 140 8512 0.3333333333333333 0.05631399317406143
table-0100-437 4 3 0 18 19 1077 0.25 0.11182994454713494
table-0100-726 25 3 25 14 18 2873 0.5 0.6114016736401674
table-0100-607 0 1 0 213 319 5078 0.06666666666666667 0.0
table-0100-570 1 3 0 398 367 24706 1.0 0.010210035005834306
table-0100-516 4 4 0 77 151 39669 0.16666666666666666 0.044606476517263564
table-0100-169 1 3 0 44 61 1045 1.0 0.1336593317033415
table-0100-689 0 1 0 127 331 47678 1.0 0.0
table-0100-704 4 8 0 2312 842 452011 1.0 0.015925626515763944
table-0100-177 1 3 0 39 63 6161 1.0 0.08643268727082241
table-0100-598 3 3 0 26 54 2126 1.0 0.1556455240665767
table-0100-51 7 4 0 33 62 25140 0.3333333333333333 0.6713681241184767
table-0100-561 6 8 0 285 341 14943 0.1111111111111111 0.15237603305785125
table-0100-335 345 4 608 31 486 267446 0.07142857142857142 7.801139306059037
table-0100-75 17 4 13 236 155 201617 0.3333333333333333 0.2079882201362047
table-0100-136 1 3 0 51 87 3460 1.0 0.02207792207792208
table-0100-697 0 1 0 207 279 6873 0.14285714285714285 0.0
table-0100-420 6 4 0 525 549 0 0.023809523809523808 0.23741319444444445
table-0100-478 3 3 0 17 15 978 0.2 0.16442451420029897
table-0100-109 1 3 0 16 25 789 1.0 0.15286624203821655
table-0100-310 27 10 0 597 332 19766 1.0 0.42105916682187866
table-0100-687 1 4 2 14 42 323 1.0 0.009874917709019092
table-0100-961 8 8 0 210 302 6313 0.14285714285714285 0.13669786096256684
table-0100-8 38 4 38 168 463 1716 1.0 13.471153846153847
table-0100-461 17 2 0 725 420 14569 1.0 0.009325175699956785
table-0100-513 3 5 0 261 93 130315 0.5 0.05123152709359606
table-0100-44 0 1 0 6 13 24033 0.5 0.0
table-0100-994 6 3 0 170 273 672 1.0 0.06016
table-0100-378 1 4 0 14 29 1031 0.5 0.007086614173228346
table-0100-458 19 7 0 725 420 14569 1.0 0.08313052971546842
table-0100-686 1 5 0 14 42 323 1.0 0.04213298222514812
