table_id rows cols nulls inlinks outlinks views table_imp table_fraction
table-0402-484 3 4 0 11 109 426 0.25 0.418018018018018
table-0402-107 2 5 0 99 151 2178 0.25 0.5272727272727272
table-0402-802 9 6 2 51 73 943 0.5 1.4152542372881356
table-0402-153 6 3 0 2852 747 740349 0.3333333333333333 0.01294159575889874
table-0402-691 1 3 0 44 58 723 1.0 0.08612143742255267
table-0402-444 3 3 3 16 734 13850 0.020833333333333332 0.17252747252747253
table-0402-952 0 1 0 487 287 10912 1.0 0.0
table-0402-402 12 10 0 0 0 0 0.0 498.0
table-0402-132 1 3 0 15 46 1453 1.0 0.04313319530710835
table-0402-865 10 7 0 716 648 12618 0.027777777777777776 0.053629469122426866
table-0402-354 11 8 0 276 155 3541 0.125 1.2594501718213058
table-0402-922 2 2 2 43 59 1821 1.0 0.05639097744360902
table-0402-23 10 6 0 224 335 6482 0.14285714285714285 0.35774253731343286
table-0402-245 8 5 0 93 189 1358 0.3333333333333333 0.6468401486988847
table-0402-760 0 1 0 181 163 30266 1.0 0.0
table-0402-97 12 5 4 265 292 9560 0.25 1.67524115755627
table-0402-540 10 5 0 100 149 5049 0.2 0.22291407222914073
table-0402-157 6 5 3 56 107 11736 0.16666666666666666 0.0713737528779739
table-0402-742 1 2 0 257 168 88853 0.3333333333333333 0.030854830551340414
table-0402-318 14 9 0 254 135 5681 0.04 0.03784269662921348
table-0402-427 1 3 1 16 734 13850 0.020833333333333332 0.05274725274725275
table-0402-244 80 6 0 93 189 1358 0.3333333333333333 4.919144981412639
table-0402-101 8 2 0 110 170 1371 0.125 0.15474642392717816
table-0402-517 4 5 0 238 347 2033 1.0 0.15848214285714285
table-0402-932 3 7 0 12 131 975 0.07692307692307693 0.043689320388349516
table-0402-963 3 2 0 148 157 13159 1.0 0.02375946173254836
table-0402-433 22 3 22 16 734 13850 0.020833333333333332 1.3010989010989011
table-0402-262 11 8 0 246 104 4320 0.045454545454545456 0.036517937508036516
table-0402-939 3 3 1 543 295 87642 0.5 0.0016411621202040364
table-0402-118 1 2 1 75 229 1667 1.0 0.0036087369420702755
table-0402-319 9 9 0 254 135 5681 0.04 0.027865168539325844
table-0402-87 1 3 0 17 48 2396 1.0 0.03536888643271622
table-0402-385 1 20 0 42 34 2080 0.3333333333333333 0.19506889050036258
table-0402-163 48 7 0 44 77 53838 1.0 22.560873605947954
table-0402-470 100 5 0 132 138 0 1.0 7.402072538860104
table-0402-292 7 5 0 368 259 8889 0.05555555555555555 0.13693331270307907
table-0402-409 33 3 0 71 106 6635 0.14285714285714285 0.7937024972855592
table-0402-117 4 10 4 221 35 6731 1.0 0.279508970727101
table-0402-520 4 9 0 238 347 2033 1.0 0.390625
table-0402-28 10 5 0 224 227 6527 0.125 0.32448673009514273
table-0402-63 1 2 1 180 309 7397 1.0 0.0021343518310492026
table-0402-441 28 3 28 16 734 13850 0.020833333333333332 1.8417582417582417
table-0402-109 12 10 0 644 250 32008 0.07142857142857142 1.0401681457262961
table-0402-983 1 3 0 10 14 881 1.0 0.29891304347826086
table-0402-206 5 7 0 173 262 15410 0.3333333333333333 0.3039772727272727
table-0402-697 1 3 0 20 30 1141 1.0 0.08525202240199128
table-0402-277 1 3 0 36 73 4171 1.0 0.02337434094903339
table-0402-168 3 3 0 28 36 1583 1.0 0.39625
table-0402-434 7 3 3 16 734 13850 0.020833333333333332 0.9296703296703297
table-0402-115 8 2 0 104 151 1283 0.14285714285714285 0.21441441441441442
table-0402-626 1 3 0 42 55 808 1.0 0.07395038167938932
table-0402-864 1 2 0 716 648 12618 0.027777777777777776 0.003791982665222102
table-0402-31 1 7 0 227 221 7486 0.1 0.04756871035940803
table-0402-42 11 6 0 174 599 19518 0.5 0.5160714285714286
table-0402-116 4 10 4 221 35 6731 1.0 0.37016052880075545
table-0402-178 2 4 0 378 125 23007 0.25 0.07548608463591308
table-0402-85 4 2 0 42 229 7000 0.3333333333333333 0.0033120808147718804
table-0402-144 4 8 8 283 228 20593 0.5 0.32667525773195877
table-0402-98 35 12 330 0 0 0 0.0 1972.0
table-0402-89 1 4 0 179 195 3084 0.3333333333333333 0.024509803921568627
table-0402-761 23 7 17 2942 277 78026 0.25 0.10289414458877877
table-0402-751 13 4 10 20 37 2570 0.5 0.8128342245989305
table-0402-791 1 2 1 8 120 540 0.14285714285714285 0.0027397260273972603
table-0402-424 15 3 15 16 734 13850 0.020833333333333332 0.7549450549450549
table-0402-442 15 3 14 16 734 13850 0.020833333333333332 0.7494505494505495
table-0402-387 8 4 0 27 178 2028 0.25 0.04729417206290472
table-0402-724 7 4 0 13 116 78 1.0 2.4190871369294604
table-0402-675 6 2 1 182 157 21077 0.3333333333333333 0.10721442885771543
table-0402-956 0 1 0 92 110 5961 1.0 0.0
table-0402-412 10 3 10 16 734 13850 0.020833333333333332 0.5131868131868131
table-0402-595 51 5 13 1293 499 1534354 0.25 0.08977410622608047
table-0402-735 6 7 0 48 54 2823 0.14285714285714285 0.07496823379923762
table-0402-961 1 2 0 71 91 32369 0.5 0.0053678560151563
table-0402-840 38 6 38 163 145 22633 0.5 0.5052228689897137
table-0402-710 23 4 4 21 56 13140 0.5 2.004944375772559
table-0402-55 0 1 0 87 143 1534 1.0 0.0
table-0402-449 5 3 5 16 734 13850 0.020833333333333332 0.3
table-0402-20 14 5 0 224 335 6482 0.14285714285714285 0.37173507462686567
table-0402-921 1 3 0 53 81 3957 1.0 0.04383116883116883
table-0402-256 11 6 11 246 104 4320 0.045454545454545456 0.10145300244310146
table-0402-371 3 2 0 52 142 4636 0.3333333333333333 0.03957858769931663
table-0402-164 2 1 0 329 87 24237 1.0 0.04029990627928772
table-0402-316 14 9 0 254 135 5681 0.04 0.03766292134831461
table-0402-895 1 7 0 32 192 3730 0.05 0.005092417955488495
table-0402-232 55 6 28 14 196 15081 1.0 1.0040712468193385
table-0402-616 1 5 2 7 113 301 1.0 0.07804878048780488
table-0402-689 1 3 0 67 120 16947 0.3333333333333333 0.006689936009307737
table-0402-238 1 5 0 14 196 15081 1.0 0.024681933842239184
table-0402-526 4 5 0 238 347 2033 1.0 0.17857142857142858
table-0402-369 0 1 0 96 169 35650 0.3333333333333333 0.0
table-0402-468 8 5 0 885 750 10078 0.16666666666666666 0.15433507170795308
table-0402-293 8 5 0 368 259 8889 0.05555555555555555 0.2323998143277116
table-0402-423 5 3 5 16 734 13850 0.020833333333333332 0.35494505494505496
table-0402-661 3 2 0 96 89 4042 0.5 0.032317297098788104
table-0402-364 11 5 0 593 789 6682 0.1111111111111111 0.3480699439129
table-0402-324 11 9 0 254 135 5681 0.04 0.029752808988764045
table-0402-653 224 4 11 313 260 20191 0.5 8.45577164366374
table-0402-297 4 5 0 368 259 8889 0.05555555555555555 0.11403373046572798
table-0402-869 10 4 0 716 648 12618 0.027777777777777776 0.028575297941495124
table-0402-486 2 3 0 1362 574 556959 1.0 0.00304437564499484
table-0402-458 0 1 0 793 520 91883 1.0 0.0
table-0402-632 353 5 0 30 890 15119 0.5 42.41830065359477
table-0402-729 1 3 0 17 50 2361 0.5 0.01753246753246753
table-0402-311 2 5 4 86 67 8110 1.0 0.1523809523809524
table-0402-280 2 6 0 21 9 3631 0.3333333333333333 0.09765625
table-0402-216 13 9 0 316 165 18010 0.125 0.5716325559257497
table-0402-355 3 2 2 94 123 22801 0.3333333333333333 0.033597583993959984
table-0402-4 2 6 0 226 220 6199 1.0 0.05740432612312812
table-0402-388 3 10 0 27 178 2028 0.25 0.021739130434782608
table-0402-75 5 2 0 44 58 16844 0.5 0.077140549273021
table-0402-571 10 7 3 52 71 7124 0.14285714285714285 3.3090024330900243
table-0402-783 48 7 0 36 74 49242 1.0 25.127749181094995
table-0402-909 1 3 0 48 54 4874 1.0 0.25824175824175827
table-0402-621 4 10 4 19 55 1161 1.0 0.3702857142857143
table-0402-772 8 9 14 545 256 38072 0.1111111111111111 0.11713933415536375
table-0402-948 3 5 3 3 32 737 0.2 0.20962199312714777
table-0402-290 2 1 1 368 259 8889 0.05555555555555555 0.0034039919542008354
table-0402-33 15 5 0 227 221 7486 0.1 0.44978858350951373
table-0402-635 10 10 0 274 255 1890 0.3333333333333333 0.22508896797153025
table-0402-105 13 9 24 110 170 1371 0.125 0.9726918075422627
table-0402-876 16 13 0 716 648 12618 0.027777777777777776 0.07116738894907909
table-0402-624 3 6 3 65 131 17939 0.5 0.02658121454086993
table-0402-646 3 3 0 51 97 4272 0.5 0.05614657210401891
table-0402-496 0 1 0 58 64 16579 0.3333333333333333 0.0
table-0402-395 5 3 0 33 49 1090 1.0 1.5163934426229508
table-0402-662 14 4 0 64 95 972 0.5 4.286343612334802
table-0402-568 13 6 0 180 198 59658 0.25 0.033552404012452436
table-0402-112 3 3 0 18 112 3743 0.5 0.08908202064095601
table-0402-137 4 14 2 307 296 11407 0.2 0.007202016564638099
table-0402-321 6 9 0 254 135 5681 0.04 0.019056179775280898
table-0402-67 8 2 0 108 154 1363 0.1111111111111111 0.28
table-0402-289 1 5 0 368 259 8889 0.05555555555555555 0.027541389447624944
table-0402-966 2 4 2 156 217 1850 0.5 0.16198704103671707
table-0402-315 14 5 17 254 135 5681 0.04 0.09159550561797752
table-0402-119 2 2 0 117 158 1722 0.1111111111111111 0.1419753086419753
table-0402-145 10 11 0 70 187 1340 1.0 0.4947867298578199
table-0402-719 1 3 0 21 31 1584 1.0 0.07229477611940298
table-0402-53 10 4 9 21 42 6622 0.5 0.08374680499173057
table-0402-857 30 14 202 716 648 12618 0.027777777777777776 0.044352654387865655
table-0402-640 12 3 0 6901 848 856266 0.045454545454545456 0.023703856607149
table-0402-255 3 4 0 42 43 18158 0.5 0.05631399317406143
table-0402-310 2 3 0 398 348 23067 1.0 0.04508435136707388
table-0402-933 3 7 0 12 131 975 0.07692307692307693 0.04660194174757282
table-0402-615 1 5 2 6 117 487 1.0 0.03253182461103253
table-0402-884 5 2 3 267 263 42331 0.3333333333333333 0.027619540825133782
table-0402-350 2 2 0 6 4 399 1.0 0.3795620437956204
table-0402-995 18 6 18 1151 786 172174 0.05555555555555555 0.03252003937561524
table-0402-553 4 5 0 229 365 2106 1.0 0.047513321492007106
table-0402-996 12 5 16 1151 786 172174 0.05555555555555555 0.014871326114470538
table-0402-19 3 7 0 224 335 6482 0.14285714285714285 0.1296641791044776
table-0402-583 208 3 0 100 448 28649 0.03571428571428571 0.8381934940520055
table-0402-344 1 2 1 113 100 26564 0.5 0.010015814443858724
table-0402-252 2 2 0 803 195 4918 1.0 0.04716285924834193
table-0402-982 2 6 0 15 11 731 0.5 0.9663608562691132
table-0402-158 2 4 0 56 107 11736 0.16666666666666666 0.054950115118956255
table-0402-528 8 5 0 238 347 2033 1.0 0.5848214285714286
table-0402-846 36 11 166 187 211 2901 0.2 0.43838862559241704
table-0402-944 1 3 0 29 37 814 1.0 0.05542725173210162
table-0402-176 4 3 0 21 28 1293 1.0 0.45652173913043476
table-0402-27 10 5 0 224 227 6527 0.125 0.3259889834752128
table-0402-903 5 3 5 103 267 7150 0.5 0.14131897711978467
table-0402-457 1 5 2 324 359 2673 1.0 0.02993295019157088
table-0402-641 2 3 0 6901 848 856266 0.045454545454545456 0.00374995699590601
table-0402-891 6 7 6 32 192 3730 0.05 0.05287312963661511
table-0402-534 4 5 0 238 347 2033 1.0 0.15401785714285715
table-0402-54 5 2 0 286 313 14330 0.5 0.009384086703674332
table-0402-785 2 3 1 43 111 2977 0.5 0.025162337662337664
table-0402-762 4 2 0 6 10 3053 1.0 0.20523415977961432
table-0402-886 25 3 5 267 263 42331 0.3333333333333333 0.3274641809079924
table-0402-766 5 4 0 55 80 914 0.5 1.8939929328621907
table-0402-763 2 2 0 6 10 3053 1.0 0.07851239669421488
table-0402-807 42 9 16 79 238 7998 0.5 1.5281350482315113
table-0402-428 1 3 1 16 734 13850 0.020833333333333332 0.04835164835164835
table-0402-920 0 1 0 65 69 86691 0.3333333333333333 0.0
table-0402-314 57 7 3 127 115 8261 0.3333333333333333 3.753612716763006
table-0402-570 1 5 2 85 130 1160 1.0 0.05887807139545665
table-0402-518 4 9 0 238 347 2033 1.0 0.33705357142857145
table-0402-720 6 2 6 25 38 5521 1.0 0.06053811659192825
table-0402-688 5 2 4 67 120 16947 0.3333333333333333 0.04566608493310064
table-0402-692 10 6 2 68 106 697 0.5 1.9927797833935017
table-0402-400 2 8 0 32 42 1663 0.5 0.14502369668246445
table-0402-925 2 2 0 47 65 16312 0.25 0.03214285714285714
table-0402-189 10 2 5 636 355 348944 0.16666666666666666 0.008335977386137472
table-0402-190 16 2 0 636 355 348944 0.16666666666666666 0.015864316824829097
table-0402-383 2 3 0 176 222 2752 0.5 0.04893238434163701
table-0402-701 2 5 0 299 364 76985 0.125 0.031199569661108123
table-0402-382 1 2 1 176 222 2752 0.5 0.016903914590747332
table-0402-606 21 12 0 52 185 14569 0.1111111111111111 1.1859364435429345
table-0402-81 35 6 58 10 75 2108 0.3333333333333333 3.223841059602649
table-0402-305 6 5 0 261 308 100235 0.08333333333333333 0.9849397590361446
table-0402-746 9 7 20 39 76 16269 1.0 0.4821705426356589
table-0402-617 12 4 4 26 287 556 1.0 0.5356308411214953
table-0402-159 2 2 2 67 80 27037 0.5 0.1359773371104816
table-0402-464 20 20 272 58 84 429 0.5 1.9102564102564104
table-0402-283 1 3 0 252 281 9984 1.0 0.0575139146567718
table-0402-808 1 4 0 117 72 907 0.5 0.6995515695067265
table-0402-416 59 3 59 16 734 13850 0.020833333333333332 3.778021978021978
table-0402-121 8 2 0 117 158 1722 0.1111111111111111 0.18364197530864199
table-0402-790 9 4 0 8 120 540 0.14285714285714285 0.4147945205479452
table-0402-172 0 1 0 351 373 41529 0.2 0.0
table-0402-905 32 4 32 103 267 7150 0.5 3.0672947510094213
table-0402-919 15 2 0 65 69 86691 0.3333333333333333 0.11829808165272995
table-0402-15 11 5 0 227 224 4947 1.0 0.4549819927971189
table-0402-186 12 4 0 88 165 1468 0.3333333333333333 3.9156976744186047
table-0402-805 3 6 0 79 238 7998 0.5 0.08520900321543408
table-0402-417 22 3 18 16 734 13850 0.020833333333333332 1.145054945054945
table-0402-559 6 9 0 229 365 2106 1.0 0.10701598579040852
table-0402-563 2 5 0 107 171 5782 0.2 0.013555194805194805
table-0402-744 17 7 36 39 76 16269 1.0 1.0248062015503876
table-0402-339 0 1 0 12 30 955 1.0 0.0
table-0402-536 4 5 0 238 347 2033 1.0 0.17410714285714285
table-0402-811 8 4 6 114 281 4772 0.5 0.2566295979469632
table-0402-581 3 3 0 100 448 28649 0.03571428571428571 0.01673860406358564
table-0402-249 21 5 20 358 167 1639 1.0 0.8461538461538461
table-0402-79 12 12 12 26 41 786 0.5 1.1473118279569892
table-0402-970 0 1 0 298 194 236126 1.0 0.0
table-0402-816 7 6 1 43 70 631 0.5 0.9926470588235294
table-0402-696 3 2 0 157 92 448941 0.25 0.020472996823155665
table-0402-549 14 7 27 35 45 7108 0.1111111111111111 0.19761106454316849
table-0402-671 1 4 0 205 64 154261 0.3333333333333333 0.028357743845434717
table-0402-343 1 3 0 324 596 490 1.0 0.014713094654242276
table-0402-126 13 10 33 117 158 1722 0.1111111111111111 1.1944444444444444
table-0402-685 4 2 0 86 402 25649 0.25 0.08661417322834646
table-0402-340 7 4 0 258 115 77333 0.5 0.5125836253583944
table-0402-162 1 3 0 82 54 5290 1.0 0.06341463414634146
table-0402-365 5 5 0 593 789 6682 0.1111111111111111 0.1464863081491257
table-0402-827 44 5 52 183 193 2611 0.2 1.5237808549066827
table-0402-142 3 4 0 148 138 672 1.0 0.1495798319327731
table-0402-225 9 4 0 301 268 91567 0.08333333333333333 0.11652173913043479
table-0402-997 19 5 21 1151 786 172174 0.05555555555555555 0.031852060188440445
table-0402-625 3 2 0 26 41 1960 0.5 0.09098101265822785
table-0402-135 7 2 0 63 70 31222 0.3333333333333333 0.09362279511533243
table-0402-463 41 6 88 240 159 250065 0.25 0.23227336838056162
table-0402-224 7 3 0 301 268 91567 0.08333333333333333 0.03217391304347826
table-0402-410 138 3 56 16 734 13850 0.020833333333333332 16.91868131868132
table-0402-193 17 5 0 185 295 13229 0.3333333333333333 2.324675324675325
table-0402-552 10 3 0 229 365 2106 1.0 0.14786856127886322
table-0402-401 24 6 3 0 0 0 0.0 2278.0
table-0402-636 1 1 0 274 255 1890 0.3333333333333333 0.02090747330960854
table-0402-716 0 1 0 61 99 9160 1.0 0.0
table-0402-759 6 3 4 23 21 3656 0.5 0.22075055187637968
table-0402-429 2 3 2 16 734 13850 0.020833333333333332 0.0956043956043956
table-0402-591 9 7 0 1564 917 43321 0.1111111111111111 0.3204400283889283
table-0402-916 3 4 3 16 25 1088 0.3333333333333333 0.0508274231678487
table-0402-237 2 1 1 14 196 15081 1.0 0.011959287531806615
table-0402-405 12 3 0 71 106 6635 0.14285714285714285 0.2958740499457112
table-0402-603 4 1 0 52 185 14569 0.1111111111111111 0.025693035835023664
table-0402-248 2 2 0 358 167 1639 1.0 0.09401709401709402
table-0402-942 5 2 0 39 53 3530 0.3333333333333333 0.08943089430894309
table-0402-149 48 7 0 45 72 51020 0.3333333333333333 94.79878048780488
table-0402-703 4 3 0 299 364 76985 0.125 0.03155818540433925
table-0402-693 8 4 0 68 106 697 0.5 3.296028880866426
table-0402-656 6 3 0 115 169 14210 1.0 0.1172566371681416
table-0402-978 2 2 0 164 186 5304 0.25 0.009665726943213854
table-0402-614 8 10 0 372 299 110293 0.25 0.10049330514446793
table-0402-651 1 5 1 175 193 1146 0.2 0.10802139037433155
table-0402-296 4 9 0 368 259 8889 0.05555555555555555 0.025839393470524524
table-0402-91 13 4 7 137 106 1805 0.5 0.32238193018480493
table-0402-912 7 1 0 102 109 1473 1.0 0.04205607476635514
table-0402-627 1 3 0 205 139 8655 1.0 0.035030909626140715
table-0402-774 1 2 1 42 69 2673 0.5 0.025
table-0402-268 6 9 0 246 104 4320 0.045454545454545456 0.02893146457502893
table-0402-556 6 9 0 229 365 2106 1.0 0.0994671403197158
table-0402-584 0 1 0 431 425 15447 1.0 0.0
table-0402-704 4 4 0 299 364 76985 0.125 0.06365429442352519
table-0402-545 14 7 27 35 45 7108 0.1111111111111111 0.16345347862531434
table-0402-914 53 4 4 8 18 0 0.2 53.75255623721881
table-0402-582 1 3 0 100 448 28649 0.03571428571428571 0.0046320665333192965
table-0402-598 1 3 0 214 208 8462 1.0 0.02397838568051334
table-0402-601 7 15 48 27 14 1516 0.5 0.6340579710144928
table-0402-771 8 8 9 545 256 38072 0.1111111111111111 0.12001644060830251
table-0402-900 11 5 9 172 281 10048 0.25 0.3215434083601286
table-0402-929 3 6 0 12 131 975 0.07692307692307693 0.04627831715210356
table-0402-230 1 1 1 14 196 15081 1.0 0.0
table-0402-397 11 3 0 350 488 54236 1.0 0.09476348430302935
table-0402-753 1 3 0 31 34 2531 1.0 0.02952565343659245
table-0402-749 28 3 0 53 29 11310 0.5 0.7421312097080015
table-0402-265 11 9 0 246 104 4320 0.045454545454545456 0.04384724186704385
table-0402-709 55 4 0 205 838 2588 0.3333333333333333 17.52920962199313
table-0402-139 3 10 0 148 138 672 1.0 0.28907563025210087
table-0402-381 6 5 0 168 173 559520 0.25 0.06871416075420352
table-0402-587 7 7 0 1564 917 43321 0.1111111111111111 0.27324343506032645
table-0402-849 20 2 0 38 36 1085 0.5 1.2450175849941383
table-0402-967 1 4 0 201 236 3872 0.25 0.02081447963800905
table-0402-235 2 5 2 14 196 15081 1.0 0.016793893129770993
table-0402-154 3 4 0 2852 747 740349 0.3333333333333333 0.006036441395286675
table-0402-677 9 3 0 8 33 5525 0.5 0.2044491525423729
table-0402-878 13 6 3 716 648 12618 0.027777777777777776 0.1771397616468039
table-0402-148 10 5 8 205 267 109232 0.125 0.004538479544331452
table-0402-813 7 7 14 114 281 4772 0.5 1.0256629597946962
table-0402-217 1 2 0 109 127 1260 0.5 0.02933780385582565
table-0402-566 9 3 0 107 171 5782 0.2 0.02792207792207792
table-0402-531 4 9 0 238 347 2033 1.0 0.359375
table-0402-106 2 2 0 99 151 2178 0.25 0.13333333333333333
table-0402-475 100 5 0 119 136 0 1.0 9.381347150259067
table-0402-541 9 3 0 100 149 5049 0.2 0.1643835616438356
table-0402-803 9 4 0 51 73 943 0.5 2.042372881355932
table-0402-926 3 5 0 47 65 16312 0.25 0.05238095238095238
table-0402-832 11 3 0 516 299 136814 0.3333333333333333 0.0031773410194725613
table-0402-851 1 3 0 355 371 10049 1.0 0.048283261802575105
table-0402-35 10 5 0 227 221 7486 0.1 0.3609936575052854
table-0402-514 4 9 0 238 347 2033 1.0 0.296875
table-0402-550 6 9 0 229 365 2106 1.0 0.07548845470692718
table-0402-197 13 5 10 213 284 11969 0.25 0.657314629258517
table-0402-593 1 5 2 95 145 4195 1.0 0.01913095061545306
table-0402-796 12 3 0 8 120 540 0.14285714285714285 0.11452054794520548
table-0402-291 12 4 0 368 259 8889 0.05555555555555555 0.11434318427974625
table-0402-728 10 3 0 17 50 2361 0.5 0.09480519480519481
table-0402-45 7 10 0 144 259 2194 0.1111111111111111 0.650523560209424
table-0402-745 9 7 21 39 76 16269 1.0 0.5488372093023256
table-0402-330 3 4 0 164 96 174198 0.25 0.04861007878697785
table-0402-871 10 4 0 716 648 12618 0.027777777777777776 0.027221018418201518
table-0402-120 3 2 0 117 158 1722 0.1111111111111111 0.15123456790123457
table-0402-561 6 9 0 229 365 2106 1.0 0.08836589698046181
table-0402-975 21 7 0 245 179 140207 0.5 0.029887723367244743
table-0402-88 1 2 1 179 195 3084 0.3333333333333333 0.011642156862745098
table-0402-960 1 2 0 71 91 32369 0.5 0.007893905904641616
table-0402-913 53 4 4 8 18 0 0.2 49.1881390593047
table-0402-48 5 9 0 144 259 2194 0.1111111111111111 0.24214659685863874
table-0402-714 9 5 0 873 768 6429 0.16666666666666666 0.2652721654385548
table-0402-819 15 2 0 278 257 55091 0.3333333333333333 0.07962294424388287
table-0402-867 10 4 0 716 648 12618 0.027777777777777776 0.027424160346695557
table-0402-472 100 5 0 132 138 0 1.0 7.974093264248705
table-0402-134 2 4 0 1459 600 381586 0.5 0.008235825842414503
table-0402-839 10 4 0 59 125 852 0.5 1.9090909090909092
table-0402-687 5 3 0 86 402 25649 0.25 0.1784776902887139
table-0402-953 24 3 0 19 12 2749 0.5 0.18828850273744346
table-0402-336 20 3 0 103 184 516 1.0 2.261390887290168
table-0402-386 15 6 0 27 178 2028 0.25 0.10094819611470861
table-0402-764 0 1 0 6 10 3053 1.0 0.0
table-0402-199 5 7 0 213 284 11969 0.25 0.31162324649298595
table-0402-976 4 6 0 30 25 1026 0.5 1.1488095238095237
table-0402-352 7 2 0 276 155 3541 0.125 0.06786941580756013
table-0402-883 6 8 0 156 205 510 1.0 0.20775805391190005
table-0402-335 20 2 0 103 184 516 1.0 1.788968824940048
table-0402-129 8 2 4 33 72 5894 1.0 0.07352941176470588
table-0402-22 10 5 0 224 335 6482 0.14285714285714285 0.3087686567164179
table-0402-862 20 5 2 716 648 12618 0.027777777777777776 0.0735373781148429
table-0402-8 12 5 0 223 217 5067 0.1111111111111111 0.49534717251252686
table-0402-456 147 3 147 16 734 13850 0.020833333333333332 10.003296703296703
table-0402-188 1 2 0 76 77 39291 1.0 0.0034499753573188764
table-0402-711 4 4 1 8 114 6032 1.0 0.05051091500232234
table-0402-586 16 7 0 1564 917 43321 0.1111111111111111 0.5195173882185947
table-0402-483 3 4 0 11 109 426 0.25 0.4072072072072072
table-0402-522 4 9 0 238 347 2033 1.0 0.3325892857142857
table-0402-702 1 4 0 299 364 76985 0.125 0.020441097364174286
table-0402-266 6 9 0 246 104 4320 0.045454545454545456 0.0288028802880288
table-0402-414 21 3 21 16 734 13850 0.020833333333333332 2.0428571428571427
table-0402-620 4 10 4 19 55 1161 1.0 0.37257142857142855
table-0402-84 7 2 0 42 229 7000 0.3333333333333333 0.006955369711020949
table-0402-446 3 3 3 16 734 13850 0.020833333333333332 0.3032967032967033
table-0402-815 14 4 0 57 85 779 0.5 3.0072992700729926
table-0402-331 6 3 1 164 96 174198 0.25 0.03002824438828601
table-0402-721 10 5 7 25 38 5521 1.0 0.29596412556053814
table-0402-317 9 9 0 254 135 5681 0.04 0.0301123595505618
table-0402-471 100 5 0 132 138 0 1.0 6.459067357512954
table-0402-837 25 4 0 93 315 7720 0.058823529411764705 0.21818049278320456
table-0402-859 20 5 2 716 648 12618 0.027777777777777776 0.07055796316359697
table-0402-492 36 5 24 43 72 502 0.3333333333333333 5.723404255319149
table-0402-930 3 8 0 12 131 975 0.07692307692307693 0.05533980582524272
table-0402-125 15 8 15 117 158 1722 0.1111111111111111 1.1759259259259258
table-0402-151 23 4 0 45 72 51020 0.3333333333333333 1.6483739837398375
table-0402-240 4 6 3 14 196 15081 1.0 0.23638676844783715
table-0402-881 16 6 0 716 648 12618 0.027777777777777776 0.2081527627302275
table-0402-182 4 5 0 236 245 1680 0.5 0.477124183006536
table-0402-485 10 6 15 11 109 426 0.25 0.42882882882882883
table-0402-642 10 9 10 6902 848 856266 0.045454545454545456 0.016857604843981147
table-0402-937 3 5 0 12 131 975 0.07692307692307693 0.060841423948220064
table-0402-327 6 9 0 254 135 5681 0.04 0.020764044943820226
table-0402-251 6 6 2 803 195 4918 1.0 0.1451731761238025
table-0402-212 19 2 19 252 511 544 1.0 0.3383038210624418
table-0402-198 17 5 0 213 284 11969 0.25 1.066132264529058
table-0402-287 4 5 0 368 259 8889 0.05555555555555555 0.11062973851152716
table-0402-270 2 4 0 253 320 7851 1.0 0.02740951606344042
table-0402-962 1 2 0 71 91 32369 0.5 0.006315124723713293
table-0402-415 39 3 39 16 734 13850 0.020833333333333332 2.943956043956044
table-0402-221 0 0 0 260 335 30523 1.0 0.0
table-0402-422 9 3 9 16 734 13850 0.020833333333333332 0.4978021978021978
table-0402-838 11 6 2 59 125 852 0.5 2.0202020202020203
table-0402-498 1 2 1 17 57 18230 0.5 0.021205357142857144
table-0402-605 18 6 0 52 185 14569 0.1111111111111111 1.2880324543610548
table-0402-680 9 5 8 237 202 5271 0.5 1.9826732673267327
table-0402-68 27 5 0 108 154 1363 0.1111111111111111 3.0023529411764707
table-0402-608 1 11 0 277 104 13802 0.3333333333333333 0.014392471630224191
table-0402-530 2 5 0 238 347 2033 1.0 0.17857142857142858
table-0402-664 10 4 0 89 185 1535 0.3333333333333333 1.9191176470588236
table-0402-300 9 5 0 261 308 100235 0.08333333333333333 1.4487951807228916
table-0402-658 10 4 0 173 179 2918 0.5 0.365767878077374
table-0402-62 11 8 0 6 38 1209 1.0 0.2576219512195122
table-0402-888 0 1 0 267 263 42331 0.3333333333333333 0.0
table-0402-666 0 1 0 136 25 1217 1.0 0.0
table-0402-14 15 5 0 227 224 4947 1.0 0.5168067226890757
table-0402-652 8 3 0 144 126 1909 0.5 0.40335392762577227
table-0402-705 22 6 21 154 176 11053 0.3333333333333333 0.5456132693147098
table-0402-29 10 6 0 224 227 6527 0.125 0.3800701051577366
table-0402-747 2 7 6 39 76 16269 1.0 0.10697674418604651
table-0402-938 3 7 0 12 131 975 0.07692307692307693 0.04724919093851133
table-0402-998 5 7 9 1151 786 172174 0.05555555555555555 0.009984531008297005
table-0402-969 1 4 0 201 236 3872 0.25 0.01085972850678733
table-0402-713 13 8 50 194 188 20006 0.3333333333333333 0.09256990085774758
table-0402-885 23 2 0 267 263 42331 0.3333333333333333 0.10150181253236665
table-0402-138 1 3 1 0 0 0 0.0 21.0
table-0402-32 5 7 0 227 221 7486 0.1 0.24577167019027485
table-0402-574 11 5 0 52 71 7124 0.14285714285714285 1.951338199513382
table-0402-357 8 3 0 94 123 22801 0.3333333333333333 0.14194035485088713
table-0402-306 6 5 0 261 308 100235 0.08333333333333333 1.1837349397590362
table-0402-141 2 3 0 148 138 672 1.0 0.02464985994397759
table-0402-219 8 4 7 47 26 1437 0.3333333333333333 0.16742539200809306
table-0402-396 8 3 3 350 488 54236 1.0 0.020499599125937337
table-0402-828 39 12 247 183 193 2611 0.2 0.7977122215532811
table-0402-809 8 2 2 77 122 34420 1.0 0.06809487375669472
table-0402-511 8 4 0 83 719 32323 0.1111111111111111 0.017183442798228196
table-0402-452 109 3 76 16 734 13850 0.020833333333333332 9.295604395604396
table-0402-380 10 4 2 168 173 559520 0.25 0.059189425600155506
table-0402-322 11 9 0 254 135 5681 0.04 0.0301123595505618
table-0402-143 0 1 0 148 138 672 1.0 0.0
table-0402-854 12 6 0 716 648 12618 0.027777777777777776 0.1550650054171181
table-0402-992 6 3 6 1151 786 172174 0.05555555555555555 0.017051047672619883
table-0402-994 28 5 0 1151 786 172174 0.05555555555555555 0.041625650400787514
table-0402-874 13 6 2 716 648 12618 0.027777777777777776 0.17348320693391117
table-0402-533 4 9 0 238 347 2033 1.0 0.29464285714285715
table-0402-672 362 9 862 120 475 202430 0.5 54.05924695459579
table-0402-64 8 2 0 180 309 7397 1.0 0.01988317232082678
table-0402-736 9 9 6 48 54 2823 0.14285714285714285 0.1301143583227446
table-0402-239 0 0 0 14 196 15081 1.0 0.0
table-0402-600 52 8 0 91 239 1694 0.16666666666666666 1.5115124153498871
table-0402-114 3 1 0 104 151 1283 0.14285714285714285 0.08828828828828829
table-0402-487 20 18 241 29 84 482 0.5 1.8704379562043796
table-0402-597 7 7 0 1293 499 1534354 0.25 0.049962662186129
table-0402-683 18 4 0 5 25 254 1.0 3.5232558139534884
table-0402-181 0 1 0 378 125 23007 0.25 0.0
table-0402-972 7 7 12 788 289 68743 0.3333333333333333 0.07593081207856933
table-0402-694 0 1 0 173 243 5778 0.16666666666666666 0.0
table-0402-907 9 6 0 3153 574 765586 0.5 0.00390755460557077
table-0402-546 14 7 27 35 45 7108 0.1111111111111111 0.16198658843252306
table-0402-26 11 5 0 224 227 6527 0.125 0.32198297446169255
table-0402-294 4 9 0 368 259 8889 0.05555555555555555 0.02661302800557017
table-0402-804 3 6 0 79 238 7998 0.5 0.1382636655948553
table-0402-359 12 2 0 593 789 6682 0.1111111111111111 0.15242494226327943
table-0402-551 4 3 0 229 365 2106 1.0 0.03463587921847247
table-0402-555 6 9 0 229 365 2106 1.0 0.08836589698046181
table-0402-282 9 2 0 202 246 3408 0.5 0.03571428571428571
table-0402-979 1 2 0 164 186 5304 0.25 0.007920526245133576
table-0402-10 10 5 0 223 217 5067 0.1111111111111111 0.5010737294201861
table-0402-360 50 5 0 593 789 6682 0.1111111111111111 1.395908940943583
table-0402-100 3 2 0 110 170 1371 0.125 0.12743823146944083
table-0402-358 117 10 254 71 701 34568 0.3333333333333333 1.3531120331950208
table-0402-756 5 3 0 43 154 10791 1.0 0.43302752293577984
table-0402-758 12 7 12 85 93 3149 0.5 2.293885601577909
table-0402-308 7 5 0 261 308 100235 0.08333333333333333 1.091867469879518
table-0402-78 19 2 0 48 87 3623 0.5 0.037868841130536936
table-0402-784 1 2 1 43 111 2977 0.5 0.007711038961038961
table-0402-927 3 5 0 12 131 975 0.07692307692307693 0.05275080906148867
table-0402-196 1 3 0 10 32 676 1.0 0.05523809523809524
table-0402-208 1 1 0 356 245 1671 1.0 0.004103535353535354
table-0402-432 148 3 100 16 734 13850 0.020833333333333332 13.372527472527473
table-0402-678 4 5 0 514 307 784 1.0 0.03771688885911435
table-0402-684 9 5 6 374 316 4594 0.5 1.5375626043405677
table-0402-906 6 4 0 3153 574 765586 0.5 0.0035468572573642376
table-0402-872 10 4 0 716 648 12618 0.027777777777777776 0.028507583965330444
table-0402-532 4 5 0 238 347 2033 1.0 0.16964285714285715
table-0402-399 10 1 0 42 51 1999 1.0 0.03808752025931929
table-0402-438 3 3 3 16 734 13850 0.020833333333333332 0.11648351648351649
table-0402-722 3 4 0 13 116 78 1.0 0.970954356846473
table-0402-567 10 5 0 180 198 59658 0.25 0.03486682808716707
table-0402-618 4 10 4 31 32 18124 1.0 0.46065808297567956
table-0402-817 8 4 0 43 70 631 0.5 1.2549019607843137
table-0402-108 23 11 30 99 151 2178 0.25 3.22020202020202
table-0402-209 39 5 42 252 511 544 1.0 2.2357875116495807
table-0402-218 1 2 0 109 127 1260 0.5 0.02933780385582565
table-0402-793 5 11 10 8 120 540 0.14285714285714285 0.07342465753424658
table-0403-1000 11 6 11 1151 786 172174 0.05555555555555555 0.019582337224019124
table-0402-447 34 3 34 16 734 13850 0.020833333333333332 2.159340659340659
table-0402-281 1 3 0 54 61 328 1.0 0.1318051575931232
table-0402-205 17 5 0 173 262 15410 0.3333333333333333 1.0596590909090908
table-0402-974 40 3 0 470 195 16561 0.3333333333333333 0.16282118510749868
table-0402-451 1 3 0 16 734 13850 0.020833333333333332 0.1989010989010989
table-0402-93 3 2 0 47 79 2607 0.5 0.05529332434254889
table-0402-72 13 10 34 108 154 1363 0.1111111111111111 1.811764705882353
table-0402-924 2 2 1 47 65 16312 0.25 0.03333333333333333
table-0402-303 8 5 0 261 308 100235 0.08333333333333333 1.3147590361445782
table-0402-103 19 7 0 110 170 1371 0.125 1.3940182054616386
table-0402-202 2 2 0 35 46 6331 0.5 0.06359189378057302
table-0402-174 3 5 1 40 59 17931 1.0 0.057138125207022196
table-0402-894 121 10 0 32 192 3730 0.05 0.5752546208977745
table-0402-700 4 4 0 299 364 76985 0.125 0.04841312533620226
table-0402-858 20 5 0 716 648 12618 0.027777777777777776 0.07028710725893825
table-0402-513 4 5 0 238 347 2033 1.0 0.16741071428571427
table-0402-915 53 4 4 8 18 0 0.2 24.288343558282207
table-0402-777 1 2 1 2 9 1863 1.0 0.02592087312414734
table-0402-156 1 4 0 56 107 11736 0.16666666666666666 0.006753645433614735
table-0402-873 10 4 0 716 648 12618 0.027777777777777776 0.02965872156013001
table-0402-686 57 6 0 86 402 25649 0.25 1.6519685039370078
table-0402-798 2 6 0 8 120 540 0.14285714285714285 0.02410958904109589
table-0402-2 11 5 0 226 220 6199 1.0 0.3099001663893511
table-0402-372 21 4 0 52 142 4636 0.3333333333333333 0.7186788154897494
table-0402-80 1 6 1 10 75 2108 0.3333333333333333 0.14834437086092717
table-0402-699 2 2 0 299 364 76985 0.125 0.03012372243141474
table-0402-454 79 3 75 16 734 13850 0.020833333333333332 6.367032967032967
table-0402-934 3 6 0 12 131 975 0.07692307692307693 0.0372168284789644
table-0402-345 2 12 2 13 36 2272 1.0 0.19208333333333333
table-0402-111 12 9 0 644 250 32008 0.07142857142857142 0.5908453993460999
table-0402-698 4 4 0 299 364 76985 0.125 0.055047516585978125
table-0402-56 2 2 0 103 144 1224 0.16666666666666666 0.14457831325301204
table-0402-757 1 3 0 28 48 7023 1.0 0.07
table-0402-949 3 12 0 3 32 737 0.2 0.07388316151202749
table-0402-222 3 3 0 38 90 1944 1.0 0.054540382201143815
table-0402-985 14 6 0 1151 786 172174 0.05555555555555555 0.05386021656588384
table-0402-431 55 3 48 16 734 13850 0.020833333333333332 4.289010989010989
table-0402-448 3 3 3 16 734 13850 0.020833333333333332 0.17252747252747253
table-0402-505 9 3 0 111 321 26376 0.3333333333333333 0.019063090541391773
table-0402-363 22 5 0 593 789 6682 0.1111111111111111 0.6496205872649291
table-0402-936 15 7 18 12 131 975 0.07692307692307693 0.28802588996763756
table-0402-140 1 3 0 148 138 672 1.0 0.0257703081232493
table-0402-467 2 6 0 139 139 3165 0.25 0.038274476633537745
table-0402-253 23 5 24 803 195 4918 1.0 0.2947678703021371
table-0402-110 15 9 0 644 250 32008 0.07142857142857142 1.4469873890705278
table-0402-76 1 3 1 44 58 16844 0.5 0.04361873990306947
table-0402-674 9 6 4 12 22 1139 0.25 2.2233502538071064
table-0402-469 100 5 0 132 138 0 1.0 6.209326424870467
table-0402-543 14 7 26 35 45 7108 0.1111111111111111 0.15381391450125734
table-0402-362 42 5 0 593 789 6682 0.1111111111111111 1.2131309798746288
table-0402-821 25 3 6 278 257 55091 0.3333333333333333 0.3850782190132371
table-0402-768 0 1 0 215 210 10935 1.0 0.0
table-0402-3 11 6 0 226 220 6199 1.0 0.35981697171381033
table-0402-776 0 1 0 34 42 8143 1.0 0.0
table-0402-723 5 4 0 13 116 78 1.0 1.8464730290456433
table-0402-619 4 10 4 31 32 18124 1.0 0.4234620886981402
table-0402-890 7 7 2 31 65 1372 0.5 0.5458958517210944
table-0402-325 6 9 0 254 135 5681 0.04 0.018606741573033707
table-0402-731 5 3 0 115 197 28256 0.3333333333333333 0.026032591985241365
table-0402-366 9 2 3 96 169 35650 0.3333333333333333 0.03358384217942696
table-0402-752 4 2 0 20 37 2570 0.5 0.32620320855614976
table-0402-493 17 2 15 0 0 0 0.0 1004.0
table-0402-39 4 4 0 27 58 3634 0.3333333333333333 0.1874359849778081
table-0402-879 13 6 0 716 648 12618 0.027777777777777776 0.16650866738894907
table-0402-856 77 14 577 716 648 12618 0.027777777777777776 0.20449620801733479
table-0402-215 13 5 0 316 165 18010 0.125 0.05997144217039505
table-0402-889 0 1 0 93 108 21609 1.0 0.0
table-0402-194 5 8 0 185 295 13229 0.3333333333333333 0.6255411255411255
table-0402-269 11 9 0 246 104 4320 0.045454545454545456 0.04436157901504436
table-0402-964 23 11 0 322 256 3483 0.3333333333333333 0.3346513299784328
table-0402-649 18 4 1 72 81 44826 0.25 0.32921535893155257
table-0402-361 25 5 0 593 789 6682 0.1111111111111111 0.6941603431210821
table-0402-818 5 2 4 278 257 55091 0.3333333333333333 0.029281989570798236
table-0402-406 2 4 0 71 106 6635 0.14285714285714285 0.054831704668838216
table-0402-655 14 11 64 185 275 16859 0.3333333333333333 0.294638383163521
table-0402-898 16 13 23 32 192 3730 0.05 0.07871243555890858
table-0402-86 1 3 0 33 49 394 1.0 0.09546703296703296
table-0402-326 11 9 0 254 135 5681 0.04 0.029932584269662922
table-0402-734 8 2 4 48 54 2823 0.14285714285714285 0.12096569250317663
table-0402-990 1 1 1 1151 786 172174 0.05555555555555555 0.0
table-0402-993 11 6 0 1151 786 172174 0.05555555555555555 0.028441850653916467
table-0402-247 6 6 2 358 167 1639 1.0 0.3333333333333333
table-0402-490 3 3 0 19 29 779 1.0 0.19555555555555557
table-0402-65 2 2 0 108 154 1363 0.1111111111111111 0.2023529411764706
table-0402-351 1 3 0 85 94 7903 1.0 0.05612493899463153
table-0402-242 2 6 3 14 196 15081 1.0 0.024173027989821884
table-0402-941 6 5 1 72 78 2898 1.0 0.1715002351465747
table-0402-377 1 2 0 168 212 14555 0.3333333333333333 0.004046283807766025
table-0402-60 22 9 51 103 144 1224 0.16666666666666666 2.3995983935742973
table-0402-495 6 2 0 58 64 16579 0.3333333333333333 0.06157817109144543
table-0402-506 10 3 8 83 719 32323 0.1111111111111111 0.010882847105544524
table-0402-622 2 6 0 43 39 2543 0.3333333333333333 0.033482142857142856
table-0402-639 0 1 0 71 214 4245 1.0 0.0
table-0402-835 2 4 0 93 315 7720 0.058823529411764705 0.012173786266219566
table-0402-535 4 9 0 238 347 2033 1.0 0.29464285714285715
table-0402-246 3 9 13 358 167 1639 1.0 0.8136752136752137
table-0402-47 28 10 0 144 259 2194 0.1111111111111111 1.5863874345549738
table-0402-57 1 1 0 103 144 1224 0.16666666666666666 0.03815261044176707
table-0402-373 18 2 6 26 35 5232 0.5 0.12328537972566075
table-0402-537 4 9 0 238 347 2033 1.0 0.3080357142857143
table-0402-741 12 2 0 257 168 88853 0.3333333333333333 0.18765806777946384
table-0402-679 5 5 3 514 307 399 1.0 0.026261137536008575
table-0402-41 1 1 0 174 599 19518 0.5 0.044642857142857144
table-0402-338 10 3 0 103 184 516 1.0 1.223021582733813
table-0402-288 2 5 0 368 259 8889 0.05555555555555555 0.05307132910413121
table-0402-183 1 3 0 14 22 579 1.0 0.16212534059945505
table-0402-945 12 4 0 436 170 1150424 0.14285714285714285 0.06291823078178554
table-0402-548 14 7 27 35 45 7108 0.1111111111111111 0.15695725062866722
table-0402-44 5 3 2 26 41 302 1.0 0.09111012826183104
table-0402-419 14 3 14 16 734 13850 0.020833333333333332 1.1989010989010989
table-0402-539 5 2 0 100 149 5049 0.2 0.017019510170195103
table-0402-899 16 13 3 32 192 3730 0.05 0.08034703885326291
table-0402-223 7 5 7 301 268 91567 0.08333333333333333 0.0488695652173913
table-0402-96 21 5 11 265 292 9560 0.25 2.529474812433012
table-0402-332 1 3 0 204 104 39497 1.0 0.009254782788866635
table-0402-750 30 18 40 179 347 3441 1.0 0.1702180809872349
table-0402-494 4 2 4 0 0 0 0.0 256.0
table-0402-604 61 6 0 52 185 14569 0.1111111111111111 4.114266396213658
table-0402-547 14 7 27 35 45 7108 0.1111111111111111 0.1615674769488684
table-0402-544 14 7 26 35 45 7108 0.1111111111111111 0.16596814752724226
table-0402-630 8 3 0 299 536 13011 0.3333333333333333 0.09305484802173544
table-0402-590 91 8 0 1564 917 43321 0.1111111111111111 3.8921220723917673
table-0402-211 1 3 0 252 511 544 1.0 0.097856477166822
table-0402-481 0 1 0 119 136 1189 1.0 0.0
table-0402-38 10 5 7 171 177 3091 0.5 0.3635307781649245
table-0402-7 4 7 0 223 217 5067 0.1111111111111111 0.27988546886184684
table-0402-201 1 2 0 10 19 1080 1.0 0.061170212765957445
table-0402-524 4 5 0 238 347 2033 1.0 0.16517857142857142
table-0402-853 10 6 0 716 648 12618 0.027777777777777776 0.13908450704225353
table-0402-644 1 3 0 165 211 2342 1.0 0.21785714285714286
table-0402-947 1 6 1 436 170 1150424 0.14285714285714285 0.010935204831075566
table-0402-800 3 9 0 8 120 540 0.14285714285714285 0.06301369863013699
table-0402-928 5 6 3 12 131 975 0.07692307692307693 0.05728155339805825
table-0402-309 6 5 0 261 308 100235 0.08333333333333333 1.0256024096385543
table-0402-629 7 2 0 299 536 13011 0.3333333333333333 0.09203599932076753
table-0402-977 2 3 0 24 40 123853 1.0 0.07460252751732573
table-0402-943 26 3 0 6 163 670 0.5 13.454022988505747
table-0402-521 4 5 0 238 347 2033 1.0 0.16741071428571427
table-0402-958 56 6 10 63 90 501885 0.5 1.1185770750988142
table-0402-264 6 9 0 246 104 4320 0.045454545454545456 0.02713128455702713
table-0402-560 6 9 0 229 365 2106 1.0 0.08481349911190053
table-0402-668 8 5 14 1571 193 638181 0.5 0.07533889468196038
table-0402-957 3 2 1 53 102 7394 1.0 0.036231884057971016
table-0402-263 11 9 0 246 104 4320 0.045454545454545456 0.044747331876044745
table-0402-82 2 6 0 3 13 475 0.3333333333333333 0.15441176470588236
table-0402-782 5 4 0 9 120 368 1.0 0.7140381282495667
table-0402-453 4 3 4 16 734 13850 0.020833333333333332 0.21318681318681318
table-0402-160 15 6 5 67 80 27037 0.5 3.2464589235127477
table-0402-830 1 2 0 87 113 2995 0.5 0.019748653500897665
table-0402-861 10 5 10 716 648 12618 0.027777777777777776 0.027085590465872156
table-0402-5 6 10 0 223 217 5067 0.1111111111111111 0.42376521116678595
table-0402-267 11 9 0 246 104 4320 0.045454545454545456 0.043718657580043715
table-0402-690 1 4 0 67 120 16947 0.3333333333333333 0.012507271669575335
table-0402-161 1 3 0 56 92 5744 1.0 0.025048169556840076
table-0402-260 11 9 0 246 104 4320 0.045454545454545456 0.044232994728044234
table-0402-822 1 3 0 278 257 55091 0.3333333333333333 0.029683112715603692
table-0402-440 4 3 4 16 734 13850 0.020833333333333332 0.32967032967032966
table-0402-812 166 4 166 114 281 4772 0.5 16.730538922155688
table-0402-257 6 9 0 246 104 4320 0.045454545454545456 0.028417127427028416
table-0402-207 5 5 0 265 342 15676 0.5 0.42066420664206644
table-0402-609 2 1 0 22242 1489 2744788 0.3333333333333333 0.001796718624407004
table-0402-829 15 2 0 183 193 2611 0.2 0.19205298013245034
table-0402-935 4 5 0 12 131 975 0.07692307692307693 0.05210355987055016
table-0402-356 2 4 0 94 123 22801 0.3333333333333333 0.03208758021895055
table-0402-58 21 5 0 103 144 1224 0.16666666666666666 1.9879518072289157
table-0402-778 16 6 4 67 145 1416 0.3333333333333333 2.522727272727273
table-0402-203 0 1 0 35 46 6331 0.5 0.0
table-0402-307 6 6 0 261 308 100235 0.08333333333333333 1.2740963855421688
table-0402-40 6 4 2 27 58 3634 0.3333333333333333 0.16490269716626835
table-0402-104 20 7 0 110 170 1371 0.125 1.3849154746423926
table-0402-880 9 6 0 716 648 12618 0.027777777777777776 0.1108477789815818
table-0402-637 1 5 2 77 136 3183 1.0 0.06662591687041565
table-0402-12 9 10 0 227 224 4947 1.0 0.5330132052821128
table-0402-71 13 8 13 108 154 1363 0.1111111111111111 1.6423529411764706
table-0402-228 9 3 0 43 101 8154 0.5 0.16396629941672067
table-0402-234 11 4 0 14 196 15081 1.0 0.2877862595419847
table-0402-623 2 6 0 43 39 2543 0.3333333333333333 0.04352678571428571
table-0402-999 18 6 24 1151 786 172174 0.05555555555555555 0.020988609197018702
table-0402-179 10 8 1 378 125 23007 0.25 0.272969881814716
table-0402-25 1 7 0 224 227 6527 0.125 0.04156234351527291
table-0402-516 4 9 0 238 347 2033 1.0 0.33035714285714285
table-0402-882 11 6 0 716 648 12618 0.027777777777777776 0.1394907908992416
table-0402-407 2 3 0 71 106 6635 0.14285714285714285 0.03040173724212812
table-0402-180 2 5 0 378 125 23007 0.25 0.08997331300038124
table-0402-572 5 5 2 52 71 7124 0.14285714285714285 1.5474452554744527
table-0402-455 8 3 8 16 734 13850 0.020833333333333332 0.6780219780219781
table-0402-806 18 3 0 79 238 7998 0.5 0.15956591639871381
table-0402-173 1 3 0 7 50 729 1.0 0.06376057254391672
table-0402-313 1 2 1 53 76 0 1.0 0.023779724655819776
table-0402-328 6 4 0 374 399 31247 0.3333333333333333 0.029464606539705354
table-0402-1 10 5 0 226 220 6199 1.0 0.27079866888519133
table-0402-794 9 4 0 8 120 540 0.14285714285714285 0.4213698630136986
table-0402-52 2 2 0 17 83 1155 1.0 0.03994760969220694
table-0402-870 10 4 0 716 648 12618 0.027777777777777776 0.02634073672806067
table-0402-167 12 3 0 3386 707 320515 0.5 0.018416519059520055
table-0402-875 10 4 0 716 648 12618 0.027777777777777776 0.027153304442036837
table-0402-24 8 10 0 224 227 6527 0.125 0.3915873810716074
table-0402-127 11 2 6 65 78 11809 0.3333333333333333 0.10657686212361331
table-0402-500 11 3 0 122 86 6756 0.5 0.14609155511485705
table-0402-426 6 3 6 16 734 13850 0.020833333333333332 0.3362637362637363
table-0402-177 0 1 0 302 346 14445 1.0 0.0
table-0402-973 7 3 0 788 289 68743 0.3333333333333333 0.12269129287598944
table-0402-631 3 3 0 104 92 369 1.0 0.15696320447135537
table-0402-128 3 2 0 65 78 11809 0.3333333333333333 0.033676703645007924
table-0402-204 1 2 1 58 84 3913 1.0 0.008866075594960336
table-0402-169 26 2 0 351 373 41529 0.2 0.13369052175022325
table-0402-272 0 1 0 94 318 8464 1.0 0.0
table-0402-285 4 9 0 368 259 8889 0.05555555555555555 0.02661302800557017
table-0402-497 2 2 0 10 17 1773 1.0 0.09302325581395349
table-0402-123 9 5 0 117 158 1722 0.1111111111111111 2.4104938271604937
table-0402-558 6 9 0 229 365 2106 1.0 0.11589698046181172
table-0402-346 8 5 10 52 62 5828 1.0 0.27708754695174803
table-0402-707 10 6 0 205 838 2588 0.3333333333333333 1.9759450171821307
table-0402-43 0 0 0 174 599 19518 0.5 0.0
table-0402-855 2 6 2 716 648 12618 0.027777777777777776 0.023225893824485373
table-0402-398 16 3 0 545 534 19697 1.0 0.3460537727666956
table-0402-515 4 5 0 238 347 2033 1.0 0.17857142857142858
table-0402-435 12 3 12 16 734 13850 0.020833333333333332 0.6362637362637362
table-0402-286 4 5 0 368 259 8889 0.05555555555555555 0.11573572644282841
table-0402-476 1 2 0 49 83 5482 0.5 0.01572112098427888
table-0402-200 5 10 3 213 284 11969 0.25 0.19138276553106212
table-0402-171 3 4 0 351 373 41529 0.2 0.02500318918229366
table-0402-74 0 1 0 86 160 3763 1.0 0.0
table-0402-70 13 8 12 108 154 1363 0.1111111111111111 1.795294117647059
table-0402-236 0 0 0 14 196 15081 1.0 0.0
table-0402-968 1 3 0 201 236 3872 0.25 0.015384615384615385
table-0402-902 1 2 0 91 108 1815 0.5 0.04327485380116959
table-0402-459 1 2 1 53 129 3830 1.0 0.0074393108848864525
table-0402-940 2 2 1 6 14 1309 1.0 0.1595744680851064
table-0402-955 11 8 22 5 14 465 0.5 2.2629246676514034
table-0402-51 1 3 0 45 57 1462 1.0 0.06040564373897707
table-0402-243 5 10 0 93 189 1358 0.3333333333333333 0.3420074349442379
table-0402-737 2 9 0 48 54 2823 0.14285714285714285 0.05235069885641677
table-0402-69 2 5 0 108 154 1363 0.1111111111111111 0.6258823529411764
table-0402-663 4 3 1 119 143 11813 0.5 0.09252217997465145
table-0402-341 13 6 0 30 58 448 1.0 2.7786069651741294
table-0402-30 7 10 0 227 221 7486 0.1 0.3641649048625793
table-0402-824 10 5 0 1079 504 105746 0.3333333333333333 0.2380250552689757
table-0402-99 2 2 0 110 170 1371 0.125 0.11443433029908973
table-0402-133 1 3 0 15 46 1453 1.0 0.015873015873015872
table-0402-740 6 3 0 18 40 873 1.0 0.7114164904862579
table-0402-946 7 4 3 436 170 1150424 0.14285714285714285 0.07401664762526522
table-0402-877 6 6 0 716 648 12599 0.027777777777777776 0.06988082340195016
table-0402-527 16 5 30 238 347 2031 1.0 0.6741071428571429
table-0402-36 10 6 0 227 221 7462 0.1 0.39799154334038056
table-0402-130 3 1 0 11 35 2199 0.3333333333333333 0.048305084745762714
table-0402-390 8 4 8 27 178 2026 0.25 0.03654024051803885
table-0402-418 6 3 6 16 734 13819 0.020833333333333332 0.37032967032967035
table-0402-231 0 0 0 14 196 15045 1.0 0.0
table-0402-46 78 6 0 144 259 2182 0.1111111111111111 6.791884816753926
table-0402-394 9 3 0 98 22 15570 1.0 0.2674698795180723
table-0402-461 9 2 0 240 159 249098 0.25 0.010962943967175278
table-0402-389 8 4 0 27 178 2026 0.25 0.052035152636447736
table-0402-592 22 20 2 1564 917 43287 0.1111111111111111 1.5063875088715402
table-0402-16 12 5 0 227 224 4930 1.0 0.5048019207683073
table-0402-893 121 13 266 32 192 3720 0.05 0.6657236263045392
table-0402-844 45 5 15 187 211 2887 0.2 1.2163168584969533
table-0402-852 6 1 0 716 648 12599 0.027777777777777776 0.009683098591549295
table-0402-718 1 4 0 45 24 664 0.5 0.11613876319758673
table-0402-611 24 8 0 6190 800 1267857 0.3333333333333333 0.034171715317300046
table-0402-775 3 2 0 42 69 2659 0.5 0.11578947368421053
table-0402-436 14 3 13 16 734 13819 0.020833333333333332 0.7296703296703296
table-0402-607 3 4 0 277 104 13758 0.3333333333333333 0.014392471630224191
table-0402-599 2 2 0 91 239 1691 0.16666666666666666 0.03882618510158013
table-0402-725 6 4 0 13 116 77 1.0 2.120331950207469
table-0402-733 6 3 3 48 54 2819 0.14285714285714285 0.10292249047013977
table-0402-769 1 4 0 545 256 38019 0.1111111111111111 0.06863953966296753
table-0402-638 1 3 0 13 28 1054 1.0 0.06873727087576374
table-0402-90 4 5 0 179 195 3077 0.3333333333333333 0.06433823529411764
table-0402-657 8 4 0 185 185 7701 0.3333333333333333 0.27439024390243905
table-0402-682 0 1 0 9 22 923 1.0 0.0
table-0402-404 23 4 0 0 0 0 0.0 528.0
table-0402-665 10 4 0 89 185 1528 0.3333333333333333 1.8897058823529411
table-0402-730 15 2 0 115 197 28202 0.3333333333333333 0.0638515937275802
table-0402-250 3 9 13 803 195 4911 1.0 0.31319086219602066
table-0402-954 49 4 0 89 107 8265 0.5 0.33079222720478324
table-0402-910 1 3 0 51 54 5030 1.0 0.1315538608198284
table-0402-523 4 5 0 238 347 2031 1.0 0.18080357142857142
table-0402-510 14 4 0 83 719 32232 0.1111111111111111 0.03306858102947915
table-0402-843 52 4 48 197 239 1865 0.5 1.6527655838454784
table-0402-814 14 6 5 57 85 776 0.5 2.846715328467153
table-0402-254 7 5 4 109 126 2017 0.5 0.21578947368421053
table-0402-304 6 5 0 261 308 100086 0.08333333333333333 0.9367469879518072
table-0402-94 8 5 12 265 292 9543 0.25 0.6495176848874598
table-0402-491 1 5 0 43 72 502 0.3333333333333333 0.24468085106382978
table-0402-589 4 1 0 1564 917 43287 0.1111111111111111 0.0134847409510291
table-0402-478 100 5 0 119 136 0 1.0 8.465284974093263
table-0402-503 10 2 6 111 321 26335 0.3333333333333333 0.010277492291880781
table-0402-155 3 4 0 56 107 11702 0.16666666666666666 0.03867996930161167
table-0402-460 2 5 4 201 213 2654 1.0 0.12348528563185228
table-0402-576 1 5 0 52 71 7097 0.14285714285714285 0.25304136253041365
table-0402-833 5 4 0 93 315 7702 0.058823529411764705 0.04045779268114886
table-0402-443 50 3 41 16 734 13819 0.020833333333333332 3.3076923076923075
table-0402-378 3 3 0 20 35 1379 1.0 0.17430368373764601
table-0402-732 2 3 1 115 197 28202 0.3333333333333333 0.019268217689863688
table-0402-831 23 4 6 516 299 136572 0.3333333333333333 0.04829558349598293
table-0402-9 11 5 0 223 217 5045 0.1111111111111111 0.5053686471009305
table-0402-499 1 2 0 17 57 18178 0.5 0.03459821428571429
table-0402-259 6 9 0 246 104 4305 0.045454545454545456 0.027002700270027002
table-0402-901 11 5 8 172 281 10034 0.25 0.32636655948553056
table-0402-726 4 4 0 13 116 77 1.0 1.3443983402489628
table-0402-349 13 7 13 60 76 2797 0.5 1.0309684684684686
table-0402-488 8 5 4 19 276 9813 1.0 0.08462774504552759
table-0402-6 2 8 0 223 217 5045 0.1111111111111111 0.12025769506084466
table-0402-430 2 3 2 16 734 13819 0.020833333333333332 0.1021978021978022
table-0402-379 27 4 21 168 173 558681 0.25 0.12226649820196327
table-0402-780 11 4 0 67 145 1410 0.3333333333333333 4.801136363636363
table-0402-274 26 9 0 1019 791 117320 0.3333333333333333 0.4194967688711673
table-0402-333 61 4 97 36 49 207630 1.0 0.7940436241610739
table-0402-647 3 7 1 350 360 17006 0.5 0.04169699490485598
table-0402-991 3 3 2 1151 786 171986 0.05555555555555555 0.011250175783996626
table-0402-295 4 5 0 368 259 8868 0.05555555555555555 0.11527154572180102
table-0402-989 1 1 1 1151 786 171986 0.05555555555555555 0.0
table-0402-562 6 9 0 229 365 2099 1.0 0.10657193605683836
table-0402-368 8 3 0 96 169 35569 0.3333333333333333 0.042977923907938
table-0402-411 10 3 9 16 734 13819 0.020833333333333332 0.7406593406593407
table-0402-191 1 3 0 637 355 348152 0.16666666666666666 0.0032017075773745998
table-0402-823 2 3 0 143 97 2384 1.0 0.03581151832460733
table-0402-557 6 9 0 229 365 2099 1.0 0.09147424511545293
table-0402-477 2 2 0 49 83 5473 0.5 0.03691045796308954
table-0402-789 19 2 0 49 41 1918 0.2 1.4136460554371002
table-0402-712 61 28 408 135 108 85038 0.5 0.9562595549515882
table-0402-226 12 4 0 301 268 91377 0.08333333333333333 0.08817391304347826
table-0402-113 2 2 0 104 151 1280 0.14285714285714285 0.15135135135135136
table-0402-61 2 3 0 27 19 778 1.0 0.18651543793320732
table-0402-866 10 4 0 716 648 12599 0.027777777777777776 0.027153304442036837
table-0402-645 2 2 0 51 97 4254 0.5 0.0425531914893617
table-0402-185 21 6 12 225 222 21451 0.5 0.41211757648470304
table-0402-258 11 9 0 246 104 4305 0.045454545454545456 0.04384724186704385
table-0402-788 17 2 0 49 41 1918 0.2 1.1300639658848615
table-0402-83 10 5 9 3 13 474 0.3333333333333333 1.2230392156862746
table-0402-273 3 3 0 43 140 15135 1.0 0.005183427201775825
table-0402-298 4 9 0 368 259 8868 0.05555555555555555 0.025839393470524524
table-0402-965 30 6 9 51 88 2275 0.5 1.7245091830272323
table-0402-754 1 3 0 18 55 261 1.0 0.01643546441495778
table-0402-850 1 2 1 30 46 1169 1.0 0.15079365079365079
table-0402-374 1 5 2 105 194 1384 1.0 0.05528052805280528
table-0402-706 7 4 0 154 176 11027 0.3333333333333333 0.15255347010039283
table-0402-175 6 3 0 24 36 3407 0.5 0.1951219512195122
table-0402-773 16 5 12 545 256 38019 0.1111111111111111 0.16974928072338677
table-0402-580 3 3 0 100 448 28565 0.03571428571428571 0.014633119275713233
table-0402-195 6 3 0 553 466 81553 0.5 0.02996751612755639
table-0402-564 12 2 0 107 171 5771 0.2 0.03465909090909091
table-0402-669 23 11 0 435 286 18229 0.5 2.460556844547564
table-0402-509 25 4 1 83 719 32232 0.1111111111111111 0.0532304872460669
table-0402-367 13 2 0 96 169 35569 0.3333333333333333 0.05683419445749178
table-0402-166 2 5 2 47 16 3350 0.5 0.13915547024952016
table-0402-860 6 3 0 716 648 12599 0.027777777777777776 0.024512459371614302
table-0402-34 11 5 0 227 221 7462 0.1 0.37579281183932345
table-0402-799 6 10 0 8 120 540 0.14285714285714285 0.09534246575342466
table-0402-370 5 2 4 52 142 4628 0.3333333333333333 0.03957858769931663
table-0402-984 0 1 0 125 152 4481 1.0 0.0
table-0402-613 8 7 7 372 299 110127 0.25 0.08231148696264975
table-0402-897 9 7 0 32 192 3720 0.05 0.07506601282534893
table-0402-863 12 6 0 716 648 12599 0.027777777777777776 0.15303358613217768
table-0402-342 10 6 0 30 58 448 1.0 0.43407960199004975
table-0402-841 9 3 0 19 41 2221 0.5 0.2563800549666274
table-0402-73 1 6 0 10 39 1922 1.0 0.08433734939759036
table-0402-923 1 3 0 33 53 1874 1.0 0.023633677991137372
table-0402-233 42 3 0 14 196 15045 1.0 0.48346055979643765
table-0402-489 5 2 0 19 24 211 1.0 0.12034009156311315
table-0402-77 19 4 17 129 97 95254 0.5 1.3693333333333333
table-0402-708 155 4 0 205 838 2578 0.3333333333333333 51.666666666666664
table-0402-667 1 2 1 1571 193 635407 0.5 0.00026068821689259646
table-0402-279 1 2 0 21 9 3622 0.3333333333333333 0.022135416666666668
table-0402-92 1 2 0 47 79 2599 0.5 0.015509103169251517
table-0402-779 12 4 0 67 145 1410 0.3333333333333333 3.4857954545454546
table-0402-146 0 1 0 738 391 199217 1.0 0.0
table-0402-213 20 3 17 252 511 543 1.0 0.2907735321528425
table-0402-284 26 3 0 368 259 8868 0.05555555555555555 0.5257620300170199
table-0402-413 1 3 1 16 734 13819 0.020833333333333332 0.05934065934065934
table-0402-797 10 3 0 8 120 540 0.14285714285714285 0.13863013698630136
table-0402-462 56 2 0 240 159 249098 0.25 0.06436722656750865
table-0402-727 1 2 1 24 46 9466 1.0 0.009947643979057591
table-0402-450 87 3 82 16 734 13819 0.020833333333333332 5.623076923076923
table-0402-150 24 9 28 45 72 50876 0.3333333333333333 2.258130081300813
table-0402-650 4 3 2 72 81 44737 0.25 0.03706176961602671
table-0402-376 16 2 0 168 212 14513 0.3333333333333333 0.09214169092070704
table-0402-654 28 3 0 13 32 2012 0.5 1.266211604095563
table-0402-37 2 6 0 227 221 7462 0.1 0.07029598308668077
table-0402-425 64 3 64 16 734 13819 0.020833333333333332 3.269230769230769
table-0402-49 19 9 0 144 259 2182 0.1111111111111111 1.013089005235602
table-0402-184 10 6 9 225 222 21451 0.5 0.1885622875424915
table-0402-648 30 4 25 72 81 44737 0.25 0.4724540901502504
table-0402-482 0 1 0 225 564 1056 1.0 0.0
table-0402-187 15 4 0 88 165 1465 0.3333333333333333 6.023255813953488
table-0402-743 2 3 2 257 168 88660 0.3333333333333333 0.07233181588265047
table-0402-542 14 7 27 35 45 7099 0.1111111111111111 0.17057837384744343
table-0402-911 2 3 0 50 47 3997 1.0 0.04966749792186201
table-0402-988 1 1 1 1151 786 171986 0.05555555555555555 0.0
table-0402-519 4 5 0 238 347 2031 1.0 0.19642857142857142
table-0402-227 8 2 0 43 101 8124 0.5 0.07485418016850291
table-0402-466 1 6 0 139 139 3145 0.25 0.032353563121167266
table-0402-512 4 9 0 238 347 2031 1.0 0.38169642857142855
table-0402-681 5 6 0 161 215 1521 0.25 0.41214351425942963
table-0402-501 12 13 0 71 88 12090 0.5 0.1660661131129563
table-0402-353 4 2 0 276 155 3526 0.125 0.019759450171821305
table-0402-628 1 2 0 22 32 2204 1.0 0.010526315789473684
table-0402-887 5 3 2 267 263 42284 0.3333333333333333 0.1146210944243052
table-0402-717 2 3 0 92 84 74586 1.0 0.12048192771084337
table-0402-695 28 4 28 157 92 448230 0.25 0.43275679491704905
table-0402-971 14 3 0 165 244 4500 0.5 0.9004329004329005
table-0402-299 4 5 0 368 259 8868 0.05555555555555555 0.11403373046572798
table-0402-13 3 7 0 227 224 4930 1.0 0.16866746698679472
table-0402-602 6 1 0 52 185 14558 0.1111111111111111 0.08316430020283976
table-0402-950 27 6 20 3 32 735 0.2 1.3178694158075601
table-0402-986 6 2 0 1151 786 171986 0.05555555555555555 0.006187596681198144
table-0402-981 3 4 0 164 186 5296 0.25 0.03852866156531078
table-0402-525 4 9 0 238 347 2031 1.0 0.2924107142857143
table-0402-375 9 7 18 281 171 10654 1.0 0.6153467781603541
table-0402-320 10 9 0 254 135 5658 0.04 0.026606741573033707
table-0402-765 9 6 4 55 80 913 0.5 1.7915194346289753
table-0402-529 4 5 0 238 347 2031 1.0 0.26339285714285715
table-0402-323 6 9 0 254 135 5658 0.04 0.018426966292134833
table-0402-820 2 2 0 278 257 54966 0.3333333333333333 0.009025270758122744
table-0402-17 13 6 0 227 224 4930 1.0 0.6224489795918368
table-0402-836 15 4 0 93 315 7702 0.058823529411764705 0.13143315352092141
table-0402-445 44 3 23 16 734 13819 0.020833333333333332 6.282417582417582
table-0402-588 6 1 0 1564 917 43287 0.1111111111111111 0.04151880766501065
table-0402-437 10 3 8 16 734 13819 0.020833333333333332 0.4747252747252747
table-0402-504 10 2 0 111 321 26335 0.3333333333333333 0.01279713556343865
table-0402-538 11 4 0 55 60 4580 1.0 0.2744595089776475
table-0402-18 8 10 0 224 335 6462 0.14285714285714285 0.363339552238806
table-0402-408 3 4 0 71 106 6620 0.14285714285714285 0.08469055374592833
table-0402-792 3 2 5 8 120 540 0.14285714285714285 0.0027397260273972603
table-0402-391 2 7 2 45 73 1376 0.5 0.24550898203592814
table-0402-787 14 2 0 49 41 1918 0.2 0.9168443496801706
table-0402-673 1 3 0 14 31 867 1.0 0.02908770383428823
table-0402-465 4 6 0 139 139 3145 0.25 0.11165151194755762
table-0402-337 19 3 0 103 184 513 1.0 2.5323741007194243
table-0402-918 1 3 0 16 25 1085 0.3333333333333333 0.03221040189125295
table-0402-612 7 5 0 6190 800 1267857 0.3333333333333333 0.013573220733125268
table-0402-276 1 3 0 35 98 5087 1.0 0.020218417945690674
table-0402-633 10 5 7 274 255 1888 0.3333333333333333 0.5640569395017794
table-0402-801 10 8 0 8 120 540 0.14285714285714285 0.1506849315068493
table-0402-192 6 3 0 637 355 348152 0.16666666666666666 0.021431249819723674
table-0402-136 13 7 7 307 296 11397 0.2 0.052694754531268755
table-0402-421 121 3 109 16 734 13819 0.020833333333333332 6.630769230769231
table-0402-767 1 2 0 20 24 6943 1.0 0.06233062330623306
table-0402-577 17 3 0 52 71 7097 0.14285714285714285 1.8272506082725062
table-0402-770 1 5 1 545 256 38019 0.1111111111111111 0.06247431154952733
table-0402-795 10 10 25 8 120 540 0.14285714285714285 0.5791780821917808
table-0402-66 3 1 0 108 154 1360 0.1111111111111111 0.11529411764705882
table-0402-329 2 3 0 164 96 173948 0.25 0.016946632971606958
table-0402-810 2 4 0 55 82 884 0.5 1.3422222222222222
table-0402-786 10 4 0 344 221 48627 0.5 0.042514815769131666
table-0402-610 6 2 0 21530 1489 2738520 0.3333333333333333 0.003971693801320746
table-0402-271 5 6 2 212 93 13214 0.5 0.07354618015963511
table-0402-575 18 5 0 52 71 7097 0.14285714285714285 2.8418491484184916
table-0402-210 17 5 29 252 511 543 1.0 0.7921714818266542
table-0402-403 1 2 1 0 0 0 0.0 35.0
table-0402-643 1 3 0 6901 848 854964 0.045454545454545456 0.0031995045928372382
table-0402-229 6 2 0 43 101 8124 0.5 0.059624108878807515
table-0402-670 4 5 2 205 64 154038 0.3333333333333333 0.07665939545029604
table-0402-845 8 7 8 187 211 2887 0.2 0.4058903182125931
table-0402-755 12 4 0 334 355 55663 0.5 0.6639035418236624
table-0402-847 15 2 0 187 211 2887 0.2 0.10798916723087339
table-0402-302 11 6 0 261 308 100086 0.08333333333333333 2.1686746987951806
table-0402-848 26 3 1 293 298 74073 1.0 0.06854896015917382
table-0402-842 15 3 0 42 109 851 0.5 2.5313432835820895
table-0402-170 3 2 0 351 373 41392 0.2 0.018752391886720246
table-0402-594 1 2 1 122 115 2925 1.0 0.016074450084602367
table-0402-508 15 2 0 83 719 32232 0.1111111111111111 0.017183442798228196
table-0402-579 27 3 0 100 448 28565 0.03571428571428571 0.12738182966628067
table-0402-301 11 6 0 261 308 100086 0.08333333333333333 1.9487951807228916
table-0402-715 1 3 0 335 234 14776 1.0 0.013434633558788104
table-0402-904 73 4 73 103 267 7132 0.5 5.604979811574697
table-0402-554 2 5 0 229 365 2099 1.0 0.023090586145648313
table-0402-578 16 7 0 100 448 28565 0.03571428571428571 0.11180124223602485
table-0402-502 8 1 0 86 98 1267 1.0 0.04102422907488987
table-0402-275 18 9 8 1019 791 117320 0.3333333333333333 0.23250378110820843
table-0402-659 23 11 2 161 333 122 1.0 1.1416464891041163
table-0402-781 6 4 0 9 120 368 1.0 0.8249566724436742
table-0402-951 1 6 1 3 32 735 0.2 0.0429553264604811
table-0402-393 3 3 0 86 55 12854 1.0 0.09469153515064563
table-0402-214 1 2 1 53 78 0 1.0 0.01743119266055046
table-0402-165 1 3 0 12 23 1174 1.0 0.11266375545851529
table-0402-147 80 5 78 204 267 109008 0.125 0.039818980987802025
table-0402-50 2 8 0 144 259 2182 0.1111111111111111 0.07068062827225131
table-0402-384 4 2 0 742 86 241951 0.5 0.25424916768880323
table-0402-334 6 2 0 103 184 513 1.0 1.1678657074340528
table-0402-739 14 7 0 48 54 2819 0.14285714285714285 0.13621346886912325
table-0402-347 1 3 0 212 238 2321 1.0 0.07734503565551289
table-0402-573 3 5 1 52 71 7097 0.14285714285714285 1.197080291970803
table-0402-102 3 5 0 110 170 1366 0.125 0.4759427828348505
table-0402-439 73 3 73 16 734 13819 0.020833333333333332 4.841758241758241
table-0402-959 1 3 0 672 449 15067 1.0 0.04412837345003647
table-0402-834 5 4 0 93 315 7702 0.058823529411764705 0.04264470039364339
table-0402-896 12 3 0 32 192 3720 0.05 0.1041116559788759
table-0402-312 20 5 17 130 77 252094 0.5 0.5068493150684932
table-0402-152 3 2 1 10 11 891 1.0 0.12633832976445397
table-0402-825 17 6 0 1079 504 105509 0.3333333333333333 0.9789977892409727
table-0402-596 6 8 0 1293 499 1531075 0.25 0.019532343881265752
table-0402-908 2 2 2 40 67 4741 1.0 0.01913265306122449
table-0402-676 21 13 39 182 157 20812 0.3333333333333333 1.7259519038076152
table-0402-634 11 5 0 274 255 1888 0.3333333333333333 0.6223309608540926
table-0402-868 10 4 0 716 648 12599 0.027777777777777776 0.026611592632719394
table-0402-987 1 1 1 1151 786 171986 0.05555555555555555 0.0
table-0402-59 5 5 0 103 144 1219 0.16666666666666666 1.5963855421686748
table-0402-748 10 3 0 47 50 7156 0.5 0.09511389323595897
table-0402-21 12 5 0 224 335 6462 0.14285714285714285 0.36240671641791045
table-0402-738 12 7 0 48 54 2819 0.14285714285714285 0.09580686149936468
table-0402-479 62 4 17 38 17 9328 1.0 1.9585338763420954
table-0402-261 6 9 0 246 104 4305 0.045454545454545456 0.03253182461103253
table-0402-241 2 1 1 14 196 15045 1.0 0.002035623409669211
table-0402-826 9 8 9 183 193 2597 0.2 0.7140276941601444
table-0402-124 15 8 13 117 158 1720 0.1111111111111111 1.3194444444444444
table-0402-931 3 6 0 12 131 975 0.07692307692307693 0.05436893203883495
table-0402-220 21 2 0 9 8 920 0.5 0.2874646559849199
table-0402-585 21 9 126 92 319 152541 0.25 0.016976873507572536
table-0402-420 9 3 9 16 734 13819 0.020833333333333332 0.5824175824175825
table-0402-660 3 2 0 96 89 4030 0.5 0.033786265148733015
table-0402-917 3 4 3 16 25 1085 0.3333333333333333 0.0466903073286052
table-0402-348 129 8 297 180 270 30378 1.0 58.28346456692913
table-0402-507 3 6 4 83 719 32232 0.1111111111111111 0.0010310065678936918
table-0402-11 10 6 0 223 217 5045 0.1111111111111111 0.5583392984967788
table-0402-95 33 5 14 265 292 9543 0.25 4.012861736334405
table-0402-892 5 7 5 32 192 3720 0.05 0.028039733433924307
table-0402-131 7 1 0 11 35 2199 0.3333333333333333 0.08305084745762711
table-0402-278 25 4 4 25 36 64731 0.5 2.376876876876877
table-0402-569 1 5 2 73 130 1274 1.0 0.06978922716627635
table-0402-480 0 1 0 119 136 1182 1.0 0.0
table-0402-565 10 2 0 107 171 5771 0.2 0.02792207792207792
table-0402-122 31 5 5 117 158 1720 0.1111111111111111 2.1435185185185186
table-0402-980 2 2 0 164 186 5296 0.25 0.007115048999865754
table-0402-392 1 1 0 6 28 1158 1.0 0.0144253140995812
table-0402-473 100 5 0 132 138 0 1.0 8.927461139896373
table-0402-474 100 5 0 119 136 0 1.0 8.454922279792745
