table_id rows cols nulls inlinks outlinks views table_imp table_fraction
table-0109-782 8 3 6 50 201 13662 0.045454545454545456 0.48299319727891155
table-0109-79 1 5 0 129 215 2755 0.125 0.038995726495726496
table-0109-372 14 5 10 78 100 2226 0.5 1.1788856304985338
table-0109-570 2 6 0 111 292 1239 0.08333333333333333 0.002399931430530556
table-0109-256 5 4 0 106 224 1753 0.14285714285714285 0.1154938466393184
table-0109-495 4 7 0 32 115 2469 0.05555555555555555 0.03651685393258427
table-0109-270 16 5 0 132 149 337143 0.5 0.147166547970292
table-0109-28 3 3 0 135 201 3316 0.5 0.0954920019389239
table-0109-268 2 2 0 18 21 228 1.0 0.06116504854368932
table-0109-886 20 4 0 194 151 136 1.0 3.968968968968969
table-0109-226 2 5 4 110 232 571 1.0 0.30597014925373134
table-0109-802 8 3 0 59 91 6107 0.3333333333333333 0.01268474339578727
table-0109-642 5 7 10 89 103 1753 0.05263157894736842 0.03399145125178099
table-0109-952 16 4 0 28 40 6701 0.5 0.7955706984667802
table-0109-656 59 8 0 953 1258 6794 1.0 0.4393258426966292
table-0109-178 2 4 0 83 93 348 1.0 0.07434491163924437
table-0109-604 19 5 0 89 64 16195 0.16666666666666666 0.1195680123425045
table-0109-112 9 5 0 141 136 13267 1.0 0.04150943396226415
table-0109-401 10 5 0 62 75 1409 0.5 1.8165374677002584
table-0109-179 1 2 1 19 23 2770 1.0 0.005637982195845697
table-0109-915 14 13 69 124 321 30855 0.05263157894736842 0.25100105374077974
table-0109-322 10 5 0 209 317 2031 0.16666666666666666 0.25901639344262295
table-0109-894 5 3 2 16 16 1950 0.5 0.17086834733893558
table-0109-831 6 2 0 40 58 22088 0.3333333333333333 0.2100418410041841
table-0109-784 43 3 35 50 201 13662 0.045454545454545456 4.413605442176871
table-0109-115 4 4 0 141 136 13267 1.0 0.028702115494568324
table-0109-103 2 1 1 139 223 3164 0.1 0.01756819232547388
table-0109-370 26 3 6 360 496 138223 0.125 0.0870679711197505
table-0109-340 8 9 0 144 161 10975 0.16666666666666666 0.09875897129186603
table-0109-1 2 16 10 46 36 1582 0.5 1.731629392971246
table-0109-636 7 7 13 89 103 1753 0.05263157894736842 0.06503154895176064
table-0109-885 24 4 0 194 151 136 1.0 5.878878878878879
table-0109-281 1 5 1 142 212 120304 0.2 0.003630826891543687
table-0109-89 2 5 0 138 223 2895 0.125 0.1005524861878453
table-0109-199 9 2 0 228 219 4169 1.0 0.10508849557522124
table-0109-984 0 1 0 14 16 1017 1.0 0.0
table-0109-162 2 7 5 85 231 6171 0.25 0.028471411901983663
table-0109-310 9 2 8 107 160 2356 0.125 0.07010895310279489
table-0109-414 1 3 0 273 157 294450 1.0 0.010442398383112509
table-0109-948 24 4 0 29 41 122899 0.2 9.46885329265192
table-0109-805 25 5 23 314 262 252625 0.3333333333333333 0.4879084364039136
table-0109-74 2 5 0 129 215 2755 0.125 0.07532051282051282
table-0109-983 17 3 11 37 53 4974 0.1111111111111111 0.424633431085044
table-0109-45 8 4 0 13 85 2256 0.07142857142857142 0.4672430994346525
table-0109-602 8 5 0 89 64 16195 0.16666666666666666 0.09526870660838262
table-0109-661 0 1 0 38 53 3941 0.5 0.0
table-0109-258 5 3 0 106 224 1753 0.14285714285714285 0.09056484695487535
table-0109-574 2 6 0 111 292 1239 0.08333333333333333 0.0029999142881631954
table-0109-587 2 6 0 111 292 1239 0.08333333333333333 0.00282849061455387
table-0109-80 5 5 0 129 215 2755 0.125 0.24519230769230768
table-0109-65 6 2 11 162 188 21974 0.5 0.003823743627093955
table-0109-373 1 3 0 26 31 6497 1.0 0.0317426949758251
table-0109-475 4 6 3 63 79 1307 0.5 1.1881443298969072
table-0109-839 8 2 0 148 148 7220 0.5 0.021061382846057918
table-0109-669 1 3 0 1191 543 386895 0.5 0.0025518741633199465
table-0109-713 14 8 4 24 105 608 1.0 0.38896504455106234
table-0109-110 2 5 0 139 223 3164 0.1 0.09246417013407304
table-0109-324 10 5 0 156 232 2167 0.2 0.3281535648994516
table-0109-524 8 6 3 113 52 33538 0.1111111111111111 0.524983344437042
table-0109-992 9 8 9 109 217 85439 0.07692307692307693 0.14182939362795477
table-0109-350 17 4 4 78 60 2110 0.1111111111111111 0.40337146297411197
table-0109-392 2 2 2 19 30 1158 1.0 0.04612706701479547
table-0109-945 3 2 0 57 100 5335 1.0 0.018800526414739612
table-0109-312 3 5 10 107 160 2356 0.125 0.018474656560871626
table-0109-754 1 3 0 255 346 35519 1.0 0.02798708288482239
table-0109-457 16 6 0 109 73 287 1.0 5.7264738191138775
table-0109-446 3 8 3 63 132 7950 0.3333333333333333 0.14413466596528143
table-0109-257 6 3 0 106 224 1753 0.14285714285714285 0.1309561375828337
table-0109-815 0 1 0 63 79 3718 0.3333333333333333 0.0
table-0109-975 1 5 2 170 53 4526 1.0 0.04637336504161712
table-0109-787 1 3 1 50 201 13662 0.045454545454545456 0.08571428571428572
table-0109-295 3 2 0 76 67 3957 0.3333333333333333 0.014283195203667784
table-0109-99 2 3 1 139 223 3164 0.1 0.059639389736477116
table-0109-6 1 5 0 141 220 2939 0.5 0.053918495297805645
table-0109-619 9 4 0 399 458 2009 0.5 0.46495726495726497
table-0109-415 1 2 1 40 58 15051 1.0 0.005578391074574281
table-0109-400 1 3 0 34 45 5712 1.0 0.12289562289562289
table-0109-85 2 3 0 58 106 7242 1.0 0.049641671036532074
table-0109-106 6 3 0 139 223 3164 0.1 0.20249653259361997
table-0109-4 2 23 1 282 276 8569 0.2 0.28697308883067396
table-0109-512 25 9 26 48 37 1793 0.5 3.1039156626506026
table-0109-963 1 1 0 259 252 18130 1.0 0.0006694720734506504
table-0109-906 3 3 0 150 100 3868 1.0 0.14487249050461204
table-0109-388 3 2 0 12 47 3556 1.0 0.03571428571428571
table-0109-896 9 13 0 102 89 2422 0.5 0.4898753894080997
table-0109-564 2 6 0 111 292 1239 0.08333333333333333 0.002742778777749207
table-0109-549 3 1 1 87 63 14628 0.5 0.06165099268547544
table-0109-974 0 1 0 11 21 1129 1.0 0.0
table-0109-7 4 5 0 141 220 2939 0.5 0.1987460815047022
table-0109-141 17 7 18 198 89 118104 0.5 0.039199957216963476
table-0109-127 14 8 0 49 148 16983 1.0 0.06453871598618925
table-0109-157 8 4 0 100 176 1110 0.3333333333333333 3.5315533980582523
table-0109-716 1 3 0 48 43 3729 1.0 0.06451612903225806
table-0109-476 1 1 0 342 279 33186 1.0 0.005812601720530109
table-0109-345 2 3 0 200 233 33983 0.2 0.22870370370370371
table-0109-844 5 3 10 386 464 9280 1.0 0.02100516881117343
table-0109-622 1 1 0 217 172 34098 0.3333333333333333 0.003739249657235448
table-0109-506 19 11 0 58 62 7058 0.5 0.6219607843137255
table-0109-297 4 2 0 33 73 5532 0.25 0.04161133244798584
table-0109-737 9 2 0 85 111 26030 0.3333333333333333 0.0549812030075188
table-0109-454 3 5 7 31 46 927 0.5 0.4427083333333333
table-0109-502 11 2 0 2943 864 872300 1.0 0.0060767185719711354
table-0109-196 1 3 0 57 65 11474 1.0 0.02956099713214207
table-0109-181 11 11 4 1281 1308 1034244 0.5 0.06050632911392405
table-0109-937 7 6 7 43 407 266 1.0 0.1893280632411067
table-0109-607 2 2 2 5 20 671 1.0 0.031269543464665414
table-0109-50 8 9 0 13 85 2256 0.07142857142857142 0.1361822414366478
table-0109-591 2 6 0 111 292 1239 0.08333333333333333 0.0025713551041398816
table-0109-562 8 5 0 111 292 1239 0.08333333333333333 0.050484271877946345
table-0109-576 2 6 0 111 292 1239 0.08333333333333333 0.002485643267335219
table-0109-93 2 5 2 138 223 2895 0.125 0.0867403314917127
table-0109-692 9 7 19 235 405 285 1.0 0.5671957671957671
table-0109-513 1 2 1 41 66 20653 1.0 0.003990758244066373
table-0109-694 7 7 13 235 405 285 1.0 0.4201058201058201
table-0109-381 22 3 4 133 236 97327 0.125 0.13986619441164896
table-0109-520 1 2 0 113 52 33538 0.1111111111111111 0.034643570952698204
table-0109-492 4 7 0 32 115 2469 0.05555555555555555 0.03318768206408656
table-0109-993 37 4 14 70 86 102518 0.5 0.8044002411091019
table-0109-412 26 3 0 158 173 15576 0.5 4.055526992287918
table-0109-302 4 7 6 36 45 1446 0.5 0.9019384264538198
table-0109-303 17 17 16 318 273 65663 0.5 0.09979925437338687
table-0109-282 16 5 0 142 212 120304 0.2 0.15507144530334974
table-0109-643 6 7 11 89 103 1753 0.05263157894736842 0.05912884184815795
table-0109-678 12 4 0 57 94 2288 0.1111111111111111 0.05504464880714381
table-0109-33 2 5 2 135 201 3316 0.5 0.07367910809500727
table-0109-365 24 5 19 122 138 3376 0.5 1.5398593200468933
table-0109-773 1 3 1 50 201 13662 0.045454545454545456 0.047619047619047616
table-0109-717 3 2 3 33 39 5092 1.0 0.14097744360902256
table-0109-850 14 3 0 80 256 2665 0.1111111111111111 0.10954882571075401
table-0109-617 10 5 11 48 157 6259 0.3333333333333333 0.16476247745039085
table-0109-58 1 3 0 112 264 12221 1.0 0.011495946941783346
table-0109-734 3 2 0 59 98 49468 0.5 0.03917220990391722
table-0109-790 14 3 14 50 201 13662 0.045454545454545456 0.7034013605442176
table-0109-878 3 4 0 105 172 440 1.0 0.7782805429864253
table-0109-985 1 2 1 41 63 17494 1.0 0.007105459985041137
table-0109-627 8 7 15 89 103 1753 0.05263157894736842 0.07408915123142683
table-0109-249 7 2 0 15 16 10785 1.0 0.14354527938342967
table-0109-599 2 4 0 553 359 17468 1.0 0.003905723905723906
table-0109-858 6 3 0 245 515 35992 0.08333333333333333 0.9426987060998152
table-0109-452 12 6 0 385 619 4917 1.0 0.053344192201974956
table-0109-965 5 2 4 58 91 7145 0.25 0.08557951482479785
table-0109-300 22 11 124 131 223 1384 1.0 1.1231231231231231
table-0109-683 3 2 0 122 100 17772 0.5 0.07918968692449356
table-0109-892 5 7 0 45 72 32513 0.3333333333333333 0.09417946645109135
table-0109-907 11 13 4 43 122 306 1.0 0.2524813895781638
table-0109-482 4 7 0 32 115 2469 0.05555555555555555 0.033551810237203494
table-0109-487 4 7 0 32 115 2469 0.05555555555555555 0.045151893466500205
table-0109-234 2 2 1 49 100 8888 0.3333333333333333 0.022000687521485048
table-0109-904 1 3 0 96 105 2982 1.0 0.09509918319719954
table-0109-835 8 6 0 147 107 26735 0.2 0.24140350877192981
table-0109-563 2 6 0 111 292 1239 0.08333333333333333 0.00282849061455387
table-0109-276 1 3 0 120 127 1954 1.0 0.16326530612244897
table-0109-957 2 6 4 117 166 3991 0.2 0.0760025873221216
table-0109-841 1 3 0 118 143 4581 1.0 0.034276081663232816
table-0109-55 6 0 0 159 180 0 0.5 0.0
table-0109-41 2 9 0 13 85 2256 0.07142857142857142 0.05271034253408713
table-0109-959 12 4 0 26 80 4418 1.0 0.7868589743589743
table-0109-467 2 3 0 79 149 6189 1.0 0.011251758087201125
table-0109-60 1 3 0 267 416 27216 1.0 0.003116542278356434
table-0109-66 1 5 0 56 114 6272 0.5 0.03060217176702863
table-0109-210 1 3 0 51 85 0 0.5 0.0037678975131876413
table-0109-21 1 20 0 97 120 7298 0.25 0.10015174506828528
table-0109-203 1 2 0 66 149 35834 0.25 0.001125
table-0109-606 2 3 0 89 64 16195 0.16666666666666666 0.010928259192594497
table-0109-865 7 3 7 245 515 35992 0.08333333333333333 0.5822550831792976
table-0109-222 5 12 0 101 218 188910 0.05555555555555555 1.1247030878859858
table-0109-246 21 6 0 498 367 3247 0.25 0.6206373292867982
table-0109-686 26 5 12 1767 489 2682662 0.3333333333333333 0.05194964540747466
table-0109-171 0 1 0 86 144 9222 0.2 0.0
table-0109-13 4 17 14 66 72 5263 0.3333333333333333 0.8205741626794258
table-0109-833 0 1 0 64 87 4773 1.0 0.0
table-0109-533 10 2 0 425 353 4339 0.16666666666666666 0.22410865874363328
table-0109-423 7 3 2 85 145 10553 0.3333333333333333 0.06633178773827923
table-0109-267 3 1 0 157 137 32232 0.3333333333333333 0.06155950752393981
table-0109-550 6 10 6 87 63 14628 0.5 0.06792058516196448
table-0109-928 2 5 0 18 20 583 0.5 0.6444444444444445
table-0109-697 6 4 0 191 108 1242 0.3333333333333333 1.944927536231884
table-0109-503 23 2 0 2943 864 872300 1.0 0.011087089894533875
table-0109-378 17 2 0 133 236 97327 0.125 0.0512396694214876
table-0109-848 11 3 0 80 256 2665 0.1111111111111111 0.08359085290482077
table-0109-635 4 7 8 89 103 1753 0.05263157894736842 0.024628536535721553
table-0109-30 1 5 0 135 201 3316 0.5 0.03538536112457586
table-0109-208 2 2 1 51 85 0 0.5 0.006243944450425234
table-0109-288 8 4 4 48 57 369 1.0 0.3509361497839654
table-0109-770 5 2 0 28 51 4625 0.3333333333333333 0.21493624772313297
table-0109-280 2 2 0 142 212 120304 0.2 0.006793159990630124
table-0109-596 1 11 0 553 359 17468 1.0 0.00787878787878788
table-0109-800 13 3 0 12 11 5903 0.5 0.7606635071090048
table-0109-571 2 6 0 111 292 1239 0.08333333333333333 0.0029142024513585324
table-0109-926 11 6 6 264 142 660 1.0 0.4948875255623722
table-0109-16 2 9 1 161 144 7890 0.2 0.013825584928593133
table-0109-326 12 4 0 126 104 776 1.0 0.1087689713322091
table-0109-505 11 3 11 2943 864 872300 1.0 0.004791258874054165
table-0109-510 36 17 14 125 221 2094 0.5 0.9756153144940748
table-0109-82 2 3 0 153 133 32124 0.5 0.020241433971466893
table-0109-798 2 3 0 7 4 222 1.0 1.31055900621118
table-0109-445 4 3 0 63 132 7950 0.3333333333333333 0.013677012098895318
table-0109-547 2 3 0 107 147 1973 1.0 0.14472309299895506
table-0109-304 2 2 2 17 31 1345 1.0 0.05953693495038589
table-0109-496 4 7 0 32 115 2469 0.05555555555555555 0.028141905950894715
table-0109-232 11 2 0 173 139 16429 0.3333333333333333 0.3709677419354839
table-0109-509 0 1 0 99 110 4549 1.0 0.0
table-0109-321 3 5 6 167 265 2041 0.16666666666666666 0.2119700748129676
table-0109-662 2 3 0 206 225 24368 1.0 0.023961385967936562
table-0109-105 2 5 0 139 223 3164 0.1 0.0651872399445215
table-0109-554 23 7 17 216 209 36066 1.0 0.6069822231741272
table-0109-777 1 3 1 50 201 13662 0.045454545454545456 0.08299319727891157
table-0109-517 12 3 9 99 138 32381 0.5 0.030931608809712647
table-0109-463 4 7 9 52 49 1901 0.5 0.4058641975308642
table-0109-239 29 7 0 301 424 3241 0.2 7.470370370370371
table-0109-184 1 3 0 16 25 2080 1.0 0.02893380895759017
table-0109-83 14 2 0 64 102 6650 0.5 0.033936651583710405
table-0109-291 3 4 0 19 13 20696 1.0 2.562913907284768
table-0109-225 6 8 0 101 218 188910 0.05555555555555555 0.9643705463182898
table-0109-287 5 2 0 620 365 11641 0.3333333333333333 0.06889027431421446
table-0109-889 26 12 34 44 148 1363 1.0 0.36018957345971564
table-0109-863 22 3 22 245 515 35992 0.08333333333333333 1.4048059149722736
table-0109-130 1 5 0 137 232 2827 0.5 0.05596382136800452
table-0109-40 6 8 0 13 85 2256 0.07142857142857142 0.1764216827402727
table-0109-469 1 3 0 6 32 1081 1.0 0.016861219195849545
table-0109-407 10 5 0 39 50 1066 0.5 2.1625
table-0109-207 1 5 2 167 173 2480 1.0 0.24455205811138014
table-0109-618 4 20 31 48 157 6259 0.3333333333333333 0.039887753056724796
table-0109-920 6 3 0 220 167 2427 1.0 0.16307590321511437
table-0109-768 3 3 0 195 149 21893 1.0 0.044503578638282255
table-0109-260 26 2 0 106 224 1753 0.14285714285714285 0.39886399495108865
table-0109-389 2 2 0 12 47 3556 1.0 0.03748231966053748
table-0109-359 8 5 0 209 150 79624 1.0 0.26890877598152424
table-0109-48 28 1 0 13 85 2256 0.07142857142857142 0.04273362154971733
table-0109-26 2 5 0 135 201 3316 0.5 0.08191953465826467
table-0109-156 3 4 0 172 239 6685 0.3333333333333333 0.012836402266288951
table-0109-620 10 5 23 7 35 689 1.0 0.33824362606232294
table-0109-712 11 8 3 24 105 608 1.0 0.29369431117203565
table-0109-911 14 4 0 124 321 30855 0.05263157894736842 0.3245521601685985
table-0109-174 1 2 0 59 78 4553 1.0 0.020949123557075674
table-0109-572 2 6 0 111 292 1239 0.08333333333333333 0.0031713379617725208
table-0109-441 1 1 0 84 123 4285 1.0 0.013039934800325998
table-0109-827 12 4 7 182 167 480586 0.14285714285714285 0.0727974631187095
table-0109-964 1 3 0 17 22 991 1.0 0.1118546845124283
table-0109-786 1 3 1 50 201 13662 0.045454545454545456 0.06394557823129252
table-0109-561 2 3 0 68 101 22629 0.5 0.009996001599360257
table-0109-609 0 1 0 275 343 6784 1.0 0.0
table-0109-932 40 5 24 68 120 7313 0.5 3.964183381088825
table-0109-847 8 3 0 80 256 2665 0.1111111111111111 0.06165018541409147
table-0109-614 2 3 0 126 116 19523 1.0 0.04475009686168152
table-0109-762 0 1 0 67 104 16940 0.5 0.0
table-0109-897 2 3 0 11 46 3523 1.0 0.12855740922473013
table-0109-406 14 3 2 97 169 73332 0.25 0.11828771663983331
table-0109-597 1 2 0 553 359 17468 1.0 0.0011447811447811449
table-0109-250 8 2 0 15 16 10785 1.0 0.18978805394990367
table-0109-616 3 4 0 397 238 6706 1.0 0.02061593280733011
table-0109-594 2 19 1 553 359 17468 1.0 0.0036363636363636364
table-0109-684 165 3 108 64 83 4704 0.5 11.99016393442623
table-0109-397 1 3 0 78 46 8514 1.0 0.03490492315707215
table-0109-420 8 7 8 342 387 951 1.0 1.3097345132743363
table-0109-369 1 2 0 360 496 138223 0.125 0.0007690007262784637
table-0109-167 1 2 0 25 50 1994 1.0 0.005881335409098772
table-0109-708 1 3 0 399 222 115708 0.25 0.013834227787716159
table-0109-853 5 3 0 26 70 2060 1.0 0.36065573770491804
table-0109-298 1 2 0 33 73 5532 0.25 0.014608233731739707
table-0109-578 2 6 0 111 292 1239 0.08333333333333333 0.008914031027684923
table-0109-551 1 1 1 87 63 14628 0.5 0.0
table-0109-960 14 4 0 26 80 4418 1.0 1.3317307692307692
table-0109-230 2 5 1 97 158 2030 1.0 0.05785391079508727
table-0109-555 1 3 0 64 69 1203 1.0 0.11154144074360961
table-0109-364 2 2 0 58 43 29084 1.0 0.04101722723543889
table-0109-999 3 3 0 82 106 910 1.0 0.5983606557377049
table-0109-837 14 4 0 147 107 26735 0.2 0.9543859649122807
table-0109-646 5 2 2 40 64 0 1.0 0.19672131147540983
table-0109-11 15 3 0 141 220 2939 0.5 0.664576802507837
table-0109-580 14 6 0 111 292 1239 0.08333333333333333 0.04448444330161996
table-0109-198 13 2 0 228 219 4169 1.0 0.1773598820058997
table-0109-972 0 1 0 29 60 2639 1.0 0.0
table-0109-71 2 5 2 129 215 2755 0.125 0.07425213675213675
table-0109-821 72 9 61 55 163 1602 1.0 1.371740749937919
table-0109-748 101 2 0 117 104 2591 0.125 3.39738430583501
table-0109-759 8 2 0 199 189 33775 0.5 0.08282109349725009
table-0109-213 13 12 2 101 218 188910 0.05555555555555555 1.678147268408551
table-0109-119 3 17 13 153 207 14984 0.2 0.08126747437092265
table-0109-351 7 4 0 78 60 2110 0.1111111111111111 0.24653822998193858
table-0109-822 25 9 10 55 163 1602 1.0 0.4278619319592749
table-0109-435 2 1 0 314 383 33566 0.25 0.0076045627376425855
table-0109-804 1 10 1 59 91 6107 0.3333333333333333 0.031188176422669616
table-0109-37 1 4 2 135 201 3316 0.5 0.028114396509936985
table-0109-641 5 7 10 89 103 1753 0.05263157894736842 0.03958884591899044
table-0109-465 1 2 0 10 20 694 1.0 0.02781136638452237
table-0109-916 14 6 0 124 321 30855 0.05263157894736842 0.07291886195995785
table-0109-951 1 2 0 28 40 6701 0.5 0.039182282793867124
table-0109-753 7 7 19 377 397 404752 0.5 0.0017107718811312628
table-0109-871 14 4 0 50 113 1719 1.0 0.46546830652790916
table-0109-393 1 3 0 9 23 2697 1.0 0.09922041105598867
table-0109-444 3 3 3 8 12 582 0.5 0.5077881619937694
table-0109-714 13 8 5 24 105 608 1.0 0.340301576422207
table-0109-931 0 1 0 66 53 8474 1.0 0.0
table-0109-293 5 3 0 19 13 20696 1.0 3.9602649006622515
table-0109-390 10 2 0 12 47 3556 1.0 0.2195898161244696
table-0109-988 5 6 0 109 217 85439 0.07692307692307693 0.18746145940390543
table-0109-769 6 5 0 194 191 2718 0.5 0.0892514395393474
table-0109-368 17 2 0 360 496 138223 0.125 0.030204639637715212
table-0109-22 1 3 0 97 120 7298 0.25 0.035407182599898834
table-0109-695 5 7 9 235 405 285 1.0 0.3058201058201058
table-0109-294 4 3 0 19 13 20696 1.0 1.5231788079470199
table-0109-840 2 5 4 110 131 5237 1.0 0.29499323410013534
table-0109-182 8 2 0 24 22 5002 0.3333333333333333 0.37669094693028093
table-0109-187 1 1 0 174 191 4158 1.0 0.03304452951843643
table-0109-771 2 2 0 28 51 4625 0.3333333333333333 0.10564663023679417
table-0109-859 16 3 16 245 515 35992 0.08333333333333333 1.3733826247689465
table-0109-899 22 7 0 356 323 1782 0.3333333333333333 10.35593220338983
table-0109-744 0 1 0 72 79 1520 1.0 0.0
table-0109-133 6 5 2 137 232 2827 0.5 0.23516110797060485
table-0109-909 1 7 1 43 122 306 1.0 0.028225806451612902
table-0109-688 1 3 0 164 181 1786 0.5 0.03316326530612245
table-0109-52 1 5 0 238 286 9109 0.5 0.029318541996830427
table-0109-659 69 4 37 144 104 382715 0.5 2.47225891677675
table-0109-36 2 5 3 135 201 3316 0.5 0.06883179835191469
table-0109-861 3 3 1 245 515 35992 0.08333333333333333 0.23290203327171904
table-0109-129 14 14 73 49 148 16983 1.0 0.008667938286210977
table-0109-559 1 3 0 72 73 2064 1.0 0.11865864144453998
table-0109-874 1 5 0 50 113 1719 1.0 0.012771996215704825
table-0109-715 6 3 0 824 542 268766 1.0 0.005223563520031991
table-0109-391 5 5 3 29 58 1121 0.5 0.4637421665174575
table-0109-710 1 1 0 414 91 97856 0.5 0.002743142144638404
table-0109-676 5 5 5 57 94 2288 0.1111111111111111 0.03705184592829535
table-0109-478 1 2 1 18 34 1898 1.0 0.011078717201166181
table-0109-600 6 2 0 553 359 17468 1.0 0.014882154882154882
table-0109-887 9 4 0 44 148 1363 1.0 0.3201206376561827
table-0109-462 1 2 1 10 28 1145 1.0 0.01818181818181818
table-0109-480 4 7 0 32 115 2469 0.05555555555555555 0.0357885975863504
table-0109-902 3 3 0 150 93 4296 1.0 0.15736934820904286
table-0109-189 7 5 15 174 191 4158 1.0 0.0537981059842837
table-0109-69 1 5 0 55 114 4445 0.5 0.03217436429683446
table-0109-286 15 8 8 620 365 11641 0.3333333333333333 0.5776184538653366
table-0109-565 2 7 0 111 292 1239 0.08333333333333333 0.00282849061455387
table-0109-573 2 7 0 111 292 1239 0.08333333333333333 0.01165680980543413
table-0109-898 23 7 0 356 323 1782 0.3333333333333333 11.033898305084746
table-0109-791 3 3 3 50 201 13662 0.045454545454545456 0.2503401360544218
table-0109-718 4 3 0 161 188 2491 0.5 0.04100227790432802
table-0109-206 5 3 0 518 472 28763 1.0 0.07793323514973
table-0109-473 4 3 0 53 156 5266 0.5 0.06823184152604549
table-0109-962 4 5 0 26 80 4418 1.0 0.4358974358974359
table-0109-976 11 3 0 37 53 4974 0.1111111111111111 0.32082111436950145
table-0109-955 1 5 0 117 166 3991 0.2 0.050776196636481245
table-0109-118 6 2 0 12 45 3239 0.3333333333333333 0.4330708661417323
table-0109-128 14 8 22 49 148 16983 1.0 0.026390129656904168
table-0109-849 15 3 0 80 256 2665 0.1111111111111111 0.1234548825710754
table-0109-24 1 19 0 30 51 2093 0.3333333333333333 0.6528925619834711
table-0109-872 6 10 22 50 113 1719 1.0 0.07332071901608325
table-0109-403 12 2 4 97 169 73332 0.25 0.03172648925087603
table-0109-757 2 2 0 31 53 4875 0.5 0.0989399293286219
table-0109-739 16 2 0 80 114 18506 0.25 0.3206672845227062
table-0109-149 5 9 5 265 423 7140 1.0 0.05921052631578947
table-0109-956 2 5 4 117 166 3991 0.2 0.06888745148771022
table-0109-348 17 4 0 78 60 2110 0.1111111111111111 0.563515954244431
table-0109-879 1 3 0 155 142 2679 1.0 0.10064635272391505
table-0109-98 3 5 0 139 223 3164 0.1 0.12667591308368006
table-0109-337 11 7 20 54 68 1654 0.5 2.0728987993138936
table-0109-147 5 9 5 265 423 7140 1.0 0.0581140350877193
table-0109-944 5 2 0 57 100 5335 1.0 0.029704831735288588
table-0109-259 1 11 0 106 224 1753 0.14285714285714285 0.0034711265383401703
table-0109-404 17 2 0 97 169 73332 0.25 0.06525239132493607
table-0109-820 12 9 10 55 163 1602 1.0 0.2148000993295257
table-0109-20 6 22 64 97 120 7298 0.25 0.8017197774405666
table-0109-418 1 3 0 95 104 3670 1.0 0.07738867271941202
table-0109-582 2 12 0 111 292 1239 0.08333333333333333 0.007714065312419645
table-0109-100 1 3 0 139 223 3164 0.1 0.043920480813684694
table-0109-638 9 7 18 89 103 1753 0.05263157894736842 0.07775290046814573
table-0109-470 1 3 0 162 188 30384 1.0 0.009408374300728937
table-0109-621 3 3 0 56 70 3428 0.5 0.03385731559854897
table-0109-241 28 6 0 301 424 3241 0.2 0.49925925925925924
table-0109-195 1 4 0 68 98 573 1.0 0.04876915931258709
table-0109-264 6 11 0 52 77 1071 1.0 0.5909090909090909
table-0109-922 6 7 6 342 378 911 1.0 0.5868131868131868
table-0109-317 24 3 23 128 105 7411 0.5 0.1491672700941347
table-0109-722 6 4 5 56 29 51630 0.3333333333333333 0.37163120567375885
table-0109-49 2 5 1 13 85 2256 0.07142857142857142 0.032756900565347524
table-0109-327 9 2 7 202 301 1905 0.3333333333333333 0.21119592875318066
table-0109-371 1 3 0 360 496 138223 0.125 0.004998504720810014
table-0109-320 3 5 6 167 265 2041 0.16666666666666666 0.2119700748129676
table-0109-880 1 3 0 17 26 1649 1.0 0.04578313253012048
table-0109-443 14 5 0 80 107 2168 0.5 3.6798623063683307
table-0109-961 4 4 0 26 80 4418 1.0 0.40384615384615385
table-0109-169 0 1 0 86 144 9222 0.2 0.0
table-0109-942 1 3 0 23 57 1082 1.0 0.11544117647058824
table-0109-416 29 7 29 322 410 58520 0.5 0.07938121867964268
table-0109-978 15 3 0 37 53 4974 0.1111111111111111 0.5296187683284458
table-0109-279 16 6 0 142 212 120304 0.2 0.18364956664324197
table-0109-136 1 5 0 137 232 2827 0.5 0.04296212549462974
table-0109-355 1 7 1 37 90 4046 0.3333333333333333 0.14161490683229813
table-0109-797 3 6 2 7 4 222 1.0 1.9130434782608696
table-0109-95 3 5 0 138 223 2895 0.125 0.09337016574585635
table-0109-459 1 2 1 184 184 12572 1.0 0.015139442231075698
table-0109-67 3 6 3 37 27 12446 0.5 0.04802021903959562
table-0109-873 4 8 0 50 113 1719 1.0 0.058183538315988645
table-0109-825 6 4 0 2605 431 824 1.0 0.01143257827505259
table-0109-223 1 5 0 101 218 188910 0.05555555555555555 0.10926365795724466
table-0109-630 5 7 9 89 103 1753 0.05263157894736842 0.052004884998982294
table-0109-471 2 5 1 21 23 1240 0.5 0.5078125
table-0109-705 13 3 0 302 225 108134 0.25 0.008107573660272888
table-0109-44 1 6 0 13 85 2256 0.07142857142857142 0.010974393082806785
table-0109-442 1 3 0 283 381 16611 1.0 0.005921343349536014
table-0109-668 22 9 2 1191 543 386895 0.5 0.0777694109772423
table-0109-349 17 4 0 78 60 2110 0.1111111111111111 0.4768211920529801
table-0109-980 16 3 0 37 53 4974 0.1111111111111111 0.5043988269794721
table-0109-795 18 12 54 7 4 222 1.0 12.130434782608695
table-0109-204 2 3 0 66 149 35834 0.25 0.0065
table-0109-568 2 6 0 111 292 1239 0.08333333333333333 0.0029999142881631954
table-0109-508 5 5 5 23 64 1929 0.5 1.3130434782608695
table-0109-852 13 15 0 234 189 46971 0.3333333333333333 0.12358855375096675
table-0109-376 2 5 1 21 34 900 0.5 0.25072463768115943
table-0109-634 11 7 21 89 103 1753 0.05263157894736842 0.11530633014451455
table-0109-689 7 10 0 48 58 743 0.5 0.6821515892420538
table-0109-217 9 3 4 101 218 188910 0.05555555555555555 0.7149643705463183
table-0109-354 2 3 0 78 60 2110 0.1111111111111111 0.0695364238410596
table-0109-138 3 5 1 137 232 2827 0.5 0.08762012436404748
table-0109-778 5 3 5 50 201 13662 0.045454545454545456 0.2707482993197279
table-0109-265 1 1 0 52 77 1071 1.0 0.05627705627705628
table-0109-881 12 2 0 250 222 22319 0.3333333333333333 0.07800619543790481
table-0109-660 3 2 0 38 53 3941 0.5 0.11279826464208242
table-0109-408 1 3 0 35 45 11354 1.0 0.06286043829296424
table-0109-190 24 3 17 230 152 29890 0.5 0.06333464257659073
table-0109-34 1 5 0 135 201 3316 0.5 0.03587009209888512
table-0109-556 1 3 0 65 65 1361 1.0 0.08242424242424243
table-0109-743 0 1 0 179 246 4533 1.0 0.0
table-0109-92 6 3 0 138 223 2895 0.125 0.23867403314917127
table-0109-860 31 3 31 245 515 35992 0.08333333333333333 1.811460258780037
table-0109-125 0 1 0 47 59 6636 0.3333333333333333 0.0
table-0109-728 1 3 0 74 100 40564 0.25 0.1044932079414838
table-0109-958 9 2 0 72 96 13855 0.5 0.019318759532282664
table-0109-242 6 5 4 232 243 1823 0.5 1.0332805071315372
table-0109-394 8 5 4 53 73 1023 0.5 0.7107371794871795
table-0109-271 1 2 0 115 235 5533 0.5 0.004267161410018553
table-0109-913 13 5 0 124 321 30855 0.05263157894736842 0.16164383561643836
table-0109-319 9 2 6 167 265 2041 0.16666666666666666 0.19950124688279303
table-0109-76 6 3 0 129 215 2755 0.125 0.21794871794871795
table-0109-109 6 3 0 139 223 3164 0.1 0.20527045769764216
table-0109-772 1 3 1 50 201 13662 0.045454545454545456 0.09115646258503401
table-0109-746 0 1 0 72 79 1520 1.0 0.0
table-0109-794 1 1 0 68 100 3621 1.0 0.0016619183285849952
table-0109-202 12 3 0 66 149 35834 0.25 0.024125
table-0109-801 1 1 0 583 308 54003 1.0 0.0006638846737481032
table-0109-905 8 6 4 276 148 488 1.0 0.1654556463820769
table-0109-581 14 6 0 111 292 1239 0.08333333333333333 0.029056312676780664
table-0109-137 6 5 2 137 232 2827 0.5 0.1989824759751272
table-0109-973 3 4 0 285 321 853 0.5 0.056074766355140186
table-0109-752 1 1 0 258 152 12220 0.5 0.007510326699211416
table-0109-101 10 3 0 139 223 3164 0.1 0.3300970873786408
table-0109-890 1 3 0 59 50 4382 1.0 0.05714285714285714
table-0109-154 7 2 0 121 102 42548 0.3333333333333333 0.15160796324655437
table-0109-285 24 8 16 620 365 11641 0.3333333333333333 0.94856608478803
table-0109-8 2 5 0 141 220 2939 0.5 0.11097178683385579
table-0109-601 5 3 0 50 40 1854 1.0 0.5517529215358932
table-0109-439 4 8 19 38 56 938 0.5 0.2782212086659065
table-0109-398 1 3 0 315 98 5686 1.0 0.058033951835767865
table-0109-521 7 3 0 113 52 33538 0.1111111111111111 0.5303131245836109
table-0109-789 8 3 8 50 201 13662 0.045454545454545456 0.34965986394557824
table-0109-344 1 2 0 200 233 33983 0.2 0.020833333333333332
table-0109-200 1 1 0 228 219 4169 1.0 0.011799410029498525
table-0109-691 6 7 10 235 405 285 1.0 0.35555555555555557
table-0109-530 1 3 0 23 21 697 1.0 0.16747181964573268
table-0109-720 7 6 0 1721 417 4344806 0.3333333333333333 0.00795552892617003
table-0109-23 2 15 1 29 46 1759 0.5 0.7917159763313609
table-0109-729 8 10 0 43 97 1118 0.5 0.6719367588932806
table-0109-950 24 4 0 29 41 122899 0.2 14.6371726417493
table-0109-358 5 3 0 11 33 845 1.0 0.9228441754916793
table-0109-631 8 7 15 89 103 1753 0.05263157894736842 0.07469977610421331
table-0109-675 4 4 4 57 94 2288 0.1111111111111111 0.0075969612155137945
table-0109-273 1 2 0 450 164 2465 1.0 0.24812030075187969
table-0109-126 1 3 0 168 140 9415 1.0 0.0390625
table-0109-314 9 2 6 133 187 1841 0.2 0.18972332015810275
table-0109-709 3 9 0 23 26 1580 0.5 0.36082474226804123
table-0109-856 9 3 9 245 515 35992 0.08333333333333333 0.5397412199630314
table-0109-733 3 2 0 98 124 26014 0.3333333333333333 0.02394106813996317
table-0109-912 14 14 69 124 321 30855 0.05263157894736842 0.11127502634351949
table-0109-468 2 5 0 20 51 2210 0.3333333333333333 0.09713644020213363
table-0109-645 1 1 0 47 61 905 0.5 0.04552590266875981
table-0109-535 5 7 0 425 353 4339 0.16666666666666666 0.1765704584040747
table-0109-740 8 2 0 80 114 18506 0.25 0.10379981464318813
table-0109-756 38 4 41 455 707 19520 0.5 0.06385664375070438
table-0109-148 5 9 5 265 423 7140 1.0 0.05482456140350877
table-0109-114 2 3 0 141 136 13267 1.0 0.017667238421955403
table-0109-91 6 3 0 138 223 2895 0.125 0.2303867403314917
table-0109-54 1 3 0 144 167 11773 1.0 0.014300306435137897
table-0109-417 45 4 0 322 410 58520 0.5 0.1732151935507299
table-0109-272 0 1 0 211 240 23432 1.0 0.0
table-0109-336 6 7 6 158 191 607 1.0 0.4014388489208633
table-0109-969 10 2 0 58 91 7145 0.25 0.38005390835579517
table-0109-356 1 4 0 21 62 4336 0.5 0.02364394993045897
table-0109-803 10 10 10 59 91 6107 0.3333333333333333 0.3072268125218201
table-0109-763 7 5 0 164 106 18952 0.5 0.33100697906281157
table-0109-541 9 2 0 149 183 8966 0.3333333333333333 0.048567870485678705
table-0109-56 6 2 11 159 180 0 0.5 0.017558528428093644
table-0109-102 1 5 0 139 223 3164 0.1 0.04022191400832178
table-0109-352 16 4 0 78 60 2110 0.1111111111111111 0.4942805538832029
table-0109-483 4 7 0 32 115 2469 0.05555555555555555 0.03495630461922597
table-0109-238 19 7 0 301 424 3241 0.2 6.45925925925926
table-0109-539 4 3 0 45 76 2420 1.0 0.14029399048854302
table-0109-703 2 2 0 31 42 552 1.0 0.026651216685979143
table-0109-679 8 4 0 57 94 2288 0.1111111111111111 0.03838464614154338
table-0109-532 15 8 6 93 163 3131 1.0 0.10948212213901487
table-0109-252 3 3 0 75 95 1694 1.0 0.12886785584273752
table-0109-611 3 3 0 149 156 50826 1.0 0.04511456725632198
table-0109-868 17 4 0 392 370 74589 0.2 0.25631911532385465
table-0109-817 1 2 0 8 63 9467 1.0 0.02541436464088398
table-0109-653 3 2 0 121 131 2761 0.5 0.20724346076458752
table-0109-760 15 11 0 77 200 1306 0.14285714285714285 0.32877280265339964
table-0109-767 2 3 0 47 60 5596 1.0 0.07312252964426877
table-0109-221 55 11 0 101 218 188910 0.05555555555555555 6.285035629453682
table-0109-674 10 5 14 57 94 2288 0.1111111111111111 0.0742369718779155
table-0109-251 10 4 0 75 95 1694 1.0 0.3986166727338915
table-0109-968 15 2 0 58 91 7145 0.25 0.23450134770889489
table-0109-342 2 2 0 200 233 33983 0.2 0.03333333333333333
table-0109-673 6 4 1 57 94 2288 0.1111111111111111 0.02772224443555911
table-0109-830 3 2 2 166 183 31708 1.0 0.0674279499728113
table-0109-402 7 5 0 37 44 4566 0.5 1.059787849566056
table-0109-666 5 1 0 1191 543 386895 0.5 0.0028865461847389557
table-0109-231 1 2 1 173 139 16429 0.3333333333333333 0.025537634408602152
table-0109-941 22 7 34 201 105 148675 0.2 0.06682054924242424
table-0109-823 6 3 0 260 352 23168 1.0 0.0571183778380694
table-0109-143 1 3 0 29 69 10854 1.0 0.009182389937106919
table-0109-466 2 3 0 69 90 5592 1.0 0.07117821515233216
table-0109-527 8 3 0 50 46 895 1.0 0.07893549842129004
table-0109-792 4 3 4 50 201 13662 0.045454545454545456 0.19863945578231293
table-0109-220 1 3 0 101 218 188910 0.05555555555555555 0.047505938242280284
table-0109-979 15 3 0 37 53 4974 0.1111111111111111 0.4797653958944281
table-0109-531 0 1 0 14 21 1498 1.0 0.0
table-0109-81 3 5 1 129 215 2755 0.125 0.1672008547008547
table-0109-419 9 5 0 32 37 8304 0.5 0.828125
table-0109-166 16 3 0 134 67 109626 0.5 0.0140710816576642
table-0109-152 4 9 2 265 423 7140 1.0 0.15679824561403508
table-0109-749 3 3 0 159 389 7387 1.0 0.25848142164781907
table-0109-424 5 4 0 85 145 10553 0.3333333333333333 0.0926069036579083
table-0109-876 12 10 0 105 172 440 1.0 2.981900452488688
table-0109-936 7 5 7 41 412 263 1.0 0.2909585316111489
table-0109-747 3 6 5 288 333 22679 1.0 0.01988906497622821
table-0109-615 2 4 0 397 238 6706 1.0 0.017646559769237295
table-0109-117 25 5 0 12 45 3239 0.3333333333333333 3.5354330708661417
table-0109-323 3 5 8 209 317 2031 0.16666666666666666 0.0859016393442623
table-0109-818 23 9 19 55 163 1602 1.0 0.3635460640675441
table-0109-943 4 3 0 441 524 34040 0.5 0.012429794678206426
table-0109-261 37 6 5 106 224 1753 0.14285714285714285 0.45029977911012936
table-0109-514 3 3 0 575 546 31051 1.0 0.07244052392408447
table-0109-812 13 3 0 537 462 313517 0.25 0.002253675965370345
table-0109-328 11 2 9 202 301 1905 0.3333333333333333 0.1361323155216285
table-0109-987 10 4 0 109 217 85439 0.07692307692307693 0.2511819116135663
table-0109-266 5 1 0 157 137 32232 0.3333333333333333 0.06201550387596899
table-0109-116 2 11 0 23 177 1834 0.2 0.16978193146417445
table-0109-626 9 7 10 89 103 1753 0.05263157894736842 0.11581518420516995
table-0109-64 6 0 0 162 188 21974 0.5 0.0
table-0109-450 1 2 0 161 144 4079 0.16666666666666666 0.0034620226605119597
table-0109-456 26 5 0 109 73 287 1.0 25.40497986085683
table-0109-318 9 2 8 167 265 2041 0.16666666666666666 0.1230257689110557
table-0109-219 9 13 5 101 218 188910 0.05555555555555555 1.3669833729216152
table-0109-998 1 1 0 9 101 6935 1.0 0.03801478352692714
table-0109-2 1 16 0 28 34 1831 0.5 1.263013698630137
table-0109-332 20 9 18 10 559 5636 1.0 0.9815627743634767
table-0109-536 11 6 0 425 353 4339 0.16666666666666666 0.43746462931522356
table-0109-667 5 7 0 1191 543 386895 0.5 0.013303212851405623
table-0109-758 2 2 0 33 54 2857 0.5 0.13530655391120508
table-0109-598 2 6 0 553 359 17468 1.0 0.016835016835016835
table-0109-375 37 3 0 34 37 5687 0.5 2.7939698492462313
table-0109-486 4 7 0 32 115 2469 0.05555555555555555 0.026581356637536413
table-0109-882 20 15 36 250 222 22319 0.3333333333333333 0.48296254576175723
table-0109-981 17 3 0 37 53 4974 0.1111111111111111 0.5630498533724341
table-0109-19 5 3 0 161 144 7890 0.2 0.08690367669401398
table-0109-971 1 1 0 209 229 9907 1.0 0.0026875699888017916
table-0109-197 0 1 0 17 41 2068 1.0 0.0
table-0109-177 6 3 1 255 344 26570 0.5 0.03223026542571527
table-0109-658 14 8 34 154 121 89714 0.3333333333333333 0.04177098431940967
table-0109-124 1 2 0 47 59 6636 0.3333333333333333 0.016983016983016984
table-0109-42 2 9 0 13 85 2256 0.07142857142857142 0.051878949118722976
table-0109-396 2 4 0 78 46 8514 1.0 0.04818963271685335
table-0109-704 30 10 45 302 225 108134 0.25 0.14771603717619142
table-0109-864 7 3 6 245 515 35992 0.08333333333333333 0.4565619223659889
table-0109-77 6 3 0 129 215 2755 0.125 0.2467948717948718
table-0109-283 4 3 0 8 49 351 1.0 0.09398058252427184
table-0109-306 12 7 0 198 301 1962 0.25 0.4731993299832496
table-0109-940 29 9 61 201 105 148675 0.2 0.07688210227272728
table-0109-557 1 3 0 102 118 1776 1.0 0.04035874439461883
table-0109-730 1 1 0 43 97 1118 0.5 0.0691699604743083
table-0109-430 3 6 0 314 383 33566 0.25 0.11991810470897923
table-0109-884 16 4 0 194 151 136 1.0 3.5135135135135136
table-0109-624 3 7 0 12 14 1042 0.5 0.5643756050338818
table-0109-612 19 6 0 66 80 1044 0.5 9.24561403508772
table-0109-448 7 2 0 161 144 4079 0.16666666666666666 0.022031053294167015
table-0109-623 1 6 0 217 172 34098 0.3333333333333333 0.019194814907141967
table-0109-793 17 2 0 12 22 2353 0.5 0.12610040447299548
table-0109-706 2 2 2 12 82 9252 1.0 0.027745664739884393
table-0109-845 26 4 24 386 464 9280 1.0 0.3019905421752997
table-0109-165 1 3 1 8 32 359 1.0 0.18772563176895307
table-0109-173 1 3 0 133 172 5074 1.0 0.01512809187279152
table-0109-750 17 2 0 9 25 1689 0.5 1.2463343108504399
table-0109-145 4 9 4 265 423 7140 1.0 0.043859649122807015
table-0109-809 9 2 0 27 57 2432 0.5 0.423841059602649
table-0109-690 1 1 0 48 58 743 0.5 0.08068459657701711
table-0109-711 1 1 0 274 416 75881 1.0 0.0031482541499713796
table-0109-191 1 3 0 11 38 1623 1.0 0.021834061135371178
table-0109-29 2 1 1 135 201 3316 0.5 0.018419777023751818
table-0109-918 13 7 0 36 36 26186 0.3333333333333333 0.1157180550320392
table-0109-255 17 4 0 106 224 1753 0.14285714285714285 0.30388135058378035
table-0109-188 1 1 0 174 191 4158 1.0 0.011082006850695145
table-0109-9 2 5 1 141 220 2939 0.5 0.07460815047021943
table-0109-409 2 5 0 9 24 651 0.5 0.7195652173913043
table-0109-139 2 5 3 137 232 2827 0.5 0.058790276992651214
table-0109-933 10 6 3 243 120 367 1.0 0.3016733443318407
table-0109-25 80 5 2 147 371 72375 0.5 18.97553516819572
table-0109-437 2 1 0 314 383 33566 0.25 0.0035097981866042704
table-0109-947 26 3 0 29 41 122899 0.2 3.5130943300279687
table-0109-842 28 6 0 562 195 146 1.0 4.183112919633774
table-0109-275 10 6 24 450 164 2465 1.0 0.03926482873851295
table-0109-851 14 3 0 80 256 2665 0.1111111111111111 0.11387515451174289
table-0109-751 8 6 4 277 100 268 1.0 0.30073741583840974
table-0109-995 1 6 0 405 86 52921 0.25 0.015977681968044635
table-0109-434 2 5 0 314 383 33566 0.25 0.01725650775080433
table-0109-243 1 5 0 498 367 3247 0.25 0.005058168942842691
table-0109-490 4 7 0 32 115 2469 0.05555555555555555 0.033395755305867664
table-0109-104 2 5 0 139 223 3164 0.1 0.09153952843273232
table-0109-982 17 3 11 37 53 4974 0.1111111111111111 0.5219941348973607
table-0109-97 2 5 0 139 223 3164 0.1 0.0651872399445215
table-0109-590 2 6 0 111 292 1239 0.08333333333333333 0.00282849061455387
table-0109-96 2 5 0 138 223 2895 0.125 0.09668508287292818
table-0109-664 3 2 2 24 59 31178 0.3333333333333333 0.04904051172707889
table-0109-685 1 3 0 163 183 1899 0.5 0.037717601547388784
table-0109-548 3 10 3 87 63 14628 0.5 0.03134796238244514
table-0109-834 1 3 0 134 145 2032 1.0 0.029411764705882353
table-0109-176 2 3 0 156 203 5047 0.5 0.14203730272596843
table-0109-436 2 1 0 314 383 33566 0.25 0.008189529102076631
table-0109-111 1 5 0 139 223 3164 0.1 0.04068423485899214
table-0109-47 17 3 0 13 85 2256 0.07142857142857142 1.0123046225473895
table-0109-313 9 2 8 133 187 1841 0.2 0.11699604743083004
table-0109-422 7 7 7 342 387 951 1.0 0.9292035398230089
table-0109-233 7 3 1 173 139 16429 0.3333333333333333 1.0833333333333333
table-0109-494 3 7 0 32 115 2469 0.05555555555555555 0.03318768206408656
table-0109-724 1 2 1 141 154 2744 1.0 0.007593924860111911
table-0109-575 2 6 0 111 292 1239 0.08333333333333333 0.0029999142881631954
table-0109-577 1 7 0 111 292 1239 0.08333333333333333 0.0063426759235450415
table-0109-954 3 6 0 117 166 3991 0.2 0.14262613195342821
table-0109-134 3 5 0 137 232 2827 0.5 0.13340870548332392
table-0109-721 26 8 18 1721 417 4344806 0.3333333333333333 0.02265162106384395
table-0109-94 5 5 0 138 223 2895 0.125 0.2292817679558011
table-0109-529 0 1 0 17 19 1462 1.0 0.0
table-0109-877 12 14 12 105 172 440 1.0 3.81447963800905
table-0109-330 11 2 9 384 223 3841 0.3333333333333333 0.09879963065558633
table-0109-796 8 3 0 7 4 222 1.0 0.3105590062111801
table-0109-343 1 2 0 200 233 33983 0.2 0.020833333333333332
table-0109-451 10 2 0 161 144 4079 0.16666666666666666 0.03787242971044901
table-0109-540 4 2 0 92 120 535 1.0 0.007063882063882064
table-0109-59 91 7 79 267 416 27216 1.0 0.6404494382022472
table-0109-292 3 3 0 19 13 20696 1.0 0.9602649006622517
table-0110-1000 14 4 0 6 24 782 0.5 0.25
table-0109-72 1 5 0 129 215 2755 0.125 0.042735042735042736
table-0109-775 3 3 3 50 201 13662 0.045454545454545456 0.13333333333333333
table-0109-361 18 5 15 430 491 2928 0.5 0.9579464773347898
table-0109-10 6 11 4 141 220 2939 0.5 0.18181818181818182
table-0109-806 3 5 0 314 262 252625 0.3333333333333333 0.06313457633376407
table-0109-657 1 1 0 217 226 8804 1.0 0.010633584404076208
table-0109-665 2 2 0 24 59 31178 0.3333333333333333 0.048329779673063254
table-0109-843 5 3 0 20 31 1506 1.0 0.3702290076335878
table-0109-523 4 5 3 113 52 33538 0.1111111111111111 0.18654230512991338
table-0109-741 13 2 0 11 4 704 1.0 3.9193548387096775
table-0109-341 2 10 0 144 161 10975 0.16666666666666666 0.033642344497607654
table-0109-301 21 4 0 131 223 1384 1.0 0.7827827827827828
table-0109-870 7 4 0 50 113 1719 1.0 0.24172185430463577
table-0109-681 5 4 0 57 94 2288 0.1111111111111111 0.025189924030387844
table-0109-919 24 7 0 36 36 26186 0.3333333333333333 0.29325292122125896
table-0109-526 0 1 0 7 16 2123 1.0 0.0
table-0109-235 2 4 2 49 100 8888 0.3333333333333333 0.049501546923341355
table-0109-996 1 4 0 405 86 52921 0.25 0.019781891960436216
table-0109-123 2 2 0 47 59 6636 0.3333333333333333 0.08441558441558442
table-0109-308 25 6 0 107 160 2356 0.125 0.8834675509237329
table-0109-824 55 5 54 420 377 4094 1.0 0.26870546318289784
table-0109-360 12 2 0 25 60 14096 0.5 0.06922427539630428
table-0109-866 17 3 5 245 515 35992 0.08333333333333333 1.421441774491682
table-0109-742 5 2 0 11 4 704 1.0 1.1612903225806452
table-0109-610 8 4 0 72 111 3724 0.5 0.4241691842900302
table-0109-113 4 3 0 141 136 13267 1.0 0.020640365923384793
table-0109-245 23 7 0 498 367 3247 0.25 1.7769347496206374
table-0109-854 3 2 0 49 60 11707 0.5 0.03147208121827411
table-0109-525 2 6 2 113 52 33538 0.1111111111111111 0.09860093271152565
table-0109-346 3 2 0 200 233 33983 0.2 0.10833333333333334
table-0109-584 4 9 0 111 292 1239 0.08333333333333333 0.030341990228850604
table-0109-426 2 1 0 314 383 33566 0.25 0.00467973091547236
table-0109-489 4 7 0 32 115 2469 0.05555555555555555 0.034019975031210986
table-0109-586 19 7 0 111 292 1239 0.08333333333333333 0.09599725722122225
table-0109-362 17 6 31 101 167 2504 1.0 2.4766081871345027
table-0109-108 2 5 0 139 223 3164 0.1 0.10124826629680998
table-0109-433 2 1 0 314 383 33566 0.25 0.01052939455981281
table-0109-170 8 7 34 86 144 9222 0.2 0.11585208171709335
table-0109-826 1 3 0 2605 431 824 1.0 0.0022255419042102377
table-0109-930 12 6 1 45 109 1694 0.5 0.8458059210526315
table-0109-479 4 6 0 281 1093 9493 1.0 0.05957683741648107
table-0109-738 2 4 0 85 111 26030 0.3333333333333333 0.011748120300751879
table-0109-254 16 11 0 106 224 1753 0.14285714285714285 0.27421899652887344
table-0109-511 1 3 0 155 120 27308 1.0 0.04294478527607362
table-0109-504 11 3 11 2943 864 872300 1.0 0.005024978819129978
table-0109-654 10 10 0 953 1258 6794 1.0 0.07359550561797752
table-0109-537 8 3 0 39 72 4655 1.0 0.19122731201382887
table-0109-477 2 3 0 363 449 18702 1.0 0.02297410192147034
table-0109-588 2 6 0 111 292 1239 0.08333333333333333 0.0029999142881631954
table-0109-387 23 8 18 3 30 2147 0.5 5.460377358490566
table-0109-544 1 3 0 61 57 1280 1.0 0.3180778032036613
table-0109-867 19 6 0 392 370 74589 0.2 0.40442338072669826
table-0109-363 13 3 3 204 97 22702 0.5 0.17471338608105927
table-0109-560 10 2 9 68 101 22629 0.5 0.03265360522457684
table-0109-819 15 9 13 55 163 1602 1.0 0.27340451949341943
table-0109-90 6 3 0 138 223 2895 0.125 0.23370165745856353
table-0109-888 18 5 2 44 148 1363 1.0 0.6876346402412753
table-0109-507 1 1 0 255 216 167012 1.0 0.0016264294790343074
table-0109-647 1 2 0 20 41 8426 1.0 0.015436241610738255
table-0109-949 26 4 0 29 41 122899 0.2 9.206712433257056
table-0109-846 11 3 0 80 256 2665 0.1111111111111111 0.0842088998763906
table-0109-247 4 3 0 15 41 385 1.0 0.3958333333333333
table-0109-131 2 1 1 137 232 2827 0.5 0.015262860373092142
table-0109-519 12 4 0 113 52 33538 0.1111111111111111 0.46169220519653564
table-0109-862 13 3 11 245 515 35992 0.08333333333333333 0.9020332717190388
table-0109-411 3 5 1 18 26 658 0.5 0.8370535714285714
table-0109-248 3 2 1 15 16 10785 1.0 0.12042389210019268
table-0109-680 10 4 3 57 94 2288 0.1111111111111111 0.08516593362654938
table-0109-237 29 7 0 301 424 3241 0.2 8.982222222222223
table-0109-534 16 5 32 425 353 4339 0.16666666666666666 0.34521788341822296
table-0109-193 83 3 0 21 49 2045 0.5 0.8267155804920155
table-0109-707 4 2 0 399 222 115708 0.25 0.01932021466905188
table-0109-333 3 5 8 161 167 2822 0.3333333333333333 0.07154560349535773
table-0109-701 3 2 2 31 42 552 1.0 0.03592120509849363
table-0109-488 4 7 0 32 115 2469 0.05555555555555555 0.05482729920932168
table-0109-386 4 5 4 49 59 1319 0.5 0.20011337868480725
table-0109-132 1 3 0 137 232 2827 0.5 0.041831543244771056
table-0109-732 21 2 0 98 124 26014 0.3333333333333333 0.22246777163904236
table-0109-421 7 7 7 342 387 951 1.0 0.8820058997050148
table-0109-736 19 2 0 85 111 26030 0.3333333333333333 0.181156015037594
table-0109-552 1 3 0 69 64 1504 1.0 0.12558575445173384
table-0109-240 19 7 0 301 424 3241 0.2 5.633333333333334
table-0109-755 0 1 0 73 81 1918 1.0 0.0
table-0109-829 6 4 0 182 167 480586 0.14285714285714285 0.03819109334068661
table-0109-453 22 4 0 385 619 4917 1.0 0.09365774203400183
table-0109-211 3 5 6 7 7 411 1.0 1.7735849056603774
table-0109-908 3 4 3 43 122 306 1.0 0.05055831265508685
table-0109-309 2 5 0 107 160 2356 0.125 0.04358124111795358
table-0109-855 15 6 11 189 120 352 1.0 0.2111731843575419
table-0109-628 7 7 9 89 103 1753 0.05263157894736842 0.09617341746387136
table-0109-903 6 4 2 286 214 230186 0.5 0.007082113481109717
table-0109-745 0 1 0 72 79 1520 1.0 0.0
table-0109-88 2 1 1 138 223 2895 0.125 0.020441988950276244
table-0109-413 2 7 0 66 104 8005 0.5 0.11623108665749655
table-0109-163 38 2 0 85 231 6171 0.25 0.24387397899649943
table-0109-277 1 2 1 63 99 5962 1.0 0.006186909801367633
table-0109-290 14 4 2 19 13 20696 1.0 8.119205298013245
table-0109-461 4 3 0 102 97 3947 1.0 0.2025766326077299
table-0109-464 3 3 0 39 47 130384 1.0 0.05783500654735923
table-0109-625 5 3 0 734 769 36602 0.5 0.05083312188107925
table-0109-399 38 6 18 219 198 28031 0.5 0.6371502209131075
table-0109-75 6 3 0 129 215 2755 0.125 0.18269230769230768
table-0109-632 7 7 13 89 103 1753 0.05263157894736842 0.07785467128027682
table-0109-382 5 6 2 27 37 1175 0.5 0.8293370944992948
table-0109-766 3 10 1 29 29 2899 0.5 0.0453757225433526
table-0109-997 2 3 0 405 86 52921 0.25 0.05985290388029419
table-0109-700 11 4 0 24 94 431 1.0 2.8341584158415842
table-0109-813 9 2 0 63 79 3718 0.3333333333333333 0.5127478753541076
table-0109-585 55 11 0 111 292 1239 0.08333333333333333 0.17922345075854976
table-0109-783 1 3 1 50 201 13662 0.045454545454545456 0.09659863945578231
table-0109-367 4 2 3 360 496 138223 0.125 0.005553894134233349
table-0109-43 1 8 0 13 85 2256 0.07142857142857142 0.036248752909876954
table-0109-774 2 3 2 50 201 13662 0.045454545454545456 0.07482993197278912
table-0109-677 5 5 5 57 94 2288 0.1111111111111111 0.03998400639744103
table-0109-921 8 7 8 342 378 911 1.0 0.8065934065934066
table-0109-5 2 5 0 141 220 2939 0.5 0.08150470219435736
table-0109-702 21 3 0 31 42 552 1.0 0.24488219389725763
table-0109-379 1 2 0 133 236 97327 0.125 0.0027548209366391185
table-0109-672 14 4 0 57 94 2288 0.1111111111111111 0.0778355324536852
table-0109-781 3 3 3 50 201 13662 0.045454545454545456 0.1836734693877551
table-0109-698 7 6 0 191 108 1242 0.3333333333333333 0.9710144927536232
table-0109-427 4 1 0 314 383 33566 0.25 0.022228721848493713
table-0109-687 4 4 0 53 177 1193 0.08333333333333333 0.1282367447595561
table-0109-63 2 20 0 144 321 22011 0.1 0.3486238532110092
table-0109-765 3 3 0 167 192 2908 0.5 0.0562874251497006
table-0109-592 9 5 9 85 159 27145 0.5 0.21954777534646244
table-0109-811 27 11 60 537 462 313517 0.25 0.05766112408959736
table-0109-315 3 5 10 133 187 1841 0.2 0.0308300395256917
table-0109-545 1 3 0 89 75 3223 1.0 0.11615720524017467
table-0109-214 4 4 0 101 218 188910 0.05555555555555555 0.3990498812351544
table-0109-374 7 5 0 66 78 1984 0.5 0.4132992327365729
table-0109-35 2 5 0 135 201 3316 0.5 0.08240426563257393
table-0109-633 7 7 12 89 103 1753 0.05263157894736842 0.07307144311011601
table-0109-910 2 3 0 147 97 6776 1.0 0.11779935275080906
table-0109-516 1 1 0 401 653 30846 1.0 0.0005231853728384184
table-0109-814 1 2 0 63 79 3718 0.3333333333333333 0.04815864022662889
table-0109-567 2 6 0 111 292 1239 0.08333333333333333 0.0026570669409445445
table-0109-334 9 2 9 161 167 2822 0.3333333333333333 0.03932277444019661
table-0109-569 2 6 0 111 292 1239 0.08333333333333333 0.0029142024513585324
table-0109-87 3 5 0 138 223 2895 0.125 0.1292817679558011
table-0109-917 0 1 0 212 208 19972 0.5 0.0
table-0109-432 2 1 0 314 383 33566 0.25 0.0038022813688212928
table-0109-485 4 7 0 32 115 2469 0.05555555555555555 0.026529338327091135
table-0109-155 4 5 0 172 239 6685 0.3333333333333333 0.01080028328611898
table-0109-153 4 9 3 265 423 7140 1.0 0.08991228070175439
table-0109-307 0 1 0 27 62 2019 1.0 0.0
table-0109-384 1 3 0 309 228 843 1.0 0.011915673693858845
table-0109-946 11 4 0 396 451 2130 0.5 1.4665178571428572
table-0109-335 8 7 8 158 191 607 1.0 0.5467625899280576
table-0109-460 21 4 0 194 389 4970 1.0 0.23780698720166032
table-0109-78 2 5 0 129 215 2755 0.125 0.08653846153846154
table-0109-558 1 3 0 10 77 903 1.0 0.049639711769415534
table-0109-655 21 6 0 953 1258 6794 1.0 0.1335674157303371
table-0109-838 0 1 0 195 171 45120 1.0 0.0
table-0109-953 1 3 0 90 127 4019 1.0 0.04180559117722493
table-0109-142 8 5 6 48 55 2521 0.5 1.690909090909091
table-0109-528 4 4 0 50 46 895 1.0 0.04533152909336942
table-0109-939 3 5 0 201 105 148675 0.2 0.005859375
table-0109-493 4 7 0 32 115 2469 0.05555555555555555 0.044735746982937995
table-0109-12 2 1 1 141 220 2939 0.5 0.013166144200626959
table-0109-86 107 4 0 58 205 12837 0.3333333333333333 2.9849837662337664
table-0109-966 19 2 0 58 91 7145 0.25 0.44609164420485176
table-0109-967 1 2 0 58 91 7145 0.25 0.013477088948787063
table-0109-339 3 9 0 144 161 10975 0.16666666666666666 0.042538875598086126
table-0109-637 3 7 6 89 103 1753 0.05263157894736842 0.025951557093425604
table-0109-828 8 4 0 182 167 480586 0.14285714285714285 0.11939886943333793
table-0109-542 1 3 0 64 65 1470 1.0 0.12461695607763024
table-0109-289 1 2 0 13 26 2806 1.0 0.0124282982791587
table-0109-209 1 2 1 51 85 0 0.5 0.0020454300785875765
table-0109-832 1 2 0 40 58 22088 0.3333333333333333 0.0200836820083682
table-0109-895 19 6 8 276 148 462 1.0 0.35937026945201334
table-0109-719 11 8 19 553 561 45759 0.5 0.024985510979457788
table-0109-224 4 7 0 101 218 188910 0.05555555555555555 0.7019002375296912
table-0109-608 72 8 0 40 253 2773 0.3333333333333333 1.4788774894387446
table-0109-810 17 7 16 537 462 313517 0.25 0.06148137968943246
table-0109-3 2 22 16 282 276 8569 0.2 0.16503929507025483
table-0109-927 1 3 0 17 18 1197 1.0 0.18947368421052632
table-0109-146 4 9 4 265 423 7140 1.0 0.046052631578947366
table-0109-518 0 1 0 99 138 32381 0.5 0.0
table-0109-723 4 4 0 56 29 51630 0.3333333333333333 0.3262411347517731
table-0109-38 2 7 0 149 143 2028 0.5 0.049891540130151846
table-0109-39 27 3 0 13 85 2256 0.07142857142857142 0.22447622214832058
table-0109-583 2 9 0 111 292 1239 0.08333333333333333 0.00754264163881032
table-0109-305 2 2 1 34 56 10252 1.0 0.10843373493975904
table-0109-205 2 2 0 66 149 35834 0.25 0.0056875
table-0109-566 2 6 0 111 292 1239 0.08333333333333333 0.0026570669409445445
table-0109-262 3 3 0 106 224 1753 0.14285714285714285 0.0564846954875355
table-0109-405 1 2 0 97 169 73332 0.25 0.0033147078321810776
table-0109-183 3 4 0 24 22 5002 0.3333333333333333 0.4380853277835588
table-0109-990 1 6 0 109 217 85439 0.07692307692307693 0.039671120246659815
table-0109-726 1 2 0 74 100 40564 0.25 0.0073145245559038665
table-0109-699 11 4 0 24 94 431 1.0 2.9356435643564356
table-0109-135 6 3 0 137 232 2827 0.5 0.2475975127190503
table-0109-299 4 2 0 33 73 5532 0.25 0.04161133244798584
table-0109-274 10 5 27 450 164 2465 1.0 0.5572263993316625
table-0109-764 10 2 0 63 69 11125 0.5 0.09798945930119071
table-0109-164 2 3 0 227 230 15978 1.0 0.11758118701007839
table-0109-172 9 5 22 86 144 9222 0.2 0.10369795707266614
table-0109-593 2 27 0 553 359 17468 1.0 0.0048484848484848485
table-0109-120 28 14 5 250 246 23983 0.5 26.662921348314608
table-0109-891 2 3 0 45 72 32513 0.3333333333333333 0.021018593371059015
table-0109-17 6 2 0 161 144 7890 0.2 0.006381039197812215
table-0109-380 1 2 0 133 236 97327 0.125 0.0015741833923652105
table-0109-366 5 6 5 63 80 40737 1.0 0.05911602209944752
table-0109-455 2 6 2 109 73 287 1.0 0.021969974368363236
table-0109-31 1 5 0 135 201 3316 0.5 0.03587009209888512
table-0109-215 1 6 0 101 218 188910 0.05555555555555555 0.08432304038004751
table-0109-447 9 4 10 108 136 2430 0.5 0.28343399482312337
table-0109-499 13 5 0 147 213 2524 0.5 2.4376163873370578
table-0109-546 1 3 0 64 62 1552 1.0 0.06764705882352941
table-0109-158 5 4 0 100 176 1110 0.3333333333333333 1.8810679611650485
table-0109-458 1 2 0 24 59 2768 1.0 0.007247921551907909
table-0109-395 1 7 1 54 62 2589 1.0 0.08945686900958466
table-0109-236 3 2 0 49 100 8888 0.3333333333333333 0.034376074252320386
table-0109-497 1 7 1 38 135 1578 1.0 0.024893746205221615
table-0109-180 3 4 0 87 90 223 1.0 0.5408653846153846
table-0109-735 0 1 0 71 87 1523 1.0 0.0
table-0109-901 4 3 0 35 30 1320 1.0 0.27686472819216185
table-0109-27 3 10 5 135 201 3316 0.5 0.019873969946679594
table-0109-883 3 4 3 194 151 136 1.0 0.01001001001001001
table-0109-440 3 7 2 136 136 14116 1.0 0.3304289544235925
table-0109-991 10 9 10 109 217 85439 0.07692307692307693 0.14922918807810895
table-0109-144 4 9 4 265 423 7140 1.0 0.039473684210526314
table-0109-970 0 1 0 19 20 2339 1.0 0.0
table-0109-682 2 5 0 164 193 2846 0.5 0.05435226808336739
table-0109-160 159 6 183 85 231 6171 0.25 4.026604434072345
table-0109-977 13 3 0 37 53 4974 0.1111111111111111 0.47917888563049854
table-0109-347 17 4 0 78 60 2110 0.1111111111111111 0.6095725466586394
table-0109-761 26 7 10 77 200 1306 0.14285714285714285 1.0053897180762852
table-0109-244 24 7 0 498 367 3247 0.25 1.8148710166919575
table-0109-15 33 3 0 376 406 1196 1.0 6.381074168797954
table-0109-924 17 3 0 23 35 11727 0.5 0.020513566596348294
table-0109-68 3 5 2 30 7 20837 1.0 0.5617647058823529
table-0109-51 12 8 0 13 85 2256 0.07142857142857142 0.39574326571333557
table-0109-311 9 2 6 107 160 2356 0.125 0.11369019422074846
table-0109-696 0 1 0 235 405 285 1.0 0.0
table-0109-218 4 12 0 101 218 188910 0.05555555555555555 0.8752969121140143
table-0109-194 19 6 3 318 144 6116 0.5 1.0106737825216812
table-0109-613 1 2 0 3 19 342 1.0 0.012749445676274944
table-0109-484 4 7 0 32 115 2469 0.05555555555555555 0.034852267998335414
table-0109-629 7 7 14 89 103 1753 0.05263157894736842 0.05678811316914309
table-0109-73 2 1 1 129 215 2755 0.125 0.011752136752136752
table-0109-799 1 1 0 74 302 4023 1.0 0.0013417672992141077
table-0109-925 2 7 2 62 65 3744 1.0 0.3184634448574969
table-0109-650 1 2 0 22 50 5926 0.5 0.02700781805259417
table-0109-923 7 7 7 342 378 911 1.0 0.6527472527472528
table-0109-32 3 5 0 135 201 3316 0.5 0.11633543383422201
table-0109-228 3 5 6 112 297 1930 1.0 0.12296462661426165
table-0109-649 1 2 1 22 50 5926 0.5 0.013503909026297086
table-0109-159 9 6 0 100 176 1110 0.3333333333333333 1.1140776699029127
table-0109-253 140 5 129 97 77 3766 1.0 11.504926108374384
table-0109-357 3 5 0 91 99 20079 0.5 0.05483433443131176
table-0109-605 3 7 0 89 64 16195 0.16666666666666666 0.05078426330676267
table-0109-377 5 2 4 133 236 97327 0.125 0.012514757969303424
table-0109-185 2 3 0 62 93 14270 1.0 0.08204811844540408
table-0109-151 3 9 2 265 423 7140 1.0 0.08333333333333333
table-0109-989 2 4 0 109 217 85439 0.07692307692307693 0.05015416238437821
table-0109-779 3 3 2 50 201 13662 0.045454545454545456 0.2965986394557823
table-0109-935 90 8 0 40 309 3845 0.3333333333333333 2.7651821862348176
table-0109-429 5 10 5 314 383 33566 0.25 0.10061421468265574
table-0109-284 23 8 28 885 570 1132799 1.0 0.1501974768971203
table-0109-538 1 3 0 24 38 1732 0.25 0.04247697031729785
table-0109-46 1 5 0 13 85 2256 0.07142857142857142 0.007149983372131693
table-0109-498 1 2 1 39 61 16579 1.0 0.006648005598320504
table-0109-296 4 2 0 76 67 3957 0.3333333333333333 0.005995415270675366
table-0109-648 2 2 0 35 75 14666 0.3333333333333333 0.02152389151958674
table-0109-663 5 4 0 52 156 1705 0.25 0.6114180478821363
table-0109-438 2 1 0 314 383 33566 0.25 0.004387247733255338
table-0109-543 1 3 0 8 66 957 1.0 0.08836617927527018
table-0109-644 6 9 0 47 61 905 0.5 0.3563579277864992
table-0109-808 5 7 3 344 439 33480 0.25 0.03392330383480826
table-0109-331 5 3 0 32 46 1474 1.0 0.2977346278317152
table-0109-150 4 9 1 265 423 7140 1.0 0.1787280701754386
table-0109-53 45 7 31 144 167 11773 1.0 1.3663602315287708
table-0109-14 0 1 0 66 72 5263 0.3333333333333333 0.0
table-0109-515 2 3 0 177 65 27995 1.0 0.03173262548262548
table-0109-938 15 3 0 22 28 2423 0.5 0.44276048714479027
table-0109-816 5 4 0 1196 316 900 1.0 0.0118205481549533
table-0109-725 10 2 0 74 100 40564 0.25 0.3599791013584117
table-0109-84 8 4 3 24 42 1463 0.5 0.20400890868596883
table-0109-229 6 2 0 168 237 34777 1.0 0.13132795304475423
table-0109-61 9 10 1 144 321 22011 0.1 0.8673894912427023
table-0109-788 4 3 4 50 201 13662 0.045454545454545456 0.20272108843537415
table-0109-168 1 2 0 9 37 3311 1.0 0.02277227722772277
table-0109-383 2 2 1 16 30 881 1.0 0.10225921521997622
table-0109-431 2 1 0 314 383 33566 0.25 0.0035097981866042704
table-0109-589 2 6 0 111 292 1239 0.08333333333333333 0.0029999142881631954
table-0109-263 1 7 1 60 77 2111 0.5 0.0406015037593985
table-0109-140 1 2 0 8 39 4817 1.0 0.015753424657534248
table-0109-652 56 7 155 229 162 1920 0.3333333333333333 7.24800796812749
table-0109-410 2 5 0 5 5 377 1.0 2.3146853146853146
table-0109-122 1 3 0 33 30 1274 1.0 0.19129554655870445
table-0109-934 37 8 0 163 237 41265 0.125 0.09574235807860262
table-0109-325 3 5 8 156 232 2167 0.2 0.14716636197440586
table-0109-338 10 7 0 144 161 10975 0.16666666666666666 0.10713217703349283
table-0109-353 1 3 0 78 60 2110 0.1111111111111111 0.018964479229379893
table-0109-449 13 2 0 161 144 4079 0.16666666666666666 0.19639110365086027
table-0109-836 7 6 0 147 107 26735 0.2 0.11228070175438597
table-0109-18 1 21 0 161 144 7890 0.2 0.09054998480704952
table-0109-651 70 3 11 229 162 1920 0.3333333333333333 5.3326693227091635
table-0109-579 6 9 0 111 292 1239 0.08333333333333333 0.02357075512128225
table-0109-428 14 5 0 314 383 33566 0.25 0.3986545773618017
table-0109-731 11 2 0 72 101 13619 0.3333333333333333 0.3469493278179938
table-0109-640 6 7 11 89 103 1753 0.05263157894736842 0.06360675758192551
table-0109-900 32 6 0 356 323 1782 0.3333333333333333 2.211864406779661
table-0109-491 4 7 0 32 115 2469 0.05555555555555555 0.036620890553474825
table-0109-875 5 10 0 50 113 1719 1.0 0.065279091769158
table-0109-212 4 5 8 149 286 1115 1.0 0.5662431941923775
table-0109-481 4 7 0 32 115 2469 0.05555555555555555 0.040522263836870576
table-0109-994 4 10 0 15 27 1090 0.5 0.33389544688026984
table-0109-385 2 6 2 6 4 260 1.0 1.3066666666666666
table-0109-986 1 7 1 109 217 85439 0.07692307692307693 0.02343268242548818
table-0109-785 6 3 3 50 201 13662 0.045454545454545456 0.6408163265306123
table-0109-522 3 3 1 113 52 33538 0.1111111111111111 0.0552964690206529
table-0109-693 5 7 9 235 405 285 1.0 0.30687830687830686
table-0109-186 1 1 0 174 191 4158 1.0 0.023372959903284304
table-0109-70 1 5 0 236 286 6462 0.5 0.031161473087818695
table-0109-595 1 9 0 553 359 17468 1.0 0.005858585858585859
table-0109-780 8 3 5 50 201 13662 0.045454545454545456 0.8693877551020408
table-0109-278 11 2 4 142 212 120304 0.2 0.04298430545795268
table-0109-857 108 3 11 245 515 35992 0.08333333333333333 12.543438077634011
table-0109-807 20 10 0 344 439 33480 0.25 0.0741677201854193
table-0109-269 1 2 1 132 149 337143 0.5 0.0005595686234611863
table-0109-603 2 2 0 89 64 16195 0.16666666666666666 0.021856518385188994
table-0109-639 8 7 16 89 103 1753 0.05263157894736842 0.0731732139222471
table-0109-474 44 4 66 22 32 929 0.5 8.560493827160494
table-0109-161 4 7 6 85 231 6171 0.25 0.15915985997666277
table-0109-893 5 4 5 43 54 1477 0.5 0.18822553897180763
table-0109-869 3 2 1 23 44 7174 1.0 0.13274336283185842
table-0109-776 3 3 3 50 201 13662 0.045454545454545456 0.4122448979591837
table-0109-929 116 4 0 74 252 10422 0.5 5.650632911392405
table-0109-501 6 2 0 2943 864 872300 1.0 0.004878903853457594
table-0109-670 3 5 3 24 35 1404 1.0 0.1381668946648427
table-0109-227 1 2 0 12 15 1198 1.0 0.06710310965630115
table-0109-201 4 2 2 66 149 35834 0.25 0.0100625
table-0109-62 3 23 3 144 321 22011 0.1 0.7673060884070059
table-0109-472 5 3 0 53 156 5266 0.5 0.04768892149669846
table-0109-727 1 4 0 74 100 40564 0.25 0.012539184952978056
table-0109-192 0 1 0 58 59 2200 1.0 0.0
table-0109-553 4 3 0 82 96 333 1.0 0.42825278810408923
table-0109-175 1 2 1 156 203 5047 0.5 0.013629842180774749
table-0109-316 14 2 0 41 67 1141 0.5 0.2782258064516129
table-0109-425 18 5 0 314 383 33566 0.25 0.44194208832992105
table-0109-329 9 2 8 384 223 3841 0.3333333333333333 0.11080332409972299
table-0109-107 6 3 0 139 223 3164 0.1 0.20665742024965325
table-0109-121 2 4 0 33 30 1274 1.0 0.17510121457489877
table-0109-216 3 3 0 101 218 188910 0.05555555555555555 0.14251781472684086
table-0109-500 3 3 0 166 350 4737 1.0 0.3575638506876228
table-0109-914 11 7 0 124 321 30855 0.05263157894736842 0.2054794520547945
table-0109-57 64 7 56 112 264 12221 1.0 1.631834929992631
table-0109-671 11 5 8 57 94 2288 0.1111111111111111 0.08463281354125017
