table_id rows cols nulls inlinks outlinks views table_imp table_fraction
table-0309-617 1 3 0 18 16 2931 1.0 0.4222222222222222
table-0309-765 1 3 0 175 162 2501 0.16666666666666666 0.33455882352941174
table-0309-956 1 2 1 81 111 6217 0.3333333333333333 0.008133561643835616
table-0309-386 3 3 0 274 379 93568 0.125 0.008875159360596253
table-0309-323 1 3 0 77 87 23973 1.0 0.06737367436057393
table-0309-330 1 3 0 15 28 1318 0.25 0.04390243902439024
table-0309-693 12 7 26 25 240 14857 0.06666666666666667 0.7281073446327684
table-0309-887 2 2 0 80 120 4186 0.3333333333333333 0.03347034644744568
table-0309-604 8 5 20 147 401 1312 0.5 2.481132075471698
table-0309-453 8 3 8 16 139 217 1.0 0.2664298401420959
table-0309-997 3 9 3 153 251 15578 0.1 0.2522075055187638
table-0309-436 7 3 0 155 33 11689 0.3333333333333333 0.16798059429957551
table-0309-218 43 6 0 411 350 7556 0.3333333333333333 0.2623847710409953
table-0309-907 1 6 0 61 112 3646 1.0 0.10297029702970296
table-0309-694 4 7 6 25 240 14857 0.06666666666666667 0.2888418079096045
table-0309-468 8 5 8 184 184 13366 1.0 0.5462686567164179
table-0309-589 9 5 20 150 403 2095 0.5 5.412213740458015
table-0309-476 16 4 0 184 184 13366 1.0 5.973134328358209
table-0309-233 3 6 0 64 184 967 0.1111111111111111 0.19099826889786498
table-0309-53 1 4 0 1070 683 3032748 1.0 0.0029147581940396168
table-0309-26 5 6 0 118 162 1027 0.1111111111111111 0.05141021063905748
table-0309-816 2 2 1 52 65 3237 1.0 0.05550416281221091
table-0309-130 21 3 0 85 95 53831 1.0 0.040939291297550806
table-0309-793 0 1 0 7 10 1129 1.0 0.0
table-0309-342 4 3 0 209 245 32439 1.0 0.034650785056848946
table-0309-559 6 4 13 144 328 1389 0.5 1.83206106870229
table-0309-800 32 3 0 105 161 685 1.0 0.4222131482237648
table-0309-873 10 11 8 24 227 1574 1.0 0.47916067835584936
table-0309-517 1 4 0 42 341 92 1.0 0.2315270935960591
table-0309-941 1 2 0 4 17 611 1.0 0.03234880450070324
table-0309-187 1 3 0 78 92 1869 1.0 0.07751479289940828
table-0309-524 1 2 1 14 40 8526 0.5 0.007191521574564724
table-0309-4 58 5 52 345 286 400048 0.5 0.3466331658291457
table-0309-734 3 2 0 25 39 2432 0.25 0.0367816091954023
table-0309-915 1 2 0 7 13 1913 1.0 0.035493827160493825
table-0309-377 1 6 0 274 379 93568 0.125 0.007208002353633422
table-0310-1000 1 2 1 14 6 190 1.0 0.059375
table-0309-228 1 5 2 141 181 1658 1.0 0.4170984455958549
table-0309-166 1 3 0 425 299 4409 0.5 0.030470914127423823
table-0309-478 10 2 6 88 101 7597 1.0 0.08896210873146623
table-0309-811 12 2 12 87 163 8110 0.2 0.17981072555205047
table-0309-801 1 5 2 194 184 1466 1.0 0.2235494880546075
table-0309-284 9 2 0 162 192 1342 0.3333333333333333 0.07344632768361582
table-0309-9 28 3 7 242 114 24045 0.2 0.04980172614882202
table-0309-999 4 3 4 8 3 755 1.0 0.23255813953488372
table-0309-766 19 6 4 177 152 2101 0.16666666666666666 2.446215139442231
table-0309-618 1 3 0 45 23 1416 1.0 0.052348993288590606
table-0309-522 0 1 0 9 18 721 1.0 0.0
table-0309-24 5 6 0 118 162 1027 0.1111111111111111 0.0635487325955016
table-0309-171 6 3 0 81 123 2033 0.06666666666666667 0.157439446366782
table-0309-547 32 6 17 177 165 2268 0.16666666666666666 2.623641304347826
table-0309-331 2 5 0 15 28 1318 0.25 0.19390243902439025
table-0309-434 21 12 0 236 357 15258 0.25 0.2549986670221274
table-0309-46 0 1 0 11 22 444 1.0 0.0
table-0309-834 1 3 0 17 22 1796 1.0 0.08985282726568551
table-0309-857 8 3 0 10 50 2758 0.5 0.04872743093321732
table-0309-316 18 4 1 62 66 118534 0.3333333333333333 0.8837689133425034
table-0309-962 3 11 0 0 0 0 0.0 1097.0
table-0309-118 3 4 0 90 135 1676 0.06666666666666667 0.12110726643598616
table-0309-560 6 5 17 144 338 1275 0.5 1.9541984732824427
table-0309-792 0 1 0 8 16 870 1.0 0.0
table-0309-689 2 6 4 25 240 14857 0.06666666666666667 0.22245762711864406
table-0309-473 26 4 0 184 184 13366 1.0 20.19402985074627
table-0309-155 4 9 4 131 244 4220 0.3333333333333333 0.39907550077041604
table-0309-463 1 3 1 65 72 4347 1.0 0.17955801104972377
table-0309-289 9 2 0 161 188 965 0.5 0.06502775574940524
table-0309-116 2 2 0 90 135 1676 0.06666666666666667 0.07093425605536333
table-0309-25 1 9 0 118 162 1027 0.1111111111111111 0.01535166012138522
table-0309-767 27 6 12 177 152 2101 0.16666666666666666 3.1115537848605577
table-0309-238 3 9 0 64 184 967 0.1111111111111111 0.31159838430467396
table-0309-605 15 5 19 152 425 1593 0.5 11.070422535211268
table-0309-297 1 3 1 40 74 74623 0.25 0.040061633281972264
table-0309-995 2 9 2 153 251 15578 0.1 0.15838852097130243
table-0309-532 31 6 16 180 171 2927 0.16666666666666666 2.091628959276018
table-0309-739 4 6 0 71 96 5231 0.06666666666666667 0.09507346585998272
table-0309-656 2 2 0 93 140 1968 0.06666666666666667 0.06787687450670876
table-0309-49 1 3 0 63 153 5305 1.0 0.1329987452948557
table-0309-108 2 3 0 250 383 3674 1.0 0.06919831223628692
table-0309-99 4 5 0 219 138 111413 0.3333333333333333 0.005159128978224455
table-0309-537 41 6 26 179 172 2274 0.16666666666666666 2.5883014623172103
table-0309-157 4 9 4 141 231 7222 0.5 0.6851851851851852
table-0309-61 1 5 2 145 164 1607 1.0 0.4491017964071856
table-0309-225 1 3 0 102 98 84873 1.0 0.020671206225680933
table-0309-135 3 4 0 61 161 2425 0.1111111111111111 0.49214659685863876
table-0309-950 20 12 23 851 464 77777 0.1 0.5996398559423769
table-0309-842 11 3 0 394 142 2480465 0.3333333333333333 0.06868298604086587
table-0309-714 3 4 0 90 133 2026 0.06666666666666667 0.14273356401384082
table-0309-350 9 3 9 55 210 26411 0.25 0.062341463414634146
table-0309-750 3 4 0 71 96 5231 0.06666666666666667 0.12705272255834055
table-0309-753 3 3 0 119 96 1796 1.0 0.2056338028169014
table-0309-317 3 2 0 31 31 10094 1.0 0.173370751481135
table-0309-237 3 9 0 64 184 967 0.1111111111111111 0.3035199076745528
table-0309-572 6 3 0 73 85 2446 1.0 0.07689508793208005
table-0309-340 14 5 0 157 180 20283 0.3333333333333333 0.11698703209785707
table-0309-561 6 4 13 145 327 1162 0.5 1.5190839694656488
table-0309-602 2 3 0 62 14 1498 0.5 0.010586319218241042
table-0309-253 3 5 0 388 464 3552 0.04 0.05001990181769935
table-0309-925 10 3 0 53 50 5522 0.09090909090909091 0.04921636085626911
table-0309-770 1 2 0 17 28 1737 1.0 0.03444564047362755
table-0309-890 1 2 0 36 46 2398 1.0 0.02358974358974359
table-0309-825 11 5 0 250 278 12920 1.0 0.1761111111111111
table-0309-735 2 2 0 25 39 2432 0.25 0.028045977011494253
table-0309-787 2 3 0 90 95 2216 1.0 0.035823429541595925
table-0309-678 10 6 0 367 391 13447 0.09090909090909091 0.010030669312646581
table-0309-18 2 2 2 17 27 1596 1.0 0.11946050096339114
table-0309-58 3 6 0 21 29 710 1.0 1.1521739130434783
table-0309-883 1 2 0 34 42 2283 1.0 0.023809523809523808
table-0309-469 26 4 0 184 184 13366 1.0 13.00597014925373
table-0309-574 19 16 237 68 225 58205 0.1111111111111111 1.04047976011994
table-0309-701 2 4 0 14 25 600 0.3333333333333333 0.15975103734439833
table-0309-839 1 3 0 208 263 438 1.0 0.14373464373464373
table-0309-521 1 1 0 217 271 169 1.0 0.013401403956604978
table-0309-516 3 4 3 42 341 98 1.0 0.45566502463054187
table-0309-738 3 4 1 71 96 5231 0.06666666666666667 0.20570440795159897
table-0309-828 11 6 0 250 278 12920 1.0 0.24444444444444444
table-0309-966 11 2 0 107 116 13169 0.25 0.15428571428571428
table-0309-823 6 10 0 250 278 12920 1.0 0.16527777777777777
table-0309-751 3 6 0 71 96 5231 0.06666666666666667 0.10544511668107173
table-0309-847 3 3 0 180 258 97442 0.5 0.013743236125077815
table-0309-648 1 3 0 48 71 2737 0.25 0.026785714285714284
table-0309-43 1 3 0 39 20 1172 1.0 0.04790419161676647
table-0309-177 20 2 3 81 123 2033 0.06666666666666667 0.4740484429065744
table-0309-419 15 9 15 87 209 1329 0.058823529411764705 0.60580204778157
table-0309-441 9 2 0 161 183 821 0.5 0.05201238390092879
table-0309-257 3 6 0 388 464 3552 0.04 0.0640838529919066
table-0309-239 12 12 0 64 184 967 0.1111111111111111 0.4362377380265436
table-0309-216 2 2 2 9 19 2463 1.0 0.0718562874251497
table-0309-462 10 5 3 374 303 66913 0.2 0.0971590909090909
table-0309-251 4 15 0 388 464 3552 0.04 0.056255804696828976
table-0309-31 6 4 0 92 128 1855 0.06666666666666667 0.2759515570934256
table-0309-208 18 4 16 85 73 145331 0.5 0.5060744115413819
table-0309-731 17 5 0 690 404 52872 0.2 1.8761506276150628
table-0309-301 1 2 0 5 33 817 1.0 0.02415966386554622
table-0309-122 3 4 0 90 135 1676 0.06666666666666667 0.1652249134948097
table-0309-374 1 3 0 88 87 3146 1.0 0.07549791570171376
table-0309-910 2 3 0 78 114 9008 0.3333333333333333 0.01448692152917505
table-0309-832 1 2 1 274 402 2850 1.0 0.022727272727272728
table-0309-957 1 3 0 70 72 3030 1.0 0.03154362416107383
table-0309-743 20 2 3 71 96 5231 0.06666666666666667 0.4701815038893691
table-0309-655 20 2 3 93 140 1968 0.06666666666666667 0.4664561957379637
table-0309-640 0 1 0 270 439 378 1.0 0.0
table-0309-949 10 7 0 851 464 77777 0.1 0.38985594237695076
table-0309-110 3 4 0 90 135 1676 0.06666666666666667 0.1643598615916955
table-0309-737 6 3 0 71 96 5231 0.06666666666666667 0.15730337078651685
table-0309-298 20 4 35 5 14 436 0.5 1.782122905027933
table-0309-565 6 2 0 31 42 17584 0.5 0.2979452054794521
table-0309-951 1 1 0 851 464 77777 0.1 0.007202881152460984
table-0309-44 17 2 0 11 4 2483 1.0 3.549586776859504
table-0309-246 1 4 0 388 464 3552 0.04 0.017646278360090223
table-0309-587 7 3 10 143 339 1309 0.5 1.1791044776119404
table-0309-156 18 7 0 141 231 7222 0.5 4.404761904761905
table-0309-390 13 9 0 274 379 93568 0.125 0.09958811415122094
table-0309-74 3 4 0 92 132 1784 0.06666666666666667 0.12110726643598616
table-0309-351 39 5 39 55 210 26411 0.25 0.5452682926829269
table-0309-541 22 6 7 179 172 2105 0.16666666666666666 2.202830188679245
table-0309-229 18 3 0 238 241 14053 0.5 6.407407407407407
table-0309-245 1 5 0 388 464 3552 0.04 0.022688072177258857
table-0309-958 6 3 3 1206 177 123655 0.5 0.010951569724993915
table-0309-577 11 2 0 68 225 58205 0.1111111111111111 0.30134932533733133
table-0309-614 5 4 0 53 44 29286 0.5 0.08206485771012574
table-0309-402 6 9 0 76 324 1488 0.1111111111111111 0.005391863188279505
table-0309-495 1 3 0 180 167 2050 0.16666666666666666 0.26758409785932724
table-0309-75 3 6 0 92 132 1784 0.06666666666666667 0.07958477508650519
table-0309-972 10 7 1 40 81 688 0.2 0.24549699799866578
table-0309-760 30 5 13 49 62 137 1.0 0.3422385997236297
table-0309-501 39 6 24 179 165 2178 0.16666666666666666 4.726495726495727
table-0309-126 2 3 0 534 709 23704 1.0 0.014846793724334
table-0309-837 4 3 0 22 43 20064 0.2 0.06396887159533074
table-0309-979 5 2 0 11 16 5953 0.3333333333333333 0.22666666666666666
table-0309-313 3 3 0 59 69 5271 0.5 0.03344034242910648
table-0309-775 19 6 4 176 153 2113 0.16666666666666666 2.5123456790123457
table-0309-197 2 2 0 61 94 1090 0.3333333333333333 0.013705335291238374
table-0309-567 5 5 13 145 335 1184 0.5 1.5771144278606966
table-0309-551 7 5 19 139 331 1104 0.5 3.0839694656488548
table-0309-224 5 3 1 26 52 842 1.0 0.28720836685438456
table-0309-497 4 3 0 20 35 2133 1.0 0.3641188959660297
table-0309-83 3 2 0 193 219 19844 1.0 0.023559811521507826
table-0309-662 3 4 0 93 140 1968 0.06666666666666667 0.1633780584056827
table-0309-20 1 1 0 349 210 5209 1.0 0.004768392370572207
table-0309-285 9 2 0 161 179 976 0.5 0.06602254428341385
table-0309-120 3 4 0 90 135 1676 0.06666666666666667 0.15311418685121106
table-0309-30 4 6 0 92 128 1855 0.06666666666666667 0.09602076124567474
table-0309-325 9 6 0 182 188 32428 0.16666666666666666 0.030572427131756643
table-0309-802 9 6 8 88 144 11592 1.0 0.23377162629757786
table-0309-28 6 3 0 92 128 1855 0.06666666666666667 0.157439446366782
table-0309-528 9 4 8 42 341 102 1.0 1.7832512315270936
table-0309-153 1 2 1 131 244 4220 0.3333333333333333 0.0015408320493066256
table-0309-669 5 3 0 115 85 2721 1.0 0.0255125284738041
table-0309-403 3 9 0 76 324 1488 0.1111111111111111 0.003394876822250059
table-0309-585 19 3 3 326 280 73917 0.2 0.0896041517142384
table-0309-445 9 2 0 159 196 1064 0.5 0.06441717791411043
table-0309-300 20 4 8 219 88 780772 0.3333333333333333 0.19092695124129308
table-0309-192 2 4 0 48 172 1753 0.2 1.0159574468085106
table-0309-303 2 3 0 32 32 4517 1.0 0.0958435207823961
table-0309-38 3 6 0 92 128 1855 0.06666666666666667 0.07612456747404844
table-0309-652 6 4 1 93 140 1968 0.06666666666666667 0.2494080505130229
table-0309-892 13 7 7 441 253 11750 0.5 0.4118581259925887
table-0309-629 1 1 1 110 218 7167 0.16666666666666666 0.0
table-0309-211 11 2 0 882 664 501626 0.16666666666666666 0.03444637537239325
table-0309-119 3 6 0 90 135 1676 0.06666666666666667 0.078719723183391
table-0309-268 27 4 0 131 196 5320 0.5 5.557504873294347
table-0309-719 1 2 1 4 11 950 1.0 0.06109324758842444
table-0309-952 20 39 0 851 464 77777 0.1 0.5126050420168067
table-0309-518 12 3 0 217 271 169 1.0 0.6821952776005106
table-0309-176 6 4 1 81 123 2033 0.06666666666666667 0.24394463667820068
table-0309-271 2 2 0 65 96 30231 0.5 0.01437908496732026
table-0309-3 11 6 0 81 104 1363 0.3333333333333333 1.1581196581196582
table-0309-593 6 5 12 146 408 1076 0.5 2.4676616915422884
table-0309-361 26 11 5 35 170 2117 0.1111111111111111 0.1730585360671412
table-0309-769 1 3 0 177 152 2101 0.16666666666666666 0.33665338645418325
table-0309-724 17 3 0 85 86 4930 1.0 1.0822490706319703
table-0309-654 6 4 0 93 140 1968 0.06666666666666667 0.2644041041831097
table-0309-891 3 2 0 71 21 3303 0.5 1.0502958579881656
table-0309-707 4 6 0 90 133 2026 0.06666666666666667 0.11937716262975778
table-0309-355 14 19 0 35 170 2117 0.1111111111111111 0.06097949644109211
table-0309-165 5 2 0 5 18 822 1.0 0.17116060961313012
table-0309-123 3 6 0 90 135 1676 0.06666666666666667 0.0847750865051903
table-0309-634 1 1 1 116 216 7799 0.16666666666666666 0.0
table-0309-578 8 8 24 68 225 58205 0.1111111111111111 0.5172413793103449
table-0309-933 1 3 0 31 62 17343 0.07692307692307693 0.9410377358490566
table-0309-5 1 3 0 345 286 400048 0.5 0.011959798994974874
table-0309-806 7 8 0 87 163 8110 0.2 0.1829652996845426
table-0309-242 2 8 0 236 187 16431 1.0 0.009076990376202975
table-0309-299 1 3 0 768 772 68835 1.0 0.015633008713480268
table-0309-346 4 3 0 31 24 20309 0.5 0.2158490566037736
table-0309-461 14 5 0 374 303 66913 0.2 0.12090909090909091
table-0309-963 2 3 0 61 82 6152 1.0 0.13490035769034237
table-0309-844 2 5 4 150 184 1724 1.0 0.3179190751445087
table-0309-98 4 9 4 219 138 111413 0.3333333333333333 0.013981016192071469
table-0309-867 29 11 92 24 227 1574 1.0 1.0275941362460477
table-0309-278 9 2 0 160 184 1107 0.5 0.07672413793103448
table-0309-254 1 6 0 388 464 3552 0.04 0.017911635929414887
table-0309-788 7 5 4 384 278 37660 0.5 0.03444466760393653
table-0309-759 12 4 5 49 62 137 1.0 0.1545370796867803
table-0309-212 1 3 0 882 664 501626 0.16666666666666666 0.00887537239324727
table-0309-708 6 4 0 90 133 2026 0.06666666666666667 0.3486159169550173
table-0309-685 9 5 5 90 162 18722 0.5 0.13957934990439771
table-0309-321 147 7 147 18 266 7766 0.3333333333333333 56.47752808988764
table-0309-81 0 1 0 2425 360 962168 0.5 0.0
table-0309-486 35 6 20 179 164 2450 0.16666666666666666 3.337248322147651
table-0309-840 1 1 0 1444 322 84239 1.0 0.0013731736790069209
table-0309-154 16 5 1 131 244 4220 0.3333333333333333 1.6656394453004622
table-0309-6 1 3 0 88 116 6951 1.0 0.021226014603498048
table-0309-752 4 2 2 15 23 4907 1.0 0.051434759068760154
table-0309-294 3 2 0 11 22 1019 0.5 0.05257731958762887
table-0309-924 12 3 0 53 50 5522 0.09090909090909091 0.0555237003058104
table-0309-590 5 2 4 147 357 1132 0.5 0.7169811320754716
table-0309-798 3 6 0 137 149 0 0.25 0.023444160272804774
table-0309-996 2 9 2 153 251 15578 0.1 0.19922737306843266
table-0309-139 3 4 0 61 161 2425 0.1111111111111111 0.49214659685863876
table-0309-209 1 3 0 19 75 1518 1.0 0.01955755049695415
table-0309-60 5 5 0 203 305 1715 0.5 0.07280772325020113
table-0309-215 4 3 0 51 58 4666 1.0 0.12088178294573644
table-0309-234 6 8 0 64 184 967 0.1111111111111111 0.1869590305828044
table-0309-186 2 2 0 35 57 6863 0.5 0.09343065693430656
table-0309-550 9 5 21 138 333 1037 0.5 4.587786259541985
table-0309-651 4 6 0 93 140 1968 0.06666666666666667 0.08681925808997633
table-0309-601 6 5 14 147 371 1542 0.5 1.5
table-0309-175 4 6 0 81 123 2033 0.06666666666666667 0.08564013840830449
table-0309-872 12 12 17 24 227 1574 1.0 0.6297786720321932
table-0309-232 7 4 0 238 241 14053 0.5 2.362962962962963
table-0309-2 16 4 0 81 104 1363 0.3333333333333333 6.752136752136752
table-0309-926 1 2 0 7 13 666 1.0 0.06133333333333333
table-0309-646 6 8 28 122 159 14138 0.25 0.02864450127877238
table-0309-955 10 5 0 851 464 77777 0.1 0.20438175270108044
table-0309-444 9 2 0 160 174 1120 0.5 0.06402439024390244
table-0309-19 1 2 0 13 33 2472 0.5 0.014913007456503728
table-0309-322 27 7 1 18 266 7766 0.3333333333333333 14.0
table-0309-608 16 5 17 152 429 1601 0.5 13.485915492957746
table-0309-921 12 3 0 53 50 5522 0.09090909090909091 0.0676605504587156
table-0309-584 10 2 0 326 280 73917 0.2 0.012145972505934964
table-0309-296 10 4 6 40 74 74623 0.25 0.9784283513097073
table-0309-79 1 5 2 143 181 1377 1.0 0.6652360515021459
table-0309-443 9 2 0 156 180 757 0.5 0.07567567567567568
table-0309-152 0 1 0 273 300 5520 0.125 0.0
table-0309-415 14 9 14 87 209 1329 0.058823529411764705 0.5520477815699659
table-0309-878 3 34 0 24 227 1574 1.0 0.03420523138832998
table-0309-814 1 3 0 83 109 1494 1.0 0.15086206896551724
table-0309-400 5 3 0 28 32 1553 1.0 0.27808471454880296
table-0309-896 9 4 0 756 479 107 1.0 0.01876469629595139
table-0309-164 1 2 0 42 57 44483 0.3333333333333333 0.010165184243964422
table-0309-305 9 5 9 63 66 1763 0.3333333333333333 1.5755287009063443
table-0309-104 1 3 0 54 121 3753 1.0 0.004397734048896839
table-0309-89 18 3 0 586 584 60775 0.125 0.48169418521177315
table-0309-554 8 4 16 138 323 1030 0.5 3.427480916030534
table-0309-514 21 6 6 60 64 2876 0.25 2.125
table-0309-519 12 11 0 217 271 169 1.0 0.3803446075303127
table-0309-998 1 3 0 128 135 5007 1.0 0.11648351648351649
table-0309-136 3 4 0 61 161 2425 0.1111111111111111 0.4319371727748691
table-0309-29 3 4 0 92 128 1855 0.06666666666666667 0.16608996539792387
table-0309-221 1 7 0 33 97 4571 0.2 0.0025994980279670133
table-0309-969 1 2 1 74 109 536 1.0 0.009250243427458617
table-0309-369 2 4 0 64 152 6038 1.0 0.02336612789880534
table-0309-344 3 2 0 240 338 93221 0.16666666666666666 0.00641790430740116
table-0309-203 1 3 0 41 53 3547 1.0 0.04115446285408872
table-0309-600 7 5 14 148 351 1117 0.5 3.6267605633802815
table-0309-88 2 3 0 34 59 5108 1.0 0.052252732604638766
table-0309-598 10 5 16 149 441 1601 0.5 5.704225352112676
table-0309-755 2 2 0 30 56 1261 0.5 0.03144921376965576
table-0309-777 35 6 20 176 153 2113 0.16666666666666666 4.082304526748971
table-0309-47 6 3 0 61 257 607 1.0 0.01058620193000144
table-0309-349 9 4 9 55 210 26411 0.25 0.06439024390243903
table-0309-672 7 2 0 744 396 23928 0.5 0.009501295631222439
table-0309-417 14 9 14 87 209 1329 0.058823529411764705 0.5656996587030717
table-0309-843 0 1 0 7 17 630 1.0 0.0
table-0309-703 6 3 0 90 133 2026 0.06666666666666667 0.157439446366782
table-0309-856 1 3 0 11 19 712 1.0 0.41509433962264153
table-0309-371 10 3 0 1719 359 65708 0.5 0.029674185463659148
table-0309-582 11 2 4 326 280 73917 0.2 0.01783249599734997
table-0309-416 14 9 14 87 209 1329 0.058823529411764705 0.5648464163822525
table-0309-642 4 9 0 116 149 3904 0.5 0.15130023640661938
table-0309-39 3 4 0 92 128 1855 0.06666666666666667 0.14792387543252594
table-0309-454 7 3 7 16 139 217 1.0 0.24156305506216696
table-0309-702 8 11 8 96 124 8278 0.5 0.422987436016752
table-0309-80 5 5 5 2425 360 962168 0.5 0.0040640759418570154
table-0309-625 3 6 0 110 218 7167 0.16666666666666666 0.06734463276836158
table-0309-140 3 4 0 61 161 2425 0.1111111111111111 0.581151832460733
table-0309-91 10 7 0 586 584 60775 0.125 0.5104091888011486
table-0309-360 14 19 0 35 170 2117 0.1111111111111111 0.06097949644109211
table-0309-455 6 3 6 9 75 194 1.0 0.3532608695652174
table-0309-22 70 7 0 118 162 1027 0.1111111111111111 1.9582292038557658
table-0309-37 3 4 1 92 128 1855 0.06666666666666667 0.1782006920415225
table-0309-596 19 5 29 154 478 2123 0.5 12.408450704225352
table-0309-641 1 3 0 71 89 549 1.0 0.01636093207734259
table-0309-388 16 6 6 274 379 93568 0.125 0.035990977738550554
table-0309-946 14 4 0 851 464 77777 0.1 0.23319327731092437
table-0309-970 12 8 18 164 173 2651 1.0 4.017441860465116
table-0309-258 1 6 0 388 464 3552 0.04 0.02229003582327186
table-0309-160 4 10 0 155 244 16033 0.5 0.20575539568345325
table-0309-506 41 6 26 149 163 1727 0.16666666666666666 4.556640625
table-0309-101 29 3 6 32 192 2105 0.5 0.2671473109898675
table-0309-97 32 3 0 219 138 111413 0.3333333333333333 0.03988833054159687
table-0309-971 39 3 0 3395 183 106378 0.5 0.31476595328838075
table-0309-59 2 2 0 19 51 207 1.0 0.004997450280469148
table-0309-813 3 3 0 126 110 15425 1.0 0.08753427546931027
table-0309-498 5 4 3 42 341 98 1.0 1.1231527093596059
table-0309-987 3 2 0 44 113 19555 0.5 0.009080688402663668
table-0309-375 1 3 0 408 511 89490 1.0 0.0028874179401269374
table-0309-623 1 1 1 110 209 5370 0.16666666666666666 0.0
table-0309-535 22 6 7 179 172 2274 0.16666666666666666 1.6276715410573679
table-0309-433 1 3 0 17 22 363 1.0 0.11033028812368235
table-0309-273 9 2 0 157 181 1048 0.5 0.07248908296943231
table-0309-170 0 1 0 23 47 1503 0.25 0.0
table-0309-675 16 11 10 367 391 13447 0.09090909090909091 0.03727223525166877
table-0309-575 10 2 0 68 225 58205 0.1111111111111111 0.3148425787106447
table-0309-581 7 5 18 143 344 1019 0.5 2.0199004975124377
table-0309-700 12 4 0 14 25 600 0.3333333333333333 0.5705394190871369
table-0309-55 1 7 0 46 54 7083 0.5 0.020022667170381564
table-0309-889 7 2 0 401 263 17078 0.2 0.02855051244509517
table-0309-327 13 5 0 182 188 32428 0.16666666666666666 0.01594788096773099
table-0309-809 5 9 0 87 163 8110 0.2 0.4231635872014421
table-0309-523 9 4 7 42 341 91 1.0 1.9458128078817734
table-0309-776 30 6 15 176 153 2113 0.16666666666666666 3.5864197530864197
table-0309-503 19 15 0 201 196 15233 0.5 0.21815980629539952
table-0309-994 7 9 7 153 251 15578 0.1 0.815121412803532
table-0309-137 3 4 0 61 161 2425 0.1111111111111111 0.5026178010471204
table-0309-622 1 1 1 110 209 5370 0.16666666666666666 0.0
table-0309-658 3 4 0 93 140 1968 0.06666666666666667 0.15943172849250198
table-0309-425 16 22 82 30 71 6761 1.0 0.028278842540398346
table-0309-391 15 9 0 274 379 93568 0.125 0.11768167107972934
table-0309-984 6 4 9 30 30 1057 0.3333333333333333 0.27488151658767773
table-0309-505 28 6 13 149 163 1727 0.16666666666666666 3.236328125
table-0309-649 6 3 0 93 140 1968 0.06666666666666667 0.143646408839779
table-0309-835 6 6 0 22 43 20064 0.2 0.07284046692607003
table-0309-162 4 10 0 168 317 27004 0.5 0.008305744322471975
table-0309-261 2 6 1 388 464 3552 0.04 0.0318429083189598
table-0309-244 4 7 0 388 464 3552 0.04 0.07124850736367255
table-0309-399 2 2 0 56 76 0 0.5 0.033480732785849655
table-0309-747 3 6 0 71 96 5231 0.06666666666666667 0.09680207433016422
table-0309-438 1 2 1 39 100 1216 1.0 0.012385919165580182
table-0309-421 4 11 0 87 209 1329 0.058823529411764705 0.13651877133105803
table-0309-848 19 8 7 180 258 97442 0.5 0.08408753531580712
table-0309-16 1 3 0 74 69 7063 1.0 0.006395578365574418
table-0309-151 0 1 0 280 302 3988 0.125 0.0
table-0309-107 6 2 3 29 28 3320 1.0 0.15431472081218275
table-0309-670 1 4 0 287 316 1022 0.5 0.023894862604540025
table-0309-194 2 3 0 115 117 5291 1.0 0.03629690048939641
table-0309-961 2 2 1 74 108 599 1.0 0.026706231454005934
table-0309-479 5 2 0 9 24 1032 0.5 0.39884947267497606
table-0309-985 1 3 0 30 30 1057 0.3333333333333333 0.06003159557661927
table-0309-272 15 3 0 234 130 122044 0.3333333333333333 0.016797729282025033
table-0309-459 6 6 20 374 303 66913 0.2 0.009204545454545455
table-0309-85 3 2 0 164 184 17557 0.3333333333333333 0.04648925937800577
table-0309-898 10 4 0 756 479 107 1.0 0.021116103648173585
table-0309-159 17 5 0 155 244 16033 0.5 0.797841726618705
table-0309-78 5 3 0 192 300 7289 1.0 0.10325850832729906
table-0309-771 18 6 3 178 161 2321 0.16666666666666666 1.976311336717428
table-0309-862 1 2 0 16 41 5779 0.25 0.007494646680942184
table-0309-960 13 8 10 177 185 4555 1.0 2.4062992125984253
table-0309-267 1 2 0 47 49 13059 1.0 0.015022860875244938
table-0309-713 3 7 1 90 133 2026 0.06666666666666667 0.07439446366782007
table-0309-358 14 19 0 35 170 2117 0.1111111111111111 0.061404440667162434
table-0309-853 50 4 42 859 435 431444 0.2 0.08246205247847001
table-0309-682 7 3 7 44 60 9152 0.25 0.10232809962100704
table-0309-370 2 4 0 64 152 6038 1.0 0.014933239634574842
table-0309-67 4 6 0 92 132 1784 0.06666666666666667 0.08391003460207612
table-0309-666 112 2 0 52 66 2219 0.1 2.223365617433414
table-0309-62 1 2 0 19 51 184 1.0 0.0022437531871494134
table-0309-764 37 6 22 175 162 2501 0.16666666666666666 3.801470588235294
table-0309-315 6 3 0 189 176 9402 1.0 0.03552196504487482
table-0309-631 1 2 1 116 216 7799 0.16666666666666666 0.00029481132075471697
table-0309-785 2 5 0 16 26 545 1.0 0.3778501628664495
table-0309-64 3 4 0 92 132 1784 0.06666666666666667 0.13062283737024222
table-0309-158 6 4 0 155 244 16033 0.5 0.26187050359712233
table-0309-393 13 9 0 274 379 93568 0.125 0.10311856428361282
table-0309-643 0 1 0 116 149 3904 0.5 0.0
table-0309-57 10 5 0 111 166 811 1.0 0.6142557651991615
table-0309-688 12 7 35 25 240 14857 0.06666666666666667 0.7083333333333334
table-0309-352 13 2 0 509 283 80111 0.5 0.016719219769744078
table-0309-112 3 4 0 90 135 1676 0.06666666666666667 0.1513840830449827
table-0309-324 49 5 49 41 72 3530 0.3333333333333333 11.265342960288809
table-0309-200 6 4 0 28 43 11022 0.25 0.210458360232408
table-0309-829 2 18 0 250 278 12920 1.0 0.01361111111111111
table-0309-129 17 3 0 85 95 53831 1.0 0.035923658155289216
table-0309-613 8 4 0 287 318 1113 0.5 0.13333333333333333
table-0309-372 18 4 24 8 58 676 0.5 7.261484098939929
table-0309-354 0 1 0 509 283 80111 0.5 0.0
table-0309-986 8 2 3 44 113 19555 0.5 0.017728963071867162
table-0309-929 12 5 0 31 62 17343 0.07692307692307693 2.0754716981132075
table-0309-959 2 2 1 20 40 3568 1.0 0.026651860077734593
table-0309-527 1 3 0 23 13 555 1.0 0.24130434782608695
table-0309-918 7 3 0 53 50 5522 0.09090909090909091 0.03631498470948012
table-0309-395 17 5 0 210 177 11223 0.3333333333333333 1.2518479408658922
table-0309-314 4 2 0 56 86 0 0.5 0.04163623082542001
table-0309-10 1 3 1 242 114 24045 0.2 0.0021576860275250758
table-0309-869 20 44 661 24 227 1574 1.0 0.28140270192584077
table-0309-732 7 4 0 690 404 52872 0.2 0.29707112970711297
table-0309-207 1 1 0 223 296 180 1.0 0.02441860465116279
table-0309-940 3 2 0 56 29 635 0.5 0.012529832935560859
table-0309-133 6 3 0 145 178 50564 1.0 0.10840791629900416
table-0309-492 21 6 6 180 167 2050 0.16666666666666666 2.1131498470948014
table-0309-540 5 5 13 138 318 1270 0.5 2.0076335877862594
table-0309-338 5 3 0 75 409 1615 1.0 1.2110389610389611
table-0309-799 3 2 3 105 161 685 1.0 0.1106574111882401
table-0309-803 0 1 0 8 9 983 1.0 0.0
table-0309-612 7 3 0 45 196 5287 1.0 0.0706973768394114
table-0309-504 21 6 6 149 163 1727 0.16666666666666666 2.65234375
table-0309-513 3 4 4 42 341 96 1.0 0.4408866995073892
table-0309-914 1 2 1 11 20 887 1.0 0.033101045296167246
table-0309-704 3 4 0 90 133 2026 0.06666666666666667 0.18771626297577854
table-0309-680 17 5 29 771 321 221440 1.0 0.07702589807852966
table-0309-190 5 4 0 48 172 1753 0.2 2.3085106382978724
table-0309-546 20 6 9 177 165 2268 0.16666666666666666 1.7418478260869565
table-0309-686 6 3 0 83 119 2415 1.0 0.32021857923497266
table-0309-673 5 3 0 70 91 12185 1.0 0.21211298207495927
table-0309-699 1 2 1 14 25 600 0.3333333333333333 0.01970954356846473
table-0309-564 5 5 13 143 354 1102 0.5 1.3034825870646767
table-0309-77 3 6 0 92 132 1784 0.06666666666666667 0.06747404844290658
table-0309-768 36 6 21 177 152 2101 0.16666666666666666 4.027888446215139
table-0309-114 6 4 1 90 135 1676 0.06666666666666667 0.2837370242214533
table-0309-888 3 3 0 401 263 17078 0.2 0.01171303074670571
table-0309-877 1 19 0 24 227 1574 1.0 0.010347801092267893
table-0309-583 18 2 0 326 280 73917 0.2 0.05046099486556617
table-0309-937 1 3 0 31 62 17343 0.07692307692307693 0.14622641509433962
table-0309-382 5 9 0 274 379 93568 0.125 0.035843875649700895
table-0309-851 1 3 0 11 9 839 1.0 0.4861878453038674
table-0309-639 1 1 1 135 218 29984 0.1111111111111111 0.0
table-0309-111 3 6 1 90 135 1676 0.06666666666666667 0.07612456747404844
table-0309-105 0 1 0 54 121 3753 1.0 0.0
table-0309-902 10 4 0 756 479 107 1.0 0.02190766651921868
table-0309-860 1 4 0 16 41 5779 0.25 0.011777301927194861
table-0309-530 53 6 5 168 121 335773 1.0 2.7100238663484486
table-0309-805 2 6 0 87 163 8110 0.2 0.10770617395223074
table-0309-310 5 2 0 16 35 5980 0.25 0.03540320314695139
table-0309-307 10 7 9 84 114 246 1.0 0.43782533256217465
table-0309-774 1 3 0 178 161 2321 0.16666666666666666 0.31810490693739424
table-0309-558 26 16 0 19 31 1087 1.0 3.1932633903920484
table-0309-826 10 5 0 250 278 12920 1.0 0.19083333333333333
table-0309-50 0 1 0 250 517 247 1.0 0.0
table-0309-729 1 1 0 226 281 168 1.0 0.05518169582772544
table-0309-189 2 3 0 51 64 1302 1.0 0.28251748251748254
table-0309-100 14 3 0 7 12 1120 0.5 1.5259026687598116
table-0309-145 14 5 0 137 219 12288 0.5 0.5423180592991914
table-0309-373 0 1 0 148 206 17723 1.0 0.0
table-0309-217 4 2 0 9 19 2463 1.0 0.06107784431137724
table-0309-76 3 4 0 92 132 1784 0.06666666666666667 0.15570934256055363
table-0309-103 0 1 0 54 121 3753 1.0 0.0
table-0309-106 6 3 0 38 29 2052 1.0 1.5672645739910314
table-0309-185 3 6 0 81 123 2033 0.06666666666666667 0.10034602076124567
table-0309-413 3 6 1 87 209 1329 0.058823529411764705 0.1962457337883959
table-0309-487 1 3 0 179 164 2450 0.16666666666666666 0.31543624161073824
table-0309-117 3 6 0 90 135 1676 0.06666666666666667 0.06228373702422145
table-0309-183 3 6 0 81 123 2033 0.06666666666666667 0.08217993079584775
table-0309-553 8 5 20 138 326 1041 0.5 3.053435114503817
table-0309-653 4 6 0 93 140 1968 0.06666666666666667 0.09155485398579322
table-0309-174 6 4 0 81 123 2033 0.06666666666666667 0.3875432525951557
table-0309-387 5 9 0 274 379 93568 0.125 0.015347651269981367
table-0309-34 20 2 3 92 128 1855 0.06666666666666667 0.46280276816608995
table-0309-102 0 1 0 57 62 79551 1.0 0.0
table-0309-33 6 4 0 92 128 1855 0.06666666666666667 0.25
table-0309-664 11 6 10 171 188 1614 1.0 2.4739039665970775
table-0309-992 7 9 7 153 251 15578 0.1 0.6705298013245033
table-0309-635 1 6 0 135 218 29984 0.1111111111111111 0.0073564798899965625
table-0309-607 6 5 17 146 395 1206 0.5 1.3726415094339623
table-0309-977 8 3 0 43 40 5304 1.0 0.07890961262553801
table-0309-726 3 3 0 61 66 913 1.0 0.6116071428571429
table-0309-603 7 5 14 150 391 1380 0.5 2.03041825095057
table-0309-235 3 9 0 64 184 967 0.1111111111111111 0.27928447778418924
table-0309-644 1 3 0 18 12 3855 1.0 0.27056277056277056
table-0309-865 15 8 13 29 54 3532 1.0 0.5956383462062699
table-0309-628 1 1 1 110 218 7167 0.16666666666666666 0.0
table-0309-859 1 3 0 74 99 2199 1.0 0.02707856598016781
table-0309-930 2 3 0 31 62 17343 0.07692307692307693 0.5660377358490566
table-0309-904 0 1 0 14 19 1064 1.0 0.0
table-0309-439 8 3 0 27 60 1947 1.0 0.2340812613705276
table-0309-397 0 1 0 110 140 10650 1.0 0.0
table-0309-131 35 4 5 248 270 390633 0.3333333333333333 0.19049956369982549
table-0309-773 37 6 22 178 161 2321 0.16666666666666666 3.5465313028764807
table-0309-619 3 6 0 110 209 5370 0.16666666666666666 0.07688098495212038
table-0309-570 5 3 0 25 21 1791 1.0 0.568359375
table-0309-52 9 4 0 1070 683 3032748 1.0 0.026441020760216524
table-0309-95 1 1 0 586 584 60775 0.125 0.011127063890882987
table-0309-967 8 2 0 107 116 13169 0.25 0.11257142857142857
table-0309-991 10 9 10 153 251 15578 0.1 0.8228476821192053
table-0309-943 4 3 0 38 84 3865 1.0 0.09833447410449464
table-0309-586 3 4 0 286 320 1162 0.5 0.05509641873278237
table-0309-502 1 3 0 179 165 2178 0.16666666666666666 0.38675213675213677
table-0309-86 0 1 0 164 184 17557 0.3333333333333333 0.0
table-0309-520 14 11 6 217 271 169 1.0 0.6253988513082323
table-0309-54 0 1 0 17 116 1460 1.0 0.0
table-0309-66 6 4 0 92 132 1784 0.06666666666666667 0.2759515570934256
table-0309-647 1 7 2 48 71 2737 0.25 0.011160714285714286
table-0309-609 8 5 19 148 376 1085 0.5 2.656716417910448
table-0309-789 2 1 0 384 278 37660 0.5 0.005221932114882507
table-0309-17 3 3 0 68 85 313 1.0 0.2210283960092095
table-0309-709 20 2 3 90 133 2026 0.06666666666666667 0.4826989619377163
table-0309-172 3 4 0 81 123 2033 0.06666666666666667 0.1980968858131488
table-0309-573 6 4 13 143 329 1179 0.5 1.2786069651741294
table-0309-817 1 3 0 12 22 955 1.0 0.03547242824895195
table-0309-256 5 7 0 388 464 3552 0.04 0.11702268807217726
table-0309-435 2 3 0 155 33 11689 0.3333333333333333 0.07883565797453002
table-0309-592 0 1 0 1118 328 70682 1.0 0.0
table-0309-740 6 4 0 71 96 5231 0.06666666666666667 0.27744165946413135
table-0309-420 30 7 0 87 209 1329 0.058823529411764705 0.9837883959044369
table-0309-849 13 8 11 177 211 3999 0.2 2.869158878504673
table-0309-163 4 2 0 42 57 44483 0.3333333333333333 0.05590851334180432
table-0309-512 1 3 0 179 169 2327 0.16666666666666666 0.15942028985507245
table-0309-383 0 1 0 274 379 93568 0.125 0.0
table-0309-901 10 4 0 756 479 107 1.0 0.019765790515214304
table-0309-449 6 10 0 62 82 8220 0.5 0.25775104118463676
table-0309-871 41 8 41 24 227 1574 1.0 1.3446392641563667
table-0309-144 1 5 0 137 219 12288 0.5 0.036657681940700806
table-0309-11 9 3 2 242 114 24045 0.2 0.02927455096804292
table-0309-213 24 2 0 882 664 501626 0.16666666666666666 0.08161618669314796
table-0309-87 10 3 2 41 30 3708 0.5 0.5494411006018917
table-0309-385 1 3 0 274 379 93568 0.125 0.0037756202804746495
table-0309-909 1 2 1 78 114 9008 0.3333333333333333 0.007645875251509054
table-0309-422 197 5 91 208 515 40646 0.5 39.17508417508417
table-0309-945 20 3 0 851 464 77777 0.1 0.43157262905162064
table-0309-674 16 11 0 367 391 13447 0.09090909090909091 0.03658668591015696
table-0309-281 9 2 0 161 190 1234 0.5 0.0655858511422255
table-0309-510 29 6 14 179 169 2327 0.16666666666666666 3.5548654244306417
table-0309-134 2 2 0 97 118 7851 0.5 0.03196164602477027
table-0309-544 1 3 0 179 172 2105 0.16666666666666666 0.3333333333333333
table-0309-545 5 2 4 138 311 1294 0.5 0.8473282442748091
table-0309-568 4 3 0 77 76 5650 1.0 0.12488875704538713
table-0309-557 22 4 22 19 31 1087 1.0 0.40254003313086695
table-0309-12 5 3 1 242 114 24045 0.2 0.024725915558665733
table-0309-597 7 5 19 146 372 1175 0.5 1.9056603773584906
table-0309-337 2 3 0 75 409 1615 1.0 0.262987012987013
table-0309-141 3 4 0 61 161 2425 0.1111111111111111 0.518324607329843
table-0309-259 3 9 1 388 464 3552 0.04 0.04763168369377736
table-0309-525 3 2 0 14 40 8526 0.5 0.03255109765329296
table-0309-927 25 8 68 606 225 75330 0.5 1.3263395739186572
table-0309-379 5 9 0 274 379 93568 0.125 0.03697165833088163
table-0309-41 3 4 0 92 128 1855 0.06666666666666667 0.19117647058823528
table-0309-8 7 8 1 188 400 80614 0.3333333333333333 0.03605651105651106
table-0309-408 3 9 0 77 425 1177 0.1111111111111111 0.0025777291265735624
table-0309-500 30 6 15 179 165 2178 0.16666666666666666 3.715811965811966
table-0309-563 5 2 4 145 356 1211 0.5 0.5373134328358209
table-0309-913 1 2 1 219 286 2878 1.0 0.022974607013301087
table-0309-748 3 4 0 71 96 5231 0.06666666666666667 0.19101123595505617
table-0309-430 2 2 0 71 74 5588 1.0 0.035312180143295804
table-0309-201 7 8 0 14 38 4624 0.5 0.1796994118928338
table-0309-404 5 9 0 76 324 1488 0.1111111111111111 0.0041936713686618375
table-0309-993 3 9 3 153 251 15578 0.1 0.282560706401766
table-0309-353 0 1 0 509 283 80111 0.5 0.0
table-0309-983 10 2 0 268 377 2339 0.3333333333333333 0.15101289134438306
table-0309-94 9 3 0 586 584 60775 0.125 0.18054558506819812
table-0309-288 9 2 0 160 178 1270 0.5 0.09318181818181819
table-0309-182 3 4 0 81 123 2033 0.06666666666666667 0.14965397923875431
table-0309-456 6 3 6 9 75 194 1.0 0.3641304347826087
table-0309-948 20 5 1 851 464 77777 0.1 0.6752701080432173
table-0309-712 3 4 0 90 133 2026 0.06666666666666667 0.15570934256055363
table-0309-922 11 3 0 53 50 5522 0.09090909090909091 0.05628822629969419
table-0309-220 1 8 0 33 97 4571 0.2 0.0025994980279670133
table-0309-576 17 2 0 68 225 58205 0.1111111111111111 0.5592203898050975
table-0309-698 21 6 36 25 240 14857 0.06666666666666667 1.6412429378531073
table-0309-976 3 4 0 146 190 5970 0.3333333333333333 0.028513467823734925
table-0309-659 3 6 0 93 140 1968 0.06666666666666667 0.09865824782951854
table-0309-681 19 3 19 44 60 9152 0.25 0.22793719545208446
table-0309-606 6 5 0 67 230 844 0.3333333333333333 0.8825
table-0309-939 71 4 18 256 259 224068 0.3333333333333333 1.3292307692307692
table-0309-965 1 6 0 107 116 13169 0.25 0.028
table-0309-736 0 1 0 26 39 2432 0.25 0.0
table-0309-467 2 2 2 42 49 24378 0.5 0.03820598006644518
table-0309-615 1 3 0 15 85 1430 1.0 0.008489837921276049
table-0309-198 14 3 0 28 43 11022 0.25 0.289864428663654
table-0309-637 1 2 1 135 218 29984 0.1111111111111111 6.875214850464078e-05
table-0309-437 9 2 0 51 60 2449 0.5 0.022887821418479795
table-0309-831 0 1 0 9 17 775 1.0 0.0
table-0309-320 6 6 0 601 708 267859 0.25 0.026225769669327253
table-0309-196 1 3 0 61 94 1090 0.3333333333333333 0.008565834557023984
table-0309-431 5 3 0 142 165 12690 1.0 0.1236388384754991
table-0309-293 1 2 0 11 22 1019 0.5 0.017010309278350514
table-0309-556 8 4 17 141 321 1112 0.5 3.3740458015267176
table-0309-981 6 2 0 11 16 5953 0.3333333333333333 0.2723809523809524
table-0309-903 15 4 11 98 106 25785 0.5 0.8924050632911392
table-0309-763 28 6 13 175 162 2501 0.16666666666666666 3.0128676470588234
table-0309-56 2 3 0 26 44 3300 1.0 0.23638470451911936
table-0309-143 0 1 0 15 17 1441 1.0 0.0
table-0309-715 3 6 0 90 133 2026 0.06666666666666667 0.09083044982698962
table-0309-815 0 1 0 8 15 703 1.0 0.0
table-0309-423 9 7 9 83 111 246 1.0 0.47107438016528924
table-0309-677 10 6 0 367 391 13447 0.09090909090909091 0.008623489085332852
table-0309-472 36 4 0 184 184 13366 1.0 19.871641791044777
table-0309-51 17 4 14 1070 683 3032748 1.0 0.02730355124620784
table-0309-964 10 5 0 152 264 54139 0.5 0.02704007725736359
table-0309-794 4 3 0 343 352 80130 0.3333333333333333 0.07836422240128928
table-0309-336 3 3 2 75 409 1615 1.0 0.474025974025974
table-0309-222 1 6 0 33 97 4571 0.2 0.0035855145213338113
table-0309-875 4 6 7 24 227 1574 1.0 0.07818338603046852
table-0309-880 1 2 1 58 93 7207 1.0 0.0075069142631371
table-0309-494 37 6 22 180 167 2050 0.16666666666666666 3.198776758409786
table-0309-384 0 1 0 274 379 93568 0.125 0.0
table-0309-668 10 4 0 15 17 8044 0.5 0.2645234066553864
table-0309-471 32 4 0 184 184 13366 1.0 19.47462686567164
table-0309-730 3 12 0 155 148 87673 0.5 0.0567698846387371
table-0309-818 6 2 0 197 220 5716 0.125 0.031287605294825514
table-0309-265 4 7 0 388 464 3552 0.04 0.07987262836672417
table-0309-333 1 3 0 17 27 1685 1.0 0.05829596412556054
table-0309-73 3 6 0 92 132 1784 0.06666666666666667 0.06314878892733564
table-0309-466 1 2 0 90 130 3015 0.5 0.03696682464454976
table-0309-633 1 1 1 116 216 7799 0.16666666666666666 0.0
table-0309-72 3 4 1 92 132 1784 0.06666666666666667 0.21626297577854672
table-0309-115 19 2 3 90 135 1676 0.06666666666666667 0.4195501730103806
table-0309-944 1 2 0 175 164 3257 1.0 0.008788689338937715
table-0309-226 5 3 0 55 155 4026 1.0 0.29005847953216374
table-0309-780 21 6 6 102 160 2203 0.16666666666666666 2.742914979757085
table-0309-109 6 3 0 90 135 1676 0.06666666666666667 0.157439446366782
table-0309-161 17 6 0 168 317 27004 0.5 0.031219143869431375
table-0309-936 2 3 0 31 62 17343 0.07692307692307693 0.4339622641509434
table-0309-484 19 6 4 179 164 2450 0.16666666666666666 2.077181208053691
table-0309-335 40 3 2 75 409 1615 1.0 8.262987012987013
table-0309-274 24 15 0 477 420 24721 0.25 0.2909286097691895
table-0309-786 1 1 0 1652 396 104873 1.0 0.0008636473555117975
table-0309-746 3 4 0 71 96 5231 0.06666666666666667 0.14261019878997408
table-0309-248 3 10 0 388 464 3552 0.04 0.08531245853787979
table-0309-442 9 2 0 163 183 839 0.5 0.07058823529411765
table-0309-15 27 7 6 126 103 10634 0.5 0.106710756662128
table-0309-249 2 10 0 388 464 3552 0.04 0.06010348945203662
table-0309-491 1 3 0 178 164 3379 0.16666666666666666 0.20746268656716418
table-0309-507 1 3 0 149 163 1727 0.16666666666666666 0.353515625
table-0309-150 6 2 0 60 86 52546 0.5 0.10768477728830152
table-0309-219 43 7 0 411 350 7556 0.3333333333333333 0.11766469309750431
table-0309-854 14 4 2 859 435 431444 0.2 0.029983582476453816
table-0309-488 21 6 6 178 164 3379 0.16666666666666666 2.0507462686567166
table-0309-591 10 5 14 148 425 1656 0.5 7.007042253521127
table-0309-624 6 4 0 284 315 1124 0.5 0.1052132701421801
table-0309-626 7 5 0 110 218 7167 0.16666666666666666 0.0759322033898305
table-0309-406 3 9 0 77 425 1177 0.1111111111111111 0.0025777291265735624
table-0309-571 29 4 29 11 71 5763 0.5 1.5630667765869743
table-0309-341 2 5 0 157 180 20283 0.3333333333333333 0.025016094914007175
table-0309-347 1 3 0 31 24 20309 0.5 0.07320754716981132
table-0309-935 8 3 0 31 62 17343 0.07692307692307693 1.179245283018868
table-0309-797 3 6 0 137 149 0 0.25 0.018329070758738276
table-0309-548 41 6 26 177 165 2268 0.16666666666666666 3.014945652173913
table-0309-179 3 6 0 81 123 2033 0.06666666666666667 0.06401384083044982
table-0309-210 2 3 0 36 88 3780 1.0 0.09005376344086022
table-0309-973 3 7 2 40 81 688 0.2 0.06937958639092728
table-0309-978 17 10 34 43 40 5304 1.0 3.116212338593974
table-0309-376 3 3 0 352 457 42522 1.0 0.07514009169638308
table-0309-283 9 2 0 161 180 1013 0.5 0.07808090310442145
table-0309-178 2 2 0 81 123 2033 0.06666666666666667 0.0726643598615917
table-0309-424 17 5 9 30 71 6761 1.0 0.03620192909933609
table-0309-710 2 2 0 90 133 2026 0.06666666666666667 0.06401384083044982
table-0309-214 28 5 20 882 664 501626 0.16666666666666666 0.17043197616683217
table-0309-725 10 2 0 28 84 2776 0.3333333333333333 0.3951612903225806
table-0309-579 18 18 209 68 225 58205 0.1111111111111111 2.8065967016491755
table-0309-697 9 7 33 25 240 14857 0.06666666666666667 0.4668079096045198
table-0309-490 35 6 20 178 164 3379 0.16666666666666666 2.953731343283582
table-0309-630 1 6 0 116 216 7799 0.16666666666666666 0.03714622641509434
table-0309-538 1 3 0 179 172 2274 0.16666666666666666 0.1844769403824522
table-0309-428 16 13 0 30 71 6761 1.0 0.06100463484905424
table-0309-169 2 5 1 23 47 1503 0.25 0.03432063939821345
table-0309-275 15 4 0 477 420 24721 0.25 0.12198067632850242
table-0309-711 3 6 0 90 133 2026 0.06666666666666667 0.07958477508650519
table-0309-778 1 3 0 176 153 2113 0.16666666666666666 0.26337448559670784
table-0309-852 24 4 29 859 435 431444 0.2 0.03611855180160719
table-0309-71 3 6 0 92 132 1784 0.06666666666666667 0.1115916955017301
table-0309-920 10 3 0 53 50 5522 0.09090909090909091 0.053325688073394495
table-0309-821 65 8 116 197 220 5716 0.125 1.414921780986763
table-0309-638 1 1 1 135 218 29984 0.1111111111111111 0.0
table-0309-132 13 5 12 248 270 390633 0.3333333333333333 0.060154886561954626
table-0309-758 9 6 6 49 62 137 1.0 0.12551819438046982
table-0309-92 18 11 9 586 584 60775 0.125 0.5868628858578607
table-0309-539 7 3 9 141 128 1816 0.5 1.6046511627906976
table-0309-552 9 5 25 138 334 1032 0.5 3.8625954198473282
table-0309-988 8 4 0 44 113 19555 0.5 0.05655971633659085
table-0309-70 2 2 0 92 132 1784 0.06666666666666667 0.05536332179930796
table-0309-706 6 4 0 90 133 2026 0.06666666666666667 0.2698961937716263
table-0309-858 6 2 1 28 44 2231 1.0 0.06643625192012288
table-0309-475 30 4 0 184 184 13366 1.0 13.525373134328358
table-0309-181 3 6 0 81 123 2033 0.06666666666666667 0.07612456747404844
table-0309-286 9 2 0 158 182 982 0.3333333333333333 0.05046153846153846
table-0309-822 1 3 0 11 52 1382 1.0 0.08599242833964305
table-0309-302 4 2 3 159 163 53843 1.0 0.01256281407035176
table-0309-241 0 1 0 64 184 967 0.1111111111111111 0.0
table-0309-931 1 3 0 31 62 17343 0.07692307692307693 0.2099056603773585
table-0309-879 36 15 6 24 227 1574 1.0 0.5446967519402127
table-0309-895 10 4 0 756 479 107 1.0 0.02079016599539031
table-0309-819 13 2 0 197 220 5716 0.125 0.21564380264741276
table-0309-13 2 3 0 117 85 7161 1.0 0.0403869407496977
table-0309-791 2 3 0 384 278 37660 0.5 0.02138983731673027
table-0309-784 0 1 0 8 14 822 1.0 0.0
table-0309-319 5 6 0 601 708 267859 0.25 0.026465822480945807
table-0309-665 5 4 0 285 320 1278 0.5 0.04093063334769496
table-0309-93 18 19 18 586 584 60775 0.125 0.5746590093323761
table-0309-345 2 3 0 240 338 93221 0.16666666666666666 0.0025918459702966223
table-0309-980 7 2 0 11 16 5953 0.3333333333333333 0.29714285714285715
table-0309-223 7 3 0 33 97 4571 0.2 0.049928289709573324
table-0309-343 19 2 0 240 338 93221 0.16666666666666666 0.057802279178837374
table-0309-474 22 4 0 184 184 13366 1.0 15.528358208955224
table-0309-36 3 6 0 92 128 1855 0.06666666666666667 0.092560553633218
table-0309-696 10 7 34 25 240 14857 0.06666666666666667 0.4682203389830508
table-0309-184 3 4 0 81 123 2033 0.06666666666666667 0.16176470588235295
table-0309-206 12 11 6 223 296 180 1.0 0.9546511627906977
table-0309-482 0 1 0 39 85 6899 1.0 0.0
table-0309-260 11 10 0 388 464 3552 0.04 0.22223696430940693
table-0309-348 1 3 0 82 85 2187 1.0 0.14828544949026876
table-0309-620 2 9 2 110 209 5370 0.16666666666666666 0.027906976744186046
table-0309-363 8 4 0 64 152 6038 1.0 0.17902319044272663
table-0309-429 0 1 0 53 66 1976 0.5 0.0
table-0309-661 3 6 1 93 140 1968 0.06666666666666667 0.08208366219415943
table-0309-329 3 2 0 15 28 1318 0.25 0.07439024390243902
table-0309-45 1 2 1 42 56 3910 1.0 0.009350393700787402
table-0309-529 7 6 17 640 239 49736 0.5 0.04786036036036036
table-0309-899 10 4 0 756 479 107 1.0 0.02125579121365213
table-0309-836 5 3 2 22 43 20064 0.2 0.13494163424124514
table-0309-426 16 14 0 30 71 6761 1.0 0.019228360265564324
table-0309-621 7 5 0 110 209 5370 0.16666666666666666 0.09247606019151847
table-0309-549 1 3 0 177 165 2268 0.16666666666666666 0.25407608695652173
table-0309-432 2 4 0 17 22 363 1.0 0.13211524947294448
table-0309-362 7 4 0 64 152 6038 1.0 0.09469430780042165
table-0309-457 1 2 1 102 212 598 1.0 0.023084025854108958
table-0309-779 1 2 1 6 16 401 1.0 0.028106508875739646
table-0309-483 1 3 0 15 38 853 1.0 0.0811541929666366
table-0309-687 13 3 0 289 274 48674 1.0 0.6578571428571428
table-0309-588 6 5 12 147 349 1605 0.5 2.72636815920398
table-0309-14 5 4 0 126 103 10634 0.5 0.011982104648900992
table-0309-280 9 2 0 165 193 983 0.5 0.05786873676781934
table-0309-667 13 4 9 292 95 2301 0.3333333333333333 3.7344632768361583
table-0309-7 28 5 4 442 189 30059 0.5 1.782472613458529
table-0309-917 8 3 0 53 50 5522 0.09090909090909091 0.035263761467889905
table-0309-378 8 9 0 274 379 93568 0.125 0.05898793762871433
table-0309-282 9 2 0 159 179 1084 0.5 0.07809523809523809
table-0309-464 0 1 0 62 68 2169 1.0 0.0
table-0309-48 22 7 0 182 247 175373 1.0 0.0702679837766553
table-0309-394 15 9 0 274 379 93568 0.125 0.11557320780621752
table-0309-744 2 2 0 71 96 5231 0.06666666666666667 0.06914433880726016
table-0309-796 8 6 0 137 149 0 0.25 0.04290991759022449
table-0309-745 3 6 0 71 96 5231 0.06666666666666667 0.07260155574762317
table-0309-202 3 4 3 329 232 61788 0.5 0.10955302366345311
table-0309-318 11 7 0 6 48 676 0.5 14.6484375
table-0309-885 24 5 0 216 246 3902 0.5 0.58671855996108
table-0309-121 3 6 0 90 135 1676 0.06666666666666667 0.08391003460207612
table-0309-42 3 6 0 92 128 1855 0.06666666666666667 0.0847750865051903
table-0309-63 6 3 0 92 132 1784 0.06666666666666667 0.157439446366782
table-0309-906 1 2 1 271 283 2937 1.0 0.026170798898071626
table-0309-650 3 4 0 93 140 1968 0.06666666666666667 0.1728492501973165
table-0309-975 2 2 0 146 190 5970 0.3333333333333333 0.008565310492505354
table-0309-146 4 10 4 137 219 12288 0.5 0.1477088948787062
table-0309-695 4 6 4 25 240 14857 0.06666666666666667 0.3199152542372881
table-0309-364 4 4 0 64 152 6038 1.0 0.053232607167955026
table-0309-897 10 4 0 756 479 107 1.0 0.020860009778129584
table-0309-458 82 3 0 102 212 598 1.0 0.6020313942751616
table-0309-741 4 6 0 71 96 5231 0.06666666666666667 0.09939498703543648
table-0309-27 1 8 0 118 162 1027 0.1111111111111111 0.01285255265976437
table-0309-810 15 2 15 87 163 8110 0.2 0.2235241099594412
table-0309-412 1 4 1 87 209 1329 0.058823529411764705 0.014505119453924915
table-0309-450 6 3 6 16 139 217 1.0 0.1882770870337478
table-0309-480 1 2 0 89 133 2024 0.5 0.08583690987124463
table-0309-306 4 2 0 24 54 2824 0.5 0.08830364058869093
table-0309-886 2 2 0 80 120 4186 0.3333333333333333 0.091015854374633
table-0309-874 5 11 10 24 227 1574 1.0 0.2431733256682955
table-0309-173 4 6 0 81 123 2033 0.06666666666666667 0.13321799307958476
table-0309-309 40 6 1 22 83 7546 1.0 0.9376193507320179
table-0309-919 9 3 0 53 50 5522 0.09090909090909091 0.041379969418960244
table-0309-723 2 2 0 31 76 8824 1.0 0.09508716323296355
table-0309-754 13 8 10 182 232 6334 0.2 1.4271938283510126
table-0309-366 12 4 3 64 152 6038 1.0 0.1510892480674631
table-0309-627 1 2 1 110 218 7167 0.16666666666666666 0.00022598870056497175
table-0309-35 2 2 0 92 128 1855 0.06666666666666667 0.05363321799307959
table-0309-409 4 9 0 77 425 1177 0.1111111111111111 0.004025494800402549
table-0309-727 14 3 0 226 281 168 1.0 1.6729475100942126
table-0309-876 5 11 1 24 227 1574 1.0 0.18970968669157803
table-0309-846 10 17 0 9 158 6691 0.5 0.22486364104147372
table-0309-515 1 3 0 60 64 2876 0.25 0.321875
table-0309-728 14 11 6 226 281 168 1.0 1.309555854643338
table-0309-389 2 9 0 274 379 93568 0.125 0.016181229773462782
table-0309-594 13 5 19 148 397 1214 0.5 7.71830985915493
table-0309-657 3 6 0 93 140 1968 0.06666666666666667 0.08129439621152329
table-0309-392 16 9 0 274 379 93568 0.125 0.12189859762675297
table-0309-850 0 1 0 36 31 15366 1.0 0.0
table-0309-954 28 4 0 851 464 77777 0.1 0.3283313325330132
table-0309-526 3 4 1 42 341 102 1.0 0.770935960591133
table-0309-720 9 3 0 72 98 9654 1.0 0.22049261083743843
table-0309-243 2 4 0 388 464 3552 0.04 0.04192649595329707
table-0309-414 7 9 7 87 209 1329 0.058823529411764705 0.2619453924914676
table-0309-733 1 4 0 26 39 2432 0.25 0.013333333333333334
table-0309-717 3 6 0 90 133 2026 0.06666666666666667 0.09515570934256055
table-0309-23 4 6 0 118 162 1027 0.1111111111111111 0.10424848268475545
table-0309-566 1 2 1 274 401 2522 1.0 0.027777777777777776
table-0309-276 6 8 0 477 420 24721 0.25 0.05246913580246913
table-0309-772 27 6 12 178 161 2321 0.16666666666666666 2.6531302876480543
table-0309-113 4 6 0 90 135 1676 0.06666666666666667 0.0986159169550173
table-0309-266 2 4 0 388 464 3552 0.04 0.031577550749635135
table-0309-440 9 2 0 158 176 843 0.5 0.07588075880758807
table-0309-531 21 6 10 180 171 2927 0.16666666666666666 1.5576923076923077
table-0309-481 2 2 0 91 33 7216 0.5 0.08177339901477833
table-0309-595 8 5 14 147 454 1637 0.5 2.8773584905660377
table-0309-227 1 5 2 143 181 2118 1.0 0.3402985074626866
table-0309-149 4 10 0 130 183 4026 0.3333333333333333 0.4238310708898944
table-0309-290 9 2 0 157 180 936 0.5 0.052096569250317665
table-0309-311 8 2 0 16 35 5980 0.25 0.08260747400955325
table-0309-84 15 2 0 164 184 17557 0.3333333333333333 0.16896441167040718
table-0309-365 1 4 0 64 152 6038 1.0 0.007730147575544624
table-0309-599 8 5 22 147 404 1308 0.5 2.1455399061032865
table-0309-269 1 2 0 36 44 2264 0.5 0.05506883604505632
table-0309-679 16 3 0 44 74 2566 0.2 1.0941336971350615
table-0309-204 9 4 0 233 153 7103 1.0 0.02157164869029276
table-0309-812 1 3 0 19 38 1644 1.0 0.045361667347772784
table-0309-447 1 3 0 17 45 7685 1.0 0.04641168886978943
table-0309-683 8 3 8 44 60 9152 0.25 0.06930157011369789
table-0309-231 53 3 5 238 241 14053 0.5 11.71111111111111
table-0309-180 3 4 0 81 123 2033 0.06666666666666667 0.1254325259515571
table-0309-533 41 6 26 180 171 2927 0.16666666666666666 2.6006787330316743
table-0309-359 14 19 0 35 170 2117 0.1111111111111111 0.0598108998193987
table-0309-195 0 1 0 381 563 239 1.0 0.0
table-0309-326 5 6 0 182 188 32428 0.16666666666666666 0.0035967561331478404
table-0309-446 1107 3 0 369 1598 170454 0.5 132.93198529411765
table-0309-127 8 3 4 85 95 53831 1.0 0.013613861386138614
table-0309-756 2 3 0 23 57 1326 1.0 0.06078475844862781
table-0309-292 5 3 0 51 48 2597 1.0 0.36723507917174175
table-0309-947 20 3 0 851 464 77777 0.1 0.18307322929171668
table-0309-611 12 5 22 150 460 1526 0.5 7.457746478873239
table-0309-168 6 2 0 23 47 1503 0.25 0.07052186177715092
table-0309-676 0 0 0 367 391 13447 0.09090909090909091 0.0
table-0309-339 5 2 0 86 92 39492 0.3333333333333333 0.06824735661646908
table-0309-451 10 3 10 16 139 217 1.0 0.36767317939609234
table-0309-841 1 4 1 393 142 2480465 0.3333333333333333 0.004855351001416144
table-0309-465 19 3 0 253 267 17343 1.0 0.18178194139924259
table-0309-569 1 2 1 23 44 2767 1.0 0.014189693801344288
table-0309-989 1 3 0 44 113 19555 0.5 0.006486206001902621
table-0309-833 5 2 0 670 174 1194 1.0 0.02124058559702124
table-0309-496 2 3 0 20 35 2133 1.0 1.1719745222929936
table-0309-795 29 3 0 343 352 80130 0.3333333333333333 0.5493553585817889
table-0309-721 11 8 8 176 202 2812 0.5 0.10966112397390024
table-0309-845 1 5 2 200 241 1905 1.0 0.1027190332326284
table-0309-555 7 5 19 138 322 976 0.5 2.717557251908397
table-0309-690 1 6 1 25 240 14857 0.06666666666666667 0.4201977401129944
table-0309-827 10 5 0 250 278 12920 1.0 0.1986111111111111
table-0309-645 4 5 0 122 159 14138 0.25 0.05319693094629156
table-0309-291 19 2 0 42 25 11800 0.5 1.0075528700906344
table-0309-870 21 8 21 24 227 1574 1.0 0.6530612244897959
table-0309-418 12 9 12 87 209 1329 0.058823529411764705 0.49658703071672355
table-0309-749 3 6 0 71 96 5231 0.06666666666666667 0.06568712186689715
table-0309-277 9 2 0 161 179 756 0.5 0.0784688995215311
table-0309-452 6 3 6 16 139 217 1.0 0.21314387211367672
table-0309-866 30 5 24 62 78 2693 0.5 1.1691919191919191
table-0309-65 4 6 0 92 132 1784 0.06666666666666667 0.09515570934256055
table-0309-861 5 2 0 16 41 5779 0.25 0.046395431834404
table-0309-295 9 4 6 40 74 74623 0.25 0.7072419106317411
table-0309-270 1 2 1 20 52 3606 1.0 0.02414860681114551
table-0309-263 4 5 0 388 464 3552 0.04 0.06607403476184158
table-0309-68 6 4 0 92 132 1784 0.06666666666666667 0.23875432525951557
table-0309-69 20 2 3 92 132 1784 0.06666666666666667 0.4290657439446367
table-0309-934 4 6 0 31 62 17343 0.07692307692307693 1.544811320754717
table-0309-953 20 21 20 851 464 77777 0.1 0.5996398559423769
table-0309-1 16 4 0 81 104 1363 0.3333333333333333 8.495726495726496
table-0309-508 13 4 21 42 341 101 1.0 1.5246305418719213
table-0309-367 3 4 0 64 152 6038 1.0 0.025825720309205904
table-0309-942 4 3 0 199 167 738273 1.0 0.08523936170212766
table-0309-308 5 3 0 45 64 3768 1.0 0.09526261585993821
table-0309-142 2 4 0 61 161 2425 0.1111111111111111 0.3193717277486911
table-0309-236 34 9 0 64 184 967 0.1111111111111111 3.1806116560877093
table-0309-824 2 7 2 250 278 12920 1.0 0.0475
table-0309-691 8 7 17 25 240 14857 0.06666666666666667 0.4498587570621469
table-0309-807 15 6 6 87 163 8110 0.2 0.2780531771068049
table-0309-167 2 2 0 23 47 1503 0.25 0.02538787023977433
table-0309-632 8 5 0 116 216 7799 0.16666666666666666 0.10141509433962265
table-0309-32 4 6 0 92 128 1855 0.06666666666666667 0.08737024221453288
table-0309-908 2 3 0 31 190 16008 0.5 0.0006798756798756799
table-0309-193 1 4 0 48 172 1753 0.2 0.3829787234042553
table-0309-191 5 4 0 48 172 1753 0.2 2.3191489361702127
table-0309-470 26 4 0 184 184 13366 1.0 12.635820895522388
table-0309-287 9 2 0 162 180 947 0.5 0.06645056726094004
table-0309-820 1 16 0 197 220 5716 0.125 0.00529482551143201
table-0309-405 4 9 0 76 324 1488 0.1111111111111111 0.0042299802116805545
table-0309-21 6 10 0 118 162 1027 0.1111111111111111 0.15315958586219208
table-0309-968 1 3 0 107 116 13169 0.25 0.08571428571428572
table-0309-96 1 3 0 53 93 33871 1.0 0.017982963508255338
table-0309-782 39 6 24 102 160 2203 0.16666666666666666 4.4757085020242915
table-0309-90 18 5 0 586 584 60775 0.125 0.7871500358937545
table-0309-534 1 3 0 180 171 2927 0.16666666666666666 0.19230769230769232
table-0309-485 28 6 13 179 164 2450 0.16666666666666666 2.684563758389262
table-0309-982 8 5 0 676 488 25633 0.1111111111111111 0.08762668918918919
table-0309-808 4 9 0 87 163 8110 0.2 0.3424966200991438
table-0309-410 6 10 0 87 209 1329 0.058823529411764705 0.3720136518771331
table-0309-148 16 5 0 130 183 4026 0.3333333333333333 1.6063348416289593
table-0309-716 3 4 0 90 133 2026 0.06666666666666667 0.1773356401384083
table-0309-332 1 2 1 11 35 4448 0.5 0.008050847457627118
table-0309-147 1 2 1 130 183 4026 0.3333333333333333 0.0015082956259426848
table-0309-742 6 4 0 71 96 5231 0.06666666666666667 0.2904062229904927
table-0309-881 1 3 0 0 0 0 0.0 108.0
table-0309-381 6 9 0 274 379 93568 0.125 0.043297048151417085
table-0309-692 16 7 36 25 240 14857 0.06666666666666667 0.6772598870056498
table-0309-923 11 3 0 53 50 5522 0.09090909090909091 0.05093654434250765
table-0309-262 11 7 0 388 464 3552 0.04 0.20233514661005705
table-0309-562 6 5 17 145 328 1386 0.5 1.3532338308457712
table-0309-247 2 5 0 388 464 3552 0.04 0.028393259917739153
table-0309-188 13 5 0 274 304 8224 0.5 0.16317316994517897
table-0309-894 9 4 0 756 479 107 1.0 0.020231415733476126
table-0309-328 4 5 0 182 188 32428 0.16666666666666666 0.0038342777645821316
table-0309-368 3 4 0 64 152 6038 1.0 0.02336612789880534
table-0309-128 27 3 13 85 95 53831 1.0 0.039766805627931216
table-0309-900 10 4 0 756 479 107 1.0 0.021954229041044864
table-0309-855 2 2 0 97 116 13106 0.5 0.033264033264033266
table-0309-663 3 6 0 93 140 1968 0.06666666666666667 0.08760852407261246
table-0309-460 10 6 27 374 303 66913 0.2 0.006931818181818182
table-0309-401 0 1 0 103 116 7309 1.0 0.0
table-0309-884 3 5 6 216 246 3902 0.5 0.06373145220141085
table-0309-580 21 17 128 68 225 58205 0.1111111111111111 3.5442278860569716
table-0309-356 14 19 0 35 170 2117 0.1111111111111111 0.05959842770636354
table-0309-124 8 7 7 445 327 13156 0.5 0.13945881653285758
table-0309-974 6 2 0 40 81 688 0.2 0.15210140093395597
table-0309-279 9 2 0 164 184 1191 0.5 0.06431372549019608
table-0309-916 5 3 0 1081 474 14727 1.0 0.04704928006489556
table-0309-357 14 19 0 35 170 2117 0.1111111111111111 0.0616169127801976
table-0309-893 10 4 0 756 479 107 1.0 0.021046259865434312
table-0309-304 1 2 0 63 66 1763 0.3333333333333333 0.1268882175226586
table-0309-911 3 4 0 78 114 9008 0.3333333333333333 0.0482897384305835
table-0309-380 7 9 0 274 379 93568 0.125 0.050897322741982935
table-0309-250 1 10 0 388 464 3552 0.04 0.022688072177258857
table-0309-863 2 3 0 16 41 5779 0.25 0.13990007137758745
table-0309-398 3 2 3 56 76 0 0.5 0.05432722678458623
table-0309-264 2 4 0 388 464 3552 0.04 0.03887488390606342
table-0309-240 12 12 0 64 184 967 0.1111111111111111 0.4241200230813618
table-0309-684 9 4 0 165 194 1046 1.0 1.0185589519650655
table-0309-781 29 6 14 102 160 2203 0.16666666666666666 3.3785425101214575
table-0309-671 13 3 0 104 186 6136 1.0 0.37526777020447905
table-0309-427 16 14 0 30 71 6761 1.0 0.04356131780032569
table-0309-705 4 6 0 90 133 2026 0.06666666666666667 0.09429065743944637
table-0309-334 4 3 0 75 409 1615 1.0 0.8246753246753247
table-0309-912 3 3 0 175 156 26153 1.0 0.025985825913138288
table-0309-312 5 2 0 16 35 5980 0.25 0.04523742624332678
table-0309-477 16 2 0 11 21 2766 0.5 0.13699080157687255
table-0309-205 12 3 0 223 296 180 1.0 1.2244186046511627
table-0309-543 40 6 25 179 172 2105 0.16666666666666666 3.5157232704402515
table-0309-761 6 3 0 65 46 5509 0.5 1.9726775956284153
table-0309-790 1 3 0 384 278 37660 0.5 0.01174934725848564
table-0309-396 17 5 2 210 177 11223 0.3333333333333333 1.5485744456177402
table-0309-40 3 6 0 92 128 1855 0.06666666666666667 0.09688581314878893
table-0309-493 27 6 12 180 167 2050 0.16666666666666666 2.376146788990826
table-0309-660 3 4 0 93 140 1968 0.06666666666666667 0.1941594317284925
table-0309-407 1 9 0 77 425 1177 0.1111111111111111 0.0010063737001006373
table-0309-230 18 3 0 238 241 14053 0.5 6.025925925925926
table-0309-928 7 3 0 31 62 17343 0.07692307692307693 1.3537735849056605
table-0309-804 1 3 0 14 13 1288 1.0 0.44551282051282054
table-0309-783 1 3 0 102 160 2203 0.16666666666666666 0.4898785425101215
table-0309-762 20 6 5 175 162 2501 0.16666666666666666 2.417279411764706
table-0309-868 19 8 0 24 227 1574 1.0 0.2112676056338028
table-0309-511 40 6 25 179 169 2327 0.16666666666666666 4.63768115942029
table-0309-542 30 6 15 179 172 2105 0.16666666666666666 2.7861635220125787
table-0309-616 17 3 0 211 169 485 1.0 0.36350172782623
table-0309-411 3 4 3 87 209 1329 0.058823529411764705 0.181740614334471
table-0309-138 2 4 0 61 161 2425 0.1111111111111111 0.4424083769633508
table-0309-199 10 4 0 28 43 11022 0.25 0.3053582956746288
table-0309-905 1 5 2 199 236 1550 1.0 0.1303780964797914
table-0309-252 1 18 0 388 464 3552 0.04 0.015390739020830569
table-0309-82 3 2 0 11 18 447 1.0 0.11938382541720154
table-0309-718 2 7 2 57 64 1504 0.5 0.2061711079943899
table-0309-722 8 3 0 91 62 6829 1.0 0.29300567107750475
table-0309-448 2 11 0 26 54 5031 1.0 0.12175288005421278
table-0309-990 1 2 1 10 19 4077 1.0 0.017210144927536232
table-0309-610 10 3 0 109 132 8494 1.0 0.25901398086828553
table-0309-938 94 4 89 256 259 224068 0.3333333333333333 1.0326153846153847
table-0309-636 8 5 0 135 218 29984 0.1111111111111111 0.023856995531110346
table-0309-830 0 1 0 250 278 12920 1.0 0.0
table-0309-255 9 7 0 388 464 3552 0.04 0.21613374021493964
table-0309-509 21 6 6 179 169 2327 0.16666666666666666 2.803312629399586
table-0309-932 1 3 0 31 62 17343 0.07692307692307693 0.5660377358490566
table-0309-882 1 2 1 10 22 2048 1.0 0.028189910979228485
table-0309-757 1 3 0 80 79 1601 1.0 0.10296540362438221
table-0309-536 32 6 17 179 172 2274 0.16666666666666666 2.1901012373453317
table-0309-838 2 3 0 22 43 20064 0.2 0.03159533073929961
table-0309-499 21 6 6 179 165 2178 0.16666666666666666 2.8974358974358974
table-0309-125 5 2 0 534 709 23704 1.0 0.010687585553332631
table-0309-489 27 6 12 178 164 3379 0.16666666666666666 2.317910447761194
table-0309-864 6 4 0 0 0 0 0.0 162.0
