table_id rows cols nulls inlinks outlinks views table_imp table_fraction
table-0105-789 0 1 0 182 255 4293 0.14285714285714285 0.0
table-0105-430 1 2 0 29 42 1505 1.0 0.033625730994152045
table-0105-160 12 2 0 192 354 39634 0.5 0.050999661131819723
table-0105-38 6 7 0 230 322 2051 0.14285714285714285 0.17794316644113667
table-0105-795 3 13 13 474 672 44451 0.038461538461538464 0.006975730271762825
table-0105-834 4 2 0 18 34 2749 0.125 0.023848956608148394
table-0105-648 0 1 0 39 45 1561 0.5 0.0
table-0105-753 1 4 1 520 807 46669 1.0 0.24015748031496062
table-0105-691 17 4 0 238 356 4727 0.16666666666666666 0.9986449864498645
table-0105-104 3 11 2 53 261 2901 0.058823529411764705 0.03920866529406499
table-0105-42 14 4 0 230 322 2051 0.14285714285714285 0.9404600811907984
table-0105-592 6 5 21 137 170 2983 1.0 0.3028263795423957
table-0105-929 0 1 0 173 244 2530 0.14285714285714285 0.0
table-0105-304 1 7 0 238 283 1872 0.14285714285714285 0.051423324150596875
table-0105-624 1 3 0 193 249 28896 0.5 0.031825414867015234
table-0105-751 9 4 8 520 807 46669 1.0 2.736220472440945
table-0105-476 48 5 0 55 731 141953 1.0 0.31465128852045415
table-0105-277 2 7 0 228 265 1836 0.14285714285714285 0.10010111223458039
table-0105-940 6 4 0 178 250 2466 0.14285714285714285 0.5062240663900415
table-0105-269 10 3 0 1126 565 147002 0.5 0.03369281736801297
table-0105-354 1 2 1 10 26 4433 1.0 0.011942174732872407
table-0105-563 7 5 7 43 247 93111 0.05 0.06976266310490085
table-0105-54 6 7 0 229 285 1821 0.14285714285714285 0.2407079646017699
table-0105-516 20 6 0 743 687 251473 1.0 0.35892043463021384
table-0105-960 65 5 0 3 73 832 1.0 14.398753894080997
table-0105-689 58 4 57 36 145 22787 1.0 0.34059725585149314
table-0105-667 5 3 0 276 319 7024 1.0 0.0581783146816868
table-0105-236 1 8 0 230 283 2009 0.14285714285714285 0.036431226765799254
table-0105-461 9 2 0 65 209 5131 0.022727272727272728 0.034087882822902794
table-0105-294 0 1 0 236 292 1845 0.14285714285714285 0.0
table-0105-30 3 8 0 234 336 1973 0.14285714285714285 0.09269282814614344
table-0105-84 1 7 0 229 272 1742 0.14285714285714285 0.04365482233502538
table-0105-402 24 6 23 39 174 729 0.1111111111111111 4.469767441860465
table-0105-228 3 7 0 234 264 2855 0.14285714285714285 0.0475557033588294
table-0105-912 12 7 0 155 188 2867 0.3333333333333333 0.9126838235294118
table-0105-146 3 4 1 473 223 54164 0.5 0.028345834978286615
table-0105-723 7 2 0 157 82 23289 0.1 0.06635682933126776
table-0105-64 1 5 0 228 273 1760 0.14285714285714285 0.04809437386569873
table-0105-62 4 7 0 228 273 1760 0.14285714285714285 0.17785843920145192
table-0105-544 1 2 1 21 32 1529 1.0 0.016568047337278107
table-0105-752 7 4 8 520 807 46669 1.0 2.4763779527559056
table-0105-645 2 2 0 106 151 17775 0.25 0.015923207227555053
table-0105-556 7 7 3 43 247 93111 0.05 0.14003904243296003
table-0105-831 6 2 0 18 34 2749 0.125 0.03577343491222259
table-0105-612 6 8 1 341 245 19612 0.2 0.16030534351145037
table-0105-905 0 1 0 181 252 3547 0.14285714285714285 0.0
table-0105-220 3 7 0 227 270 1769 0.14285714285714285 0.09903381642512077
table-0105-497 9 2 0 55 136 33416 0.2 0.2598105548037889
table-0105-145 1 1 0 473 223 54164 0.5 0.0008685353335965259
table-0105-739 15 4 15 520 807 46669 1.0 5.34251968503937
table-0105-981 7 1 7 10773 1066 1673790 0.5 0.0
table-0105-574 2 2 0 9 19 964 1.0 0.0673828125
table-0105-520 1 7 0 970 566 142635 0.047619047619047616 0.009866171729999023
table-0105-106 6 11 0 53 261 2901 0.058823529411764705 0.03347954525109659
table-0105-372 2 8 0 233 264 5023 0.16666666666666666 0.06449511400651466
table-0105-602 1 2 1 42 50 11527 1.0 0.015459723352318959
table-0105-655 33 4 33 535 453 730718 0.5 0.08661917189814489
table-0105-196 2 8 0 227 276 2100 0.14285714285714285 0.06751389992057188
table-0105-825 0 1 0 179 251 3384 0.14285714285714285 0.0
table-0105-385 3 2 0 6451 714 917317 0.5 0.014574678199278077
table-0105-816 0 1 0 176 244 3492 0.14285714285714285 0.0
table-0105-979 0 1 0 10773 1066 1673790 0.5 0.0
table-0105-998 1 1 0 120 96 69222 0.1 0.00721240533717995
table-0105-481 139 7 0 55 731 141953 1.0 0.8644800865020724
table-0105-688 12 7 3 262 186 2038 0.2 1.2915129151291513
table-0105-271 1 8 0 231 270 2079 0.14285714285714285 0.05888324873096447
table-0105-46 1 8 0 228 283 1717 0.14285714285714285 0.05583250249252243
table-0105-428 3 2 0 13 33 3005 0.3333333333333333 0.07529411764705882
table-0105-586 1 3 0 20 25 795 1.0 0.24500907441016334
table-0105-214 1 7 0 230 266 1772 0.14285714285714285 0.03626943005181347
table-0105-565 6 2 0 86 113 4673 0.5 0.011248515335708796
table-0105-697 17 15 0 154 102 4708 1.0 0.22907932248868018
table-0105-863 4 5 0 178 252 3064 0.14285714285714285 0.082238077356365
table-0105-811 1 3 0 19 23 1581 1.0 0.12198067632850242
table-0105-510 3 5 0 259 114 261 1.0 0.06751275677090147
table-0105-972 6 4 0 178 250 2584 0.125 0.3741967375185368
table-0105-787 0 1 0 182 255 4293 0.14285714285714285 0.0
table-0105-495 1 2 1 37 58 4948 1.0 0.0085431654676259
table-0105-665 26 6 0 46 49 11449 0.25 0.4910199932226364
table-0105-657 68 7 58 73 259 49361 0.5 0.21152424883406815
table-0105-80 8 5 0 229 272 1742 0.14285714285714285 0.48020304568527916
table-0105-355 1 3 0 15 26 555 1.0 0.12028542303771661
table-0105-855 9 11 0 176 252 3156 0.14285714285714285 0.20390070921985815
table-0105-339 3 7 0 231 264 1610 0.14285714285714285 0.11827956989247312
table-0105-683 34 9 16 105 120 19210 0.3333333333333333 3.9062114356232005
table-0105-482 65 5 0 55 731 141953 1.0 0.40728059109749504
table-0105-666 5 3 0 46 49 11449 0.25 0.06912910877668586
table-0105-188 0 1 0 57 73 3636 0.3333333333333333 0.0
table-0105-195 8 5 0 227 276 2100 0.14285714285714285 0.374900714853058
table-0105-9 1 8 0 231 327 2043 0.14285714285714285 0.021486892995272882
table-0105-350 3 7 0 231 267 1707 0.14285714285714285 0.08984375
table-0105-420 11 5 3 94 48 39440 0.3333333333333333 0.0572721396250808
table-0105-807 0 1 0 474 672 44451 0.038461538461538464 0.0
table-0105-848 0 1 0 179 251 3405 0.14285714285714285 0.0
table-0105-407 30 4 18 145 104 311641 0.3333333333333333 0.42951541850220265
table-0105-661 4 5 0 235 178 35264 0.25 0.08304498269896193
table-0105-749 6 4 6 520 807 46669 1.0 2.7244094488188977
table-0105-478 77 7 0 55 731 141953 1.0 0.5507298612362588
table-0105-814 0 1 0 176 244 3492 0.14285714285714285 0.0
table-0105-290 2 7 0 229 271 1721 0.14285714285714285 0.07542147293700088
table-0105-182 4 3 0 18 39 1136 1.0 0.525987525987526
table-0105-675 8 6 2 255 188 1871 0.2 0.918918918918919
table-0105-788 0 1 0 182 255 4293 0.14285714285714285 0.0
table-0105-842 15 2 15 6 263 675 1.0 0.30927835051546393
table-0105-91 2 7 0 228 273 1905 0.14285714285714285 0.08223350253807106
table-0105-678 10 3 13 19 76 1305 0.5 0.17134533898305085
table-0105-736 3 4 3 520 807 46669 1.0 0.9409448818897638
table-0105-69 1 7 0 229 277 1877 0.14285714285714285 0.04568527918781726
table-0105-539 1 3 0 74 71 3160 1.0 0.22610015174506828
table-0105-161 12 5 0 192 354 39634 0.5 0.06658759742460182
table-0105-52 8 5 0 229 285 1821 0.14285714285714285 0.4168141592920354
table-0105-997 1 1 0 120 96 69222 0.1 0.004147133068878471
table-0105-741 3 4 3 520 807 46669 1.0 0.9330708661417323
table-0105-840 13 2 13 212 262 1923 0.5 0.05889014722536806
table-0105-165 3 2 0 44 57 2150 0.3333333333333333 0.07106076210092688
table-0105-442 12 6 0 25 620 41869 0.09090909090909091 7.937037037037037
table-0105-500 8 6 0 1 7 337 1.0 0.7206537890044576
table-0105-573 12 6 0 12 118 1131 0.5 2.3316326530612246
table-0105-517 20 3 0 743 687 251473 1.0 0.06876971608832808
table-0105-693 15 4 4 238 356 4727 0.16666666666666666 0.8753387533875339
table-0105-244 36 7 32 19 291 971 0.25 11.878238341968911
table-0105-616 24 4 25 736 1188 54478 1.0 0.06509986148965641
table-0105-126 19 6 18 45 174 587 0.09090909090909091 3.9326424870466323
table-0105-331 1 7 0 231 271 1831 0.14285714285714285 0.04887585532746823
table-0105-885 6 4 0 198 264 6676 0.0625 0.19464524765729585
table-0105-191 5 5 0 40 47 27241 0.25 0.15810711665443875
table-0105-803 9 7 0 474 672 44451 0.038461538461538464 0.058276413312018605
table-0105-943 9 8 0 177 248 2548 0.14285714285714285 0.2401987852015461
table-0105-654 24 11 18 535 453 730718 0.5 0.1472102701558863
table-0105-770 5 11 9 137 322 4231 1.0 0.2989208633093525
table-0105-883 0 1 0 198 264 6676 0.0625 0.0
table-0105-965 1 3 0 17 70 903 1.0 0.03926031294452347
table-0105-452 0 1 0 279 324 1541 1.0 0.0
table-0105-177 3 7 0 92 79 14551 0.5 0.03034995354598947
table-0105-312 2 8 0 233 286 1996 0.14285714285714285 0.08952702702702703
table-0105-913 6 8 0 155 188 2867 0.3333333333333333 0.28125
table-0105-29 8 5 0 234 336 1973 0.14285714285714285 0.3267929634641407
table-0105-872 0 1 0 179 256 3161 0.058823529411764705 0.0
table-0105-250 38 7 34 49 439 2664 0.1 13.849431818181818
table-0105-909 0 1 0 181 252 3547 0.14285714285714285 0.0
table-0105-572 12 12 0 199 179 2390 1.0 0.34290271132376393
table-0105-646 3 4 0 106 151 17775 0.25 0.027555053642010163
table-0105-266 1 5 2 6 20 610 1.0 0.18464730290456433
table-0105-907 0 1 0 181 252 3547 0.14285714285714285 0.0
table-0105-951 1 2 0 184 207 19996 0.5 0.014906027219701879
table-0105-695 1 2 1 52 67 4103 1.0 0.009644670050761422
table-0105-715 32 5 0 199 273 300936 0.2 0.2225496800269451
table-0105-206 7 8 0 231 266 2014 0.125 0.2911737943585077
table-0105-377 1 3 0 13 22 1025 1.0 0.08600469116497264
table-0105-256 43 9 23 49 439 2664 0.1 19.267045454545453
table-0105-231 1 8 0 230 272 1897 0.14285714285714285 0.05876393110435663
table-0105-366 2 7 0 231 266 2018 0.16666666666666666 0.08270676691729323
table-0105-19 4 7 0 226 326 1839 0.14285714285714285 0.13619810633648943
table-0105-358 6 8 0 230 266 1851 0.14285714285714285 0.2654109589041096
table-0105-239 1 7 0 230 283 2009 0.14285714285714285 0.02973977695167286
table-0105-212 0 1 0 230 266 1772 0.14285714285714285 0.0
table-0105-904 14 3 0 73 94 2711 1.0 0.1698604211024367
table-0105-308 5 7 0 228 281 1761 0.14285714285714285 0.19397697077059345
table-0105-190 10 2 0 40 47 27241 0.25 0.09280997798972854
table-0105-263 1 1 0 2012 493 220223 0.5 0.00031127712557808606
table-0105-835 4 2 0 18 34 2749 0.125 0.028817489234845974
table-0105-680 2 1 0 157 137 1698 1.0 0.12596899224806202
table-0105-656 4 3 0 535 453 730718 0.5 0.028496861113070465
table-0105-978 1 11 0 10772 1066 1673790 0.5 0.00525519141481998
table-0105-579 19 5 0 14 82 342 1.0 7.210332103321033
table-0105-830 4 2 0 18 34 2749 0.125 0.02914872474329248
table-0105-771 6 4 0 137 322 4231 1.0 0.258273381294964
table-0105-607 1 2 0 219 174 50183 0.16666666666666666 0.006222477503350565
table-0105-970 0 1 0 178 250 2584 0.125 0.0
table-0105-768 0 1 0 137 322 4231 1.0 0.0
table-0105-267 2 4 0 192 94 87739 0.3333333333333333 0.0068454481298518
table-0105-93 8 5 0 228 270 1941 0.14285714285714285 0.43211009174311926
table-0105-325 5 7 0 232 282 1940 0.14285714285714285 0.2708333333333333
table-0105-240 0 1 0 230 283 2009 0.14285714285714285 0.0
table-0105-926 7 5 0 173 244 2530 0.14285714285714285 0.23529411764705882
table-0105-596 4 8 1 416 255 22364 0.16666666666666666 0.2356060606060606
table-0105-65 1 4 0 228 273 1760 0.14285714285714285 0.09074410163339383
table-0105-836 1 3 0 28 55 814 1.0 0.1313526192337764
table-0105-877 6 4 0 179 256 3161 0.058823529411764705 0.36551030668677725
table-0105-873 0 1 0 179 256 3161 0.058823529411764705 0.0
table-0105-702 19 5 0 5 29 517 0.5 7.584615384615384
table-0105-223 0 1 0 229 272 1894 0.14285714285714285 0.0
table-0105-163 13 2 0 192 354 39634 0.5 0.05692985428668248
table-0105-155 12 5 0 192 354 39634 0.5 0.23127753303964757
table-0105-311 3 5 0 228 281 1761 0.14285714285714285 0.1266607617360496
table-0105-759 10 5 22 125 81 4171 0.3333333333333333 0.2837977296181631
table-0105-437 6 5 6 168 647 23104 0.3333333333333333 0.25085714285714283
table-0105-934 7 7 0 178 250 2466 0.14285714285714285 0.32503457814661135
table-0105-320 4 7 0 229 284 1689 0.14285714285714285 0.15722120658135283
table-0105-107 9 2 0 53 261 2901 0.058823529411764705 0.08083430310625728
table-0105-380 7 2 0 6451 714 917317 0.5 0.05128379758904856
table-0105-448 14 7 7 25 620 41869 0.09090909090909091 37.67037037037037
table-0105-336 1 7 0 235 268 1677 0.14285714285714285 0.03816793893129771
table-0105-871 4 5 0 179 256 3161 0.058823529411764705 0.11412770236299648
table-0105-630 5 9 3 37 47 883 0.5 0.5360824742268041
table-0105-606 5 2 0 219 174 50183 0.16666666666666666 0.018954623779437105
table-0105-650 8 3 0 7 296 416 0.16666666666666666 0.5335929892891919
table-0105-714 94 4 2 57 120 2780 0.5 4.302861685214626
table-0105-253 41 8 3 49 439 2664 0.1 16.957386363636363
table-0105-117 18 6 17 45 174 587 0.09090909090909091 3.44300518134715
table-0105-474 52 5 0 55 731 141953 1.0 0.28455577581546226
table-0105-463 9 2 0 65 209 5131 0.022727272727272728 0.04030181979582779
table-0105-133 1 1 0 106 101 8173 1.0 0.010927691234596606
table-0105-224 1 6 0 229 272 1894 0.14285714285714285 0.0373066424021838
table-0105-10 1 7 0 231 327 2043 0.14285714285714285 0.025354533734422
table-0105-424 3 5 0 106 113 120269 0.25 0.04156028368794326
table-0105-518 10 8 0 743 687 251473 1.0 0.09772169645986681
table-0105-289 3 7 0 229 271 1721 0.14285714285714285 0.12067435669920142
table-0105-120 26 6 25 45 174 587 0.09090909090909091 4.917098445595855
table-0105-763 1 3 0 137 322 4231 1.0 0.05107913669064748
table-0105-459 9 2 0 65 209 5131 0.022727272727272728 0.047936085219707054
table-0105-962 7 2 0 0 0 0 0.0 441.0
table-0105-138 60 7 0 37 34 44390 1.0 58.884169884169886
table-0105-704 10 9 20 123 156 1811 1.0 1.59238699444885
table-0105-614 30 5 53 736 1188 54478 1.0 0.0472722398462982
table-0105-820 1 3 0 27 38 590 1.0 0.11755361397934869
table-0105-994 1 1 0 120 96 69222 0.1 0.0023440317345834838
table-0105-32 5 7 0 234 336 1973 0.14285714285714285 0.15087956698240865
table-0105-707 20 4 0 224 239 2723 0.16666666666666666 3.06368330464716
table-0105-953 1 3 0 184 207 19996 0.5 0.018794556059624108
table-0105-774 4 5 0 236 300 7035 0.1111111111111111 0.09392503231365791
table-0105-506 20 3 0 255 514 11574 1.0 0.021709881188570385
table-0105-636 0 1 0 35 42 968 0.5 0.0
table-0105-792 4 2 0 88 89 1170 0.5 0.07518796992481203
table-0105-895 5 4 0 10 248 3005 0.08333333333333333 0.07149781871061561
table-0105-776 0 1 0 236 300 7035 0.1111111111111111 0.0
table-0105-983 6 1 6 10772 1066 1673790 0.5 0.0
table-0105-257 45 9 27 49 439 2664 0.1 19.894886363636363
table-0105-503 10 3 0 255 514 11574 1.0 0.010946158582472464
table-0105-394 8 2 0 15 33 9669 0.5 0.4483906770255272
table-0105-915 30 5 10 196 179 7124 0.5 1.5477064220183485
table-0105-4 3 7 0 231 295 1815 0.14285714285714285 0.0873634945397816
table-0105-732 30 4 29 520 807 46669 1.0 12.106299212598426
table-0105-731 17 4 17 520 807 46669 1.0 5.838582677165355
table-0105-483 17 4 0 55 731 141953 1.0 0.1331771490358623
table-0105-897 23 10 1 10 248 3005 0.08333333333333333 1.0550169655841009
table-0105-122 25 6 24 45 174 587 0.09090909090909091 5.015544041450777
table-0105-973 0 1 0 178 250 2584 0.125 0.0
table-0105-68 2 7 0 229 277 1877 0.14285714285714285 0.07445008460236886
table-0105-187 1 2 0 57 73 3636 0.3333333333333333 0.018666666666666668
table-0105-718 1 2 0 13 22 2135 1.0 0.0368
table-0105-439 1 2 1 30 46 3829 1.0 0.01424287856071964
table-0105-466 9 2 0 65 209 5131 0.022727272727272728 0.04607190412782956
table-0105-869 6 4 0 178 252 3064 0.14285714285714285 0.2827638002253098
table-0105-36 8 5 0 230 322 2051 0.14285714285714285 0.32070365358592695
table-0105-245 1 1 0 57 120 16018 1.0 0.0005688282138794084
table-0105-306 0 1 0 12 85 970 1.0 0.0
table-0105-894 5 4 0 10 248 3005 0.08333333333333333 0.046049442559379546
table-0105-110 8 11 11 53 261 2901 0.058823529411764705 0.07734312058007341
table-0105-77 3 7 0 229 286 2040 0.14285714285714285 0.0888728323699422
table-0105-238 1 7 0 230 283 2009 0.14285714285714285 0.0275092936802974
table-0105-284 4 7 0 230 275 1709 1.0 0.16633266533066132
table-0105-578 19 18 155 14 82 342 1.0 2.3468634686346865
table-0105-866 8 7 0 178 252 3064 0.14285714285714285 0.08261359369132558
table-0105-673 11 6 0 255 188 1871 0.2 1.2142857142857142
table-0105-975 5 4 0 174 249 2395 0.5 0.6294466403162056
table-0105-454 2 3 0 65 209 5131 0.022727272727272728 0.007279183311140702
table-0105-989 6 2 0 49 54 6157 0.2 0.18962264150943398
table-0105-580 5 3 0 14 82 342 1.0 1.3062730627306274
table-0105-818 6 4 0 176 244 3492 0.14285714285714285 0.5949764521193093
table-0105-288 0 1 0 229 271 1721 0.14285714285714285 0.0
table-0105-397 23 5 0 6 168 624 0.5 8.187793427230046
table-0105-775 9 10 0 236 300 7035 0.1111111111111111 0.13614821197759586
table-0105-564 2 6 2 43 247 93111 0.05 0.018904757012226447
table-0105-292 0 1 0 236 292 1845 0.14285714285714285 0.0
table-0105-154 12 5 0 192 354 39634 0.5 0.23212470349034225
table-0105-315 1 7 0 233 286 1996 0.14285714285714285 0.04814189189189189
table-0105-933 0 1 0 173 244 2530 0.14285714285714285 0.0
table-0105-332 0 1 0 231 271 1831 0.14285714285714285 0.0
table-0105-534 1 2 1 6 26 2027 1.0 0.009788768675940238
table-0105-115 0 0 0 53 261 2901 0.058823529411764705 0.0
table-0105-462 2 4 0 65 209 5131 0.022727272727272728 0.008610741233910342
table-0105-634 7 5 4 219 180 201942 0.25 0.025755624573895918
table-0105-603 1 1 0 73 154 21843 1.0 0.003069114088414094
table-0105-200 1 7 0 227 276 2100 0.14285714285714285 0.027005559968228753
table-0105-75 3 7 0 229 286 2040 0.14285714285714285 0.09826589595375723
table-0105-647 4 9 2 39 45 1561 0.5 0.38666666666666666
table-0105-773 0 1 0 84 93 594 1.0 0.0
table-0105-528 11 5 32 8 41 806 0.5 0.7200674536256324
table-0106-1000 1 1 0 120 96 69222 0.1 0.0030652722683014787
table-0105-81 1 8 0 229 272 1742 0.14285714285714285 0.05786802030456853
table-0105-543 19 6 0 236 166 3868 0.3333333333333333 10.709677419354838
table-0105-264 1 5 2 6 22 652 1.0 0.22431865828092243
table-0105-5 5 4 0 231 295 1815 0.14285714285714285 0.4656786271450858
table-0105-781 1 3 0 236 300 7035 0.1111111111111111 0.07410598879793193
table-0105-598 4 5 0 32 34 4159 0.5 0.12159329140461216
table-0105-644 7 4 0 282 297 8010 0.5 0.7155635062611807
table-0105-876 0 1 0 179 256 3161 0.058823529411764705 0.0
table-0105-583 6 3 0 12 15 5378 0.3333333333333333 0.2788273615635179
table-0105-923 0 1 0 177 252 2493 0.14285714285714285 0.0
table-0105-779 0 1 0 236 300 7035 0.1111111111111111 0.0
table-0105-63 3 7 0 228 273 1760 0.14285714285714285 0.11070780399274047
table-0105-669 9 4 0 290 279 8138 0.3333333333333333 1.7955271565495208
table-0105-769 6 11 9 137 322 4231 1.0 0.4158273381294964
table-0105-901 5 4 0 10 248 3005 0.08333333333333333 0.0506543868153175
table-0105-418 6 3 0 30 45 916 0.25 0.5045207956600362
table-0105-398 22 6 21 39 174 729 0.1111111111111111 4.223255813953489
table-0105-690 17 4 0 238 356 4727 0.16666666666666666 1.1287262872628727
table-0105-383 5 2 0 6451 714 917317 0.5 0.05686848736634203
table-0105-856 0 1 0 176 252 3156 0.14285714285714285 0.0
table-0105-417 6 3 0 30 45 916 0.25 0.46473779385171793
table-0105-748 13 4 13 520 807 46669 1.0 6.2795275590551185
table-0105-501 1 2 1 10 28 2415 1.0 0.014751552795031056
table-0105-55 3 7 0 229 285 1821 0.14285714285714285 0.10353982300884956
table-0105-431 3 2 3 10 45 1401 1.0 0.031472359058565956
table-0105-174 11 6 0 152 162 2203 0.2 1.199616122840691
table-0105-660 21 13 0 235 178 35264 0.25 0.8394463667820069
table-0105-198 2 7 0 227 276 2100 0.14285714285714285 0.07227958697378872
table-0105-703 11 4 11 123 156 1811 1.0 1.0610626486915147
table-0105-360 5 7 0 230 266 1851 0.14285714285714285 0.1892123287671233
table-0105-147 2 4 0 245 123 67324 0.2 0.014613085353703089
table-0105-958 2 1 0 157 130 1596 1.0 0.16290726817042606
table-0105-151 3 4 0 30 26 2533 0.3333333333333333 0.008617636642663204
table-0105-273 2 7 0 231 270 2079 0.14285714285714285 0.08121827411167512
table-0105-743 2 4 2 520 807 46669 1.0 0.5078740157480315
table-0105-535 8 2 0 70 64 17349 0.5 0.07016129032258064
table-0105-486 40 3 0 55 731 141953 1.0 0.20598306001081276
table-0105-854 4 5 0 176 252 3156 0.14285714285714285 0.13002364066193853
table-0105-976 0 1 0 174 249 2395 0.5 0.0
table-0105-328 1 8 0 231 271 1831 0.14285714285714285 0.0635386119257087
table-0105-85 3 7 0 229 272 1742 0.14285714285714285 0.11472081218274112
table-0105-796 3 12 12 474 672 44451 0.038461538461538464 0.00639441941578259
table-0105-950 1 3 0 98 96 22106 1.0 0.03425732217573222
table-0105-918 8 5 0 478 292 15320 1.0 0.2888672508925674
table-0105-487 33 7 0 55 731 141953 1.0 0.24653090646963416
table-0105-545 3 7 4 43 247 93111 0.05 0.043665878968457826
table-0105-201 1 8 0 230 274 1804 0.14285714285714285 0.05080440304826418
table-0105-597 20 11 6 74 103 1096 0.5 0.5884718498659517
table-0105-824 3 7 0 179 251 3384 0.14285714285714285 0.08091414453366276
table-0105-491 39 7 0 55 731 141953 1.0 0.27626599387276984
table-0105-342 0 1 0 231 264 1610 0.14285714285714285 0.0
table-0105-297 10 2 0 69 128 20221 0.3333333333333333 0.07450664518727346
table-0105-387 7 2 0 6451 714 917317 0.5 0.058979772526050536
table-0105-561 2 3 0 43 247 93111 0.05 0.00544539196547827
table-0105-589 0 1 0 12 52 2020 1.0 0.0
table-0105-143 8 5 4 76 70 2490 0.5 0.8157602663706992
table-0105-17 3 7 0 226 326 1839 0.14285714285714285 0.101238164603059
table-0105-26 9 7 0 234 326 2831 0.14285714285714285 0.18408662900188325
table-0105-132 19 5 39 30 37 1917 1.0 5.686274509803922
table-0105-307 6 8 0 228 281 1761 0.14285714285714285 0.2612931798051373
table-0105-710 9 1 0 4 56 1140 0.5 0.0024017612916138503
table-0105-234 2 7 0 230 272 1897 0.14285714285714285 0.08105369807497467
table-0105-175 9 6 0 152 162 2203 0.2 0.9117082533589251
table-0105-581 14 3 8 171 153 18532 1.0 0.12138157894736842
table-0105-173 11 6 2 152 162 2203 0.2 1.2072936660268714
table-0105-319 5 7 0 229 284 1689 0.14285714285714285 0.20018281535648993
table-0105-809 3 12 12 474 672 44451 0.038461538461538464 0.00639441941578259
table-0105-821 4 5 0 179 251 3384 0.14285714285714285 0.13588634959851761
table-0105-412 2 2 0 39 44 5806 0.3333333333333333 0.03655352480417755
table-0105-374 5 7 0 233 264 5023 0.16666666666666666 0.13355048859934854
table-0105-345 2 7 0 229 260 1659 0.16666666666666666 0.09805924412665985
table-0105-567 7 3 7 71 59 26056 0.3333333333333333 0.1545749864645371
table-0105-260 1 5 2 7 20 776 1.0 0.20905172413793102
table-0105-139 52 7 0 37 34 44390 1.0 43.68532818532819
table-0105-251 42 8 4 49 439 2664 0.1 16.886363636363637
table-0105-720 5 3 0 43 60 1672 0.3333333333333333 0.09880749574105621
table-0105-847 0 1 0 179 251 3405 0.14285714285714285 0.0
table-0105-780 6 4 0 236 300 7035 0.1111111111111111 0.3209823352003447
table-0105-677 2 3 0 62 91 1231 1.0 0.06472491909385113
table-0105-475 50 5 0 55 731 141953 1.0 0.32366192106685887
table-0105-649 50 6 54 7 296 416 0.16666666666666666 4.588120740019474
table-0105-411 3 2 0 39 44 5806 0.3333333333333333 0.15274151436031333
table-0105-609 2 2 0 219 174 50183 0.16666666666666666 0.006126747080222095
table-0105-747 15 4 16 520 807 46669 1.0 6.354330708661418
table-0105-344 0 1 0 229 260 1659 0.16666666666666666 0.0
table-0105-152 3 4 0 30 26 2533 0.3333333333333333 0.008853736276708771
table-0105-828 0 1 0 179 251 3384 0.14285714285714285 0.0
table-0105-651 10 4 0 7 296 416 0.16666666666666666 0.7351509250243428
table-0105-954 3 2 3 16 39 4439 0.5 0.021706586826347306
table-0105-643 1 3 0 282 297 8010 0.5 0.08765652951699464
table-0105-425 5 2 0 106 113 120269 0.25 0.006382978723404255
table-0105-66 8 5 0 229 277 1877 0.14285714285714285 0.40016920473773265
table-0105-109 38 3 0 53 261 2901 0.058823529411764705 0.06821233551159252
table-0105-359 6 7 0 230 266 1851 0.14285714285714285 0.22773972602739725
table-0105-470 9 2 0 65 209 5131 0.022727272727272728 0.031069684864624945
table-0105-908 0 1 0 181 252 3547 0.14285714285714285 0.0
table-0105-659 2 2 1 61 71 9457 0.5 0.27692307692307694
table-0105-668 18 19 18 290 279 8138 0.3333333333333333 4.5111821086261985
table-0105-832 4 2 0 18 34 2749 0.125 0.02318648559125538
table-0105-533 2 3 0 548 624 34801 0.25 0.04405286343612335
table-0105-892 9 3 0 325 365 11372 1.0 0.2832201745877789
table-0105-305 1 5 0 238 283 1872 0.14285714285714285 0.03673094582185491
table-0105-444 22 7 0 25 620 41869 0.09090909090909091 13.025925925925925
table-0105-323 5 7 0 232 282 1940 0.14285714285714285 0.2610294117647059
table-0105-270 2 3 0 160 97 21771 0.3333333333333333 0.009787928221859706
table-0105-865 13 7 0 178 252 3064 0.14285714285714285 0.21479534359744648
table-0105-782 16 2 3 10 43 12577 0.5 1.1341026661360922
table-0105-600 12 3 0 138 150 31881 0.5 0.09740259740259741
table-0105-777 0 1 0 236 300 7035 0.1111111111111111 0.0
table-0105-348 6 7 0 231 267 1707 0.14285714285714285 0.2078125
table-0105-268 1 1 0 1126 565 147002 0.5 0.001973637837456827
table-0105-755 0 1 0 19 33 2955 1.0 0.0
table-0105-858 0 1 0 176 252 3156 0.14285714285714285 0.0
table-0105-931 0 1 0 173 244 2530 0.14285714285714285 0.0
table-0105-859 0 1 0 176 252 3156 0.14285714285714285 0.0
table-0105-144 4 3 0 22 115 6012 1.0 0.03881684135725706
table-0105-886 0 1 0 198 264 6676 0.0625 0.0
table-0105-441 8 6 15 25 620 41869 0.09090909090909091 0.8925925925925926
table-0105-484 67 7 0 55 731 141953 1.0 0.5006307442782484
table-0105-357 1 3 0 51 61 2746 0.5 0.03713723561239547
table-0105-278 2 7 0 228 265 1836 0.14285714285714285 0.08493427704752275
table-0105-446 27 7 0 25 620 41869 0.09090909090909091 23.6
table-0105-405 25 6 24 39 174 729 0.1111111111111111 5.065116279069767
table-0105-335 0 1 0 235 268 1677 0.14285714285714285 0.0
table-0105-498 29 3 3 55 136 33416 0.2 2.527740189445196
table-0105-575 10 6 0 42 133 1256 0.3333333333333333 1.3311772315653299
table-0105-760 5 3 0 45 69 2019 0.3333333333333333 0.05396290050590219
table-0105-301 1 8 0 238 283 1872 0.14285714285714285 0.05325987144168962
table-0105-88 2 7 0 228 273 1905 0.14285714285714285 0.09644670050761421
table-0105-303 1 7 0 238 283 1872 0.14285714285714285 0.05509641873278237
table-0105-838 15 2 0 216 275 1948 0.5 0.9901561439239647
table-0105-352 1 3 0 234 232 12512 1.0 0.010711647377493229
table-0105-43 1 2 1 44 37 2214 1.0 0.007751937984496124
table-0105-213 1 6 0 230 266 1772 0.14285714285714285 0.03540587219343696
table-0105-141 52 7 0 37 34 44390 1.0 46.554054054054056
table-0105-2 2 7 0 231 295 1815 0.14285714285714285 0.06708268330733229
table-0105-167 2 1 0 611 459 44499 1.0 0.008993642425182198
table-0105-197 1 6 0 227 276 2100 0.14285714285714285 0.028594122319301033
table-0105-469 2 4 0 65 209 5131 0.022727272727272728 0.006835330670217488
table-0105-729 1 3 0 157 82 23289 0.1 0.007229537825974697
table-0105-554 3 4 3 43 247 93111 0.05 0.010171581218534882
table-0105-900 5 4 0 10 248 3005 0.08333333333333333 0.06446921958313136
table-0105-721 4 3 0 43 60 1672 0.3333333333333333 0.151618398637138
table-0105-1 1 7 0 231 295 1815 0.14285714285714285 0.02574102964118565
table-0105-98 3 7 0 228 270 1941 0.14285714285714285 0.0963302752293578
table-0105-801 6 4 0 474 672 44451 0.038461538461538464 0.11103037349222497
table-0105-653 17 3 10 7 296 416 0.16666666666666666 0.7604673807205453
table-0105-549 3 4 0 43 247 93111 0.05 0.010479810952429877
table-0105-422 0 1 0 11 33 1130 1.0 0.0
table-0105-851 0 1 0 179 251 3405 0.14285714285714285 0.0
table-0105-164 20 5 5 139 216 14474 0.5 0.4556581059390048
table-0105-204 1 7 0 230 274 1804 0.14285714285714285 0.03132938187976291
table-0105-71 1 6 0 229 277 1877 0.14285714285714285 0.024534686971235193
table-0105-215 1 5 0 230 266 1772 0.14285714285714285 0.038860103626943004
table-0105-192 5 2 5 17 59 4232 0.5 0.13847251962883655
table-0105-746 50 3 0 520 807 46669 1.0 7.75984251968504
table-0105-846 4 5 0 179 251 3405 0.14285714285714285 0.17675544794188863
table-0105-379 6 2 0 6451 714 917317 0.5 0.09718722331948512
table-0105-248 86 5 140 354 447 19206 0.25 17.94047619047619
table-0105-540 1 3 0 62 73 412 1.0 0.19823788546255505
table-0105-988 18 5 2 10773 1066 1673790 0.5 0.011819928910355618
table-0105-186 2 2 0 57 73 3636 0.3333333333333333 0.09013333333333333
table-0105-400 24 6 23 39 174 729 0.1111111111111111 4.925581395348837
table-0105-927 9 8 0 173 244 2530 0.14285714285714285 0.23647058823529413
table-0105-750 4 4 4 520 807 46669 1.0 2.059055118110236
table-0105-559 6 8 18 43 247 93111 0.05 0.10438713654577211
table-0105-555 4 5 6 43 247 93111 0.05 0.020343162437069764
table-0105-102 3 11 1 53 261 2901 0.058823529411764705 0.040819980306149854
table-0105-285 2 7 0 230 275 1709 1.0 0.08016032064128256
table-0105-815 0 1 0 176 244 3492 0.14285714285714285 0.0
table-0105-745 3 4 3 520 807 46669 1.0 0.8740157480314961
table-0105-416 6 5 0 30 45 916 0.25 0.5171790235081374
table-0105-882 2 7 0 198 264 6676 0.0625 0.02356091030789826
table-0105-435 25 4 7 882 161 1049067 0.2 0.08395075483259985
table-0105-445 26 7 0 25 620 41869 0.09090909090909091 23.27777777777778
table-0105-728 1 4 0 157 82 23289 0.1 0.009553317841466564
table-0105-310 2 7 0 228 281 1761 0.14285714285714285 0.08060230292294066
table-0105-317 3 8 0 229 284 1689 0.14285714285714285 0.1316270566727605
table-0105-541 1 2 0 31 56 5007 0.5 0.041742286751361164
table-0105-410 5 5 0 34 29 19848 0.5 0.01892649709593431
table-0105-658 1 1 0 887 427 68436 1.0 0.0017184098980410128
table-0105-168 1 7 0 108 143 1311 0.3333333333333333 0.05995864920744314
table-0105-229 5 7 0 234 264 2855 0.14285714285714285 0.067509145327569
table-0105-221 0 1 0 229 272 1894 0.14285714285714285 0.0
table-0105-28 11 4 0 234 326 2831 0.14285714285714285 0.5536723163841808
table-0105-364 4 7 0 231 266 2018 0.16666666666666666 0.19119226638023631
table-0105-70 1 7 0 229 277 1877 0.14285714285714285 0.03722504230118443
table-0105-837 1 2 0 17 22 1273 0.5 0.0779816513761468
table-0105-136 64 6 0 37 34 44390 1.0 61.72586872586873
table-0105-179 36 3 42 13 13 16531 0.5 0.3094808126410835
table-0105-6 42 7 53 107 275 158 1.0 21.696581196581196
table-0105-388 7 2 0 6451 714 917317 0.5 0.07035346999931893
table-0105-662 5 7 2 235 178 35264 0.25 0.11141868512110727
table-0105-280 2 7 0 228 265 1836 0.14285714285714285 0.06976744186046512
table-0105-591 16 7 21 137 170 2983 1.0 0.39300134589502017
table-0105-585 9 6 0 140 136 1803 0.3333333333333333 1.5226860254083485
table-0105-111 6 11 11 53 261 2901 0.058823529411764705 0.06275176797063826
table-0105-259 31 3 0 1086 649 606203 0.3333333333333333 0.08852541519879215
table-0105-635 4 9 2 35 42 968 0.5 0.36666666666666664
table-0105-432 1 7 1 79 51 1392 1.0 0.1003616636528029
table-0105-682 3 2 0 105 120 19210 0.3333333333333333 0.08185931715343481
table-0105-990 6 2 0 49 54 6157 0.2 0.0660377358490566
table-0105-343 1 8 0 229 260 1659 0.16666666666666666 0.06945863125638406
table-0105-423 1 3 0 81 113 3468 1.0 0.032658569500674764
table-0105-404 26 6 25 39 174 729 0.1111111111111111 5.409302325581395
table-0105-341 1 7 0 231 264 1610 0.14285714285714285 0.042033235581622676
table-0105-974 7 5 0 174 249 2395 0.5 0.40118577075098816
table-0105-262 12 3 0 86 108 12600 0.3333333333333333 1.94
table-0105-12 2 7 0 231 327 2043 0.14285714285714285 0.04039535883111302
table-0105-891 1 4 1 47 25 4370 0.3333333333333333 0.020573108008817047
table-0105-917 12 13 1 307 323 180683 1.0 0.09031674208144796
table-0105-82 3 7 0 229 272 1742 0.14285714285714285 0.14923857868020304
table-0105-105 0 0 0 53 261 2901 0.058823529411764705 0.0
table-0105-968 0 1 0 178 250 2584 0.125 0.0
table-0105-53 8 8 0 229 285 1821 0.14285714285714285 0.33893805309734515
table-0105-712 5 3 0 43 66 1610 0.3333333333333333 0.09473684210526316
table-0105-740 15 4 16 520 807 46669 1.0 5.078740157480315
table-0105-916 18 13 2 307 323 180683 1.0 0.11864253393665158
table-0105-101 4 11 4 53 261 2901 0.058823529411764705 0.04860800286456002
table-0105-382 9 2 0 6451 714 917317 0.5 0.16399918272832528
table-0105-35 16 4 0 234 336 1973 0.14285714285714285 1.0683355886332881
table-0105-426 5 2 0 106 113 120269 0.25 0.006808510638297872
table-0105-985 0 0 0 10773 1066 1673790 0.5 0.0
table-0105-480 82 7 0 55 731 141953 1.0 0.5806451612903226
table-0105-293 1 7 0 236 292 1845 0.14285714285714285 0.05482233502538071
table-0105-813 0 1 0 176 244 3492 0.14285714285714285 0.0
table-0105-142 2 4 0 37 34 44390 1.0 1.0115830115830116
table-0105-447 10 7 8 25 620 41869 0.09090909090909091 2.825925925925926
table-0105-719 1 3 0 179 272 272792 1.0 0.011022044088176353
table-0105-326 2 7 0 232 282 1940 0.14285714285714285 0.09803921568627451
table-0105-716 20 4 16 66 113 4438 1.0 1.84375
table-0105-861 0 1 0 176 252 3156 0.14285714285714285 0.0
table-0105-762 4 5 0 137 322 4231 1.0 0.0856115107913669
table-0105-134 18 4 0 17 33 7467 1.0 0.022748313715117048
table-0105-287 5 7 0 229 271 1721 0.14285714285714285 0.2129547471162378
table-0105-490 35 7 0 55 731 141953 1.0 0.26311047035501894
table-0105-735 21 4 23 520 807 46669 1.0 9.122047244094489
table-0105-283 3 7 0 230 275 1709 1.0 0.12424849699398798
table-0105-619 2 2 1 164 121 36879 0.16666666666666666 0.012768544791244426
table-0105-413 1 2 1 39 44 5806 0.3333333333333333 0.013054830287206266
table-0105-375 1 7 0 233 264 5023 0.16666666666666666 0.026710097719869708
table-0105-434 15 5 1 199 250 9080 0.5 0.8176964149504196
table-0105-642 1 3 0 282 297 8010 0.5 0.1037567084078712
table-0105-833 4 2 0 18 34 2749 0.125 0.026830076184166943
table-0105-641 18 19 18 282 297 8010 0.5 3.449016100178891
table-0105-496 11 4 0 55 136 33416 0.2 2.171853856562923
table-0105-738 9 4 9 520 807 46669 1.0 4.586614173228346
table-0105-337 1 7 0 235 268 1677 0.14285714285714285 0.024427480916030534
table-0105-50 0 1 0 228 283 1717 0.14285714285714285 0.0
table-0105-465 2 4 0 65 209 5131 0.022727272727272728 0.009942299156679981
table-0105-709 16 4 0 224 239 2723 0.16666666666666666 2.6609294320137695
table-0105-207 1 7 0 231 266 2014 0.125 0.0373066424021838
table-0105-23 2 8 0 234 326 2831 0.14285714285714285 0.0423728813559322
table-0105-128 0 1 0 10 12 1918 1.0 0.0
table-0105-514 11 4 0 743 687 251473 1.0 0.0339291973361374
table-0105-794 3 9 9 474 672 44451 0.038461538461538464 0.0052317977038221185
table-0105-78 2 7 0 229 286 2040 0.14285714285714285 0.05057803468208093
table-0105-519 5 1 0 970 566 142635 0.047619047619047616 0.010940705284751393
table-0105-86 8 5 0 228 273 1905 0.14285714285714285 0.4781725888324873
table-0105-209 2 7 0 231 266 2014 0.125 0.0718835304822566
table-0105-992 23 3 0 49 54 6157 0.2 0.4056603773584906
table-0105-547 2 5 0 43 247 93111 0.05 0.025480324668653034
table-0105-922 0 1 0 177 252 2493 0.14285714285714285 0.0
table-0105-211 3 8 0 230 266 1772 0.14285714285714285 0.13212435233160622
table-0105-272 0 1 0 231 270 2079 0.14285714285714285 0.0
table-0105-131 1 2 1 28 43 2544 1.0 0.011471321695760598
table-0105-808 3 9 9 474 672 44451 0.038461538461538464 0.0052317977038221185
table-0105-889 9 4 0 279 280 7535 0.3333333333333333 1.6401273885350318
table-0105-282 7 7 0 230 275 1709 1.0 0.33867735470941884
table-0105-526 1 2 0 31 54 2328 1.0 0.010941960038058992
table-0105-611 25 7 0 182 220 2331 0.5 3.2478510028653296
table-0105-631 0 1 0 37 47 883 0.5 0.0
table-0105-605 13 2 4 219 174 50183 0.16666666666666666 0.035611717403790925
table-0105-706 4 3 0 224 239 2723 0.16666666666666666 0.3253012048192771
table-0105-488 37 7 0 55 731 141953 1.0 0.2739232294107046
table-0105-219 0 1 0 227 270 1769 0.14285714285714285 0.0
table-0105-247 3 2 0 6 21 906 0.3333333333333333 0.11662198391420911
table-0105-443 18 7 0 25 620 41869 0.09090909090909091 15.62962962962963
table-0105-942 7 5 0 177 248 2548 0.14285714285714285 0.22197680839315295
table-0105-804 0 1 0 474 672 44451 0.038461538461538464 0.0
table-0105-919 0 1 0 177 252 2493 0.14285714285714285 0.0
table-0105-758 3 2 0 125 81 4171 0.3333333333333333 0.07533539731682147
table-0105-754 26 13 76 83 138 1617 0.5 13.398876404494382
table-0105-521 5 1 0 970 566 142635 0.047619047619047616 0.010940705284751393
table-0105-149 25 5 2 178 389 29067 0.5 0.32613342333220835
table-0105-799 5 11 7 474 672 44451 0.038461538461538464 0.12730707745967157
table-0105-531 1 2 1 4 47 1514 1.0 0.01731996353691887
table-0105-843 1 3 0 17 30 909 1.0 0.10324483775811209
table-0105-829 7 2 0 18 34 2749 0.125 0.05829744948658496
table-0105-947 1 6 0 177 248 2548 0.14285714285714285 0.025400331308669245
table-0105-625 21 3 0 391 367 43495 0.5 0.1052152819890843
table-0105-515 9 5 0 743 687 251473 1.0 0.0791447599018577
table-0105-242 34 7 30 19 291 971 0.25 11.419689119170984
table-0105-694 9 4 0 238 356 4727 0.16666666666666666 0.43157181571815717
table-0105-766 0 1 0 137 322 4231 1.0 0.0
table-0105-523 19 5 0 10 26 14034 0.5 20.186666666666667
table-0105-48 2 7 0 228 283 1717 0.14285714285714285 0.07577268195413758
table-0105-11 2 7 0 231 327 2043 0.14285714285714285 0.03824666953158573
table-0105-153 13 3 0 192 354 39634 0.5 0.08980006777363606
table-0105-232 3 7 0 230 272 1897 0.14285714285714285 0.1519756838905775
table-0105-705 2 3 0 224 239 2723 0.16666666666666666 0.17900172117039587
table-0105-584 6 4 0 12 15 5378 0.3333333333333333 0.3732899022801303
table-0105-129 2 8 0 15 24 737 0.25 0.3942652329749104
table-0105-672 6 3 0 84 99 2020 0.5 0.08709981167608287
table-0105-76 2 7 0 229 286 2040 0.14285714285714285 0.07008670520231214
table-0105-551 6 3 0 43 247 93111 0.05 0.02743244631665468
table-0105-49 0 1 0 228 283 1717 0.14285714285714285 0.0
table-0105-819 0 1 0 176 244 3492 0.14285714285714285 0.0
table-0105-701 12 7 0 263 186 1733 0.2 1.4008097165991902
table-0105-618 6 3 0 150 137 5454 0.5 0.9979296066252588
table-0105-249 38 7 34 49 439 2664 0.1 14.0
table-0105-299 4 3 1 69 128 20221 0.3333333333333333 0.1256544502617801
table-0105-996 1 1 0 120 96 69222 0.1 0.005228993869455464
table-0105-505 6 3 0 255 514 11574 1.0 0.010011174203552941
table-0105-553 3 5 3 43 247 93111 0.05 0.034110757217712936
table-0105-570 1 2 0 24 24 6368 0.25 0.014519906323185013
table-0105-47 3 7 0 228 283 1717 0.14285714285714285 0.12562313060817548
table-0105-222 2 6 0 229 272 1894 0.14285714285714285 0.06187443130118289
table-0105-450 3 5 6 185 123 4399 0.5 0.02120009918175056
table-0105-670 2 2 2 69 77 273 1.0 0.01444043321299639
table-0105-414 1 3 0 6 32 730 1.0 0.1189146049481245
table-0105-276 2 8 0 228 265 1836 0.14285714285714285 0.10313447927199192
table-0105-963 9 2 0 0 0 0 0.0 561.0
table-0105-166 9 1 0 44 57 2150 0.3333333333333333 0.5128733264675592
table-0105-608 2 2 0 219 174 50183 0.16666666666666666 0.006126747080222095
table-0105-368 1 6 0 231 265 2468 0.14285714285714285 0.01977552111170497
table-0105-652 10 4 0 7 296 416 0.16666666666666666 0.7088607594936709
table-0105-966 7 5 0 178 250 2584 0.125 0.1977261492832427
table-0105-930 0 1 0 173 244 2530 0.14285714285714285 0.0
table-0105-756 3 4 0 64 58 18934 0.25 0.11061700944969427
table-0105-185 8 7 1 348 149 40649 0.5 0.09864364981504316
table-0105-800 7 11 9 474 672 44451 0.038461538461538464 0.17613718936201134
table-0105-235 1 5 0 230 272 1897 0.14285714285714285 0.03850050658561297
table-0105-615 21 4 13 736 1188 54478 1.0 0.06362539654170948
table-0105-373 1 7 0 233 264 5023 0.16666666666666666 0.029315960912052116
table-0105-995 1 1 0 120 96 69222 0.1 0.0016227912008654887
table-0105-880 9 8 0 198 264 6676 0.0625 0.1111111111111111
table-0105-936 0 1 0 178 250 2466 0.14285714285714285 0.0
table-0105-674 11 6 0 255 188 1871 0.2 1.2567567567567568
table-0105-286 1 8 0 229 271 1721 0.14285714285714285 0.04791481810115351
table-0105-810 3 10 10 474 672 44451 0.038461538461538464 0.005958436273797413
table-0105-393 5 2 0 6451 714 917317 0.5 0.03439351631138051
table-0105-802 2 3 0 474 672 44451 0.038461538461538464 0.039819793634646126
table-0105-932 6 4 0 173 244 2530 0.14285714285714285 0.4370588235294118
table-0105-879 4 5 0 198 264 6676 0.0625 0.060508701472556894
table-0105-884 0 1 0 198 264 6676 0.0625 0.0
table-0105-566 62 6 0 12 118 309 1.0 9.585034013605442
table-0105-925 0 1 0 177 252 2493 0.14285714285714285 0.0
table-0105-74 2 8 0 229 286 2040 0.14285714285714285 0.08598265895953758
table-0105-941 0 1 0 178 250 2466 0.14285714285714285 0.0
table-0105-921 0 1 0 177 252 2493 0.14285714285714285 0.0
table-0105-898 6 4 0 10 248 3005 0.08333333333333333 0.05622879301987397
table-0105-451 6 6 0 56 70 103 1.0 0.24260355029585798
table-0105-137 60 7 0 37 34 44390 1.0 62.41891891891892
table-0105-340 2 7 0 231 264 1610 0.14285714285714285 0.08308895405669599
table-0105-183 18 4 13 82 99 77047 0.3333333333333333 0.31119465329991647
table-0105-419 0 1 0 35 58 2796 1.0 0.0
table-0105-893 24 10 21 10 248 3005 0.08333333333333333 0.5555016965584101
table-0105-862 1 3 0 30 52 732 1.0 0.10644589000591366
table-0105-524 1 2 1 30 43 1834 1.0 0.01247537754432042
table-0105-162 13 2 0 192 354 39634 0.5 0.058285327007793965
table-0105-472 20 1 0 55 731 141953 1.0 0.09028653811497567
table-0105-627 1 3 0 185 161 17343 1.0 0.024021536550010353
table-0105-582 33 6 0 109 265 1525 0.3333333333333333 6.922727272727273
table-0105-914 7 2 0 155 188 2867 0.3333333333333333 0.4108455882352941
table-0105-453 3 2 0 12 21 1659 1.0 0.04888103651354535
table-0105-587 9 3 0 219 204 9441 1.0 0.212422854867609
table-0105-45 8 5 0 228 283 1717 0.14285714285714285 0.4745762711864407
table-0105-157 13 2 0 192 354 39634 0.5 0.05591324974584887
table-0105-226 6 8 0 234 264 2855 0.14285714285714285 0.10043232457598936
table-0105-664 9 4 0 46 49 11449 0.25 0.23924093527617757
table-0105-961 0 1 0 139 27 38256 1.0 0.0
table-0105-40 5 7 0 230 322 2051 0.14285714285714285 0.15358592692828146
table-0105-595 3 2 0 60 87 796 0.3333333333333333 0.13170731707317074
table-0105-935 9 8 0 178 250 2466 0.14285714285714285 0.27800829875518673
table-0105-338 0 1 0 231 264 1610 0.14285714285714285 0.0
table-0105-176 11 7 0 152 162 2203 0.2 1.2284069097888675
table-0105-60 8 8 0 228 273 1760 0.14285714285714285 0.3457350272232305
table-0105-489 33 7 0 55 731 141953 1.0 0.24490899261128132
table-0105-7 14 7 9 107 275 158 1.0 1.1581196581196582
table-0105-734 7 4 8 520 807 46669 1.0 2.0511811023622046
table-0105-903 5 4 0 10 248 3005 0.08333333333333333 0.06471158507028599
table-0105-349 3 7 0 231 267 1707 0.14285714285714285 0.10625
table-0105-969 5 7 0 178 250 2584 0.125 0.10380622837370242
table-0105-633 4 5 13 64 72 10217 0.5 0.01786933758251764
table-0105-957 21 12 0 74 98 4794 0.3333333333333333 0.3764838892029395
table-0105-767 0 1 0 137 322 4231 1.0 0.0
table-0105-508 0 1 0 255 514 11574 1.0 0.0
table-0105-370 1 7 0 231 265 2468 0.14285714285714285 0.02351683591662213
table-0105-502 55 11 0 255 514 11574 1.0 0.23116918656359034
table-0105-386 4 2 0 6451 714 917317 0.5 0.04610774364911803
table-0105-874 0 1 0 179 256 3161 0.058823529411764705 0.0
table-0105-797 3 10 10 474 672 44451 0.038461538461538464 0.005667780845807296
table-0105-798 4 11 5 474 672 44451 0.038461538461538464 0.11103037349222497
table-0105-761 4 3 0 45 69 2019 0.3333333333333333 0.07672849915682968
table-0105-135 6 6 6 37 34 44390 1.0 0.7065637065637066
table-0105-844 16 2 16 212 246 2014 0.5 0.42953020134228187
table-0105-527 1 2 1 29 59 4333 0.5 0.01807802093244529
table-0105-640 18 11 7 282 297 8010 0.5 2.2093023255813953
table-0105-676 11 6 0 255 188 1871 0.2 1.2915057915057915
table-0105-51 4 4 0 228 283 1717 0.14285714285714285 0.36889332003988035
table-0105-22 8 5 0 234 326 2831 0.14285714285714285 0.2231638418079096
table-0105-205 0 1 0 230 274 1804 0.14285714285714285 0.0
table-0105-726 1 3 0 157 82 23289 0.1 0.009036922282468371
table-0105-202 1 7 0 230 274 1804 0.14285714285714285 0.03386960203217612
table-0105-938 0 1 0 178 250 2466 0.14285714285714285 0.0
table-0105-610 5 3 0 219 174 50183 0.16666666666666666 0.05475780202948497
table-0105-241 3 2 3 91 101 15123 1.0 0.013636363636363636
table-0105-542 19 4 8 31 56 5007 0.5 0.9382940108892922
table-0105-362 1 7 0 230 266 1851 0.14285714285714285 0.039383561643835614
table-0105-601 12 4 0 12 45 2940 0.5 1.0889724310776943
table-0105-577 19 18 101 14 82 342 1.0 4.317343173431734
table-0105-27 4 7 0 234 326 2831 0.14285714285714285 0.08851224105461393
table-0105-399 26 6 25 39 174 729 0.1111111111111111 5.155813953488372
table-0105-867 3 7 0 178 252 3064 0.14285714285714285 0.03755163349605708
table-0105-538 1 3 0 75 72 1408 1.0 0.06701846965699208
table-0105-408 1 2 0 33 38 1997 0.3333333333333333 0.02471169686985173
table-0105-119 20 6 19 45 174 587 0.09090909090909091 3.7590673575129534
table-0105-371 4 7 0 231 265 2468 0.14285714285714285 0.08177445216461784
table-0105-629 0 1 0 39 47 936 0.5 0.0
table-0105-300 12 9 10 405 298 23189 0.25 0.08359497645211932
table-0105-237 2 7 0 230 283 2009 0.14285714285714285 0.08252788104089219
table-0105-911 0 1 0 181 252 3547 0.14285714285714285 0.0
table-0105-899 6 4 0 10 248 3005 0.08333333333333333 0.04217159476490548
table-0105-964 14 2 0 0 0 0 0.0 836.0
table-0105-841 5 2 5 214 253 2128 0.3333333333333333 0.08097165991902834
table-0105-621 2 3 0 164 121 36879 0.16666666666666666 0.09951357924604783
table-0105-169 3 7 3 108 143 1311 0.3333333333333333 0.22880771881461062
table-0105-791 0 1 0 182 255 4293 0.14285714285714285 0.0
table-0105-225 1 6 0 229 272 1894 0.14285714285714285 0.03002729754322111
table-0105-334 2 7 0 235 268 1677 0.14285714285714285 0.07022900763358779
table-0105-617 22 5 0 736 1188 54478 1.0 0.145972029846745
table-0105-298 1 2 0 69 128 20221 0.3333333333333333 0.014095851792186871
table-0105-460 2 4 0 65 209 5131 0.022727272727272728 0.006746560142032845
table-0105-16 4 8 0 226 326 1839 0.14285714285714285 0.13983976693372177
table-0105-868 1 5 0 178 252 3064 0.14285714285714285 0.011265490048817123
table-0105-945 0 1 0 177 248 2548 0.14285714285714285 0.0
table-0105-127 4 2 0 42 75 1574 1.0 0.02313030069390902
table-0105-529 1 3 0 7 171 1339 1.0 0.07478632478632478
table-0105-100 5 4 0 53 261 2901 0.058823529411764705 0.043953092829648197
table-0105-860 6 4 0 176 252 3156 0.14285714285714285 0.44976359338061467
table-0105-178 1 5 2 160 263 1117 1.0 0.022063458709812987
table-0105-158 13 3 0 192 354 39634 0.5 0.09369705184683158
table-0105-255 45 9 25 49 439 2664 0.1 19.619318181818183
table-0105-473 37 6 0 55 731 141953 1.0 0.261308343845738
table-0105-113 20 11 25 53 261 2901 0.058823529411764705 0.2269268642019515
table-0105-982 8 1 8 10772 1066 1673790 0.5 0.0
table-0105-955 2 2 0 16 39 4439 0.5 0.016966067864271458
table-0105-806 0 1 0 474 672 44451 0.038461538461538464 0.0
table-0105-492 39 7 0 55 731 141953 1.0 0.29284555775815463
table-0105-318 4 7 0 229 284 1689 0.14285714285714285 0.16453382084095064
table-0105-604 4 4 3 42 58 20429 0.5 0.183821111476488
table-0105-493 39 7 0 55 731 141953 1.0 0.2823932240043251
table-0105-89 3 7 0 228 273 1905 0.14285714285714285 0.12081218274111676
table-0105-59 8 5 0 228 273 1760 0.14285714285714285 0.426497277676951
table-0105-41 5 7 0 230 322 2051 0.14285714285714285 0.13870094722598106
table-0105-993 1 1 0 120 96 69222 0.1 0.0030652722683014787
table-0105-170 0 1 0 149 128 28077 0.5 0.0
table-0105-509 7 3 0 11 30 1539 0.5 0.38354430379746834
table-0105-61 3 7 0 228 273 1760 0.14285714285714285 0.11887477313974591
table-0105-130 1 8 0 15 24 737 0.25 0.1827956989247312
table-0105-254 39 9 22 49 439 2664 0.1 17.244318181818183
table-0105-717 23 6 23 66 113 4438 1.0 2.296875
table-0105-853 0 1 0 179 251 3405 0.14285714285714285 0.0
table-0105-56 4 7 0 229 285 1821 0.14285714285714285 0.17168141592920355
table-0105-449 7 7 5 25 620 41869 0.09090909090909091 6.529629629629629
table-0105-458 2 4 0 65 209 5131 0.022727272727272728 0.010119840213049267
table-0105-805 0 1 0 474 672 44451 0.038461538461538464 0.0
table-0105-623 5 2 0 193 249 28896 0.5 0.029779495339849967
table-0105-823 0 1 0 179 251 3384 0.14285714285714285 0.0
table-0105-590 6 5 17 137 170 2983 1.0 0.3122476446837147
table-0105-455 9 2 0 65 209 5131 0.022727272727272728 0.03914780292942743
table-0105-971 0 1 0 178 250 2584 0.125 0.0
table-0105-479 69 7 0 55 731 141953 1.0 0.5191926473238422
table-0105-512 20 11 10 743 687 251473 1.0 0.13326323168594462
table-0105-928 0 1 0 173 244 2530 0.14285714285714285 0.0
table-0105-875 0 1 0 179 256 3161 0.058823529411764705 0.0
table-0105-696 70 5 5 103 362 83878 0.3333333333333333 0.8801517326225139
table-0105-246 2 2 0 6 21 906 0.3333333333333333 0.1260053619302949
table-0105-24 6 7 0 234 326 2831 0.14285714285714285 0.12146892655367232
table-0105-849 0 1 0 179 251 3405 0.14285714285714285 0.0
table-0105-548 9 5 0 43 247 93111 0.05 0.08353025788554402
table-0105-724 17 4 0 157 82 23289 0.1 0.19726310353730958
table-0105-97 1 7 0 228 270 1941 0.14285714285714285 0.047706422018348627
table-0105-116 6 11 4 53 261 2901 0.058823529411764705 0.12827857846208934
table-0105-569 2 2 0 24 24 6368 0.25 0.03044496487119438
table-0105-467 2 4 0 65 209 5131 0.022727272727272728 0.009764758100310697
table-0105-730 6 4 0 157 82 23289 0.1 0.09475858507616834
table-0105-243 35 7 32 19 291 971 0.25 10.699481865284975
table-0105-622 1 3 0 164 121 36879 0.16666666666666666 0.008309687880016214
table-0105-401 25 6 24 39 174 729 0.1111111111111111 4.946511627906977
table-0105-949 0 1 0 177 248 2548 0.14285714285714285 0.0
table-0105-181 9 3 0 99 121 64810 0.5 0.022683637915096352
table-0105-628 5 9 4 39 47 936 0.5 0.2968299711815562
table-0105-785 0 1 0 182 255 4293 0.14285714285714285 0.0
table-0105-457 9 2 0 65 209 5131 0.022727272727272728 0.04491788726142921
table-0105-713 4 3 0 43 66 1610 0.3333333333333333 0.156140350877193
table-0105-499 2 3 0 55 136 33416 0.2 0.21109607577807848
table-0105-864 9 8 0 178 252 3064 0.14285714285714285 0.15245963199399173
table-0105-316 0 1 0 233 286 1996 0.14285714285714285 0.0
table-0105-681 20 10 0 157 137 1698 1.0 1.8662790697674418
table-0105-671 2 2 0 69 77 273 1.0 0.03203971119133574
table-0105-87 2 8 0 228 273 1905 0.14285714285714285 0.10456852791878173
table-0105-552 12 5 1 43 247 93111 0.05 0.09955820404808384
table-0105-384 4 2 0 6451 714 917317 0.5 0.020908533678403597
table-0105-83 3 7 0 229 272 1742 0.14285714285714285 0.13807106598984772
table-0105-438 10 5 10 168 647 23104 0.3333333333333333 0.4268571428571429
table-0105-786 0 1 0 182 255 4293 0.14285714285714285 0.0
table-0105-494 1 1 0 126 121 21337 1.0 0.006219351752182753
table-0105-613 4 9 2 136 133 1184 1.0 0.1364124597207304
table-0105-125 24 6 23 45 174 587 0.09090909090909091 5.0310880829015545
table-0105-140 52 7 0 37 34 44390 1.0 52.53088803088803
table-0105-73 8 5 0 229 286 2040 0.14285714285714285 0.3432080924855491
table-0105-34 3 7 0 234 336 1973 0.14285714285714285 0.08592692828146144
table-0105-291 1 6 0 165 183 5277 0.5 0.012372956252761821
table-0105-96 2 7 0 228 270 1941 0.14285714285714285 0.07889908256880734
table-0105-984 0 0 0 10772 1066 1673790 0.5 0.0
table-0105-558 26 8 27 43 247 93111 0.05 0.44816603308332476
table-0105-822 9 7 0 179 251 3384 0.14285714285714285 0.2384187770228536
table-0105-367 3 8 0 231 265 2468 0.14285714285714285 0.08230892570817744
table-0105-217 3 7 0 227 270 1769 0.14285714285714285 0.09017713365539452
table-0105-13 2 7 0 231 327 2043 0.14285714285714285 0.03308981521272024
table-0105-722 3 3 0 157 82 23289 0.1 0.044410018073844565
table-0105-699 10 6 0 263 186 1733 0.2 1.0870445344129556
table-0105-208 1 7 0 231 266 2014 0.125 0.03821656050955414
table-0105-733 11 4 11 520 807 46669 1.0 2.763779527559055
table-0105-546 1 3 0 43 247 93111 0.05 0.005137162231583273
table-0105-258 43 4 39 1086 649 606203 0.3333333333333333 0.1408656265727227
table-0105-537 1 3 0 69 80 1398 1.0 0.32339449541284404
table-0105-295 1 7 0 236 292 1845 0.14285714285714285 0.06091370558375635
table-0105-727 5 3 0 157 82 23289 0.1 0.049057578104828296
table-0105-218 4 7 0 227 270 1769 0.14285714285714285 0.15217391304347827
table-0105-18 3 7 0 226 326 1839 0.14285714285714285 0.09978150036416605
table-0105-772 1 2 0 12 29 2773 1.0 0.026255707762557076
table-0105-351 1 5 0 231 267 1707 0.14285714285714285 0.028125
table-0105-14 11 4 0 231 327 2043 0.14285714285714285 0.48474430597335627
table-0105-327 3 2 0 31 41 879 0.5 0.03166666666666667
table-0105-959 20 10 0 157 130 1596 1.0 2.4862155388471177
table-0105-321 1 5 0 229 284 1689 0.14285714285714285 0.03930530164533821
table-0105-353 16 6 39 78 106 4500 1.0 0.24575645756457565
table-0105-150 3 7 2 78 104 2062 0.5 0.2127039627039627
table-0105-309 8 7 0 228 281 1761 0.14285714285714285 0.31620903454384414
table-0105-72 2 4 0 229 277 1877 0.14285714285714285 0.17343485617597293
table-0105-90 2 7 0 228 273 1905 0.14285714285714285 0.10558375634517767
table-0105-711 12 3 0 68 195 36450 0.5 0.47848230201171377
table-0105-313 1 7 0 233 286 1996 0.14285714285714285 0.04054054054054054
table-0105-376 0 1 0 28 19 5523 1.0 0.0
table-0105-737 12 4 13 520 807 46669 1.0 5.952755905511811
table-0105-638 0 1 0 36 44 702 0.5 0.0
table-0105-790 6 4 0 182 255 4293 0.14285714285714285 0.7841501564129302
table-0105-391 7 2 0 6451 714 917317 0.5 0.04563100183886127
table-0105-946 0 1 0 177 248 2548 0.14285714285714285 0.0
table-0105-684 21 4 0 105 120 19210 0.3333333333333333 0.2739613327848622
table-0105-279 1 7 0 228 265 1836 0.14285714285714285 0.0525783619817998
table-0105-216 8 8 0 227 270 1769 0.14285714285714285 0.3140096618357488
table-0105-560 31 8 61 43 247 93111 0.05 0.314805301551423
table-0105-513 20 21 20 743 687 251473 1.0 0.2195583596214511
table-0105-939 1 6 0 178 250 2466 0.14285714285714285 0.03112033195020747
table-0105-112 20 11 22 53 261 2901 0.058823529411764705 0.2230776116730821
table-0105-346 0 1 0 229 260 1659 0.16666666666666666 0.0
table-0105-504 15 3 0 255 514 11574 1.0 0.018722492075437275
table-0105-986 1 7 0 10772 1066 1673790 0.5 0.0005442269426350788
table-0105-507 50 6 75 255 514 11574 1.0 0.12186723221819343
table-0105-977 7 1 7 10772 1066 1673790 0.5 0.0
table-0105-427 11 5 14 63 63 3067 1.0 1.0439330543933054
table-0105-121 20 6 19 45 174 587 0.09090909090909091 4.010362694300518
table-0105-765 0 1 0 137 322 4231 1.0 0.0
table-0105-406 3 2 0 78 101 11141 1.0 0.017762926486106227
table-0105-870 0 1 0 178 252 3064 0.14285714285714285 0.0
table-0105-124 24 6 23 45 174 587 0.09090909090909091 5.108808290155441
table-0105-395 31 5 0 212 199 7185 0.2 0.423859649122807
table-0105-252 41 8 6 49 439 2664 0.1 17.09375
table-0105-314 4 7 0 233 286 1996 0.14285714285714285 0.1554054054054054
table-0105-233 1 7 0 230 272 1897 0.14285714285714285 0.03951367781155015
table-0105-839 5 2 4 215 249 401 1.0 0.5069444444444444
table-0105-783 125 4 0 259 144 32081 0.5 0.6129119152374967
table-0105-381 3 2 0 6451 714 917317 0.5 0.02492678607913914
table-0105-562 11 3 1 43 247 93111 0.05 0.035343676153292924
table-0105-396 12 4 5 54 71 3740 1.0 0.8611111111111112
table-0105-620 2 2 0 164 121 36879 0.16666666666666666 0.01053911633563032
table-0105-778 0 1 0 236 300 7035 0.1111111111111111 0.0
table-0105-15 8 5 0 226 326 1839 0.14285714285714285 0.34013109978150036
table-0105-568 4 2 0 24 24 6368 0.25 0.05667447306791569
table-0105-37 3 8 0 230 322 2051 0.14285714285714285 0.11366711772665765
table-0105-980 0 0 0 10772 1066 1673790 0.5 0.0
table-0105-698 11 6 0 263 186 1733 0.2 1.2267206477732793
table-0105-967 9 8 0 178 250 2584 0.125 0.2244191794364805
table-0105-365 8 7 0 231 266 2018 0.16666666666666666 0.3651987110633727
table-0105-114 10 11 6 53 261 2901 0.058823529411764705 0.12621967594664757
table-0105-148 12 7 1 245 123 67324 0.2 0.10694121554300896
table-0105-94 2 8 0 228 270 1941 0.14285714285714285 0.0981651376146789
table-0105-99 9 4 0 49 139 2061 1.0 0.7796373779637378
table-0105-887 1 3 0 39 51 4485 1.0 0.04401362326434372
table-0105-571 1 3 0 152 174 2195 1.0 0.041892379920548936
table-0105-194 3 2 0 16 45 269 1.0 0.09800190294957184
table-0105-632 1 1 0 1264 462 198970 1.0 0.00152353867248997
table-0105-421 16 5 2 94 48 39440 0.3333333333333333 0.09385908209437621
table-0105-333 0 1 0 235 268 1677 0.14285714285714285 0.0
table-0105-924 6 4 0 177 252 2493 0.14285714285714285 0.39644970414201186
table-0105-199 2 7 0 227 276 2100 0.14285714285714285 0.06671961874503574
table-0105-275 0 1 0 231 270 2079 0.14285714285714285 0.0
table-0105-576 18 7 60 14 82 342 1.0 2.944649446494465
table-0105-361 2 7 0 230 266 1851 0.14285714285714285 0.06335616438356165
table-0105-302 2 6 0 238 283 1872 0.14285714285714285 0.06978879706152434
table-0105-172 2 7 0 89 121 943 1.0 0.022228897566836887
table-0105-639 2 1 1 282 297 8010 0.5 0.057245080500894455
table-0105-296 2 7 0 236 292 1845 0.14285714285714285 0.083248730964467
table-0105-857 0 1 0 176 252 3156 0.14285714285714285 0.0
table-0105-826 3 7 0 179 251 3384 0.14285714285714285 0.08400247066090179
table-0105-322 1 8 0 232 282 1940 0.14285714285714285 0.07107843137254902
table-0105-686 11 6 0 262 186 2038 0.2 1.1291512915129152
table-0105-878 0 1 0 179 256 3161 0.058823529411764705 0.0
table-0105-525 2 3 0 197 142 77715 1.0 0.021141975308641977
table-0105-948 6 4 0 177 248 2548 0.14285714285714285 0.4157923799006074
table-0105-477 76 4 0 55 731 141953 1.0 0.42151739052081455
table-0105-21 14 4 0 226 326 1839 0.14285714285714285 0.9941733430444283
table-0105-118 22 6 21 45 174 587 0.09090909090909091 4.699481865284974
table-0105-471 2 4 0 65 209 5131 0.022727272727272728 0.00825565912117177
table-0105-274 0 1 0 231 270 2079 0.14285714285714285 0.0
table-0105-329 2 7 0 231 271 1831 0.14285714285714285 0.0801564027370479
table-0105-58 2 4 0 229 285 1821 0.14285714285714285 0.1584070796460177
table-0105-392 2 2 0 6452 714 917317 0.5 0.0200231560307839
table-0105-378 3 2 0 30 43 4367 0.5 0.1523702031602709
table-0105-550 8 5 2 43 247 93111 0.05 0.07551628480427412
table-0105-265 6 4 6 39 68 1995 1.0 0.17643726989521383
table-0105-896 6 5 0 10 248 3005 0.08333333333333333 0.06689287445467765
table-0105-920 0 1 0 177 252 2493 0.14285714285714285 0.0
table-0105-679 15 6 0 18 113 841 0.5 2.704035874439462
table-0105-95 1 6 0 228 270 1941 0.14285714285714285 0.04220183486238532
table-0105-356 4 3 4 51 61 2746 0.5 0.09936055090998525
table-0105-389 2 2 0 6453 714 917317 0.5 0.01641353946741129
table-0105-784 4 5 0 182 255 4293 0.14285714285714285 0.2283628779979145
table-0105-944 0 1 0 177 248 2548 0.14285714285714285 0.0
table-0105-44 2 2 2 38 60 8544 1.0 0.025583982202447165
table-0105-415 1 1 0 91 98 7510 1.0 0.00984102952308857
table-0105-532 17 23 147 548 624 34801 0.25 1.8237885462555066
table-0105-390 7 2 0 6453 714 917317 0.5 0.1219096914799428
table-0105-764 0 1 0 137 322 4231 1.0 0.0
table-0105-845 1 3 0 27 42 694 1.0 0.1556829035339064
table-0105-757 4 5 0 147 190 59362 0.5 0.002720180661055225
table-0105-25 4 7 0 234 326 2831 0.14285714285714285 0.08097928436911488
table-0105-557 15 6 12 43 247 93111 0.05 0.23908353025788553
table-0105-594 3 2 0 60 87 796 0.3333333333333333 0.14146341463414633
table-0105-159 13 2 0 192 354 39634 0.5 0.07217892239918672
table-0105-324 4 7 0 232 282 1940 0.14285714285714285 0.21691176470588236
table-0105-827 6 4 0 179 251 3384 0.14285714285714285 0.47313156269302037
table-0105-31 5 7 0 234 336 1973 0.14285714285714285 0.14614343707713126
table-0105-692 10 4 4 238 356 4727 0.16666666666666666 0.41192411924119243
table-0105-817 0 1 0 176 244 3492 0.14285714285714285 0.0
table-0105-8 8 5 0 231 327 2043 0.14285714285714285 0.20240653201547057
table-0105-999 1 1 0 120 96 69222 0.1 0.003606202668589975
table-0105-3 0 1 0 231 295 1815 0.14285714285714285 0.0
table-0105-937 0 1 0 178 250 2466 0.14285714285714285 0.0
table-0105-409 1 2 0 33 38 1997 0.3333333333333333 0.02471169686985173
table-0105-744 3 4 3 520 807 46669 1.0 2.6023622047244093
table-0105-708 11 4 0 224 239 2723 0.16666666666666666 1.432013769363167
table-0105-184 39 4 1 82 99 77047 0.3333333333333333 1.0568086883876358
table-0105-330 0 1 0 231 271 1831 0.14285714285714285 0.0
table-0105-108 7 5 0 53 261 2901 0.058823529411764705 0.03759735028198013
table-0105-850 0 1 0 179 251 3405 0.14285714285714285 0.0
table-0105-57 1 7 0 229 285 1821 0.14285714285714285 0.03274336283185841
table-0105-103 3 11 3 53 261 2901 0.058823529411764705 0.03159967773699758
table-0105-725 1 3 0 157 82 23289 0.1 0.009036922282468371
table-0105-189 3 2 0 40 47 27241 0.25 0.026045487894350697
table-0105-210 2 5 0 231 266 2014 0.125 0.06005459508644222
table-0105-456 2 4 0 65 209 5131 0.022727272727272728 0.009320905459387484
table-0105-812 4 5 0 176 244 3492 0.14285714285714285 0.17425431711145997
table-0105-485 110 6 0 55 731 141953 1.0 0.6303838529464768
table-0105-429 0 1 0 13 33 3005 0.3333333333333333 0.0
table-0105-663 5 3 0 51 109 382 1.0 0.2769128850612786
table-0105-902 5 4 0 10 248 3005 0.08333333333333333 0.0664081434803684
table-0105-522 3 8 0 970 566 142635 0.047619047619047616 0.04092995994920387
table-0105-852 6 4 0 179 251 3405 0.14285714285714285 0.6214689265536724
table-0105-742 9 4 9 520 807 46669 1.0 3.84251968503937
table-0105-530 55 5 77 215 128 27143 1.0 0.7899692196270143
table-0105-92 4 5 3 129 96 114126 0.5 0.2923617208077261
table-0105-464 9 2 0 65 209 5131 0.022727272727272728 0.03479804704837994
table-0105-436 39 3 4 882 161 1049067 0.2 0.146175700518077
table-0105-433 1 3 0 35 61 5263 1.0 0.04097803939325334
table-0105-171 3 2 0 69 113 1002 0.5 0.006830601092896175
table-0105-881 0 1 0 198 264 6676 0.0625 0.0
table-0105-468 9 2 0 65 209 5131 0.022727272727272728 0.04429649356413671
table-0105-952 1 3 0 184 207 19996 0.5 0.013609850939727802
table-0105-261 29 4 1 86 108 12600 0.3333333333333333 8.48
table-0105-536 1 3 0 80 84 2296 1.0 0.045396825396825394
table-0105-793 4 5 0 474 672 44451 0.038461538461538464 0.03197209707891295
table-0105-79 3 4 0 229 286 2040 0.14285714285714285 0.23916184971098267
table-0105-440 1 3 0 205 184 31359 1.0 0.014167242570836213
table-0105-991 4 2 0 49 54 6157 0.2 0.06352201257861635
table-0105-369 5 7 0 231 265 2468 0.14285714285714285 0.13148049171566006
table-0105-987 7 6 0 10773 1066 1673790 0.5 0.015986666439905442
table-0105-230 2 5 0 234 264 2855 0.14285714285714285 0.02161622879946791
table-0105-193 1 5 2 5 18 721 1.0 0.26732673267326734
table-0105-67 1 8 0 229 277 1877 0.14285714285714285 0.048223350253807105
table-0105-203 0 1 0 230 274 1804 0.14285714285714285 0.0
table-0105-687 9 6 1 262 186 2038 0.2 0.981549815498155
table-0105-700 10 6 0 263 186 1733 0.2 1.2165991902834008
table-0105-599 8 2 2 138 150 31881 0.5 0.06463990554899646
table-0105-403 25 6 24 39 174 729 0.1111111111111111 4.944186046511628
table-0105-910 6 4 0 181 252 3547 0.14285714285714285 0.5785319652722968
table-0105-588 52 7 0 2 86 575 0.5 6.052959501557632
table-0105-33 6 7 0 234 336 1973 0.14285714285714285 0.18132611637347767
table-0105-511 1 3 0 21 23 1813 1.0 0.0306368330464716
table-0105-363 5 8 0 231 266 2018 0.16666666666666666 0.2771213748657358
table-0105-888 18 19 18 279 280 7535 0.3333333333333333 4.455414012738854
table-0105-685 12 6 0 262 186 2038 0.2 1.396678966789668
table-0105-281 2 8 0 230 275 1709 1.0 0.09519038076152304
table-0105-227 3 7 0 234 264 2855 0.14285714285714285 0.041569670768207514
table-0105-906 0 1 0 181 252 3547 0.14285714285714285 0.0
table-0105-956 2 7 2 74 98 4794 0.3333333333333333 0.05681175805539853
table-0105-347 6 8 0 231 267 1707 0.14285714285714285 0.23359375
table-0105-890 67 4 105 47 25 4370 0.3333333333333333 1.8633357825128583
table-0105-626 19 4 0 391 367 43495 0.5 0.3274711946634324
table-0105-123 27 6 26 45 174 587 0.09090909090909091 5.015544041450777
table-0105-156 13 3 0 192 354 39634 0.5 0.09539139274822095
table-0105-39 2 7 0 230 322 2051 0.14285714285714285 0.06495263870094722
table-0105-593 14 7 16 137 170 2983 1.0 0.35935397039030953
table-0105-180 1 5 0 323 340 29159 0.5 0.013052128929566255
table-0105-637 4 9 2 36 44 702 0.5 0.3736842105263158
table-0105-20 5 7 0 226 326 1839 0.14285714285714285 0.13983976693372177
