table_id rows cols nulls inlinks outlinks views table_imp table_fraction
table-0406-215 99 5 198 77 254 12838 0.5 10.683098591549296
table-0406-639 15 2 0 300 175 1787 1.0 0.07740121355631198
table-0406-608 5 3 0 28 33 1977 1.0 0.5655799848369977
table-0406-485 2 2 0 15 50 1607 0.3333333333333333 0.025411764705882352
table-0406-671 8 3 2 14 27 1540 0.5 0.7634146341463415
table-0406-283 11 4 0 22 24 6381 0.5 0.19344262295081968
table-0406-178 1 5 0 173 198 4581 0.5 0.024121295658166782
table-0406-237 18 6 0 99 329 1012 0.2 0.579624134520277
table-0406-323 1 2 0 297 227 355503 0.09090909090909091 0.03344982526210684
table-0406-288 4 2 0 18 58 6439 0.25 0.03857824013870828
table-0406-206 1 2 1 61 80 4005 1.0 0.015754560530679935
table-0406-472 0 1 0 39 109 13386 0.25 0.0
table-0406-696 10 7 0 7 86 1872 0.058823529411764705 0.08596473752365774
table-0406-601 2 3 0 67 100 5453 1.0 0.09271523178807947
table-0406-859 7 2 4 41 71 12178 0.5 0.04993282579489476
table-0406-492 0 1 0 89 75 1823 0.5 0.0
table-0406-97 1 3 0 194 89 933 1.0 0.022900763358778626
table-0406-47 5 8 5 20 51 750 0.25 1.2190889370932756
table-0406-234 2 7 0 99 329 1012 0.2 0.258160237388724
table-0406-659 4 3 0 2240 548 1274830 0.5 0.014236566927708116
table-0406-666 8 5 9 16 190 4026 0.1111111111111111 0.40981856990394877
table-0406-147 1 3 0 11 7 312 1.0 0.34065934065934067
table-0406-773 20 5 0 6 49 4367 0.04 0.8609355246523388
table-0406-597 7 2 0 78 86 36623 0.3333333333333333 0.08338848444738584
table-0406-236 19 7 19 99 329 1012 0.2 2.0029673590504453
table-0406-447 0 1 0 12 18 568 1.0 0.0
table-0406-85 1 3 0 194 89 933 1.0 0.020865139949109414
table-0406-108 8 6 10 72 124 1153 0.3333333333333333 0.9050131926121372
table-0406-692 10 7 0 7 86 1872 0.058823529411764705 0.07859348540691304
table-0406-133 17 6 17 456 687 11867 0.16666666666666666 0.06781802864363942
table-0406-300 3 5 0 32 229 6598 0.07142857142857142 0.022082018927444796
table-0406-780 2 5 0 6 49 4367 0.04 0.06995364517488412
table-0406-266 2 2 0 563 642 216923 0.14285714285714285 0.0021604599216375553
table-0406-500 12 6 0 3660 812 4519115 1.0 0.0037834156676647677
table-0406-488 2 9 0 332 259 10226 0.25 0.005031838624927639
table-0406-199 1 5 2 10 23 568 1.0 0.37349397590361444
table-0406-317 0 1 0 217 256 6043 1.0 0.0
table-0406-159 4 10 4 130 247 1664 0.08333333333333333 0.22130013831258644
table-0406-328 24 3 0 297 227 355503 0.09090909090909091 0.3037943085371942
table-0406-475 11 7 27 159 196 296 1.0 0.568868980963046
table-0406-290 1 2 0 108 129 1556 1.0 0.050761421319796954
table-0406-36 1 2 0 46 66 4085 0.3333333333333333 0.015177797051170859
table-0406-238 2 7 0 99 329 1012 0.2 0.2324431256181998
table-0406-301 3 5 0 32 229 6598 0.07142857142857142 0.03583596214511041
table-0406-120 283 6 441 46 400 100765 0.5 6.472719141323792
table-0406-672 1 2 1 80 31 1313 1.0 0.025991792065663474
table-0406-136 7 5 7 16 47 10686 0.5 0.2999237804878049
table-0406-43 36 4 21 174 215 42277 0.1111111111111111 0.06499117171944852
table-0406-589 5 2 2 67 59 14405 1.0 0.024771136241249325
table-0406-537 1 2 0 7 37 855 0.021739130434782608 0.028495692511597084
table-0406-117 2 7 0 75 116 1209 0.125 0.08991825613079019
table-0406-912 33 4 25 45 106 28040 0.1 3.004825090470446
table-0406-527 1 2 0 7 37 855 0.021739130434782608 0.061630218687872766
table-0406-357 1 5 0 252 277 11639 0.25 0.1256198347107438
table-0406-202 21 7 1 390 449 4218 1.0 0.2737861536448109
table-0406-896 10 3 0 312 278 12911 1.0 0.26989117291414755
table-0406-656 10 9 8 89 154 55080 0.2 0.06397071640230086
table-0406-408 4 1 0 57 151 3347 0.25 0.02724726254138019
table-0406-372 11 4 0 476 655 89906 0.25 0.006098332447683393
table-0406-727 1 5 2 86 141 1116 1.0 0.026488257782632443
table-0406-99 1 3 0 194 89 933 1.0 0.024427480916030534
table-0406-682 2 2 0 77 123 871 0.14285714285714285 0.05410958904109589
table-0406-891 2 5 0 168 185 641 0.5 0.4630681818181818
table-0406-59 36 6 119 635 430 10054 0.3333333333333333 0.49611273080660834
table-0406-417 15 2 8 72 84 17402 0.5 0.02081235313863713
table-0406-924 5 9 0 505 650 105040 0.16666666666666666 0.004691358024691358
table-0406-759 2 6 0 51 81 1050 0.14285714285714285 0.11095983662355344
table-0406-96 1 3 0 194 89 933 1.0 0.021628498727735368
table-0406-860 3 2 0 41 71 12178 0.5 0.020152261531571878
table-0406-462 13 7 24 208 240 360 1.0 1.0866666666666667
table-0406-911 10 4 7 45 106 28040 0.1 0.4620024125452352
table-0406-995 11 4 0 5 48 413 1.0 0.4823529411764706
table-0406-127 2 3 0 215 309 23131 0.2 0.0033372886383862357
table-0406-377 0 1 0 103 72 4979 0.5 0.0
table-0406-535 1 2 0 7 37 855 0.021739130434782608 0.05632869449966865
table-0406-690 7 15 64 7 86 1872 0.058823529411764705 0.026098216953879868
table-0406-904 9 4 0 45 106 28040 0.1 0.5753920386007237
table-0406-580 5 2 5 153 163 21536 0.5 0.05879882402351953
table-0406-78 8 16 7 1123 397 1270 1.0 0.08571621712972352
table-0406-48 4 3 0 15 46 385 1.0 0.18163511880789368
table-0406-834 1 2 0 144 141 20544 1.0 0.004669046965119473
table-0406-978 24 8 78 96 92 3344 0.25 0.33416087388282023
table-0406-180 1 2 1 62 79 4761 1.0 0.02392947103274559
table-0406-948 0 1 0 261 147 17950 1.0 0.0
table-0406-903 8 7 8 594 298 80426 0.3333333333333333 0.1818040435458787
table-0406-101 1 3 0 194 89 933 1.0 0.021119592875318068
table-0406-329 4 14 16 3145 430 172426 0.3333333333333333 0.015038878919935059
table-0406-209 12 5 11 176 176 2529 0.2 3.3200934579439254
table-0406-461 4 10 8 45 76 8140 0.3333333333333333 0.24493827160493828
table-0406-617 5 7 4 68 110 1275 0.125 0.17028493894165536
table-0406-963 47 5 0 21 39 483 1.0 6.047826086956522
table-0406-369 1 6 0 7 287 1260 1.0 0.12603305785123967
table-0406-373 10 4 0 476 655 89906 0.25 0.01890230015941699
table-0406-286 3 8 0 98 49 1079 0.5 0.48255813953488375
table-0406-705 3 3 0 7 86 1872 0.058823529411764705 0.032572965434804264
table-0406-401 8 3 8 7678 1108 705271 0.2 0.010625379477838493
table-0406-858 5 5 2 88 239 972 0.5 0.10306748466257669
table-0406-163 0 1 0 146 287 1583 0.07692307692307693 0.0
table-0406-805 54 7 48 95 146 1410 0.3333333333333333 8.746938775510204
table-0406-950 1 6 0 63 213 3556 0.3333333333333333 0.006433350488934638
table-0406-685 4 7 4 77 123 871 0.14285714285714285 0.13356164383561644
table-0406-169 5 9 0 146 287 1583 0.07692307692307693 0.3801980198019802
table-0406-469 2 2 0 39 109 13386 0.25 0.012520714417234395
table-0406-116 4 7 4 75 116 1209 0.125 0.14305177111716622
table-0406-572 6 2 6 26 34 14207 0.5 0.040109389243391066
table-0406-123 22 8 11 40 59 35904 0.5 0.8179723502304147
table-0406-590 7 5 0 96 89 53013 1.0 0.05599358546037685
table-0406-872 8 2 0 382 178 3136 0.3333333333333333 0.17825112107623317
table-0406-138 0 1 0 130 394 62323 1.0 0.0
table-0406-321 5 14 1 297 227 355503 0.09090909090909091 0.4420868696954568
table-0406-568 4 2 4 49 57 1244 1.0 0.05132450331125828
table-0406-563 1 2 1 18 26 5883 0.5 0.017015706806282723
table-0406-644 2 5 3 8 13 517 0.5 0.4028985507246377
table-0406-599 1 3 0 25 50 1159 1.0 0.16276978417266186
table-0406-907 2 2 0 45 106 28040 0.1 0.08685162846803378
table-0406-626 19 4 0 46 60 87449 0.3333333333333333 0.9000609384521633
table-0406-6 10 5 4 52 33 99712 0.5 0.6740506329113924
table-0406-367 4 2 2 16 36 4380 0.5 0.04233301975540922
table-0406-961 1 6 0 33 28 1770 0.5 0.027808676307007785
table-0406-161 3 10 6 130 247 1664 0.08333333333333333 0.13416320885200553
table-0406-713 47 8 20 20 142 406502 1.0 3.7475790832795353
table-0406-252 10 7 21 20 50 2067 1.0 0.21326562995874326
table-0406-164 2 2 0 146 287 1583 0.07692307692307693 0.21386138613861386
table-0406-490 2 2 0 14 31 1343 1.0 0.182370820668693
table-0406-222 2 2 2 92 51 1612 1.0 0.05018359853121175
table-0406-564 5 6 0 13 30 8760 0.3333333333333333 0.8892561983471075
table-0406-566 0 0 0 13 30 8760 0.3333333333333333 0.0
table-0406-371 16 2 0 476 655 89906 0.25 0.013335357676054557
table-0406-826 2 2 0 305 561 68028 0.16666666666666666 0.015288266715785596
table-0406-281 6 4 6 22595 1331 1810871 0.125 0.007780159126273451
table-0406-531 1 2 0 7 37 855 0.021739130434782608 0.04108681245858184
table-0406-380 4 5 0 17186 1378 2907732 0.5 0.0016246953696181965
table-0406-533 4 2 0 7 37 855 0.021739130434782608 0.0927766732935719
table-0406-39 10 4 8 174 215 42277 0.1111111111111111 0.010218265148953755
table-0406-603 1 2 1 14 16 2989 1.0 0.045023696682464455
table-0406-611 3 2 0 44 50 18513 0.5 0.07330677290836653
table-0406-130 0 1 0 215 309 23131 0.2 0.0
table-0406-49 1 3 0 88 55 4145 1.0 0.0543794105437941
table-0406-430 3 6 0 27 51 15426 0.5 0.12382075471698113
table-0406-342 11 2 0 5261 733 300568 0.125 0.0027376804380288703
table-0406-787 1 5 0 6 49 4367 0.04 0.05014749262536873
table-0406-555 5 1 0 88 96 2018 0.5 0.23796033994334279
table-0406-958 1 6 0 13 73 2419 0.3333333333333333 0.005799293998991427
table-0406-314 3 6 1 196 112 60407 0.25 0.04305799648506151
table-0406-331 1 3 0 17 47 7651 1.0 0.0558640967004247
table-0406-598 0 1 0 9 20 561 1.0 0.0
table-0406-354 8 5 0 252 277 11639 0.25 0.4991735537190083
table-0406-551 5 3 4 7 37 855 0.021739130434782608 0.12856196156394964
table-0406-343 4 2 0 5261 733 300568 0.125 0.001294176207068193
table-0406-800 3 2 0 27 38 503 0.5 0.05061224489795919
table-0406-495 0 1 0 77 392 3321 0.2 0.0
table-0406-233 2 3 0 31 75 3671 1.0 0.07412826139965863
table-0406-648 1 2 1 92 123 4259 1.0 0.010758776896942242
table-0406-751 90 5 92 15 139 99356 0.16666666666666666 14.263157894736842
table-0406-170 19 10 0 146 287 1583 0.07692307692307693 1.4732673267326732
table-0406-391 7 3 0 218 209 7708 0.16666666666666666 0.08043478260869565
table-0406-184 3 8 0 154 122 62746 1.0 0.00813367518344974
table-0406-375 16 6 20 36 42 62792 0.5 0.05257529852076279
table-0406-360 1 7 0 23 41 858 1.0 0.011711711711711712
table-0406-510 7 2 1 44 39 22723 0.5 0.14072289156626505
table-0406-132 8 7 0 456 687 11867 0.16666666666666666 0.09797809604043808
table-0406-9 1 7 0 743 411 180920 0.07142857142857142 0.009875702366763153
table-0406-299 1 5 0 32 229 6598 0.07142857142857142 0.007444794952681388
table-0406-487 3 10 9 332 259 10226 0.25 0.005655252259874427
table-0406-259 7 6 0 110 179 11212 0.5 0.028931499424080222
table-0406-95 1 3 0 194 89 933 1.0 0.022646310432569976
table-0406-438 1 3 0 82 102 1674 1.0 0.12548015364916773
table-0406-998 4 5 8 207 222 1820 1.0 1.178477690288714
table-0406-384 1 2 0 135 226 54838 0.3333333333333333 0.0017010535557506585
table-0406-396 11 4 0 41 56 5085 1.0 0.20054095826893353
table-0406-366 0 1 0 27 170 5522 1.0 0.0
table-0406-229 5 7 1 182 121 124019 0.2 0.05214401680832776
table-0406-77 4 3 0 1123 397 1270 1.0 0.010680727371053876
table-0406-162 4 3 0 130 247 1664 0.08333333333333333 0.5463347164591977
table-0406-870 9 11 3 136 130 29710 0.3333333333333333 0.13090845194166228
table-0406-772 1 5 1 6 49 4367 0.04 0.021491782553729456
table-0406-3 2 8 2 13 32 657 0.25 0.7047619047619048
table-0406-166 4 10 0 146 287 1583 0.07692307692307693 0.5821782178217821
table-0406-728 4 3 0 98 185 4114 0.5 0.06799417192812045
table-0406-802 21 2 6 107 164 27795 0.3333333333333333 0.05116279069767442
table-0406-69 0 1 0 10 23 6157 1.0 0.0
table-0406-257 176 4 0 232 450 36498 0.3333333333333333 1.8538303868818857
table-0406-267 4 3 0 563 642 216923 0.14285714285714285 0.01786956680947673
table-0406-414 8 8 8 4112 497 38812 1.0 0.03216400911161731
table-0406-139 56 7 0 130 394 62323 1.0 3.975196362133113
table-0406-988 2 3 0 169 138 14936 1.0 0.023409578270192993
table-0406-840 42 5 0 418 600 12029 0.2 1.9548092868988391
table-0406-151 2 2 0 103 165 1681 0.1111111111111111 0.16326530612244897
table-0406-920 1 5 2 162 163 4383 1.0 0.03089964451736396
table-0406-74 1 2 0 24 79 5505 0.5 0.1065721649484536
table-0406-104 1 3 0 194 89 933 1.0 0.025190839694656488
table-0406-567 1 2 1 59 76 12214 0.5 0.021405049396267837
table-0406-291 35 9 43 47 253 1187 0.5 2.93312693498452
table-0406-258 1 3 0 117 79 2249 1.0 0.0889967637540453
table-0406-383 21 2 0 135 226 54838 0.3333333333333333 0.04422739244951712
table-0406-437 3 4 2 147 117 4622 0.5 0.11972855065438681
table-0406-79 3 3 0 1123 397 1270 1.0 0.023051443250185898
table-0406-942 33 3 2 29 33 9033 0.3333333333333333 0.4660633484162896
table-0406-691 10 7 0 7 86 1872 0.058823529411764705 0.07670086662018129
table-0406-13 5 8 0 743 411 180920 0.07142857142857142 0.05261365571258301
table-0406-681 1 3 0 78 108 1591 1.0 0.05950479233226837
table-0406-509 4 2 0 61 66 24727 0.3333333333333333 0.029558676617500147
table-0406-878 1 2 0 80 121 6618 0.5 0.02465166130760986
table-0406-740 35 9 61 49 98 1146 0.3333333333333333 6.1158129175946545
table-0406-118 3 7 3 75 116 1209 0.125 0.14645776566757493
table-0406-715 5 3 0 120 134 1081 1.0 0.2924086223055295
table-0406-915 2 2 0 37 37 5566 1.0 0.02863202545068929
table-0406-833 2 4 2 151 131 676 0.5 0.17079889807162535
table-0406-249 3 7 3 76 116 1210 0.125 0.17693981145757795
table-0406-645 1 3 0 27 49 2142 1.0 0.0384709033357682
table-0406-569 11 2 8 24 35 10689 0.3333333333333333 0.22131704005431094
table-0406-231 0 1 0 14 27 1371 1.0 0.0
table-0406-952 15 11 0 568 1244 33823 0.16666666666666666 0.11364711447492905
table-0406-351 12 3 4 257 285 33845 0.2 0.7653333333333333
table-0406-193 6 2 0 24 42 5547 0.5 0.0716755737189563
table-0406-877 7 11 3 19 27 841 0.5 1.4840579710144928
table-0406-714 3 4 0 20 142 406502 1.0 0.12330535829567463
table-0406-196 1 4 0 182 208 5495 0.5 0.01978565539983512
table-0406-17 5 5 6 10 37 889 0.5 0.532347504621072
table-0406-650 89 14 760 62 160 72605 0.2 1.7821931589537223
table-0406-33 2 8 2 13 35 645 0.3333333333333333 0.49448123620309054
table-0406-811 73 4 56 39 2387 490 1.0 13.573264781491002
table-0406-873 15 6 15 382 178 3136 0.3333333333333333 1.1188340807174888
table-0406-57 4 5 0 635 430 10054 0.3333333333333333 0.12657920310981535
table-0406-969 0 1 0 1157 519 98049 0.3333333333333333 0.0
table-0406-782 8 4 0 6 49 4367 0.04 0.14538558786346398
table-0406-560 12 2 12 19 36 6061 1.0 0.07535532314293376
table-0406-179 9 7 31 37 101 168 1.0 0.09546209186496957
table-0406-918 0 1 0 51 48 1421 1.0 0.0
table-0406-704 10 17 20 7 86 1872 0.058823529411764705 0.10787927084370953
table-0406-752 2 5 2 15 139 99356 0.16666666666666666 0.2505263157894737
table-0406-895 2 5 0 166 169 598 0.5 0.2761627906976744
table-0406-349 0 1 0 21 28 4520 1.0 0.0
table-0406-235 18 7 20 99 329 1012 0.2 2.2917903066271017
table-0406-593 3 2 3 25 25 15045 0.5 0.014096762965541246
table-0406-143 1 3 0 39 65 1965 0.5 0.04759036144578313
table-0406-585 5 2 5 18 23 9923 0.5 0.11578947368421053
table-0406-440 2 4 4 183 471 10842 0.16666666666666666 0.0037514467015205334
table-0406-804 1 2 0 107 164 27795 0.3333333333333333 0.003398926654740608
table-0406-758 4 7 4 51 81 1050 0.14285714285714285 0.17154526889040164
table-0406-322 1 6 0 297 227 355503 0.09090909090909091 0.01672491263105342
table-0406-776 8 5 5 6 49 4367 0.04 0.22081753055204384
table-0406-415 17 7 0 4112 497 38812 1.0 0.041184510250569475
table-0406-586 4 2 4 53 67 12153 1.0 0.05997818974918211
table-0406-823 5 6 3 108 38 151500 0.5 0.09691848906560636
table-0406-917 3 2 0 24 34 653 0.5 0.056818181818181816
table-0406-962 4 2 1 23 45 1843 1.0 0.22189781021897811
table-0406-638 55 2 0 300 175 1787 1.0 0.2714222287997632
table-0406-839 1 3 0 98 90 1669 1.0 0.007234539089848308
table-0406-777 2 5 0 6 49 4367 0.04 0.05056890012642225
table-0406-960 2 5 0 76 187 202 1.0 0.3711340206185567
table-0406-643 2 3 0 254 381 17193 1.0 0.05038371705038372
table-0406-649 22 5 17 62 160 72605 0.2 0.28169014084507044
table-0406-72 11 3 0 35 24 1709 0.5 0.07971864009378664
table-0406-604 2 2 1 5 16 1195 1.0 0.10559006211180125
table-0406-105 1 3 0 194 89 933 1.0 0.026463104325699746
table-0406-213 10 11 0 55 48 19698 1.0 0.1710204081632653
table-0406-94 1 3 0 194 89 933 1.0 0.024173027989821884
table-0406-44 1 3 0 21 61 1739 1.0 0.07139240506329114
table-0406-993 10 4 0 145 243 1096 0.5 0.4565499351491569
table-0406-337 7 3 0 5261 733 300568 0.125 0.0018417122946739672
table-0406-75 5 4 6 114 170 3388 0.5 0.5980392156862745
table-0406-64 5 5 0 60 85 1155 0.14285714285714285 0.24287652645861602
table-0406-516 2 3 1 7 37 855 0.021739130434782608 0.10404241219350563
table-0406-204 4 19 0 390 449 4218 1.0 0.03232561183091218
table-0406-785 1 4 0 6 49 4367 0.04 0.02654867256637168
table-0406-115 5 7 4 75 116 1209 0.125 0.17438692098092642
table-0406-498 1 3 0 11 11 454 1.0 0.35058823529411764
table-0406-279 52 5 0 23 48 2413 0.5 1.8396486825595986
table-0406-226 11 3 0 478 472 23449 0.25 3.238532110091743
table-0406-630 1 2 0 298 43 82008 1.0 0.18041237113402062
table-0406-319 2 3 0 264 283 105930 1.0 0.02407960199004975
table-0406-675 17 10 12 143 224 100166 0.16666666666666666 0.9525252525252526
table-0406-336 5 13 31 5261 733 300568 0.125 0.008909905425584869
table-0406-756 5 5 0 51 81 1050 0.14285714285714285 0.23349217154526888
table-0406-613 2 2 0 570 432 12777 1.0 0.0025331759693716
table-0406-282 257 4 194 22595 1331 1810871 0.125 0.5812806435512756
table-0406-525 1 3 0 7 37 855 0.021739130434782608 0.04771371769383698
table-0406-849 3 3 0 20 33 2614 0.5 0.13366336633663367
table-0406-376 23 9 0 103 72 4979 0.5 1.4529514903565166
table-0406-385 2 10 0 4305 721 1193185 0.2 0.0015634848522056597
table-0406-405 6 13 0 7678 1108 705271 0.2 0.011508527901970525
table-0406-874 5 7 4 200 323 150670 1.0 0.019598204744603547
table-0406-534 1 2 0 7 37 855 0.021739130434782608 0.04903909874088801
table-0406-530 1 2 0 7 37 855 0.021739130434782608 0.061630218687872766
table-0406-711 7 8 9 20 142 406502 1.0 0.4415752098127824
table-0406-379 47 5 0 0 0 0 0.0 2749.0
table-0406-60 13 5 4 635 430 10054 0.3333333333333333 0.3275024295432459
table-0406-368 3 2 0 16 36 4380 0.5 0.04233301975540922
table-0406-89 1 3 0 194 89 933 1.0 0.026717557251908396
table-0406-937 0 1 0 83 58 5299 1.0 0.0
table-0406-936 1 3 0 55 122 7868 1.0 0.009708737864077669
table-0406-798 13 2 0 98 182 2714 1.0 1.037914691943128
table-0406-831 8 6 10 46 66 1074 0.3333333333333333 0.8248587570621468
table-0406-298 1 5 0 32 229 6598 0.07142857142857142 0.00996845425867508
table-0406-416 1 3 0 3 30 1491 1.0 0.08270676691729323
table-0406-436 8 3 0 16 31 1339 0.5 0.2513255567338282
table-0406-109 8 4 1 410 510 12401 0.5 0.727214377406932
table-0406-827 218 4 0 305 561 68028 0.16666666666666666 4.110885982685577
table-0406-92 1 3 0 194 89 933 1.0 0.02544529262086514
table-0406-554 0 1 0 7 14 417 1.0 0.0
table-0406-663 9 5 10 16 190 4026 0.1111111111111111 0.3892742796157951
table-0406-559 1 2 1 16 21 8585 0.5 0.10112359550561797
table-0406-587 1 3 0 7 12 442 1.0 0.23891625615763548
table-0406-327 8 9 5 297 227 355503 0.09090909090909091 0.2568647029455816
table-0406-745 20 3 0 9 200 1262 1.0 0.18052381789418176
table-0406-825 1 3 0 21 44 1134 1.0 0.08455666470933647
table-0406-240 8 2 0 84 192 4543 0.5 0.0023846261747790714
table-0406-654 24 10 18 89 154 55080 0.2 0.205508105281506
table-0406-429 1 3 0 54 37 22378 1.0 0.0864338866628506
table-0406-247 3 7 4 76 116 1210 0.125 0.12472806381435823
table-0406-718 8 7 4 72 111 1132 0.125 0.2957171991842284
table-0406-153 0 1 0 130 247 1664 0.08333333333333333 0.0
table-0406-107 44 5 34 72 124 1153 0.3333333333333333 9.142480211081795
table-0406-913 3 2 0 24 38 412 0.5 0.06742485783915515
table-0406-710 1 3 0 14 35 769 1.0 0.04886475814412636
table-0406-890 2 6 0 216 254 3984 0.1111111111111111 0.13776493256262043
table-0406-21 5 9 6 15 42 620 0.25 1.2375296912114013
table-0406-933 0 1 0 55 52 1352 1.0 0.0
table-0406-221 0 1 0 13 15 707 1.0 0.0
table-0406-844 2 5 2 167 174 586 0.3333333333333333 0.7857142857142857
table-0406-220 1 3 0 21 40 1371 1.0 0.1875
table-0406-793 1 4 0 6 49 4367 0.04 0.022334597555836493
table-0406-884 10 4 0 1578 307 429925 0.14285714285714285 0.08228550295857988
table-0406-964 17 3 0 85 268 16874 1.0 0.0704437453985677
table-0406-455 1 3 0 13 19 842 1.0 0.2099056603773585
table-0406-378 6 3 0 1927 861 759041 1.0 0.010929136886638248
table-0406-38 8 4 8 174 215 42277 0.1111111111111111 0.004395356700101431
table-0406-753 4 3 0 35 31 1837 1.0 0.2034412955465587
table-0406-670 3 3 0 213 181 35293 1.0 0.019213325637008328
table-0406-400 186 3 0 8 238 3621 1.0 0.5300794551645857
table-0406-965 1 6 0 21 16 2133 0.5 0.017790956263899184
table-0406-565 8 2 0 13 30 8760 0.3333333333333333 0.5801652892561984
table-0406-971 1 6 0 25 25 1380 0.5 0.017452006980802792
table-0406-945 0 1 0 69 50 4572 1.0 0.0
table-0406-76 3 3 0 66 81 1854 1.0 0.17181129877693652
table-0406-545 1 2 0 7 37 855 0.021739130434782608 0.06096752816434725
table-0406-479 6 3 10 159 196 296 1.0 0.14109742441209405
table-0406-14 5 8 0 743 411 180920 0.07142857142857142 0.06964072875872637
table-0406-426 1 1 0 4116 742 636522 0.5 0.0008457374830852503
table-0406-422 37 13 21 1761 1375 833131 0.16666666666666666 0.029253031736475445
table-0406-686 2 7 0 77 123 871 0.14285714285714285 0.08972602739726028
table-0406-574 1 2 1 56 60 13891 0.5 0.019470793809286072
table-0406-742 3 3 3 93 72 12190 0.25 0.03990746096009254
table-0406-1 2 5 0 8 27 980 0.5 0.0810546875
table-0406-155 6 10 0 130 247 1664 0.08333333333333333 0.5975103734439834
table-0406-901 34 9 41 280 274 39738 1.0 0.33170731707317075
table-0406-577 5 2 5 55 66 6847 0.5 0.054094292803970226
table-0406-260 1 3 0 11 23 803 1.0 0.46886446886446886
table-0406-524 1 2 0 7 37 855 0.021739130434782608 0.04572564612326044
table-0406-29 5 9 6 16 44 528 0.25 1.4166666666666667
table-0406-454 3 7 3 87 128 1192 0.125 0.1514059120403749
table-0406-928 26 3 0 340 153 7232 0.3333333333333333 1.1899736147757256
table-0406-612 10 1 0 91 102 2670 0.5 0.6025641025641025
table-0406-142 31 3 0 7 9 2199 1.0 3.0902061855670104
table-0406-668 1 3 0 145 93 11101 1.0 0.011075633606066653
table-0406-61 1 3 0 105 82 6057 1.0 0.013996193035494346
table-0406-662 9 5 12 16 190 4026 0.1111111111111111 0.3105656350053362
table-0406-871 13 9 14 484 177 60389 0.5 0.06273813201524045
table-0406-976 1 3 0 18 38 2371 1.0 0.03768115942028986
table-0406-505 0 1 0 27 65 4109 1.0 0.0
table-0406-701 10 8 0 7 86 1872 0.058823529411764705 0.04900886542484311
table-0406-309 1 3 0 25 48 1320 1.0 0.049679487179487176
table-0406-86 1 3 0 194 89 933 1.0 0.026463104325699746
table-0406-471 4 5 0 39 109 13386 0.25 0.0478733198306021
table-0406-119 1 3 0 11 31 6406 1.0 0.06038739080896316
table-0406-356 5 7 0 252 277 11639 0.25 0.5140495867768595
table-0406-167 80 6 0 146 287 1583 0.07692307692307693 10.48118811881188
table-0406-432 6 4 0 40 50 5640 0.3333333333333333 0.9101654846335697
table-0406-940 3 6 0 46 129 4380 0.25 0.029340392675932053
table-0406-868 33 6 95 19 117 348 1.0 3.061261261261261
table-0406-815 97 4 74 39 2387 490 1.0 16.275064267352185
table-0406-197 43 3 0 36 89 161 1.0 1.3812907045589107
table-0406-875 8 2 0 90 130 11606 0.25 0.25033025099075296
table-0406-688 1 3 0 29 40 331 1.0 0.08441896821261073
table-0406-420 0 1 0 54 129 13882 1.0 0.0
table-0406-62 1 3 0 58 92 1034 0.16666666666666666 0.12659698025551683
table-0406-658 14 4 0 2240 548 1274830 0.5 0.03705128785478249
table-0406-307 1 3 0 17 26 2908 1.0 0.03667481662591687
table-0406-330 4 2 2 42 34 15388 0.5 0.07044107965766952
table-0406-621 1 2 1 16 40 6719 1.0 0.004483246814535158
table-0406-624 1 3 0 174 230 2526 1.0 0.4231974921630094
table-0406-885 6 4 0 1578 307 429925 0.14285714285714285 0.051682692307692304
table-0406-916 0 1 0 47 45 1145 1.0 0.0
table-0406-481 2 2 0 27 49 4161 0.5 0.02143707820563716
table-0406-122 1 3 0 178 135 39312 1.0 0.012162463735773265
table-0406-363 4 3 0 19 25 3959 0.3333333333333333 0.04425271360979683
table-0406-807 14 2 0 158 101 1705 0.5 0.4672489082969432
table-0406-610 6 6 0 150 699 3720 1.0 0.06960950764006792
table-0406-46 5 8 5 20 51 750 0.25 1.3991323210412148
table-0406-767 2 3 0 62 106 3464 1.0 0.3537519142419602
table-0406-106 1 3 0 194 89 933 1.0 0.024681933842239184
table-0406-341 21 3 0 5261 733 300568 0.125 0.026729716276754606
table-0406-51 4 9 0 185 419 138662 0.08333333333333333 0.04727872457394173
table-0406-223 12 3 0 36 94 248 1.0 0.4912174439733495
table-0406-676 65 12 1 143 224 100166 0.16666666666666666 2.1227272727272726
table-0406-925 1 2 0 52 83 1392 1.0 0.014734144778987828
table-0406-486 1 3 0 15 50 1607 0.3333333333333333 0.02211764705882353
table-0406-111 18 5 22 410 510 12401 0.5 1.6848523748395379
table-0406-224 18 3 0 478 472 23449 0.25 6.128440366972477
table-0406-725 5 5 11 221 299 1707 0.3333333333333333 0.3333333333333333
table-0406-365 0 1 0 24 34 3327 1.0 0.0
table-0406-174 23 7 15 86 134 1269 0.3333333333333333 4.89002557544757
table-0406-642 6 5 12 264 182 12592 1.0 0.07538670746217917
table-0406-816 7 2 0 27 36 12104 0.3333333333333333 0.05781925791031186
table-0406-121 26 6 24 47 51 7918 1.0 0.6076111288775183
table-0406-817 7 1 1 27 36 12104 0.3333333333333333 0.031413612565445025
table-0406-546 1 2 0 7 37 855 0.021739130434782608 0.025182239893969515
table-0406-512 1 2 0 7 37 855 0.021739130434782608 0.04705102717031146
table-0406-968 3 4 0 16 19 1583 0.3333333333333333 0.1994261119081779
table-0406-570 14 1 0 92 102 2122 0.5 1.2677824267782427
table-0406-984 1 2 0 12 15 1323 1.0 0.06301369863013699
table-0406-855 1 1 0 1400 283 32578 1.0 0.004435346298191744
table-0406-135 10 2 0 456 687 11867 0.16666666666666666 0.06562763268744734
table-0406-677 19 3 18 143 224 100166 0.16666666666666666 0.33080808080808083
table-0406-91 1 3 0 194 89 933 1.0 0.026208651399491092
table-0406-861 5 7 0 106 40 1416 0.5 0.8435251798561151
table-0406-717 8 6 3 72 111 1132 0.125 0.2929979605710401
table-0406-476 7 3 12 159 196 296 1.0 0.1881298992161254
table-0406-340 7 3 0 5261 733 300568 0.125 0.0021403683424589346
table-0406-842 19 5 0 418 600 12029 0.2 0.8619402985074627
table-0406-665 2 5 2 16 190 4026 0.1111111111111111 0.08884738527214514
table-0406-623 1 3 0 259 222 2892 1.0 0.14414414414414414
table-0406-765 25 2 0 26 169 49179 0.2 5.561764705882353
table-0406-387 13 3 0 4304 721 1193185 0.2 0.0011705671930126143
table-0406-581 5 2 5 26 23 7149 1.0 0.055768179332968834
table-0406-669 6 6 0 323 363 44510 0.5 0.03322107945754073
table-0406-729 1 3 0 18 57 894 1.0 0.07200587803085966
table-0406-19 2 3 0 15 42 620 0.25 0.3990498812351544
table-0406-424 7 4 0 1761 1375 833131 0.16666666666666666 0.0018491442332501935
table-0406-553 4 2 0 7 37 855 0.021739130434782608 0.15838303512259774
table-0406-126 1 2 0 215 309 23131 0.2 0.003708098487095817
table-0406-792 2 4 0 6 49 4367 0.04 0.03708386009270965
table-0406-625 12 4 8 46 60 87449 0.3333333333333333 0.4015843997562462
table-0406-444 107 3 0 434 334 174345 0.25 0.6987325728770596
table-0406-712 29 8 13 20 142 406502 1.0 2.3879922530664945
table-0406-423 28 7 5 1761 1375 833131 0.16666666666666666 0.008482411628106992
table-0406-32 6 9 10 19 64 548 0.25 2.0557275541795668
table-0406-775 3 4 0 6 49 4367 0.04 0.05225453013063633
table-0406-8 5 1 0 743 411 180920 0.07142857142857142 0.013706793802145411
table-0406-188 1 2 0 59 77 3806 1.0 0.059654631083202514
table-0406-304 31 6 1 32 229 6598 0.07142857142857142 0.2603154574132492
table-0406-539 3 3 0 7 37 855 0.021739130434782608 0.1663353214049039
table-0406-477 27 2 27 159 196 296 1.0 0.9518477043673013
table-0406-726 40 7 78 1044 325 2467 1.0 3.0378188214599824
table-0406-923 4 5 0 505 650 105040 0.16666666666666666 0.002757201646090535
table-0406-189 52 3 0 37 87 172 1.0 1.3298743855816493
table-0406-137 42 7 0 130 394 62323 1.0 3.296403472509301
table-0406-483 3 5 3 10 74 2313 0.5 0.0350213745478461
table-0406-919 2 4 0 6 17 3663 1.0 0.22262773722627738
table-0406-994 1 3 0 96 123 4869 1.0 0.0383670963781461
table-0406-244 6 6 3 76 116 1210 0.125 0.24147933284989123
table-0406-278 8 14 7 22 100 11874 1.0 0.3652720572295686
table-0406-595 1 2 1 23 31 13767 0.5 0.039
table-0406-302 13 5 0 32 229 6598 0.07142857142857142 0.09577287066246057
table-0406-160 20 6 0 130 247 1664 0.08333333333333333 0.8810511756569848
table-0406-721 2 7 0 72 111 1132 0.125 0.09245411284840245
table-0406-27 2 3 0 16 44 528 0.25 0.4388888888888889
table-0406-926 1 3 0 111 137 1493 1.0 0.08368200836820083
table-0406-264 7 3 1 563 642 216923 0.14285714285714285 0.0305027646563404
table-0406-762 22 4 0 72 213 10869 1.0 0.7931922196796338
table-0406-253 8 4 3 27 34 798 0.5 1.0724637681159421
table-0406-850 1 2 1 60 101 82931 0.5 0.004889346371590325
table-0406-887 16 4 0 216 254 3984 0.1111111111111111 1.0202312138728324
table-0406-467 2 3 0 94 95 978 1.0 0.05344129554655871
table-0406-932 41 3 16 0 0 0 0.0 1461.0
table-0406-778 5 5 2 6 49 4367 0.04 0.14285714285714285
table-0406-929 0 1 0 60 49 3313 1.0 0.0
table-0406-951 1 3 0 57 51 1990 1.0 0.095952023988006
table-0406-308 2 7 0 473 312 9346 1.0 0.15069444444444444
table-0406-84 1 3 0 56 63 16988 1.0 0.028337061894108874
table-0406-902 2 3 2 91 85 11840 0.25 0.03315140489185365
table-0406-434 2 2 0 241 278 2959 0.5 0.03609831029185868
table-0406-514 1 2 0 7 37 855 0.021739130434782608 0.028495692511597084
table-0406-620 3 7 3 68 110 1275 0.125 0.1546811397557666
table-0406-977 2 3 0 27 58 1516 0.5 0.05206655931293613
table-0406-522 1 2 0 7 37 855 0.021739130434782608 0.0437375745526839
table-0406-836 1 2 0 144 141 20544 1.0 0.005492996429552321
table-0406-709 1 3 0 37 66 873 1.0 0.07462686567164178
table-0406-997 4 2 2 14 32 1977 1.0 0.16532258064516128
table-0406-631 1 2 0 298 43 82008 1.0 0.19072164948453607
table-0406-468 11 2 4 39 109 13386 0.25 0.06628613515006444
table-0406-489 2 6 0 332 259 10226 0.25 0.007035668165828027
table-0406-90 1 3 0 194 89 933 1.0 0.025954198473282442
table-0406-808 0 1 0 609 199 186210 1.0 0.0
table-0406-770 2 2 0 30 49 5240 0.5 0.06257668711656442
table-0406-292 21 3 0 37 91 208 1.0 0.7821729957805907
table-0406-513 1 2 0 7 37 855 0.021739130434782608 0.02584493041749503
table-0406-198 2 3 0 88 131 3285 1.0 0.16313094367227504
table-0406-67 3 7 4 60 85 1155 0.14285714285714285 0.10651289009497965
table-0406-276 1 3 0 12 47 1556 1.0 0.05548216644649934
table-0406-584 8 4 8 39 51 43115 1.0 0.0687076749435666
table-0406-939 2 6 0 46 129 4380 0.25 0.032208250606662256
table-0406-58 18 6 0 635 430 10054 0.3333333333333333 0.1098153547133139
table-0406-148 6 5 10 11 29 816 0.5 0.5659432387312187
table-0406-737 2 7 0 75 114 973 0.14285714285714285 0.09245411284840245
table-0406-660 1 5 1 16 190 4026 0.1111111111111111 0.03228388473852722
table-0406-182 1 7 0 154 122 62746 1.0 0.007691627619131818
table-0406-460 3 3 0 45 76 8140 0.3333333333333333 0.010617283950617284
table-0406-310 7 3 0 3251 973 1204337 1.0 0.010038728800525705
table-0406-972 1 2 1 61 66 8066 1.0 0.01633705932932072
table-0406-181 3 6 0 154 122 62746 1.0 0.015383255238263636
table-0406-2 2 3 0 13 32 657 0.25 0.30158730158730157
table-0406-473 1 2 0 39 109 13386 0.25 0.012336586264039771
table-0406-201 53 3 0 97 157 403 1.0 1.1454545454545455
table-0406-930 41 4 38 303 82 31409 0.5 3.7413228552717746
table-0406-743 5 3 5 93 72 12190 0.25 0.06101792943898207
table-0406-474 9 2 0 15 45 655 1.0 0.19433198380566802
table-0406-794 4 4 2 6 49 4367 0.04 0.07163927517909818
table-0406-177 1 2 0 173 198 4581 0.5 0.015851137146795313
table-0406-886 1 2 0 88 124 6747 0.5 0.06076388888888889
table-0406-719 6 7 0 72 111 1132 0.125 0.2522093813732155
table-0406-786 10 5 1 6 49 4367 0.04 0.3548251158870628
table-0406-25 1 3 0 23 26 1291 1.0 0.1289902280130293
table-0406-857 0 1 0 88 239 972 0.5 0.0
table-0406-382 10 2 4 135 226 54838 0.3333333333333333 0.01898595258999122
table-0406-441 131 9 132 183 471 10842 0.16666666666666666 0.5793191523326815
table-0406-909 2 2 0 45 106 28040 0.1 0.195416164053076
table-0406-982 9 3 0 13 38 1018 0.5 0.38163437236731257
table-0406-393 1 4 0 218 209 7708 0.16666666666666666 0.015217391304347827
table-0406-146 53 3 0 40 99 180 1.0 20.593984962406015
table-0406-975 2 2 0 54 77 1898 0.5 0.13596138374899436
table-0406-635 1 3 0 177 447 22204 1.0 0.012797249546366154
table-0406-700 10 10 0 7 86 1872 0.058823529411764705 0.05767506723777269
table-0406-326 6 12 4 297 227 355503 0.09090909090909091 0.3325012481278083
table-0406-812 92 4 77 39 2387 490 1.0 15.51413881748072
table-0406-402 14 3 0 7678 1108 705271 0.2 0.01458574819230557
table-0406-946 6 6 0 73 274 4455 0.3333333333333333 0.03876247864016548
table-0406-922 7 5 1 505 650 105040 0.16666666666666666 0.0027709190672153636
table-0406-614 2 2 0 68 110 1275 0.125 0.05495251017639077
table-0406-605 5 3 0 22 5 1456 1.0 2.888888888888889
table-0406-651 1 2 0 6 47 1133 1.0 0.006550933508024894
table-0406-558 1 2 1 49 31 8125 0.5 0.013869132290184922
table-0406-674 5 8 3 143 224 100166 0.16666666666666666 0.4585858585858586
table-0406-799 4 3 0 127 162 2054 1.0 0.28390596745027125
table-0406-739 3 3 0 31 45 2843 1.0 0.04926938928437617
table-0406-632 1 2 0 298 43 82008 1.0 0.2026417525773196
table-0406-829 6 4 0 305 561 68028 0.16666666666666666 0.07515196168723522
table-0406-583 6 2 0 39 51 43115 1.0 0.03216704288939052
table-0406-484 2 2 2 15 50 1607 0.3333333333333333 0.02588235294117647
table-0406-557 155 2 0 95 847 7998 0.5 0.09354565522220216
table-0406-42 15 4 14 174 215 42277 0.1111111111111111 0.009354220669446635
table-0406-306 34 3 0 36 100 206 1.0 0.9773445732349842
table-0406-748 1 4 0 15 139 99356 0.16666666666666666 0.14947368421052631
table-0406-990 2 3 0 618 453 136670 1.0 0.012208942921903977
table-0406-399 80 3 0 8 238 3621 1.0 0.3282155445367107
table-0406-501 3 2 1 33 21 16015 0.3333333333333333 0.011266831547128332
table-0406-900 2 4 1 280 274 39738 1.0 0.042926829268292686
table-0406-646 2 3 0 162 151 24373 1.0 0.0613251155624037
table-0406-738 3 7 3 75 114 973 0.14285714285714285 0.1373215499660095
table-0406-56 1 2 0 6 19 1049 1.0 0.014814814814814815
table-0406-171 2 8 0 146 287 1583 0.07692307692307693 0.10693069306930693
table-0406-746 0 1 0 12 12 741 1.0 0.0
table-0406-991 6 5 12 127 143 4400 1.0 0.3413173652694611
table-0406-419 1 8 1 23 111 521 0.3333333333333333 0.10213414634146341
table-0406-979 24 7 0 96 92 3344 0.25 0.3313472360145647
table-0406-867 2 4 1 7 15 148 1.0 0.43137254901960786
table-0406-987 2 3 0 20 32 1519 1.0 0.11487303506650544
table-0406-12 4 7 0 743 411 180920 0.07142857142857142 0.02962710710028946
table-0406-653 191 4 125 96 488 619183 1.0 3.018872672370408
table-0406-582 17 1 0 94 102 1760 0.5 1.1941176470588235
table-0406-248 2 7 0 76 116 1210 0.125 0.1065989847715736
table-0406-318 22 3 0 430 240 41555 0.2 0.625
table-0406-641 5 5 10 264 182 12592 1.0 0.05056943736189019
table-0406-824 1 3 0 32 73 675 1.0 0.12955032119914348
table-0406-695 10 7 0 7 86 1872 0.058823529411764705 0.0791911544974599
table-0406-699 32 4 0 7 86 1872 0.058823529411764705 0.07819503934654846
table-0406-820 1 3 0 40 114 317 1.0 0.03306939916162087
table-0406-790 3 4 0 6 49 4367 0.04 0.06489675516224189
table-0406-16 34 5 25 9 38 1055 0.5 1.934077079107505
table-0406-218 6 4 0 16 20 4137 1.0 0.04890570116184815
table-0406-526 1 3 0 7 37 855 0.021739130434782608 0.07090788601722996
table-0406-944 36 3 0 22 35 8316 1.0 5.758134490238612
table-0406-217 0 1 0 16 20 4137 1.0 0.0
table-0406-395 3 5 0 218 209 7708 0.16666666666666666 0.033850931677018636
table-0406-262 2 2 2 46 55 755 1.0 0.011093502377179081
table-0406-511 17 2 3 37 45 17669 0.5 0.08559892328398384
table-0406-830 20 7 12 46 66 1074 0.3333333333333333 4.598870056497175
table-0406-389 3 2 0 216 205 229736 0.3333333333333333 0.04469914040114613
table-0406-275 1 3 0 17 36 611 1.0 0.03479036574487065
table-0406-451 6 7 4 87 128 1192 0.125 0.2494592645998558
table-0406-325 4 14 2 297 227 355503 0.09090909090909091 0.34073889166250626
table-0406-606 1 3 0 9 13 443 1.0 0.19237147595356552
table-0406-763 40 2 0 26 169 49179 0.2 6.464705882352941
table-0406-766 44 2 6 145 207 35967 1.0 0.7349675558759914
table-0406-232 1 2 1 48 112 3737 0.5 0.008816705336426913
table-0406-172 8 3 0 146 287 1583 0.07692307692307693 1.4831683168316832
table-0406-352 30 3 3 257 285 33845 0.2 2.1973333333333334
table-0406-55 31 6 0 185 419 138662 0.08333333333333333 0.617372182517867
table-0406-947 2 2 0 73 274 4455 0.3333333333333333 0.00206853134274665
table-0406-520 3 2 0 7 37 855 0.021739130434782608 0.10404241219350563
table-0406-482 1 3 0 13 19 849 1.0 0.44545454545454544
table-0406-150 8 6 10 87 162 1138 0.3333333333333333 0.6410714285714286
table-0406-63 2 2 0 60 85 1155 0.14285714285714285 0.04613297150610583
table-0406-445 3 3 0 434 334 174345 0.25 0.024461343472750318
table-0406-575 4 2 4 91 107 16917 0.5 0.0686456400742115
table-0406-452 4 7 4 87 128 1192 0.125 0.1788031723143475
table-0406-154 2 2 0 130 247 1664 0.08333333333333333 0.14661134163208853
table-0406-145 2 2 0 0 0 0 0.0 46.0
table-0406-491 30 9 0 89 75 1823 0.5 2.718918918918919
table-0406-370 6 9 0 476 655 89906 0.25 0.010349452162251069
table-0406-684 6 7 0 77 123 871 0.14285714285714285 0.23150684931506849
table-0406-464 5 10 8 208 240 360 1.0 0.4166666666666667
table-0406-187 6 23 33 443 245 12296 0.5 0.4755908562572646
table-0406-801 5 3 0 276 230 73426 0.5 0.04428220524017467
table-0406-821 2 2 0 28 113 392 1.0 0.004229233985934233
table-0406-576 1 3 0 8 32 559 1.0 0.19724770642201836
table-0406-734 5 6 3 75 114 973 0.14285714285714285 0.19170632222977566
table-0406-538 9 3 4 7 37 855 0.021739130434782608 0.43538767395626243
table-0406-618 4 7 4 68 110 1275 0.125 0.14111261872455902
table-0406-736 4 7 4 75 114 973 0.14285714285714285 0.15635622025832766
table-0406-846 1 3 0 97 92 3672 1.0 0.13935340022296544
table-0406-789 1 4 1 6 49 4367 0.04 0.01643489254108723
table-0406-134 26 5 0 456 687 11867 0.16666666666666666 0.4517270429654591
table-0406-271 6 2 0 85 111 1945 0.3333333333333333 0.05464747499390095
table-0406-508 5 2 0 61 66 24727 0.3333333333333333 0.03578774167009461
table-0406-287 21 6 2 18 58 6439 0.25 0.7984395318595578
table-0406-295 13 5 0 32 229 6598 0.07142857142857142 0.14094637223974762
table-0406-23 1 3 0 98 97 364122 0.3333333333333333 0.0702070207020702
table-0406-7 0 1 0 12 20 686 1.0 0.0
table-0406-935 8 5 14 347 270 16960 1.0 0.12004030734349415
table-0406-837 2 4 1 69 196 635 0.5 0.14927184466019416
table-0406-338 7 3 0 5260 733 300568 0.125 0.0018417122946739672
table-0406-457 11 5 10 14 57 10073 0.25 0.09332042594385286
table-0406-806 6 7 12 95 146 1410 0.3333333333333333 0.45918367346938777
table-0406-661 1 5 1 16 190 4026 0.1111111111111111 0.04055496264674493
table-0406-879 1 2 0 80 121 6618 0.5 0.03751339764201501
table-0406-956 2 2 1 8 13 900 1.0 0.10015898251192369
table-0406-544 1 2 0 7 37 855 0.021739130434782608 0.0536779324055666
table-0406-898 3 2 0 23 36 508 0.5 0.07636068237205523
table-0406-832 0 1 0 72 73 13733 1.0 0.0
table-0406-141 10 3 0 130 394 62323 1.0 0.10417527904092601
table-0406-496 0 0 0 77 392 3321 0.2 0.0
table-0406-938 0 1 0 57 48 1578 1.0 0.0
table-0406-892 1 4 0 173 191 702 0.25 0.35106382978723405
table-0406-294 23 5 0 32 229 6598 0.07142857142857142 0.12391167192429021
table-0406-809 12 8 0 208 134 3440 0.5 1.508108108108108
table-0406-392 2 4 0 218 209 7708 0.16666666666666666 0.023291925465838508
table-0406-411 4 2 1 57 151 3347 0.25 0.028011204481792718
table-0406-588 3 9 0 14 27 3930 0.5 0.05818022747156605
table-0406-503 1 3 0 11 26 616 1.0 0.12696941612604262
table-0406-125 3 2 0 215 309 23131 0.2 0.018392168495995252
table-0406-427 9 2 0 4116 742 636522 0.5 0.012202783684515755
table-0406-10 5 1 0 743 411 180920 0.07142857142857142 0.013706793802145411
table-0406-591 0 1 0 6 9 401 1.0 0.0
table-0406-68 3 7 3 60 85 1155 0.14285714285714285 0.14314789687924015
table-0406-532 3 3 2 7 37 855 0.021739130434782608 0.20212060967528164
table-0406-83 2 4 0 259 296 30422 1.0 0.019642230796211857
table-0406-208 3 4 0 171 185 2476 0.5 0.04984802431610942
table-0406-689 23 4 23 15 481 421 1.0 0.6685370741482966
table-0406-183 14 12 0 154 122 62746 1.0 0.1063566439748917
table-0406-71 2 5 0 8 92 2322 0.5 0.22565320665083136
table-0406-140 18 3 0 130 394 62323 1.0 0.4042992972302604
table-0406-246 5 7 4 76 116 1210 0.125 0.20739666424945613
table-0406-845 1 4 0 167 171 673 0.3333333333333333 0.3870967741935484
table-0406-30 3 3 0 19 64 548 0.25 0.6934984520123839
table-0406-114 7 7 4 75 116 1209 0.125 0.24931880108991825
table-0406-421 10 5 0 1761 1375 833131 0.16666666666666666 0.0031177431839683497
table-0406-37 0 1 0 46 66 4085 0.3333333333333333 0.0
table-0406-707 2 2 0 51 61 3403 0.5 0.31746031746031744
table-0406-592 3 2 3 53 61 14502 0.5 0.04210069444444445
table-0406-764 2 2 0 26 169 49179 0.2 0.4647058823529412
table-0406-175 8 6 10 86 134 1269 0.3333333333333333 0.8951406649616368
table-0406-627 0 1 0 43 48 6519 1.0 0.0
table-0406-93 1 3 0 194 89 933 1.0 0.02544529262086514
table-0406-720 3 7 0 72 111 1132 0.125 0.12168592794017676
table-0406-435 0 1 0 33 19 2117 1.0 0.0
table-0406-251 1 7 1 19 30 17570 0.5 0.05128205128205128
table-0406-359 1 3 0 23 41 858 1.0 0.008108108108108109
table-0406-22 36 5 49 98 97 364122 0.3333333333333333 0.7398739873987399
table-0406-186 16 4 0 154 122 62746 1.0 0.08885156042790204
table-0406-633 1 2 0 298 43 82008 1.0 0.13563144329896906
table-0406-313 2 3 0 39 87 1007 1.0 0.5237226277372263
table-0406-943 25 3 3 29 33 9033 0.3333333333333333 0.17316394013226594
table-0406-390 5 4 0 216 205 229736 0.3333333333333333 0.08939828080229226
table-0406-263 27 2 0 563 642 216923 0.14285714285714285 0.07356549122999743
table-0406-723 0 1 0 306 452 370 1.0 0.0
table-0406-540 2 3 1 7 37 855 0.021739130434782608 0.05964214711729622
table-0406-149 45 5 35 87 162 1138 0.3333333333333333 6.103571428571429
table-0406-303 4 5 3 32 229 6598 0.07142857142857142 0.04264984227129338
table-0406-634 2 3 0 145 223 31303 0.5 0.010246856078248719
table-0406-547 1 2 0 7 37 855 0.021739130434782608 0.05632869449966865
table-0406-517 2 2 0 7 37 855 0.021739130434782608 0.0874751491053678
table-0406-333 1 2 1 5 16 1352 1.0 0.024804177545691905
table-0406-152 3 5 0 103 165 1681 0.1111111111111111 0.6394557823129252
table-0406-361 4 2 4 124 779 3552 0.0625 0.07787610619469026
table-0406-853 2 5 4 134 73 794 1.0 0.058399423215573176
table-0406-921 1 3 0 15 21 1799 1.0 0.20187793427230047
table-0406-848 2 3 0 9 42 6013 0.3333333333333333 0.12308762169680111
table-0406-250 44 3 0 36 96 178 1.0 1.465526751241037
table-0406-889 4 6 0 216 254 3984 0.1111111111111111 0.28901734104046245
table-0406-953 12 11 0 568 1244 33823 0.16666666666666666 0.07982497634815515
table-0406-66 3 7 0 60 85 1155 0.14285714285714285 0.1417910447761194
table-0406-697 10 7 0 7 86 1872 0.058823529411764705 0.07978882358800678
table-0406-274 13 3 0 376 143 271615 0.3333333333333333 0.005315644805888099
table-0406-305 21 5 0 32 229 6598 0.07142857142857142 0.10107255520504732
table-0406-211 12 5 14 176 176 2529 0.2 2.336448598130841
table-0406-285 30 3 0 36 91 186 1.0 0.8341061308603812
table-0406-852 3 7 0 168 172 871 0.5 0.7960687960687961
table-0406-255 50 5 42 59 126 1321 0.3333333333333333 4.850515463917525
table-0406-459 15 9 0 45 76 8140 0.3333333333333333 0.6370370370370371
table-0406-200 1 2 1 97 157 403 1.0 0.06993006993006994
table-0406-959 3 2 0 23 38 584 0.5 0.04088471849865952
table-0406-494 1 3 1 77 392 3321 0.2 0.020561267018616283
table-0406-448 2 2 0 87 128 1192 0.125 0.05623648161499639
table-0406-981 1 5 2 8 23 966 1.0 0.23953098827470687
table-0406-910 17 6 2 45 106 28040 0.1 0.7973462002412546
table-0406-245 6 7 4 76 116 1210 0.125 0.25308194343727336
table-0406-931 0 1 0 50 45 1336 1.0 0.0
table-0406-243 2 2 0 76 116 1210 0.125 0.06018854242204496
table-0406-344 67 3 3 21 19 19503 0.3333333333333333 794.6394230769231
table-0406-986 1 2 1 7 14 891 1.0 0.011529126213592233
table-0406-556 6 2 6 7 39 12837 1.0 0.08337028824833703
table-0406-716 2 2 0 72 111 1132 0.125 0.04214819850441876
table-0406-381 1 2 0 26 36 3599 1.0 0.025134649910233394
table-0406-722 3 7 3 72 111 1132 0.125 0.1318830727396329
table-0406-24 5 6 5 74 54 16680 0.5 0.02042079207920792
table-0406-353 15 3 4 257 285 33845 0.2 1.128
table-0406-374 8 3 0 5697 1424 2606991 1.0 0.0076085002952680095
table-0406-261 2 4 2 172 133 723 0.5 0.15047619047619049
table-0406-652 2 3 0 6 47 1133 1.0 0.024893547330494595
table-0406-268 0 1 0 110 147 1644 1.0 0.0
table-0406-212 4 5 3 176 176 2529 0.2 0.5607476635514018
table-0406-970 1 1 0 197 83 31499 1.0 0.00746705710102489
table-0406-843 143 5 0 208 435 405255 0.5 7.744746283956945
table-0406-673 21 11 10 143 224 100166 0.16666666666666666 1.1641414141414141
table-0406-760 3 7 3 51 81 1050 0.14285714285714285 0.17018379850238258
table-0406-796 7 3 0 5 49 441 1.0 0.35011185682326623
table-0406-698 7 4 8 7 86 1872 0.058823529411764705 0.02301025998605439
table-0406-609 3 3 0 25 44 1580 1.0 0.12910618792971734
table-0406-210 12 5 14 176 176 2529 0.2 2.6845794392523366
table-0406-320 23 3 0 197 60 76328 0.3333333333333333 0.17234893016694097
table-0406-332 15 8 0 163 952 72107 0.5 0.01390417704652106
table-0406-406 11 4 0 7678 1108 705271 0.2 0.0208367831318651
table-0406-227 1 2 1 478 472 23449 0.25 0.11467889908256881
table-0406-619 2 7 0 68 110 1275 0.125 0.08955223880597014
table-0406-702 10 5 0 7 86 1872 0.058823529411764705 0.015639007869309694
table-0406-11 3 8 0 743 411 180920 0.07142857142857142 0.03924740337136046
table-0406-315 1 3 0 196 112 60407 0.25 0.010419281948280191
table-0406-442 10 9 10 183 471 10842 0.16666666666666666 0.04948716925410065
table-0406-680 6 8 16 96 184 1439 0.3333333333333333 0.3592400690846287
table-0406-176 1 3 0 9 38 679 1.0 0.18243243243243243
table-0406-818 0 0 0 27 36 12104 0.3333333333333333 0.0
table-0406-803 22 2 0 107 164 27795 0.3333333333333333 0.06288014311270125
table-0406-548 1 2 0 7 37 855 0.021739130434782608 0.023194168323392977
table-0406-413 11 3 0 4112 497 38812 1.0 0.026848899012908125
table-0406-905 1 2 0 45 106 28040 0.1 0.11821471652593486
table-0406-507 11 9 0 32 28 630 0.5 0.6042471042471043
table-0406-205 1 3 0 390 449 4218 1.0 0.009030231645072634
table-0406-439 3 5 3 9 25 1154 0.5 0.11989459815546773
table-0406-207 8 2 0 372 370 8687 0.5 0.015655965120887832
table-0406-203 53 8 2 390 449 4218 1.0 0.7550058892815077
table-0406-523 2 2 0 7 37 855 0.021739130434782608 0.05036447978793903
table-0406-40 4 4 4 174 215 42277 0.1111111111111111 0.0016529546564484016
table-0406-219 2 6 0 11 15 1941 0.5 0.0411968777103209
table-0406-876 4 3 0 291 153 16304 1.0 0.036459348800935855
table-0406-561 5 2 5 63 60 16515 0.5 0.06220905628438426
table-0406-355 17 6 0 252 277 11639 0.25 2.1553719008264465
table-0406-744 6 3 6 93 72 12190 0.25 0.12955465587044535
table-0406-949 4 6 0 63 213 3556 0.3333333333333333 0.06716417910447761
table-0406-316 14 6 0 196 112 60407 0.25 0.12402711523976902
table-0406-784 7 5 0 6 49 4367 0.04 0.15802781289506954
table-0406-841 37 5 0 418 600 12029 0.2 2.116915422885572
table-0406-273 12 4 0 376 143 271615 0.3333333333333333 0.010494991027009836
table-0406-754 1 3 0 36 42 3764 0.5 0.07136015325670499
table-0406-543 3 3 0 7 37 855 0.021739130434782608 0.09145129224652088
table-0406-269 1 3 0 18 34 1092 1.0 0.11367127496159754
table-0406-693 10 7 0 7 86 1872 0.058823529411764705 0.08337483813128797
table-0406-908 1 2 0 45 106 28040 0.1 0.05790108564535585
table-0406-412 10 3 0 4112 497 38812 1.0 0.03137433561123766
table-0406-657 60 12 61 89 154 55080 0.2 0.4777758410318982
table-0406-458 12 5 2 42 30 839 0.5 1.077020202020202
table-0406-708 0 1 0 83 74 9971 0.3333333333333333 0.0
table-0406-851 35 5 34 0 0 0 0.0 2723.0
table-0406-128 1 2 0 215 309 23131 0.2 0.0008899436369029962
table-0406-955 2 3 0 568 1244 33823 0.16666666666666666 0.024716177861873224
table-0406-129 6 4 0 215 309 23131 0.2 0.03285375259566894
table-0406-636 223 3 16 525 523 1253 1.0 12.168665067945643
table-0406-190 1 3 0 125 80 2399 1.0 0.05013673655423884
table-0406-241 2 10 2 72 56 15851 0.5 0.052057094878253565
table-0406-999 1 2 0 4 15 1093 1.0 0.025612472160356347
table-0406-781 3 5 0 6 49 4367 0.04 0.09818794774546986
table-0406-967 1 2 0 16 19 1583 0.3333333333333333 0.028694404591104734
table-0406-284 3 4 3 166 132 693 0.5 0.289134438305709
table-0406-755 2 2 0 51 81 1050 0.14285714285714285 0.05309734513274336
table-0406-528 1 2 0 7 37 855 0.021739130434782608 0.04837640821736249
table-0406-88 1 3 0 194 89 933 1.0 0.025699745547073792
table-0406-450 8 7 4 87 128 1192 0.125 0.3338139870223504
table-0406-552 1 2 0 7 37 855 0.021739130434782608 0.023194168323392977
table-0406-110 8 4 1 410 510 12401 0.5 0.6732991014120667
table-0406-966 1 3 1 33 211 9795 0.5 0.007352122089785006
table-0406-362 6 12 6 124 779 3552 0.0625 0.504424778761062
table-0406-386 6 7 0 4304 721 1193185 0.2 0.002660379984119578
table-0406-783 5 5 5 6 49 4367 0.04 0.08723135271807839
table-0406-18 4 4 1 16 245 4753 0.5 0.03934426229508197
table-0406-446 1 3 0 7 4 229 1.0 0.9192546583850931
table-0406-974 52 3 0 5 13 4085 0.5 602.0227272727273
table-0406-847 7 3 6 9 42 6013 0.3333333333333333 0.10848400556328233
table-0406-112 2 2 0 75 116 1209 0.125 0.04904632152588556
table-0406-214 2 3 0 103 108 6022 1.0 0.19115734720416125
table-0406-536 3 3 2 7 37 855 0.021739130434782608 0.18422796554009277
table-0406-629 1 2 0 298 43 82008 1.0 0.20006443298969073
table-0406-443 21 2 0 434 334 174345 0.25 0.06856780735107731
table-0406-293 34 8 0 32 229 6598 0.07142857142857142 0.5129337539432177
table-0406-185 8 2 0 154 122 62746 1.0 0.020068959420033596
table-0406-465 8 3 14 208 240 360 1.0 0.3433333333333333
table-0406-795 4 5 1 6 49 4367 0.04 0.10745891276864729
table-0406-883 16 3 1 1578 307 429925 0.14285714285714285 0.08431952662721894
table-0406-131 8 7 0 456 687 11867 0.16666666666666666 0.09806234203875316
table-0406-470 2 2 0 39 109 13386 0.25 0.012888970723623642
table-0406-81 17 4 4 5 89 48460 0.3333333333333333 5.855524079320113
table-0406-409 10 1 0 57 151 3347 0.25 0.07282913165266107
table-0406-28 5 9 6 16 44 528 0.25 1.6
table-0406-741 6 7 11 49 98 1146 0.3333333333333333 0.45879732739420936
table-0406-348 1 2 1 9 20 1114 1.0 0.015510204081632653
table-0406-80 23 2 0 5 89 48460 0.3333333333333333 2.84985835694051
table-0406-35 3 2 0 46 66 4085 0.3333333333333333 0.11231569817866435
table-0406-404 13 6 0 7678 1108 705271 0.2 0.023776011480929515
table-0406-655 5 8 5 89 154 55080 0.2 0.02963221195746906
table-0406-345 66 3 3 21 19 19503 0.3333333333333333 447.9567307692308
table-0406-615 7 5 0 68 110 1275 0.125 0.25848032564450474
table-0406-749 23 5 0 15 139 99356 0.16666666666666666 4.5473684210526315
table-0406-242 22 11 0 28 85 2133 0.5 0.6527704485488126
table-0406-856 4 2 2 87 126 11936 1.0 0.07755102040816327
table-0406-757 5 7 0 51 81 1050 0.14285714285714285 0.24029952348536418
table-0406-418 2 2 0 23 111 521 0.3333333333333333 0.12195121951219512
table-0406-73 1 1 0 40 47 4862 0.5 0.0023584905660377358
table-0406-899 15 4 11 212 200 3203 1.0 0.24985851726089417
table-0406-788 4 4 0 6 49 4367 0.04 0.10408765276021913
table-0406-694 10 7 0 7 86 1872 0.058823529411764705 0.08048610419364478
table-0406-647 5 5 0 34 26 2192 1.0 0.06147091108671789
table-0406-791 14 4 1 6 49 4367 0.04 0.26000842815002106
table-0406-100 1 3 0 194 89 933 1.0 0.021628498727735368
table-0406-403 11 5 0 7678 1108 705271 0.2 0.01004581332450185
table-0406-254 4 3 0 48 82 369 1.0 0.03785103785103785
table-0406-906 6 2 0 45 106 28040 0.1 0.4632086851628468
table-0406-992 6 4 2 77 209 1056 0.16666666666666666 0.12622950819672132
table-0406-4 2 8 2 13 32 657 0.25 0.8634920634920635
table-0406-888 8 6 0 216 254 3984 0.1111111111111111 0.5443159922928709
table-0406-640 0 1 0 300 175 1787 1.0 0.0
table-0406-65 5 7 0 60 85 1155 0.14285714285714285 0.24762550881953868
table-0406-980 4 2 0 96 92 3344 0.25 0.06190003310162198
table-0406-542 1 2 0 7 37 855 0.021739130434782608 0.04506295559973492
table-0406-747 3 9 0 13 111 3166 0.5 0.03376688344172086
table-0406-810 6 4 5 57 102 1991 1.0 0.1939636040834443
table-0406-769 1 2 1 30 49 5240 0.5 0.023312883435582823
table-0406-865 6 9 6 226 254 68058 0.08333333333333333 0.02480839048003227
table-0406-602 6 3 0 704 636 56519 0.5 0.16967315592070012
table-0406-346 7 9 21 515 255 17371 0.1 0.12552731762527009
table-0406-578 11 2 0 5 17 854 0.5 0.06993006993006994
table-0406-296 15 5 0 32 229 6598 0.07142857142857142 0.13362776025236592
table-0406-866 4 3 3 7 15 148 1.0 0.4470588235294118
table-0406-350 8 3 3 257 285 33845 0.2 0.544
table-0406-311 12 4 0 87 247 56831 0.5 0.05884786430861516
table-0406-989 6 3 0 234 319 48482 1.0 0.026296490309062337
table-0406-628 1 2 0 298 43 82008 1.0 0.1481958762886598
table-0406-863 13 4 12 70 85 72777 0.25 0.2930043933761406
table-0406-335 2 3 0 39 83 6094 0.3333333333333333 0.013583766560456146
table-0406-54 30 10 1 185 419 138662 0.08333333333333333 0.7696536558548653
table-0406-87 1 3 0 194 89 933 1.0 0.02391857506361323
table-0406-957 6 6 0 13 73 2419 0.3333333333333333 0.03252647503782148
table-0406-428 9 7 0 142 145 3288 0.5 3.2724795640326976
table-0406-103 1 3 0 194 89 933 1.0 0.021119592875318068
table-0406-312 73 4 0 123 166 6614 0.3333333333333333 2.6559561128526648
table-0406-862 1 3 0 26 38 1166 1.0 0.07086614173228346
table-0406-453 3 7 4 87 128 1192 0.125 0.12617159336697908
table-0406-622 3 2 3 99 137 9687 1.0 0.01754845468831849
table-0406-272 11 8 1 87 117 5639 0.5 0.0684461858699645
table-0406-334 7 2 0 39 83 6094 0.3333333333333333 0.04980714405500587
table-0406-194 1 3 0 24 42 5547 0.5 0.027664256523105942
table-0406-529 3 2 0 7 37 855 0.021739130434782608 0.1464546056991385
table-0406-347 1 3 0 11 24 627 1.0 0.09291244788564622
table-0406-425 3 3 0 473 124 131985 0.5 0.011464208740312743
table-0406-683 6 5 0 77 123 871 0.14285714285714285 0.2191780821917808
table-0406-835 1 2 0 144 141 20544 1.0 0.006316945893985169
table-0406-954 11 11 0 568 1244 33823 0.16666666666666666 0.07048249763481551
table-0406-894 1 2 0 87 140 6431 0.5 0.024054982817869417
table-0406-897 3 2 3 19 27 1613 1.0 0.3047945205479452
table-0406-431 7 5 0 40 50 5640 0.3333333333333333 1.326241134751773
table-0406-541 2 2 0 7 37 855 0.021739130434782608 0.054340622929092114
table-0406-34 2 8 2 13 35 645 0.3333333333333333 0.5982339955849889
table-0406-880 3 2 0 19 34 487 0.5 0.07954545454545454
table-0406-687 3 7 3 77 123 871 0.14285714285714285 0.1547945205479452
table-0406-191 1 3 0 39 69 2834 1.0 0.03281305427456545
table-0406-398 367 3 0 8 238 3621 1.0 1.3151920664316865
table-0406-502 2 2 0 33 21 16015 0.3333333333333333 0.021434460016488046
table-0406-869 8 3 0 206 230 14779 1.0 0.24497309544038515
table-0406-493 1 3 0 28 32 855 1.0 0.13577235772357724
table-0406-706 0 1 0 3021 641 1178384 1.0 0.0
table-0406-394 3 4 0 218 209 7708 0.16666666666666666 0.037577639751552795
table-0406-53 7 3 0 185 419 138662 0.08333333333333333 0.05222649807586586
table-0406-521 1 2 0 7 37 855 0.021739130434782608 0.0437375745526839
table-0406-600 10 3 0 87 100 2063 0.5 2.1825726141078836
table-0406-882 3 3 5 1578 307 429925 0.14285714285714285 0.0073964497041420114
table-0406-703 6 13 0 7 86 1872 0.058823529411764705 0.051100707241757144
table-0406-515 1 2 0 7 37 855 0.021739130434782608 0.028495692511597084
table-0406-26 1 3 0 87 118 982 0.2 0.08595988538681948
table-0406-225 18 11 5 478 472 23449 0.25 8.573394495412844
table-0406-168 32 11 0 146 287 1583 0.07692307692307693 2.7544554455445542
table-0406-497 28 8 29 69 75 10534 1.0 0.9720716280597995
table-0406-144 0 1 0 95 86 8448 1.0 0.0
table-0406-70 1 3 0 16 39 1236 1.0 0.027359437751004016
table-0406-15 5 6 1 743 411 180920 0.07142857142857142 0.06385152392303763
table-0406-562 1 3 0 10 32 742 1.0 0.1703204047217538
table-0406-724 10 6 0 221 299 1707 0.3333333333333333 0.6577946768060836
table-0406-195 1 2 1 182 208 5495 0.5 0.015663643858202802
table-0406-297 12 5 0 32 229 6598 0.07142857142857142 0.07470031545741325
table-0406-216 15 1 0 16 20 4137 1.0 0.3064036746825182
table-0406-124 6 5 7 13 38 1171 0.5 1.010548523206751
table-0406-732 4 9 2 151 57 29860 0.5 0.1702374059061957
table-0406-927 10 2 0 340 153 7232 0.3333333333333333 0.20646437994722955
table-0406-813 115 4 95 39 2387 490 1.0 20.041131105398456
table-0406-941 2 6 0 46 129 4380 0.25 0.013015662916390912
table-0406-230 10 14 8 182 121 124019 0.2 0.0550090726769172
table-0406-113 7 6 3 75 116 1209 0.125 0.24250681198910082
table-0406-280 29 5 0 22596 1331 1810871 0.125 0.03710989107777223
table-0406-449 8 6 3 87 128 1192 0.125 0.3302090843547224
table-0406-983 95 9 89 148 305 25122 0.3333333333333333 5.806526806526806
table-0406-388 10 7 0 4304 721 1193185 0.2 0.005320759968239156
table-0406-985 1 2 1 7 18 727 1.0 0.014559386973180077
table-0406-779 7 5 1 6 49 4367 0.04 0.2203961230509903
table-0406-82 2 3 0 5 89 48460 0.3333333333333333 0.6742209631728046
table-0406-733 2 2 0 75 114 973 0.14285714285714285 0.046227056424201225
table-0406-410 10 1 0 57 151 3347 0.25 0.06417112299465241
table-0406-607 10 1 0 88 101 2218 0.5 0.7890295358649789
table-0406-854 1 6 0 164 175 598 0.5 0.3333333333333333
table-0406-573 1 2 1 45 55 8846 0.5 0.014223194748358862
table-0406-761 1 3 0 27 36 7795 1.0 0.047971572401539826
table-0406-838 1 2 1 98 90 1669 1.0 0.004434072345390899
table-0406-664 11 5 13 16 190 4026 0.1111111111111111 0.3652614727854856
table-0406-52 33 9 0 185 419 138662 0.08333333333333333 0.7020340846619021
table-0406-277 4 2 0 22 100 11874 1.0 0.0056362453934532845
table-0406-270 9 2 0 85 111 1945 0.3333333333333333 0.07660404976823615
table-0406-478 5 2 5 159 196 296 1.0 0.19148936170212766
table-0406-466 6 3 0 18 33 1888 0.5 0.3898450946643718
table-0406-819 90 13 773 228 96 1099 0.5 6.8084632516703785
table-0406-20 5 9 6 15 42 620 0.25 1.2494061757719714
table-0406-480 0 1 0 12 24 870 1.0 0.0
table-0406-339 7 3 0 5260 733 300568 0.125 0.0017421602787456446
table-0406-5 1 4 0 52 33 99712 0.5 0.05379746835443038
table-0406-228 1 5 2 7 16 468 1.0 0.3505535055350554
table-0406-239 1 3 0 16 29 576 1.0 0.06011904761904762
table-0406-731 7 7 0 1480 545 277653 0.5 0.01406277663960341
table-0406-173 1 2 0 146 287 1583 0.07692307692307693 0.08514851485148515
table-0406-881 36 5 13 1577 307 429925 0.14285714285714285 0.24278846153846154
table-0406-519 1 2 0 7 37 855 0.021739130434782608 0.06428098078197482
table-0406-996 11 4 0 6 47 451 1.0 0.651270207852194
table-0406-192 0 1 0 45 45 5066 1.0 0.0
table-0406-550 2 2 0 7 37 855 0.021739130434782608 0.09410205434062292
table-0406-973 3 2 0 58 73 1367 0.5 0.7432835820895523
table-0406-499 1 3 0 11 7 480 1.0 0.5020408163265306
table-0406-397 15 7 30 9 44 1835 0.5 2.2166755177907596
table-0406-157 4 6 0 130 247 1664 0.08333333333333333 0.27800829875518673
table-0406-596 13 5 17 0 0 0 0.0 780.0
table-0406-433 63 4 0 235 218 53660 0.25 3.703639514731369
table-0406-893 1 2 0 87 140 6431 0.5 0.015807560137457044
table-0406-864 11 4 11 70 85 72777 0.25 0.1990537343697195
table-0406-822 6 4 4 150 135 666 0.5 0.4378238341968912
table-0406-771 2 4 0 6 49 4367 0.04 0.03708386009270965
table-0406-774 4 4 1 6 49 4367 0.04 0.06658238516645597
table-0406-31 6 9 10 19 64 548 0.25 1.9442724458204335
table-0406-914 0 1 0 212 128 87117 1.0 0.0
table-0406-506 1 3 0 9 15 579 1.0 0.18246110325318246
table-0406-934 0 1 0 47 19 1254 1.0 0.0
table-0406-50 13 9 0 185 419 138662 0.08333333333333333 0.665475536008796
table-0406-256 8 5 3 59 126 1321 0.3333333333333333 0.422680412371134
table-0406-571 10 2 5 27 33 14871 0.5 0.06799230275817832
table-0406-407 9 4 0 1567 770 366336 0.5 0.005061841502519469
table-0406-679 58 8 107 96 184 1439 0.3333333333333333 7.856649395509499
table-0406-814 159 4 132 39 2387 490 1.0 28.42159383033419
table-0406-667 9 5 12 16 190 4026 0.1111111111111111 0.3295090715048026
table-0406-549 7 3 3 7 37 855 0.021739130434782608 0.19284294234592445
table-0406-797 13 2 0 108 192 1392 1.0 0.2672516952532908
table-0406-768 1 5 2 13 24 1068 1.0 0.1417233560090703
table-0406-156 76 6 0 130 247 1664 0.08333333333333333 6.944674965421854
table-0406-102 1 3 0 194 89 933 1.0 0.01984732824427481
table-0406-735 5 7 4 75 114 973 0.14285714285714285 0.19442556084296397
table-0406-678 1 2 0 4 31 851 1.0 0.027888446215139442
table-0406-158 29 6 0 130 247 1664 0.08333333333333333 1.4315352697095436
table-0406-41 18 4 17 174 215 42277 0.1111111111111111 0.010932041023329201
table-0406-45 2 3 0 20 51 750 0.25 0.2993492407809111
table-0406-265 9 2 0 563 642 216923 0.14285714285714285 0.012669815811637189
table-0406-289 4 2 0 18 58 6439 0.25 0.05244906805374946
table-0406-730 5 2 0 432 297 4398 0.5 0.22360894435777431
table-0407-1000 114 5 316 133 254 145938 0.3333333333333333 0.5606823083458597
table-0406-324 17 14 2 297 227 355503 0.09090909090909091 0.86345481777334
table-0406-616 7 7 0 68 110 1275 0.125 0.2700135685210312
table-0406-463 29 12 154 208 240 360 1.0 1.92
table-0406-98 1 3 0 194 89 933 1.0 0.024936386768447838
table-0406-828 8 5 1 305 561 68028 0.16666666666666666 0.17940688892982132
table-0406-579 39 8 17 36 156 18276 1.0 1.6173743289409468
table-0406-637 1 4 0 14 42 1109 0.5 0.03141614306428226
table-0406-358 1 5 0 23 41 858 1.0 0.009009009009009009
table-0406-456 13 4 0 14 57 10073 0.25 0.23175217812197482
table-0406-364 2 4 0 19 25 3959 0.3333333333333333 0.022265516281658782
table-0406-504 11 3 0 90 27 9420 0.5 0.04973245199874095
table-0406-518 1 2 0 7 37 855 0.021739130434782608 0.06494367130550033
table-0406-594 7 4 0 25 25 15045 0.5 0.10163592064044552
table-0406-165 2 2 0 146 287 1583 0.07692307692307693 0.21584158415841584
table-0406-750 37 5 10 15 139 99356 0.16666666666666666 6.781052631578947
