table_id rows cols nulls inlinks outlinks views table_imp table_fraction
table-0200-366 17 13 12 73 100 1086 0.3333333333333333 0.5826558265582655
table-0200-831 1 10 1 98 113 15823 1.0 0.13193018480492813
table-0200-609 61 13 122 603 1067 64370 0.2 0.5591223080048761
table-0200-319 3 9 0 174 161 6775 0.1111111111111111 0.09099437148217636
table-0200-183 1 3 0 35 55 2922 1.0 0.0411682892906815
table-0200-799 1 3 0 114 119 1583 1.0 0.2849740932642487
table-0200-292 4 3 0 89 162 8940 0.5 0.029460504511139754
table-0200-826 7 5 0 275 128 129292 1.0 0.00933245921869577
table-0200-506 18 4 23 388 221 64113 0.5 0.1440754489816394
table-0200-991 2 2 2 38 45 11167 1.0 0.015810276679841896
table-0200-49 1 3 0 17 101 1676 1.0 0.032434402332361514
table-0200-677 2 9 0 110 342 1773 0.06666666666666667 0.00812870448772227
table-0200-690 7 4 0 110 342 1773 0.06666666666666667 0.023370025402201525
table-0200-732 2 12 0 110 342 1773 0.06666666666666667 0.01117696867061812
table-0200-474 3 6 9 14 97 120 1.0 0.19390862944162437
table-0200-459 5 4 0 8 33 1420 0.5 0.056811240073304826
table-0200-959 122 7 0 183 246 5478 0.1 1.2855354907920615
table-0200-858 14 4 14 79 201 1625 0.5 1.9453621346886911
table-0200-914 9 8 14 287 298 26003 0.05 0.17391304347826086
table-0200-427 26 4 1 112 74 43468 0.3333333333333333 0.562175374274366
table-0200-728 2 9 0 110 342 1773 0.06666666666666667 0.007790008467400508
table-0200-491 4 6 0 170 188 40008 1.0 0.09986478655592042
table-0200-304 15 3 0 100 293 2065 0.058823529411764705 0.46270818247646633
table-0200-647 2 12 0 110 342 1773 0.06666666666666667 0.008806096528365791
table-0200-465 4 9 0 325 208 9001 1.0 0.21005917159763313
table-0200-488 5 6 0 140 81 53680 0.3333333333333333 0.2965686274509804
table-0200-25 4 4 0 129 165 1329 1.0 1.1631205673758864
table-0200-136 1 3 0 88 234 61171 1.0 0.01635184663095574
table-0200-951 14 3 8 80 61 100377 0.14285714285714285 0.1383142945353504
table-0200-801 4 4 0 596 392 1427338 0.5 0.014814814814814815
table-0200-707 2 11 0 110 342 1773 0.06666666666666667 0.010160880609652836
table-0200-822 15 2 0 89 601 1034 1.0 0.1283702213279678
table-0200-907 1 6 0 287 298 26003 0.05 0.01069883906214432
table-0200-497 3 4 0 409 116 178562 0.3333333333333333 0.04528246942341293
table-0200-525 32 5 0 454 178 82943 1.0 0.3351250548486178
table-0200-641 2 11 0 110 342 1773 0.06666666666666667 0.008975444538526672
table-0200-538 11 7 0 350 437 9872 0.3333333333333333 0.07182873149259704
table-0200-15 2 2 0 174 151 62672 0.25 0.009130103981739792
table-0200-612 6 5 6 1611 1548 58144 1.0 0.01726387634246713
table-0200-785 1 5 2 11 35 480 1.0 0.1248665955176094
table-0200-902 9 8 15 287 298 26003 0.05 0.1846118825404052
table-0200-296 4 10 4 330 475 27508 0.125 0.05514187965385389
table-0200-719 2 8 0 110 342 1773 0.06666666666666667 0.010499576629974599
table-0200-546 1 3 0 188 175 18997 1.0 0.007824821060293582
table-0200-245 3 9 0 171 205 7266 0.3333333333333333 0.10990712074303406
table-0200-635 2 10 0 110 342 1773 0.06666666666666667 0.00812870448772227
table-0200-740 5 3 0 21 29 1016 1.0 0.49437052200614123
table-0200-886 1 1 0 46 223 22413 0.3333333333333333 0.0023324206469932055
table-0200-885 1 1 0 46 223 22413 0.3333333333333333 0.004056383733901227
table-0200-632 2 11 0 110 342 1773 0.06666666666666667 0.008806096528365791
table-0200-976 0 1 0 218 302 10518 1.0 0.0
table-0200-664 2 12 0 110 342 1773 0.06666666666666667 0.009483488569009314
table-0200-76 1 6 0 39 153 1404 1.0 0.09643916913946587
table-0200-53 1 6 0 50 129 1192 1.0 0.031205673758865248
table-0200-346 5 5 11 156 142 13078 0.05263157894736842 0.05539983511953833
table-0200-58 7 4 0 96 136 288 1.0 0.5481120584652862
table-0200-45 6 4 0 166 211 2004 1.0 1.0083507306889352
table-0200-160 4 2 2 295 303 13297 1.0 0.007214691735898557
table-0200-435 1 2 1 57 77 0 1.0 0.01812977099236641
table-0200-841 4 2 2 108 136 43221 0.3333333333333333 0.04965959150981177
table-0200-324 1 8 0 110 130 1374 1.0 0.03529411764705882
table-0200-967 20 3 0 147 466 17529 0.5 0.803825404610103
table-0201-1000 13 7 6 186 191 4255 1.0 4.504322766570605
table-0200-611 61 4 61 603 1067 64370 0.2 0.20565826899634296
table-0200-338 2 6 0 125 148 20180 1.0 0.02986736863420067
table-0200-698 2 9 0 110 342 1773 0.06666666666666667 0.01083827265029636
table-0200-168 2 6 0 71 123 1778 1.0 0.03101699970175962
table-0200-277 2 2 0 15 22 4887 0.5 0.04236540158870256
table-0200-107 1 3 0 171 174 5570 1.0 0.060862214708368556
table-0200-757 1 3 0 32 45 1041 1.0 0.033810143042912875
table-0200-986 1 3 0 24 16 1209 1.0 0.4602649006622517
table-0200-843 1 4 0 108 136 43221 0.3333333333333333 0.01682018422106528
table-0200-456 4 4 0 70 128 81606 0.25 0.08291956305858987
table-0200-835 11 3 0 554 382 153473 0.3333333333333333 0.012229267890965989
table-0200-847 10 3 0 307 370 51352 0.1111111111111111 0.13804238143289607
table-0200-118 1 7 1 104 98 3032 0.5 0.13085399449035812
table-0200-602 3 6 0 76 115 1011 1.0 0.14432989690721648
table-0200-46 4 4 0 166 211 2004 1.0 0.3653444676409186
table-0200-331 2 3 0 93 260 1746 0.06666666666666667 0.064464141821112
table-0200-370 2 7 1 315 224 173689 0.25 0.016658216846527123
table-0200-61 3 4 0 127 146 1606 1.0 0.8110236220472441
table-0200-376 20 11 19 84 181 914 0.2 2.6495956873315363
table-0200-222 5 7 4 492 290 178317 0.25 0.03070379864833372
table-0200-31 3 2 0 303 146 13508 0.5 0.06246634356488961
table-0200-206 20 4 0 88 184 36692 0.08333333333333333 0.48512396694214877
table-0200-581 3 2 0 144 307 4163 0.05555555555555555 0.05768063145112325
table-0200-305 10 2 0 100 293 2065 0.058823529411764705 0.2548877624909486
table-0200-863 14 4 0 1673 546 571353 1.0 0.030480556970623195
table-0200-900 9 8 15 287 298 26003 0.05 0.18438424766674255
table-0200-786 1 3 0 11 18 652 1.0 0.5272727272727272
table-0200-923 51 3 0 148 153 16192 1.0 0.7287299630086314
table-0200-387 7 11 20 105 212 475 1.0 0.16003562945368172
table-0200-234 1 2 0 404 385 53093 0.14285714285714285 0.0012836970474967907
table-0200-845 14 5 0 307 370 51352 0.1111111111111111 0.21231079717457113
table-0200-778 14 3 0 75 223 6575 0.125 0.26017516743946417
table-0200-591 21 4 23 90 63 49185 0.5 0.21069098060248503
table-0200-489 18 5 0 135 259 7686 0.5 4.699550017307026
table-0200-375 20 11 15 84 181 914 0.2 2.6630727762803232
table-0200-135 2 6 0 88 154 1385 1.0 0.16030534351145037
table-0200-4 2 2 0 90 258 2051 0.05555555555555555 0.04997807978956598
table-0200-821 14 16 0 89 601 1034 1.0 0.20080482897384305
table-0200-593 7 9 0 91 260 1812 0.05555555555555555 0.13080771979985703
table-0200-227 2 3 0 56 87 6400 1.0 0.04672704816797036
table-0200-231 8 4 3 404 385 53093 0.14285714285714285 0.5924261874197689
table-0200-576 32 7 0 144 307 4163 0.05555555555555555 0.374013357619915
table-0200-944 7 5 0 437 356 127853 0.16666666666666666 0.012907355058936476
table-0200-860 6 4 0 65 85 10743 0.3333333333333333 0.19992795389048992
table-0200-391 3 3 0 31 48 4284 1.0 0.7935306262904336
table-0200-770 2 3 0 143 165 31940 0.3333333333333333 0.019198193111236588
table-0200-106 5 8 0 83 211 1145 0.25 0.032832781878340545
table-0200-512 1 5 0 67 103 1304 1.0 0.13784461152882205
table-0200-929 6 4 6 78 145 3463 0.5 1.2217821782178218
table-0200-223 22 13 49 492 290 178317 0.25 0.13207876951759498
table-0200-321 3 9 0 174 161 6775 0.1111111111111111 0.1050656660412758
table-0200-992 4 5 0 230 353 17313 0.5 0.04341754475053954
table-0200-522 1 3 0 82 89 4680 1.0 0.02544529262086514
table-0200-306 11 5 0 100 293 2065 0.058823529411764705 0.3272990586531499
table-0200-260 2 6 0 250 392 10268 0.5 0.005451127819548872
table-0200-739 1 3 0 8 25 1194 1.0 0.05160628844839371
table-0200-566 28 5 0 80 159 2505 0.14285714285714285 0.21497218007081437
table-0200-562 14 2 0 80 159 2505 0.14285714285714285 0.11701230821109425
table-0200-2 53 4 53 90 258 2051 0.05555555555555555 1.1915826391933362
table-0200-742 10 3 0 7 41 772 1.0 0.737064413938754
table-0200-681 2 12 0 110 342 1773 0.06666666666666667 0.009822184589331075
table-0200-533 0 1 0 25 20 6219 1.0 0.0
table-0200-404 32 3 0 345 566 42710 0.5 0.9078970407984591
table-0200-116 8 4 0 95 217 48329 0.5 0.05916002896451846
table-0200-899 9 8 15 287 298 26003 0.05 0.18438424766674255
table-0200-248 4 2 0 235 257 5668 0.3333333333333333 0.007721630339165282
table-0200-401 4 5 0 288 215 9599 1.0 0.3684210526315789
table-0200-400 4 5 0 288 215 9599 1.0 0.32837528604118993
table-0200-386 6 11 31 105 212 475 1.0 0.09649643705463183
table-0200-686 2 12 0 110 342 1773 0.06666666666666667 0.009483488569009314
table-0200-528 1 4 0 454 178 82943 1.0 0.005704256252742431
table-0200-171 5 4 0 118 68 38137 0.3333333333333333 0.052434456928838954
table-0200-30 6 2 0 303 146 13508 0.5 0.08723747980613894
table-0200-381 6 4 6 305 127 3267 0.5 0.6024096385542169
table-0200-752 19 8 10 497 155 88487 1.0 0.44542772861356933
table-0200-527 10 4 0 454 178 82943 1.0 0.040807371654234315
table-0200-783 15 5 0 75 223 6575 0.125 0.547655847501288
table-0200-692 7 4 0 110 342 1773 0.06666666666666667 0.023370025402201525
table-0200-743 10 2 0 290 142 13241 0.3333333333333333 0.024439918533604887
table-0200-265 2 6 0 250 392 10268 0.5 0.004699248120300752
table-0200-857 1 3 0 23 23 919 1.0 0.054845980465815174
table-0200-224 10 3 0 492 290 178317 0.25 0.0038452575157305988
table-0200-158 5 11 16 1029 912 39765 0.2 0.017874133478319967
table-0200-879 8 5 0 348 300 185616 0.25 0.1315086782376502
table-0200-680 2 12 0 110 342 1773 0.06666666666666667 0.009144792548687553
table-0200-341 68 8 0 16 91 519 0.5 29.43187066974596
table-0200-532 1 4 0 454 178 82943 1.0 0.004497586660816147
table-0200-444 8 5 9 509 146 5935 1.0 0.03417847377578921
table-0200-195 7 2 0 146 202 6466 0.5 0.24665391969407266
table-0200-128 20 4 0 694 60 612381 0.3333333333333333 0.2906293336855313
table-0200-14 3 3 0 788 357 258250 0.1 0.07693998681028798
table-0200-615 1 2 0 511 172 163 1.0 0.003249390739236393
table-0200-724 2 11 0 110 342 1773 0.06666666666666667 0.010160880609652836
table-0200-787 1 5 2 17 43 1079 1.0 0.08142664872139974
table-0200-904 9 8 17 287 298 26003 0.05 0.1709537901206465
table-0200-988 0 1 0 16 23 1588 1.0 0.0
table-0200-458 4 4 0 70 128 81606 0.25 0.3426017874875869
table-0200-192 5 6 0 8657 203 225609 0.3333333333333333 0.05420380631173211
table-0200-523 1 3 0 106 96 7918 1.0 0.06260575296108291
table-0200-517 11 5 5 662 511 92931 0.14285714285714285 0.1782912565967765
table-0200-636 2 10 0 110 342 1773 0.06666666666666667 0.008806096528365791
table-0200-205 3 10 1 88 184 36692 0.08333333333333333 0.10289256198347108
table-0200-54 3 4 0 111 140 1386 1.0 0.6318840579710145
table-0200-596 49 4 49 91 260 1812 0.05555555555555555 0.9367405289492494
table-0200-283 4 5 0 534 605 3582 1.0 0.03277857565261468
table-0200-468 3 4 1 350 206 185816 0.3333333333333333 0.01152243196861976
table-0200-218 0 1 0 43 40 2236 1.0 0.0
table-0200-139 1 3 0 30 31 3423 1.0 0.03028773346794548
table-0200-439 6 2 0 365 264 83601 0.14285714285714285 0.0092896865520728
table-0200-693 2 9 0 110 342 1773 0.06666666666666667 0.01100762066045724
table-0200-514 14 5 0 662 511 92931 0.14285714285714285 0.1567536727998859
table-0200-550 1 2 1 21 23 2979 1.0 0.026458616010854818
table-0200-150 41 8 16 84 182 64207 0.3333333333333333 0.23445065176908753
table-0200-21 5 4 0 94 110 1577 1.0 0.8205128205128205
table-0200-448 4 4 0 188 232 4535 0.5 0.4948875255623722
table-0200-606 4 6 7 225 37 1302 1.0 0.10695802185163887
table-0200-199 15 7 2 31 110 3572 0.3333333333333333 2.3039889958734525
table-0200-16 1 2 0 174 151 62672 0.25 0.005579507988840984
table-0200-750 1 5 2 19 36 1664 1.0 0.06429780033840947
table-0200-303 61 4 61 100 293 2065 0.058823529411764705 1.221940622737147
table-0200-229 2 4 0 404 385 53093 0.14285714285714285 0.09563543003851091
table-0200-818 30 4 0 89 601 1034 1.0 1.105030181086519
table-0200-794 3 14 0 16 34 3126 0.3333333333333333 0.24405436013590034
table-0200-880 17 5 0 348 300 185616 0.25 0.29572763684913217
table-0200-587 13 5 0 144 307 4163 0.05555555555555555 0.21341833636915605
table-0200-584 13 5 0 144 307 4163 0.05555555555555555 0.2040072859744991
table-0200-807 1 5 2 106 159 1686 1.0 0.5874125874125874
table-0200-97 2 4 0 109 129 2500 0.3333333333333333 0.14945054945054945
table-0200-382 37 4 48 855 380 317856 1.0 0.3173380574597551
table-0200-654 2 12 0 110 342 1773 0.06666666666666667 0.009144792548687553
table-0200-683 2 12 0 110 342 1773 0.06666666666666667 0.009144792548687553
table-0200-47 4 4 0 82 105 988 1.0 0.9296636085626911
table-0200-258 2 6 0 250 392 10268 0.5 0.0050751879699248124
table-0200-203 5 6 0 179 275 1409 1.0 0.3918722786647315
table-0200-22 4 4 0 94 110 1577 1.0 0.6987179487179487
table-0200-32 1 6 0 94 221 2006 1.0 0.045489006823351025
table-0200-613 1 2 1 40 58 1186 1.0 0.10459183673469388
table-0200-62 3 4 0 127 146 1606 1.0 0.9291338582677166
table-0200-561 14 2 0 80 159 2505 0.14285714285714285 0.1111111111111111
table-0200-138 29 4 10 417 999 2148 1.0 1.3563025210084034
table-0200-330 32 4 32 93 260 1746 0.06666666666666667 0.7445608380338437
table-0200-396 0 1 0 12 39 961 1.0 0.0
table-0200-905 9 8 13 287 298 26003 0.05 0.18483951741406784
table-0200-403 4 9 0 288 215 9599 1.0 0.2036613272311213
table-0200-144 20 7 0 14 108 782 0.14285714285714285 1.2254464285714286
table-0200-687 8 6 6 110 342 1773 0.06666666666666667 0.11989839119390347
table-0200-300 6 10 0 100 293 2065 0.058823529411764705 0.11513396089790007
table-0200-190 1 2 0 17 36 1256 1.0 0.02937420178799489
table-0200-741 1 5 2 22 22 1808 1.0 0.08237677245104659
table-0200-702 2 10 0 110 342 1773 0.06666666666666667 0.01083827265029636
table-0200-662 2 11 0 110 342 1773 0.06666666666666667 0.011515664690939882
table-0200-226 6 2 4 58 109 1525 0.5 0.5064194008559201
table-0200-364 17 7 20 16 74 131953 0.3333333333333333 4.408602150537634
table-0200-416 9 3 12 606 490 64357 0.25 0.01321835018025023
table-0200-10 4 3 0 788 357 258250 0.1 0.14200923279841723
table-0200-874 11 3 0 306 336 3355 0.2 0.10303484451105283
table-0200-110 2 3 0 30 61 998 1.0 0.07044534412955465
table-0200-694 10 6 0 110 342 1773 0.06666666666666667 0.23336155800169348
table-0200-977 5 5 4 218 302 10518 1.0 0.0508878876225815
table-0200-96 4 4 0 113 144 1435 0.25 0.42761394101876676
table-0200-417 14 2 0 606 490 64357 0.25 0.04347211422916519
table-0200-72 1 6 0 140 625 923 1.0 0.05665236051502146
table-0200-834 5 25 0 1071 268 62286 0.2 0.07691321625432637
table-0200-253 2 6 0 250 392 10268 0.5 0.0050751879699248124
table-0200-903 9 8 17 287 298 26003 0.05 0.17755520145686318
table-0200-920 33 5 88 256 54 16925 0.3333333333333333 2.0668647845468056
table-0200-473 3 6 9 14 97 120 1.0 0.23248730964467004
table-0200-438 6 3 0 365 264 83601 0.14285714285714285 0.010932760364004045
table-0200-640 6 4 0 110 342 1773 0.06666666666666667 0.021337849280270958
table-0200-93 5 4 0 89 152 988 0.25 1.2376237623762376
table-0200-301 5 6 0 100 293 2065 0.058823529411764705 0.06734250543084722
table-0200-57 2 4 0 96 136 288 1.0 0.1510353227771011
table-0200-478 1 3 0 13 24 977 1.0 0.21044776119402986
table-0200-987 1 2 1 32 36 8938 1.0 0.030063291139240507
table-0200-708 2 11 0 110 342 1773 0.06666666666666667 0.009144792548687553
table-0200-816 15 6 0 89 601 1034 1.0 0.6583501006036218
table-0200-838 74 6 71 459 185 0 0.2 0.19594221567905779
table-0200-552 5 4 4 89 116 2403 1.0 0.05399737876802097
table-0200-852 1 2 0 49 91 1602 0.5 0.024021962937542895
table-0200-345 5 6 4 156 142 13078 0.05263157894736842 0.03990107172300082
table-0200-172 24 6 0 118 68 38137 0.3333333333333333 0.46769662921348315
table-0200-155 2 5 0 1029 912 39765 0.2 0.0014951746635857007
table-0200-235 2 6 0 1241 692 1397 1.0 0.07274969173859433
table-0200-310 4 6 0 15 36 1061 0.5 0.0406355025970058
table-0200-259 4 8 0 250 392 10268 0.5 0.04266917293233083
table-0200-477 3 3 0 54 81 3632 1.0 0.1134944338854195
table-0200-500 3 2 0 120 209 14872 0.5 0.018651190714428657
table-0200-156 1 12 0 1029 912 39765 0.2 0.0017670246024194644
table-0200-342 1 3 0 16 91 519 0.5 0.3071593533487298
table-0200-870 15 4 0 264 451 5547 0.5 0.31457323891166605
table-0200-297 3 6 0 330 475 27508 0.125 0.06782048701952104
table-0200-890 1 1 0 312 343 4057 1.0 0.018794048551292093
table-0200-35 1 4 0 16 184 12911 1.0 0.006506180871828237
table-0200-937 2 11 0 374 299 129480 0.043478260869565216 0.0029346064561342035
table-0200-442 1 2 1 47 83 15452 1.0 0.007851239669421488
table-0200-645 2 11 0 110 342 1773 0.06666666666666667 0.009822184589331075
table-0200-228 5 3 0 30 43 1776 1.0 0.40889276373147343
table-0200-819 18 17 0 89 601 1034 1.0 0.35935613682092554
table-0200-412 5 7 5 700 143 40552 0.3333333333333333 0.15949210281820997
table-0200-452 20 3 19 231 247 8395 0.3333333333333333 1.6670687575392038
table-0200-766 1 2 1 28 44 7153 0.25 0.013610315186246419
table-0200-932 7 4 7 80 166 1506 0.5 1.085139318885449
table-0200-252 26 5 0 153 142 170424 0.25 0.17265004110715265
table-0200-994 0 1 0 7 12 640 1.0 0.0
table-0200-372 5 3 0 315 224 173689 0.25 0.0023900919823278046
table-0200-643 2 13 0 110 342 1773 0.06666666666666667 0.011854360711261643
table-0200-84 2 4 0 90 137 1409 1.0 0.07918263090676884
table-0200-935 1 6 0 14 117 719 0.125 0.030604437643458302
table-0200-830 5 3 0 98 113 15823 1.0 0.033367556468172486
table-0200-312 0 1 0 97 143 18058 0.5 0.0
table-0200-622 2 5 4 22 25 1670 1.0 0.20110192837465565
table-0200-736 2 8 0 110 342 1773 0.06666666666666667 0.007790008467400508
table-0200-298 20 7 0 13 107 750 0.14285714285714285 1.2360655737704918
table-0200-236 23 3 15 136 46 36939 0.3333333333333333 2.36231884057971
table-0200-723 2 12 0 110 342 1773 0.06666666666666667 0.009144792548687553
table-0200-695 10 4 0 110 342 1773 0.06666666666666667 0.03657917019475021
table-0200-685 2 12 0 110 342 1773 0.06666666666666667 0.009822184589331075
table-0200-939 4 11 0 374 299 129480 0.043478260869565216 0.007971617537558583
table-0200-186 52 5 0 90 134 2321 0.5 29.178571428571427
table-0200-501 8 3 0 32 48 24740 0.5 0.38241601143674053
table-0200-598 1 2 0 91 260 1812 0.05555555555555555 0.021443888491779844
table-0200-147 14 6 0 44 204 3499 0.5 3.617852161785216
table-0200-238 5 3 0 44 65 1694 0.5 0.5121527777777778
table-0200-430 18 4 0 880 138 21345 0.5 0.37380538662033014
table-0200-167 0 1 0 102 114 2394 1.0 0.0
table-0200-398 6 5 4 288 215 9599 1.0 0.45080091533180777
table-0200-648 2 12 0 110 342 1773 0.06666666666666667 0.01100762066045724
table-0200-601 21 8 37 492 520 84095 0.5 0.2051129607609988
table-0200-699 2 11 0 110 342 1773 0.06666666666666667 0.010668924640135479
table-0200-1 2 10 0 90 258 2051 0.05555555555555555 0.04208680403331872
table-0200-40 7 4 0 128 151 3368 1.0 0.15527610716238383
table-0200-411 2 8 0 700 143 40552 0.3333333333333333 0.030659646949519975
table-0200-565 28 4 0 80 159 2505 0.14285714285714285 0.17164053279379532
table-0200-213 41 2 0 88 184 36692 0.08333333333333333 1.0739669421487603
table-0200-291 1 3 0 147 205 23070 1.0 0.029598893499308436
table-0200-194 3 4 0 13 30 1676 0.5 0.09095860566448802
table-0200-586 13 5 0 144 307 4163 0.05555555555555555 0.2119004250151791
table-0200-836 17 2 0 554 382 153473 0.3333333333333333 0.04578769661533394
table-0200-98 4 4 0 109 129 2500 0.3333333333333333 0.34175824175824177
table-0200-629 2 12 0 110 342 1773 0.06666666666666667 0.00846740050804403
table-0200-108 4 2 0 3 33 1554 0.5 0.07722929936305732
table-0200-700 2 9 0 110 342 1773 0.06666666666666667 0.007451312447078747
table-0200-99 2 4 0 98 110 1331 1.0 0.20208023774145617
table-0200-718 2 10 0 110 342 1773 0.06666666666666667 0.00812870448772227
table-0200-79 3 4 0 122 141 1016 0.25 1.2067039106145252
table-0200-201 17 4 0 21 119 20390 0.5 0.07169198996902199
table-0200-357 5 9 0 150 182 7260 0.1 0.19076305220883535
table-0200-237 3 3 0 127 162 12248 1.0 0.048684377780602514
table-0200-971 5 6 0 400 162 100571 0.5 0.016739344492896328
table-0200-703 2 10 0 110 342 1773 0.06666666666666667 0.00846740050804403
table-0200-187 1 3 0 68 131 6106 1.0 0.023191246121182427
table-0200-520 16 17 16 262 275 6943 0.3333333333333333 3.378299120234604
table-0200-777 2 1 0 290 344 5245 1.0 0.08475836431226766
table-0200-878 107 8 6 348 300 185616 0.25 11.354806408544727
table-0200-868 1 1 0 294 342 3383 1.0 0.044036697247706424
table-0200-982 1 2 1 68 136 164 1.0 0.0010672358591248667
table-0200-705 2 10 0 110 342 1773 0.06666666666666667 0.008806096528365791
table-0200-153 2 5 0 23 23 1713 0.3333333333333333 0.434412265758092
table-0200-941 6 12 0 374 299 129480 0.043478260869565216 0.01296482852262275
table-0200-956 4 3 0 51 31 1085 1.0 0.4899211218229623
table-0200-634 2 10 0 110 342 1773 0.06666666666666667 0.009144792548687553
table-0200-666 2 11 0 110 342 1773 0.06666666666666667 0.011854360711261643
table-0200-638 7 4 0 110 342 1773 0.06666666666666667 0.023031329381879764
table-0200-896 1 5 0 287 298 26003 0.05 0.01821078989301161
table-0200-481 1 3 0 125 106 8768 1.0 0.02826041448607913
table-0200-888 36 4 64 46 223 22413 0.3333333333333333 0.1338606632187405
table-0200-568 3 3 3 39 48 1980 0.5 0.049740932642487044
table-0200-617 3 3 0 41 71 1561 1.0 0.06499826207855405
table-0200-290 1 3 0 60 51 26446 0.5 0.012935680919870643
table-0200-995 1 3 0 94 69 40758 1.0 0.02463343108504399
table-0200-358 4 9 0 150 182 7260 0.1 0.15461847389558234
table-0200-191 17 4 0 8657 203 225609 0.3333333333333333 0.05203565405926283
table-0200-730 2 8 0 110 342 1773 0.06666666666666667 0.007959356477561389
table-0200-37 5 4 0 70 101 1489 1.0 0.3593314763231198
table-0200-3 10 3 0 90 258 2051 0.05555555555555555 0.3857957036387549
table-0200-882 18 3 0 148 180 280 1.0 0.9874587458745875
table-0200-392 2 3 0 31 48 4284 1.0 0.18306951135581556
table-0200-390 5 4 5 83 157 1701 0.5 0.8936507936507937
table-0200-272 9 10 6 52 172 13298 0.08333333333333333 4.794117647058823
table-0200-77 3 4 0 144 160 1213 1.0 0.8517110266159695
table-0200-360 126 5 254 505 691 176616 0.5 12.357377049180329
table-0200-325 7 5 4 41 45 4526 0.5 0.16444444444444445
table-0200-727 2 10 0 110 342 1773 0.06666666666666667 0.008806096528365791
table-0200-142 6 2 0 16 16 2840 0.3333333333333333 0.0841683366733467
table-0200-749 6 3 0 47 74 1387 1.0 0.11723478814909206
table-0200-958 20 2 3 183 246 5478 0.1 0.21938136956910423
table-0200-209 1 2 0 88 184 36692 0.08333333333333333 0.050826446280991734
table-0200-833 2 5 2 1071 268 62286 0.2 0.05512113831560057
table-0200-921 1 2 0 35 47 4955 1.0 0.021395348837209303
table-0200-273 7 10 5 52 172 13298 0.08333333333333333 4.8088235294117645
table-0200-931 1 3 0 17 43 1419 1.0 0.02939781887150308
table-0200-200 3 2 0 31 110 3572 0.3333333333333333 0.14580467675378267
table-0200-529 1 4 0 454 178 82943 1.0 0.005375164545853445
table-0200-262 2 6 0 250 392 10268 0.5 0.0050751879699248124
table-0200-607 5 5 0 225 37 1302 1.0 0.16848763657274296
table-0200-855 2 3 0 85 35 1745 1.0 0.08267370272647317
table-0200-369 50 7 0 50 376 42127 1.0 0.2103971351547097
table-0200-278 3 4 0 41 30 11554 0.5 0.23308270676691728
table-0200-170 1 3 0 890 384 227924 1.0 0.001488095238095238
table-0200-132 40 3 10 83 127 629 0.3333333333333333 6.4794303797468356
table-0200-910 9 8 14 287 298 26003 0.05 0.1912132938766219
table-0200-250 6 4 0 153 142 170424 0.25 0.0214670686032703
table-0200-509 12 2 0 12 15 880 0.25 0.17918215613382898
table-0200-293 1 3 0 29 16 1499 1.0 0.10595238095238095
table-0200-371 18 13 0 315 224 173689 0.25 0.1129861664373144
table-0200-990 1 5 0 505 468 13662 0.3333333333333333 0.0046219264189314106
table-0200-866 9 4 10 48 43 1933 1.0 0.11202830188679246
table-0200-604 3 4 0 5 69 758 0.5 0.07421875
table-0200-109 23 6 72 11 40 3467 0.3333333333333333 4.4880174291939
table-0200-909 9 8 14 287 298 26003 0.05 0.17732756658320054
table-0200-101 3 4 0 59 88 945 0.5 1.2727272727272727
table-0200-284 5 4 0 534 605 3582 1.0 0.02635802990622624
table-0200-894 1 2 0 12 31 719 1.0 0.010649627263045794
table-0200-773 10 2 5 78 107 53912 0.5 0.0641995501942343
table-0200-800 11 6 11 25 394 15394 0.25 3.7246696035242293
table-0200-850 8 7 0 307 370 51352 0.1111111111111111 0.11463168516649849
table-0200-11 1 2 0 788 357 258250 0.1 0.008793141349747197
table-0200-573 3 3 0 0 0 0 0.0 415.0
table-0200-492 36 4 36 994 481 29670 0.25 0.20933292399456163
table-0200-318 4 9 0 174 161 6775 0.1111111111111111 0.1697936210131332
table-0200-696 2 10 0 110 342 1773 0.06666666666666667 0.00846740050804403
table-0200-311 4 2 0 17 25 6308 0.5 0.05263157894736842
table-0200-919 8 2 0 44 164 58795 0.5 0.053255627009646304
table-0200-397 8 2 0 15 28 1498 1.0 0.24682926829268292
table-0200-13 3 2 0 788 357 258250 0.1 0.05012090569355902
table-0200-656 2 11 0 110 342 1773 0.06666666666666667 0.009144792548687553
table-0200-349 17 16 13 40 59 253 1.0 1.0856088560885608
table-0200-112 3 3 0 42 73 3135 1.0 0.06633499170812604
table-0200-309 12 7 29 237 100 22865 1.0 0.14457260230684152
table-0200-873 4 3 0 314 381 5348 0.3333333333333333 0.008340888485947415
table-0200-614 7 3 0 98 69 55008 0.5 0.08452041785375118
table-0200-701 2 9 0 110 342 1773 0.06666666666666667 0.00812870448772227
table-0200-713 2 11 0 110 342 1773 0.06666666666666667 0.008806096528365791
table-0200-425 15 11 4 38 45 1889 0.5 0.29572192513368983
table-0200-684 2 11 0 110 342 1773 0.06666666666666667 0.01083827265029636
table-0200-524 1 4 0 454 178 82943 1.0 0.005704256252742431
table-0200-431 5 4 0 880 138 21345 0.5 0.10121633362293658
table-0200-802 16 3 16 223 228 6525 0.5 0.18981141317658584
table-0200-29 2 4 0 135 153 1376 1.0 0.3992932862190813
table-0200-597 6 3 0 91 260 1812 0.05555555555555555 0.1779842744817727
table-0200-813 6 3 0 557 610 68557 1.0 0.04919162802356185
table-0200-340 1 3 0 164 197 29715 1.0 0.052566735112936344
table-0200-66 8 5 0 596 352 80803 0.125 0.025830748781568453
table-0200-737 2 4 0 111 32 69138 0.5 0.015082956259426848
table-0200-50 7 3 6 488 251 23414 1.0 0.09433962264150944
table-0200-804 1 1 0 295 364 3424 1.0 0.007774538386783284
table-0200-599 5 2 0 91 260 1812 0.05555555555555555 0.11901358112937813
table-0200-355 3 9 0 150 182 7260 0.1 0.12048192771084337
table-0200-510 7 2 0 12 15 880 0.25 0.15613382899628253
table-0200-938 2 10 0 374 299 129480 0.043478260869565216 0.0026718058779729315
table-0200-950 45 3 10 80 61 100377 0.14285714285714285 0.3342080889163322
table-0200-71 1 5 0 596 352 80803 0.125 0.0031900753212228622
table-0200-78 3 4 0 144 160 1213 1.0 0.8060836501901141
table-0200-131 3 3 0 83 127 629 0.3333333333333333 0.14556962025316456
table-0200-91 6 4 0 18 90 1425 0.5 0.4380022962112514
table-0200-445 7 4 0 9 31 810 0.5 0.11604714415231188
table-0200-469 3 6 9 14 97 120 1.0 0.22842639593908629
table-0200-490 1 2 1 46 71 2339 1.0 0.002622498274672188
table-0200-450 4 4 0 231 247 8395 0.3333333333333333 0.38721351025331724
table-0200-496 1 3 0 309 272 99198 0.5 0.006697438682233686
table-0200-814 5 3 0 124 39 5154 0.25 0.15229759299781181
table-0200-287 3 9 0 186 161 6430 0.16666666666666666 0.1085972850678733
table-0200-249 9 4 0 555 567 7513 1.0 0.03579629879778468
table-0200-462 2 5 0 325 208 9001 1.0 0.27218934911242604
table-0200-92 3 4 0 89 152 988 0.25 1.113861386138614
table-0200-646 2 10 0 110 342 1773 0.06666666666666667 0.00846740050804403
table-0200-779 16 3 0 75 223 6575 0.125 0.28104070066975784
table-0200-179 5 8 0 78 215 1326 1.0 0.13713980789754535
table-0200-63 2 4 0 127 146 1606 1.0 0.33070866141732286
table-0200-762 5 5 0 627 133 8923 0.1111111111111111 0.1827852998065764
table-0200-419 5 3 0 606 490 64357 0.25 0.019509436629674137
table-0200-808 1 3 1 27 29 1432 0.5 0.03669064748201439
table-0200-531 1 4 0 454 178 82943 1.0 0.004387889425186486
table-0200-38 4 4 0 70 101 1489 1.0 0.30269266480965645
table-0200-913 9 8 15 287 298 26003 0.05 0.1850671522877305
table-0200-163 57 2 0 2583 751 1189 1.0 0.17203078537694594
table-0200-24 3 4 0 129 165 1329 1.0 0.7375886524822695
table-0200-767 2 2 0 28 44 7153 0.25 0.042263610315186245
table-0200-872 8 2 0 314 381 5348 0.3333333333333333 0.016500453309156844
table-0200-711 2 10 0 110 342 1773 0.06666666666666667 0.009144792548687553
table-0200-333 16 5 0 93 260 1746 0.06666666666666667 0.5092667203867849
table-0200-630 2 12 0 110 342 1773 0.06666666666666667 0.009144792548687553
table-0200-130 10 3 0 694 60 612381 0.3333333333333333 0.7124744106187677
table-0200-268 2 6 0 250 392 10268 0.5 0.004887218045112782
table-0200-379 30 7 30 422 302 15398 0.25 3.609271523178808
table-0200-928 4 4 4 78 141 1612 0.5 0.7944664031620553
table-0200-230 16 4 1 404 385 53093 0.14285714285714285 1.0898587933247754
table-0200-557 18 5 1 139 261 25650 1.0 0.07418061366806136
table-0200-28 3 4 0 135 153 1376 1.0 0.8127208480565371
table-0200-772 4 6 11 115 172 381 1.0 0.05705173635719348
table-0200-59 3 4 0 96 136 288 1.0 0.16321559074299635
table-0200-828 17 4 1 82 112 1541 0.5 1.4088820826952526
table-0200-859 2 1 0 315 388 4240 1.0 0.03270223752151463
table-0200-537 1 2 1 244 320 7174 1.0 0.02235294117647059
table-0200-594 5 6 0 91 260 1812 0.05555555555555555 0.07040743388134382
table-0200-795 16 10 9 38 51 6773 0.5 1.224537037037037
table-0200-353 5 9 0 150 182 7260 0.1 0.1566265060240964
table-0200-653 2 10 0 110 342 1773 0.06666666666666667 0.008806096528365791
table-0200-394 9 10 17 9 133 9243 1.0 0.2937365010799136
table-0200-820 15 2 0 89 601 1034 1.0 0.1283702213279678
table-0200-105 14 4 0 83 211 1145 0.25 0.10893357088317639
table-0200-246 3 9 0 171 205 7266 0.3333333333333333 0.09442724458204334
table-0200-650 2 10 0 110 342 1773 0.06666666666666667 0.01083827265029636
table-0200-631 2 10 0 110 342 1773 0.06666666666666667 0.011346316680779001
table-0200-917 33 7 0 276 279 68918 0.25 1.015472312703583
table-0200-208 53 4 0 88 184 36692 0.08333333333333333 1.3243801652892562
table-0200-87 2 4 0 90 137 1409 1.0 0.05938697318007663
table-0200-748 5 9 0 122 114 6050 0.5 0.1094017094017094
table-0200-754 15 6 17 38 51 4800 0.5 0.8622516556291391
table-0200-521 7 4 0 262 275 6943 0.3333333333333333 1.18475073313783
table-0200-221 3 3 0 109 169 5179 1.0 0.04467112205416813
table-0200-367 22 6 0 3778 279 37656 1.0 0.19622641509433963
table-0200-127 3 4 0 694 60 612381 0.3333333333333333 0.13636663805058444
table-0200-761 5 8 0 627 133 8923 0.1111111111111111 0.2572533849129594
table-0200-580 7 3 0 144 307 4163 0.05555555555555555 0.17729204614450517
table-0200-495 24 3 0 11 84 2809 0.5 0.584968152866242
table-0200-592 8 3 0 44 41 1985 1.0 0.39727582292849034
table-0200-94 8 4 0 113 144 1435 0.25 0.900804289544236
table-0200-60 4 4 0 120 140 3103 1.0 0.4099462365591398
table-0200-769 2 2 2 143 165 31940 0.3333333333333333 0.015245623941276116
table-0200-225 1 3 0 492 290 178317 0.25 0.004952225588440923
table-0200-861 6 6 0 65 85 10743 0.3333333333333333 0.21037463976945245
table-0200-547 2 3 0 154 225 4377 1.0 0.058439929771758214
table-0200-649 2 12 0 110 342 1773 0.06666666666666667 0.009483488569009314
table-0200-126 34 3 0 156 79 37050 0.5 0.1032219570405728
table-0200-351 54 6 74 114 169 349 1.0 0.6531036531036531
table-0200-255 2 6 0 250 392 10268 0.5 0.004887218045112782
table-0200-73 0 1 0 199 441 193 1.0 0.0
table-0200-926 9 4 0 221 193 37294 1.0 0.39318023660403617
table-0200-161 5 2 0 295 303 13297 1.0 0.014210756449497158
table-0200-378 1 3 0 29 52 2457 1.0 0.08511870295309786
table-0200-729 2 10 0 110 342 1773 0.06666666666666667 0.008806096528365791
table-0200-715 2 12 0 110 342 1773 0.06666666666666667 0.009822184589331075
table-0200-241 1 3 0 171 205 7266 0.3333333333333333 0.05030959752321981
table-0200-556 3 3 2 139 261 25650 1.0 0.006799163179916318
table-0200-137 73 4 37 417 999 2148 1.0 3.984873949579832
table-0200-721 2 12 0 110 342 1773 0.06666666666666667 0.009822184589331075
table-0200-17 0 1 0 174 151 62672 0.25 0.0
table-0200-219 11 4 10 43 47 27887 0.25 0.6463262764632628
table-0200-849 6 6 6 307 370 51352 0.1111111111111111 0.08779011099899092
table-0200-461 8 5 4 325 208 9001 1.0 0.772189349112426
table-0200-997 9 7 11 97 100 19702 1.0 0.04997388124673516
table-0200-64 1 1 0 596 352 80803 0.125 0.0069561364643331855
table-0200-44 2 4 0 128 151 3368 1.0 0.028430836522689993
table-0200-359 5 9 0 150 182 7260 0.1 0.1827309236947791
table-0200-884 1 1 0 46 223 22413 0.3333333333333333 0.0023324206469932055
table-0200-660 2 9 0 110 342 1773 0.06666666666666667 0.009483488569009314
table-0200-889 1 2 1 42 71 6608 0.3333333333333333 0.012549537648612946
table-0200-363 1 3 0 49 57 2638 0.25 0.061200923787528866
table-0200-189 0 1 0 511 159 86475 0.2 0.0
table-0200-933 4 4 4 79 134 1769 0.5 1.039906103286385
table-0200-603 1 2 0 42 67 1324 1.0 0.005637254901960784
table-0200-125 30 3 0 565 549 59459 1.0 0.13940741917547064
table-0200-945 7 2 0 437 356 127853 0.16666666666666666 0.01821430476292069
table-0200-271 6 6 0 52 172 13298 0.08333333333333333 1.2022058823529411
table-0200-691 7 6 0 110 342 1773 0.06666666666666667 0.1056731583403895
table-0200-214 13 14 11 88 184 36692 0.08333333333333333 0.7611570247933884
table-0200-883 1 1 0 46 223 22413 0.3333333333333333 0.0023324206469932055
table-0200-426 17 4 8 112 74 43468 0.3333333333333333 0.2618392911701803
table-0200-674 2 10 0 110 342 1773 0.06666666666666667 0.007790008467400508
table-0200-124 17 2 2 148 226 6427 0.5 1.0894941634241244
table-0200-197 1 4 0 146 202 6466 0.5 0.04206500956022945
table-0200-788 2 2 2 20 31 4711 0.5 0.010132501948558068
table-0200-558 11 7 0 390 564 133794 0.2 0.036133948265490275
table-0200-75 29 13 56 216 157 93489 0.3333333333333333 0.4833093525179856
table-0200-916 184 7 420 276 279 68918 0.25 7.170195439739413
table-0200-892 1 2 0 36 46 8192 0.5 0.023837209302325583
table-0200-113 8 6 7 129 174 1894 0.3333333333333333 3.3823529411764706
table-0200-483 4 4 0 324 281 10928 0.3333333333333333 0.3661257606490872
table-0200-407 24 7 50 969 235 62471 0.3333333333333333 0.5483116014710799
table-0200-210 3 4 3 88 184 36692 0.08333333333333333 0.03677685950413223
table-0200-410 15 7 11 6996 537 240252 0.3333333333333333 0.05273426292534573
table-0200-385 8 2 0 20 32 1449 0.5 0.2528379772961816
table-0200-182 12 11 30 78 215 1326 1.0 0.5277481323372465
table-0200-825 8 16 26 89 601 1034 1.0 0.1158953722334004
table-0200-362 3 3 0 49 57 2638 0.25 0.14549653579676675
table-0200-817 412 6 51 89 601 1034 1.0 17.567404426559357
table-0200-513 3 3 0 30 37 2874 1.0 0.258008658008658
table-0200-922 3 2 1 106 131 33186 1.0 0.05776736924277908
table-0200-446 4 6 0 231 247 9420 0.3333333333333333 0.04566608493310064
table-0200-352 4 9 0 150 182 7260 0.1 0.13353413654618473
table-0200-159 3 2 0 423 281 49916 0.5 0.003949933312814199
table-0200-600 8 5 0 91 260 1812 0.05555555555555555 0.23909935668334525
table-0200-733 2 10 0 110 342 1773 0.06666666666666667 0.010160880609652836
table-0200-507 2 2 2 872 321 874607 0.5 0.001117772584086983
table-0200-498 3 2 0 409 116 178562 0.3333333333333333 0.016307513104251603
table-0200-337 4 3 0 183 223 273570 0.2 0.011800675856889986
table-0200-625 2 8 0 110 342 1773 0.06666666666666667 0.008636748518204911
table-0200-20 2 4 0 118 145 2102 1.0 0.22670025188916876
table-0200-83 3 4 0 52 70 1124 1.0 0.5809018567639257
table-0200-428 29 3 7 86 68 22319 0.3333333333333333 0.6056182869732856
table-0200-493 12 5 0 609 252 259767 0.5 0.03884561271061391
table-0200-895 2 5 0 7 14 4162 0.5 0.10501981505944517
table-0200-8 23 2 0 788 357 258250 0.1 0.26555286876236533
table-0200-978 10 4 0 146 73 34291 0.3333333333333333 0.2315405651777575
table-0200-232 1 4 0 404 385 53093 0.14285714285714285 0.0025673940949935813
table-0200-618 19 8 18 141 134 4117 0.5 0.24720309810671257
table-0200-985 2 2 1 144 201 44279 1.0 0.0169345579793341
table-0200-811 1 5 2 62 92 1243 1.0 0.09195402298850575
table-0200-620 1 2 1 367 761 599 1.0 0.0015930485155684288
table-0200-717 2 10 0 110 342 1773 0.06666666666666667 0.01117696867061812
table-0200-710 2 10 0 110 342 1773 0.06666666666666667 0.01083827265029636
table-0200-299 10 4 1 13 107 750 0.14285714285714285 0.6775956284153005
table-0200-716 2 9 0 110 342 1773 0.06666666666666667 0.009144792548687553
table-0200-5 2 2 0 90 258 2051 0.05555555555555555 0.05962297238053485
table-0200-936 8 3 0 14 117 719 0.125 0.3481254781943382
table-0200-464 4 5 0 325 208 9001 1.0 0.46893491124260356
table-0200-244 3 8 0 171 205 7266 0.3333333333333333 0.07894736842105263
table-0200-423 1 2 1 30 38 989 1.0 0.021312872975277068
table-0200-608 10 4 9 123 122 17825 0.5 0.08766833905466068
table-0200-865 1 1 0 288 357 3175 1.0 0.0091683038637852
table-0200-567 3 3 0 107 181 12166 1.0 0.026013539210466265
table-0200-554 4 3 0 139 261 25650 1.0 0.010024407252440725
table-0200-433 1 3 0 48 49 1732 1.0 0.041879944160074456
table-0200-575 5 10 0 144 307 4163 0.05555555555555555 0.08682452944748027
table-0200-117 1 2 1 118 123 15031 1.0 0.006957158549981692
table-0200-169 3 3 0 25 44 781 1.0 0.5273972602739726
table-0200-102 3 4 0 117 133 1078 1.0 0.73
table-0200-70 22 7 0 596 352 80803 0.125 0.07093486929552503
table-0200-555 2 3 0 139 261 25650 1.0 0.006711994421199442
table-0200-143 3 3 0 101 91 22759 1.0 0.022383267590129347
table-0200-809 4 4 0 265 169 53241 0.5 0.010679271708683474
table-0200-313 10 5 0 97 143 18058 0.5 0.021853035143769968
table-0200-348 6 4 0 40 59 253 1.0 0.36900369003690037
table-0200-82 2 4 0 52 70 1124 1.0 0.33156498673740054
table-0200-479 2 6 0 147 198 25279 1.0 0.05698641249239505
table-0200-712 2 11 0 110 342 1773 0.06666666666666667 0.009314140558848433
table-0200-103 5 5 10 268 339 44867 1.0 0.06907808827370071
table-0200-560 3 7 0 390 564 133794 0.2 0.02057349107679968
table-0200-211 2 2 0 88 184 36692 0.08333333333333333 0.04256198347107438
table-0200-960 12 3 0 183 246 5478 0.1 0.16735204720185948
table-0200-746 1 5 2 18 22 1451 1.0 0.1248868778280543
table-0200-74 1 6 0 50 136 968 1.0 0.18333333333333332
table-0200-661 2 11 0 110 342 1773 0.06666666666666667 0.00812870448772227
table-0200-279 1 3 0 75 119 16089 1.0 0.012597984322508398
table-0200-476 3 6 9 14 97 120 1.0 0.2
table-0200-621 5 6 4 367 761 599 1.0 0.0184407434226406
table-0200-104 1 4 0 83 211 1145 0.25 0.009162636803257827
table-0200-320 2 9 0 174 161 6775 0.1111111111111111 0.06848030018761726
table-0200-655 2 12 0 110 342 1773 0.06666666666666667 0.010499576629974599
table-0200-39 2 4 0 70 101 1489 1.0 0.10492107706592387
table-0200-177 1 3 0 45 62 2165 1.0 0.07489401789919925
table-0200-624 2 10 0 110 342 1773 0.06666666666666667 0.00812870448772227
table-0200-539 3 6 0 350 437 9872 0.3333333333333333 0.017006802721088437
table-0200-590 8 5 0 144 307 4163 0.05555555555555555 0.13296903460837886
table-0200-494 1 3 0 609 252 259767 0.5 0.002710957070793727
table-0200-829 3 2 0 0 0 0 0.0 109.0
table-0200-380 24 7 0 422 302 15398 0.25 2.4718543046357615
table-0200-541 1 3 0 97 109 2478 1.0 0.5518672199170125
table-0200-957 13 8 16 183 246 5478 0.1 0.27087430716967636
table-0200-946 48 7 46 437 356 127853 0.16666666666666666 0.1723825270681103
table-0200-361 1 5 0 49 57 2638 0.25 0.1651270207852194
table-0200-173 6 9 32 397 165 6915 0.3333333333333333 1.3299748110831233
table-0200-405 2 1 0 142 161 16726 1.0 0.005736823234134099
table-0200-844 200 7 54 43 206 6888 0.5 3.6945054945054947
table-0200-185 10 17 2 495 989 22083 0.09090909090909091 0.19271198318149965
table-0200-193 4 2 0 8657 203 225609 0.3333333333333333 0.015257367702561631
table-0200-803 1 1 0 223 228 6525 0.5 0.004898359049718345
table-0200-146 3 2 0 141 135 27026 0.5 0.022260936895083235
table-0200-854 0 1 0 1827 1394 242321 0.5 0.0
table-0200-672 2 10 0 110 342 1773 0.06666666666666667 0.010160880609652836
table-0200-308 1 3 0 14 96 648 0.5 0.2834507042253521
table-0200-422 32 8 0 222 302 36051 0.5 0.3027818958751199
table-0200-122 68 8 38 305 281 359137 0.5 0.6270193861066236
table-0200-864 15 4 1 1673 546 571353 1.0 0.05408388520971302
table-0200-212 2 2 0 88 184 36692 0.08333333333333333 0.0640495867768595
table-0200-948 1 2 0 56 75 3270 0.5 0.06156405990016639
table-0200-276 1 2 0 15 22 4887 0.5 0.02030008826125331
table-0200-289 4 9 0 186 161 6430 0.16666666666666666 0.12518853695324283
table-0200-824 7 17 19 89 601 1034 1.0 0.1062374245472837
table-0200-100 4 4 0 98 110 1331 1.0 0.45319465081723626
table-0200-388 1 3 0 117 163 18869 1.0 0.026892430278884463
table-0200-174 9 6 6 397 165 6915 0.3333333333333333 0.3954659949622166
table-0200-579 2 10 0 144 307 4163 0.05555555555555555 0.029751062537947785
table-0200-420 12 3 0 606 490 64357 0.25 0.06432459178624443
table-0200-659 2 12 0 110 342 1773 0.06666666666666667 0.01117696867061812
table-0200-983 7 6 0 576 234 120201 0.25 0.06738213875047912
table-0200-157 7 4 0 1029 912 39765 0.2 0.008359385619138236
table-0200-585 13 5 0 144 307 4163 0.05555555555555555 0.2100789313904068
table-0200-563 28 4 0 80 159 2505 0.14285714285714285 0.12173326589108076
table-0200-316 5 9 0 174 161 6775 0.1111111111111111 0.19793621013133209
table-0200-151 0 1 0 84 182 64207 0.3333333333333333 0.0
table-0200-329 3 10 0 93 260 1746 0.06666666666666667 0.05842062852538275
table-0200-505 7 7 0 41 60 9467 0.3333333333333333 0.09385863267670916
table-0200-86 4 4 0 90 137 1409 1.0 0.19604086845466157
table-0200-966 3 8 0 183 246 5478 0.1 0.015197568389057751
table-0200-365 8 8 7 16 74 131953 0.3333333333333333 1.93394777265745
table-0200-145 10 4 0 14 108 782 0.14285714285714285 0.7410714285714286
table-0200-823 6 17 0 89 601 1034 1.0 0.10020120724346077
table-0200-912 9 8 16 287 298 26003 0.05 0.18779877077168222
table-0200-356 5 9 0 150 182 7260 0.1 0.21285140562248997
table-0200-918 12 8 0 276 279 68918 0.25 0.4560260586319218
table-0200-658 2 11 0 110 342 1773 0.06666666666666667 0.008806096528365791
table-0200-263 2 6 0 250 392 10268 0.5 0.005827067669172932
table-0200-166 39 7 134 349 175 17300 0.3333333333333333 2.0305084745762714
table-0200-307 68 8 0 14 96 648 0.5 22.742957746478872
table-0200-162 5 2 0 295 303 13297 1.0 0.010858475440897828
table-0200-998 10 7 13 97 100 19702 1.0 0.0845667189041732
table-0200-549 1 3 0 127 236 4062 1.0 0.019763798505664017
table-0200-574 1 3 0 47 64 7066 1.0 0.017424798239178283
table-0200-965 3 4 0 183 246 5478 0.1 0.00786697657786519
table-0200-184 5 5 6 32 59 2256 0.5 0.20969137582924718
table-0200-519 1 6 0 52 100 1924 1.0 0.026493506493506493
table-0200-619 25 7 0 141 134 4117 0.5 0.23042168674698796
table-0200-141 4 2 0 16 16 2840 0.3333333333333333 0.049432197728790914
table-0200-954 11 2 0 80 61 100377 0.14285714285714285 0.024235875270145108
table-0200-485 4 5 0 617 413 19225 1.0 0.19473395501919913
table-0200-797 19 4 0 381 284 38044 0.3333333333333333 0.10171017101710171
table-0200-90 1 3 0 152 169 9588 1.0 0.1292372881355932
table-0200-688 8 3 0 110 342 1773 0.06666666666666667 0.027095681625740897
table-0200-350 1 2 0 7 15 546 1.0 0.04893617021276596
table-0200-449 4 4 0 231 247 8395 0.3333333333333333 0.4209891435464415
table-0200-207 63 4 0 88 184 36692 0.08333333333333333 1.0471074380165288
table-0200-440 4 7 0 365 264 83601 0.14285714285714285 0.01674671385237614
table-0200-675 2 10 0 110 342 1773 0.06666666666666667 0.009822184589331075
table-0200-196 1 3 0 146 202 6466 0.5 0.09560229445506692
table-0200-768 3 3 0 28 44 7153 0.25 0.10315186246418338
table-0200-114 7 4 2 129 174 1894 0.3333333333333333 1.0941176470588236
table-0200-744 2 2 0 111 136 4832 0.5 0.0784557907845579
table-0200-780 19 5 0 75 223 6575 0.125 0.6715610510046368
table-0200-544 2 3 0 101 124 3353 1.0 0.7264437689969605
table-0200-152 4 5 0 23 23 1713 0.3333333333333333 0.9710391822827938
table-0200-678 2 9 0 110 342 1773 0.06666666666666667 0.008806096528365791
table-0200-758 23 5 23 5 70 1642 1.0 3.4
table-0200-735 2 11 0 110 342 1773 0.06666666666666667 0.00846740050804403
table-0200-239 10 6 15 203 130 54222 0.1111111111111111 0.47403873140611846
table-0200-326 1 5 2 50 80 703 1.0 0.12101910828025478
table-0200-559 57 3 38 390 564 133794 0.2 0.12283938239422498
table-0200-6 11 5 0 90 258 2051 0.05555555555555555 0.3818500657606313
table-0200-502 2 2 1 46 66 3165 1.0 0.011948529411764705
table-0200-774 22 2 0 78 107 53912 0.5 0.18442036393375588
table-0200-915 9 8 15 287 298 26003 0.05 0.18392897791941726
table-0200-395 11 10 17 9 133 9243 1.0 0.3054612773835236
table-0200-697 2 13 0 110 342 1773 0.06666666666666667 0.010160880609652836
table-0200-805 7 3 0 57 59 1869 0.3333333333333333 0.05612244897959184
table-0200-764 1 3 0 16 22 1074 1.0 0.08231707317073171
table-0200-471 3 6 9 14 97 120 1.0 0.21421319796954313
table-0200-898 9 8 16 287 298 26003 0.05 0.19849760983382655
table-0200-530 2 4 0 454 178 82943 1.0 0.013053971039929793
table-0200-753 1 3 0 24 18 1722 1.0 0.07493540051679587
table-0200-897 9 8 17 287 298 26003 0.05 0.1791486455725017
table-0200-827 1 5 2 37 40 2252 1.0 0.06379893668438859
table-0200-796 68 4 71 381 284 38044 0.3333333333333333 0.18705506914327796
table-0200-682 2 10 0 110 342 1773 0.06666666666666667 0.00812870448772227
table-0200-280 62 8 0 15 85 713 0.5 26.212860310421284
table-0200-188 1 3 0 112 147 1718 0.5 0.14565217391304347
table-0200-256 2 6 0 250 392 10268 0.5 0.005827067669172932
table-0200-69 11 6 0 596 352 80803 0.125 0.03278688524590164
table-0200-543 4 2 0 109 148 39204 1.0 0.07586206896551724
table-0200-771 1 4 0 143 165 31940 0.3333333333333333 0.012987012987012988
table-0200-254 2 5 0 250 392 10268 0.5 0.004887218045112782
table-0200-374 20 11 6 84 181 914 0.2 2.6900269541778976
table-0200-436 1 3 0 98 107 5825 1.0 0.02226441146013117
table-0200-893 2 4 0 58 42 992 1.0 0.10180142438206954
table-0200-722 2 12 0 110 342 1773 0.06666666666666667 0.008806096528365791
table-0200-242 6 8 0 171 205 7266 0.3333333333333333 0.17724458204334365
table-0200-384 6 3 0 52 80 1301 1.0 0.21939680662329983
table-0200-266 2 6 0 250 392 10268 0.5 0.005263157894736842
table-0200-984 1 5 0 326 322 91239 0.25 0.014207650273224045
table-0200-955 38 9 36 55 229 1883 1.0 11.236334405144694
table-0200-856 3 3 0 57 38 1648 1.0 0.17888999008919723
table-0200-48 3 4 0 82 105 988 1.0 0.6146788990825688
table-0200-327 6 8 0 93 260 1746 0.06666666666666667 0.11402095084609186
table-0200-571 2 2 2 13 29 3147 1.0 0.09345794392523364
table-0200-993 0 1 0 18 25 2233 1.0 0.0
table-0200-432 1 3 0 48 49 1732 1.0 0.03489995346672871
table-0200-67 23 7 0 596 352 80803 0.125 0.07128932210899425
table-0200-980 0 1 0 11 9 1753 1.0 0.0
table-0200-759 1 3 0 13 29 871 1.0 0.042890262751159196
table-0200-999 11 7 19 97 100 19702 1.0 0.15717685298043996
table-0200-409 1 1 0 6995 537 240252 0.3333333333333333 0.00040167556091122973
table-0200-466 4 9 0 325 208 9001 1.0 0.2958579881656805
table-0200-165 9 6 6 349 175 17300 0.3333333333333333 0.47796610169491527
table-0200-940 2 9 0 374 299 129480 0.043478260869565216 0.004467609828741623
table-0200-633 2 11 0 110 342 1773 0.06666666666666667 0.01083827265029636
table-0200-41 2 4 0 128 151 3368 1.0 0.021049753963914706
table-0200-709 2 11 0 110 342 1773 0.06666666666666667 0.00846740050804403
table-0200-9 9 2 0 788 357 258250 0.1 0.10529786766322269
table-0200-18 23 7 41 72 128 4045 1.0 1.9217506631299734
table-0200-176 10 17 2 482 903 10664 0.5 3.3512396694214877
table-0200-862 7 7 3 1673 546 571353 1.0 0.07709288503990491
table-0200-925 9 4 0 8 105 2337 0.05555555555555555 0.45804847731510256
table-0200-605 0 1 0 20 23 2770 1.0 0.0
table-0200-34 3 2 1 16 184 12911 1.0 0.02689221427022338
table-0200-570 4 6 6 125 83 1654 1.0 0.060674157303370786
table-0200-332 6 2 0 93 260 1746 0.06666666666666667 0.15672844480257855
table-0200-760 26 10 17 627 133 8923 0.1111111111111111 2.0483558994197293
table-0200-610 4 8 4 603 1067 64370 0.2 0.016558309630231614
table-0200-627 2 11 0 110 342 1773 0.06666666666666667 0.009144792548687553
table-0200-848 11 3 0 307 370 51352 0.1111111111111111 0.1598385469223007
table-0200-851 1 2 0 49 91 1602 0.5 0.015785861358956762
table-0200-875 11 3 0 306 336 3355 0.2 0.1165230423379543
table-0200-673 2 12 0 110 342 1773 0.06666666666666667 0.009144792548687553
table-0200-731 2 12 0 110 342 1773 0.06666666666666667 0.009483488569009314
table-0200-393 1 1 0 2331 541 378559 1.0 0.0006567713122290818
table-0200-429 26 5 0 86 68 22319 0.3333333333333333 3.3428807491049297
table-0200-154 5 4 4 40 42 1575 1.0 0.2807253190060443
table-0200-652 2 9 0 110 342 1773 0.06666666666666667 0.010330228619813718
table-0200-726 2 12 0 110 342 1773 0.06666666666666667 0.009314140558848433
table-0200-853 1 1 0 1827 1394 242321 0.5 0.0005520322489537063
table-0200-789 11 4 0 20 31 4711 0.5 0.2509742790335152
table-0200-867 1 2 1 12 36 1717 1.0 0.011046511627906977
table-0200-270 4 5 0 52 172 13298 0.08333333333333333 0.625
table-0200-511 10 2 0 12 15 880 0.25 0.06171003717472119
table-0200-437 17 7 0 365 264 83601 0.14285714285714285 0.06458543983822042
table-0200-755 1 5 2 16 52 2721 1.0 0.0755750273822563
table-0200-486 4 5 0 617 413 19225 1.0 0.2353263850795392
table-0200-65 8 3 0 596 352 80803 0.125 0.016969428444838282
table-0200-551 2 2 0 7 19 2021 1.0 0.11021069692058347
table-0200-129 8 5 0 694 60 612381 0.3333333333333333 0.032424222412996105
table-0200-616 19 2 2 156 252 8378 0.5 1.1721049264235444
table-0200-302 3 10 0 100 293 2065 0.058823529411764705 0.05322230267921796
table-0200-504 4 6 0 41 60 9467 0.3333333333333333 0.0768636539204326
table-0200-676 2 11 0 110 342 1773 0.06666666666666667 0.011515664690939882
table-0200-790 27 15 0 186 146 2047 1.0 0.43940081706763506
table-0200-415 7 6 1 606 490 64357 0.25 0.070262246412667
table-0200-123 11 3 0 305 281 359137 0.5 0.11025848142164782
table-0200-947 1 2 0 14 31 1248 1.0 0.016
table-0200-989 3 5 0 505 468 13662 0.3333333333333333 0.016454058051395822
table-0200-406 1 1 0 142 161 16726 1.0 0.002748894466355922
table-0200-582 9 6 0 144 307 4163 0.05555555555555555 0.24408014571949
table-0200-149 36 9 44 44 204 3499 0.5 4.405857740585774
table-0200-962 11 5 0 183 246 5478 0.1 0.04022885750044699
table-0200-583 16 10 0 144 307 4163 0.05555555555555555 0.33515482695810567
table-0200-667 2 9 0 110 342 1773 0.06666666666666667 0.007451312447078747
table-0200-901 9 8 17 287 298 26003 0.05 0.18256316867744138
table-0200-706 2 11 0 110 342 1773 0.06666666666666667 0.010499576629974599
table-0200-243 5 8 0 171 205 7266 0.3333333333333333 0.15712074303405574
table-0200-972 14 3 0 180 139 2763 1.0 0.11325636942675159
table-0200-295 14 6 0 330 475 27508 0.125 0.3026765948883075
table-0200-877 4 2 0 100 93 19210 0.5 0.06674831598285365
table-0200-447 4 6 0 231 247 9420 0.3333333333333333 0.038394415357766144
table-0200-908 9 7 10 287 298 26003 0.05 0.18848167539267016
table-0200-871 52 5 0 90 123 2463 0.5 25.505102040816325
table-0200-27 2 4 0 135 153 1376 1.0 0.4169611307420495
table-0200-463 4 5 0 325 208 9001 1.0 0.3994082840236686
table-0200-373 3 10 5 507 404 212051 0.3333333333333333 0.09308996088657105
table-0200-443 15 4 0 10 33 816 0.5 0.15231431646932186
table-0200-414 19 2 2 152 243 6976 0.5 1.0895953757225434
table-0200-339 4 4 4 80 157 1807 0.5 0.6574225122349103
table-0200-714 2 11 0 110 342 1773 0.06666666666666667 0.009144792548687553
table-0200-704 2 11 0 110 342 1773 0.06666666666666667 0.012870448772226926
table-0200-668 2 12 0 110 342 1773 0.06666666666666667 0.009483488569009314
table-0200-891 2 2 1 36 46 8192 0.5 0.018604651162790697
table-0200-974 14 3 0 218 302 10518 1.0 0.0641399416909621
table-0200-286 3 9 0 186 161 6430 0.16666666666666666 0.10784313725490197
table-0200-178 3 3 0 26 32 995 1.0 1.7006802721088434
table-0200-798 1 1 0 381 284 38044 0.3333333333333333 0.0024547909336388183
table-0200-115 13 2 0 95 217 48329 0.5 0.03555394641564084
table-0200-578 3 14 0 144 307 4163 0.05555555555555555 0.05373406193078324
table-0200-217 1 6 0 112 167 4033 1.0 0.023169218038891187
table-0200-963 13 5 0 183 246 5478 0.1 0.05131414267834793
table-0200-216 14 7 12 88 184 36692 0.08333333333333333 0.6194214876033057
table-0200-952 11 3 6 80 61 100377 0.14285714285714285 0.12982401975918492
table-0200-467 3 3 0 23 30 922 1.0 0.28410596026490065
table-0200-791 27 7 0 186 146 2047 1.0 0.4380390376758965
table-0200-670 2 11 0 110 342 1773 0.06666666666666667 0.00846740050804403
table-0200-548 2 3 0 111 186 5559 1.0 0.06932711913778036
table-0200-969 26 6 0 163 247 25216 1.0 0.12736062849373017
table-0200-164 5 9 20 349 175 17300 0.3333333333333333 2.1016949152542375
table-0200-383 4 3 0 855 380 317856 1.0 0.021720711699915275
table-0200-42 7 4 2 128 151 3368 1.0 0.11973756150902132
table-0200-832 75 5 166 1071 268 62286 0.2 1.432636841430586
table-0200-88 18 7 47 77 104 172 1.0 3.5078740157480315
table-0200-518 2 6 0 52 100 1924 1.0 0.05194805194805195
table-0200-23 2 4 0 94 110 1577 1.0 0.24145299145299146
table-0200-19 6 4 0 118 145 2102 1.0 1.2090680100755669
table-0200-7 8 3 0 40 54 1096 1.0 1.2725344644750796
table-0200-68 13 6 0 596 352 80803 0.125 0.0359769605671245
table-0200-911 9 8 14 287 298 26003 0.05 0.19212383337127248
table-0200-781 18 5 0 75 223 6575 0.125 0.6241628026790315
table-0200-294 3 2 0 22 20 1068 1.0 0.049479166666666664
table-0200-540 1 3 0 68 104 3038 1.0 0.04140550807217474
table-0200-202 1 6 0 72 134 1995 1.0 0.014122893954410307
table-0200-515 12 5 0 662 511 92931 0.14285714285714285 0.08928826130366567
table-0200-657 2 11 0 110 342 1773 0.06666666666666667 0.008806096528365791
table-0200-247 2 2 0 235 257 5668 0.3333333333333333 0.006255497996285798
table-0200-930 10 4 10 78 189 2222 0.5 1.424516129032258
table-0200-637 7 6 0 110 342 1773 0.06666666666666667 0.11735817104149027
table-0200-763 5 5 0 627 133 8923 0.1111111111111111 0.2379110251450677
table-0200-12 5 2 0 788 357 258250 0.1 0.046383820619916465
table-0200-881 20 3 0 148 180 280 1.0 1.067986798679868
table-0200-720 2 7 0 110 342 1773 0.06666666666666667 0.009314140558848433
table-0200-784 1 5 2 18 32 2330 1.0 0.11209964412811388
table-0200-267 2 5 0 250 392 10268 0.5 0.004887218045112782
table-0200-343 3 3 0 156 142 13078 0.05263157894736842 0.04336356141797197
table-0200-887 1 1 0 46 223 22413 0.3333333333333333 0.0014197343068654295
table-0200-745 1 3 0 111 136 4832 0.5 0.12453300124533001
table-0200-175 34 7 133 397 165 6915 0.3333333333333333 1.385390428211587
table-0200-793 8 15 11 16 34 3126 0.3333333333333333 0.7262174405436014
table-0200-389 2 13 0 2 14 312 1.0 0.9204545454545454
table-0200-734 2 12 0 110 342 1773 0.06666666666666667 0.013209144792548687
table-0200-413 1 2 1 65 55 2429 1.0 0.026714801444043323
table-0200-644 2 12 0 110 342 1773 0.06666666666666667 0.009822184589331075
table-0200-484 4 4 0 324 281 10928 0.3333333333333333 0.3133874239350913
table-0200-424 9 4 0 162 131 9022 0.5 0.27983383685800606
table-0200-264 2 6 0 250 392 10268 0.5 0.004887218045112782
table-0200-434 1 4 0 12 32 1479 0.5 0.030911901081916538
table-0200-846 14 5 0 307 370 51352 0.1111111111111111 0.21150353178607467
table-0200-315 5 9 0 174 161 6775 0.1111111111111111 0.15384615384615385
table-0200-812 13 2 0 557 610 68557 1.0 0.04549442286000752
table-0200-52 7 3 6 488 251 23414 1.0 0.1014865637507147
table-0200-526 4 4 0 454 178 82943 1.0 0.018209741114523913
table-0200-120 7 6 0 4533 1511 262095 0.25 0.03779861971332508
table-0200-949 7 2 0 80 61 100377 0.14285714285714285 0.01605433775856746
table-0200-451 8 5 8 231 247 8395 0.3333333333333333 0.7889022919179735
table-0200-679 10 4 0 110 342 1773 0.06666666666666667 0.03624047417442845
table-0200-457 1 3 0 70 128 81606 0.25 0.010427010923535254
table-0200-274 1 5 0 52 172 13298 0.08333333333333333 0.1801470588235294
table-0200-953 5 2 0 80 61 100377 0.14285714285714285 0.017134918184624884
table-0200-747 16 6 24 429 235 240916 0.3333333333333333 0.05920809177254225
table-0200-545 4 3 0 44 64 2114 1.0 0.20777537796976242
table-0200-454 6 2 4 70 128 81606 0.25 0.08093346573982126
table-0200-840 1 2 0 52 88 2429 0.5 0.024407252440725245
table-0200-943 6 14 0 374 299 129480 0.043478260869565216 0.013534229775305506
table-0200-334 1 3 0 26 53 1296 1.0 0.03203230148048452
table-0200-876 9 4 0 18 58 3031 0.5 0.6640471512770137
table-0200-623 10 6 0 110 342 1773 0.06666666666666667 0.2497883149872989
table-0200-354 4 9 0 150 182 7260 0.1 0.12048192771084337
table-0200-55 4 4 0 111 140 1386 1.0 0.9449275362318841
table-0200-26 3 4 0 135 153 1376 1.0 0.7208480565371025
table-0200-756 14 9 0 69 266 6168 0.5 1.4060031595576619
table-0200-323 14 2 0 29 111 15735 0.5 0.024640861931364725
table-0200-569 2 3 0 39 48 1980 0.5 0.12797927461139896
table-0200-281 1 3 0 15 85 713 0.5 0.34811529933481156
table-0200-775 6 5 5 217 167 8593 0.5 1.489296636085627
table-0200-453 10 2 0 1245 457 109625 0.5 0.009323388385721897
table-0200-275 98 4 0 52 172 13298 0.08333333333333333 23.540441176470587
table-0200-837 8 2 0 554 382 153473 0.3333333333333333 0.030058469900354115
table-0200-595 4 10 0 91 260 1812 0.05555555555555555 0.07112223016440314
table-0200-564 28 4 0 80 159 2505 0.14285714285714285 0.15528578654527062
table-0200-282 14 5 0 41 81 1650 0.5 2.4665697674418605
table-0200-399 6 5 2 288 215 9599 1.0 0.5183066361556065
table-0200-839 1 2 1 42 103 12213 0.3333333333333333 0.01373825018076645
table-0200-970 1 2 0 7 24 3221 1.0 0.018837018837018837
table-0200-542 2 2 1 35 47 6979 1.0 0.01002227171492205
table-0200-33 47 3 17 62 31 41575 0.5 1.3870541611624836
table-0200-220 16 4 14 43 47 27887 0.25 0.8667496886674969
table-0200-942 3 13 0 374 299 129480 0.043478260869565216 0.009329420524725154
table-0200-981 1 3 0 11 19 1285 1.0 0.17307692307692307
table-0200-689 7 6 0 110 342 1773 0.06666666666666667 0.09991532599491956
table-0200-639 6 6 0 110 342 1773 0.06666666666666667 0.09906858594411516
table-0200-140 7 1 0 418 371 54580 0.5 0.005339757599841049
table-0200-377 17 4 15 361 127 2638 0.5 1.5169014084507042
table-0200-336 4 4 0 183 223 273570 0.2 0.027892506570830877
table-0200-588 6 5 0 144 307 4163 0.05555555555555555 0.10048573163327262
table-0200-589 16 5 0 144 307 4163 0.05555555555555555 0.2677595628415301
table-0200-776 10 5 0 24 31 15538 0.5 0.15647538413295703
table-0200-842 1 3 0 108 136 43221 0.3333333333333333 0.014016820184221065
table-0200-51 7 3 6 488 251 23414 1.0 0.09576901086335049
table-0200-553 23 13 84 436 392 218088 0.5 0.13685309306669596
table-0200-133 4 4 4 90 185 4510 0.5 0.5778894472361809
table-0200-964 12 6 0 183 246 5478 0.1 0.04005006257822278
table-0200-119 1 3 0 84 77 12015 1.0 0.013846467114640602
table-0200-56 3 4 0 111 140 1386 1.0 0.5710144927536231
table-0200-148 12 7 0 44 204 3499 0.5 2.486750348675035
table-0200-671 2 12 0 110 342 1773 0.06666666666666667 0.009144792548687553
table-0200-806 10 6 9 10 3 5562 0.5 0.28852643419572555
table-0200-782 19 5 0 75 223 6575 0.125 0.6532715095311695
table-0200-482 1 3 0 20 22 693 1.0 0.10132890365448505
table-0200-815 14 5 0 124 39 5154 0.25 0.33916849015317285
table-0200-43 2 4 0 128 151 3368 1.0 0.022963367960634227
table-0200-215 2 4 0 88 184 36692 0.08333333333333333 0.04132231404958678
table-0200-535 1 3 0 15 22 569 1.0 0.2189655172413793
table-0200-472 3 6 9 14 97 120 1.0 0.18781725888324874
table-0200-89 26 10 89 77 104 172 1.0 7.271653543307087
table-0200-335 3 4 3 81 139 1498 0.5 0.7094861660079052
table-0200-317 3 9 0 174 161 6775 0.1111111111111111 0.1125703564727955
table-0200-261 2 6 0 250 392 10268 0.5 0.0050751879699248124
table-0200-906 9 8 13 287 298 26003 0.05 0.19235146824493513
table-0200-328 5 6 0 93 260 1746 0.06666666666666667 0.08058017727639001
table-0200-347 7 3 0 30 36 1117 1.0 1.7302977232924694
table-0200-198 3 2 0 31 110 3572 0.3333333333333333 0.11829436038514443
table-0200-322 4 9 0 174 161 6775 0.1111111111111111 0.1350844277673546
table-0200-792 21 4 0 186 146 2047 1.0 0.7907399001361779
table-0200-628 2 12 0 110 342 1773 0.06666666666666667 0.01117696867061812
table-0200-487 1 2 0 140 81 53680 0.3333333333333333 0.028594771241830064
table-0200-968 22 3 0 147 466 17529 0.5 0.8670917116233448
table-0200-665 2 11 0 110 342 1773 0.06666666666666667 0.00846740050804403
table-0200-480 1 3 0 17 30 1037 1.0 0.09000708717221828
table-0200-996 6 7 6 97 100 19702 1.0 0.022520169481687852
table-0200-233 20 4 9 404 385 53093 0.14285714285714285 0.8844672657252889
table-0200-499 3 6 0 1241 692 1166 1.0 0.11344019728729964
table-0200-961 6 7 0 183 246 5478 0.1 0.02413731450026819
table-0200-536 2 3 0 10 25 614 1.0 0.11256961018297534
table-0200-180 2 2 0 78 215 1326 1.0 0.08377801494130203
table-0200-651 2 10 0 110 342 1773 0.06666666666666667 0.008806096528365791
table-0200-973 42 4 0 218 302 10518 1.0 0.25987278028094357
table-0200-288 3 9 0 186 161 6430 0.16666666666666666 0.08144796380090498
table-0200-534 3 3 0 505 365 135768 1.0 0.012608482069756018
table-0200-470 3 6 9 14 97 120 1.0 0.22030456852791877
table-0200-927 3 4 3 78 123 843 0.5 0.7283372365339579
table-0200-80 5 4 0 122 141 1016 0.25 1.329608938547486
table-0200-134 1 3 0 238 151 72121 1.0 0.006138012276024552
table-0200-508 24 5 0 872 321 874607 0.5 0.10059953256782847
table-0200-810 1 2 1 43 103 9884 0.5 0.005158837903882704
table-0200-181 2 2 0 78 215 1326 1.0 0.07043756670224119
table-0200-475 3 6 9 14 97 120 1.0 0.2101522842639594
table-0200-979 10 3 0 75 49 3875 1.0 0.4322787060078208
table-0200-368 46 5 22 19 27 1829 0.5 13.960591133004925
table-0200-765 8 2 0 10 28 1787 1.0 0.015106732348111659
table-0200-344 6 6 6 156 142 13078 0.05263157894736842 0.0494641384995878
table-0200-240 2 3 1 171 205 7266 0.3333333333333333 0.06346749226006192
table-0200-111 2 3 0 63 101 21751 1.0 0.058927000879507474
table-0200-85 2 4 0 90 137 1409 1.0 0.08556832694763729
table-0200-455 1 3 0 70 128 81606 0.25 0.018371400198609732
table-0200-81 2 4 0 122 141 1016 0.25 0.4692737430167598
table-0200-669 2 12 0 110 342 1773 0.06666666666666667 0.011515664690939882
table-0200-418 3 3 0 606 490 64357 0.25 0.012864918357248886
table-0200-314 5 3 5 97 143 18058 0.5 0.02057507987220447
table-0200-516 28 5 0 662 511 92931 0.14285714285714285 0.19212665810868634
table-0200-121 13 3 0 4533 1511 262095 0.25 0.05241550168111839
table-0200-408 3 5 0 6995 537 240252 0.3333333333333333 0.0038446089401503415
table-0200-642 2 12 0 110 342 1773 0.06666666666666667 0.009144792548687553
table-0200-402 4 9 0 288 215 9599 1.0 0.15675057208237986
table-0200-934 20 7 0 14 117 719 0.125 0.864575363427697
table-0200-421 22 3 0 606 490 64357 0.25 0.09380080582455644
table-0200-204 3 2 0 139 161 1014 1.0 0.008753395713854513
table-0200-924 30 3 0 41 67 51593 0.3333333333333333 0.9904109589041096
table-0200-626 2 11 0 110 342 1773 0.06666666666666667 0.008806096528365791
table-0200-869 1 4 0 145 67 127580 0.5 0.0192628545426968
table-0200-663 2 11 0 110 342 1773 0.06666666666666667 0.010499576629974599
table-0200-725 2 8 0 110 342 1773 0.06666666666666667 0.01083827265029636
table-0200-975 37 23 555 218 302 10518 1.0 0.18036045587065996
table-0200-269 4 6 2 52 172 13298 0.08333333333333333 1.0477941176470589
table-0200-36 1 6 0 83 316 1187 1.0 0.1810810810810811
table-0200-751 4 2 0 497 155 88487 1.0 0.017442606130563035
table-0200-441 0 1 0 365 264 83601 0.14285714285714285 0.0
table-0200-738 5 4 0 128 189 1922 0.3333333333333333 0.28169014084507044
table-0200-503 0 1 0 742 770 2654 1.0 0.0
table-0200-257 2 6 0 250 392 10268 0.5 0.0050751879699248124
table-0200-572 0 1 0 127 141 4129 1.0 0.0
table-0200-95 7 4 0 113 144 1435 0.25 0.4745308310991957
table-0200-285 3 9 0 186 161 6430 0.16666666666666666 0.07918552036199095
table-0200-577 22 7 0 144 307 4163 0.05555555555555555 0.23345476624165148
table-0200-251 9 5 0 153 142 170424 0.25 0.04097012880241162
table-0200-460 35 7 7 807 723 26307 1.0 0.3372850063161986
