table_id rows cols nulls inlinks outlinks views table_imp table_fraction
table-0303-657 6 4 7 176 240 2617 0.16666666666666666 0.09265802905378877
table-0303-11 4 9 3 127 282 3843 0.25 0.0911854103343465
table-0303-993 3 10 1 93 80 656 0.05555555555555555 0.28289473684210525
table-0303-833 12 10 0 96 100 2316 0.16666666666666666 1.1703296703296704
table-0303-731 3 4 2 331 122 630484 1.0 0.013530305122186939
table-0303-140 1 3 0 15 22 212 1.0 0.17597765363128492
table-0303-539 3 2 0 223 140 8473 0.5 0.1553398058252427
table-0303-587 2 5 1 36 29 869 1.0 0.1736111111111111
table-0303-589 22 8 8 127 153 2213 0.16666666666666666 3.0183673469387755
table-0303-218 32 1 0 64 201 1935 0.043478260869565216 0.6157232704402515
table-0303-107 10 9 10 86 325 2336 0.045454545454545456 0.03560935480079915
table-0303-930 1 21 0 366 404 101010 0.16666666666666666 0.07629332868838182
table-0303-337 1 2 0 134 47 22746 1.0 0.12351543942992874
table-0303-629 13 3 0 126 117 3726 0.125 0.370913190529876
table-0303-53 1 3 0 54 69 1222 1.0 0.15186615186615188
table-0303-868 2 5 0 543 703 25092 0.5 0.007316941948673804
table-0303-130 3 9 3 85 122 841 1.0 0.030452674897119343
table-0303-946 4 4 0 17 125 14904 1.0 0.0969176052163604
table-0303-729 1 2 1 36 57 3285 1.0 0.017608897126969416
table-0303-748 4 14 0 31 25 3314 0.5 0.11008751727314602
table-0303-964 50 3 0 14 28 9588 0.3333333333333333 31.023766654663305
table-0303-799 9 6 0 168 148 1643 0.25 1.6056603773584905
table-0303-987 36 6 21 112 155 2124 0.16666666666666666 3.98828125
table-0303-215 16 10 0 64 201 1931 0.043478260869565216 0.6930817610062893
table-0303-692 4 9 0 192 251 8074 0.045454545454545456 0.1002710027100271
table-0303-307 1 1 0 425 472 2823 1.0 0.02771855010660981
table-0303-552 1 3 0 48 57 8617 0.25 0.039376893119861534
table-0303-475 1 2 1 53 71 3366 1.0 0.006017489254483474
table-0303-801 1 6 0 124 144 1245 0.5 0.21308724832214765
table-0303-442 1 3 0 30 39 729 1.0 0.1394658753709199
table-0303-317 1 2 0 134 47 22746 1.0 0.12351543942992874
table-0303-169 6 4 0 238 247 4616 0.5 0.004624650462465046
table-0303-13 3 1 0 127 282 3841 0.25 0.09929078014184398
table-0303-189 3 2 0 20 32 4239 0.3333333333333333 0.12750263435194942
table-0303-678 0 1 0 24 31 766 1.0 0.0
table-0303-26 41 8 35 40 191 1024 0.3333333333333333 3.017497348886532
table-0303-598 0 1 0 227 577 952 1.0 0.0
table-0303-41 36 3 0 170 92 176278 0.5 1.0149625935162094
table-0303-545 25 6 10 33 140 1645 0.16666666666666666 2.858565737051793
table-0303-335 1 2 0 134 47 22746 1.0 0.12351543942992874
table-0303-407 0 1 0 107 122 4116 1.0 0.0
table-0303-99 0 0 0 86 325 2327 0.045454545454545456 0.0
table-0303-324 1 2 0 134 47 22746 1.0 0.12351543942992874
table-0303-560 22 8 7 128 142 1857 0.16666666666666666 2.9517102615694166
table-0303-581 1 2 1 37 65 5565 0.5 0.0170863309352518
table-0303-155 1 3 0 18 42 2934 1.0 0.03945371775417299
table-0303-528 1 5 2 197 268 9794 1.0 0.018274613105037866
table-0303-380 4 5 3 72 116 2225 0.0625 0.45985832349468714
table-0303-553 22 8 9 126 150 2348 0.16666666666666666 2.9877300613496933
table-0303-919 16 4 0 68 118 2388 0.3333333333333333 4.156996587030717
table-0303-935 1 4 0 17 125 14904 1.0 0.025489033787788974
table-0303-772 3 3 0 124 247 9194 0.1111111111111111 0.12759067357512954
table-0303-899 7 6 7 239 310 12661 1.0 0.250184683575474
table-0303-710 1 6 1 50 80 451 1.0 0.05565638233514821
table-0303-776 7 9 0 124 247 9194 0.1111111111111111 0.7169689119170984
table-0303-14 13 13 0 25 67 3421 0.3333333333333333 0.28970373967945606
table-0303-864 6 2 0 254 214 125900 0.2 0.024043487351034915
table-0303-863 22 2 0 254 214 125900 0.2 0.08875182939577671
table-0303-737 17 12 3 117 252 5754 1.0 0.7644197359277276
table-0303-780 16 9 0 124 247 9194 0.1111111111111111 1.7577720207253886
table-0303-398 12 4 0 81 65 1019 1.0 1.3442622950819672
table-0303-472 6 3 0 259 292 12872 0.25 0.11610486891385768
table-0303-977 25 6 10 133 156 2131 0.16666666666666666 1.9409282700421941
table-0303-73 1 2 0 6 21 1785 1.0 0.055825242718446605
table-0303-50 12 4 0 294 452 3746 0.1 0.2502519314746389
table-0303-513 0 1 0 52 70 6552 0.25 0.0
table-0303-231 0 0 0 104 309 2174 0.047619047619047616 0.0
table-0303-392 17 5 22 72 116 2225 0.0625 1.8016528925619835
table-0303-415 8 4 0 47 36 488 1.0 0.7391304347826086
table-0303-597 7 2 3 19 47 2461 0.5 0.18776916451335057
table-0303-210 11 4 11 64 201 1931 0.043478260869565216 0.3949685534591195
table-0303-388 53 5 76 72 116 2225 0.0625 4.823494687131051
table-0303-20 1 3 0 69 67 1643 1.0 0.05768025078369906
table-0303-883 8 4 3 5 321 494 0.06666666666666667 0.11651954602774275
table-0303-606 3 3 0 91 110 11196 0.5 0.09107806691449814
table-0303-717 6 2 0 189 312 2172 0.08333333333333333 0.2148309705561614
table-0303-769 6 9 0 124 247 9194 0.1111111111111111 0.6437823834196891
table-0303-364 4 5 10 142 267 5422 1.0 0.08103031929165548
table-0303-247 26 3 0 61 214 3418 0.1 0.6327880264531848
table-0303-139 3 3 0 13 32 1344 1.0 0.08450140168201842
table-0303-872 4 3 5 337 572 74674 0.3333333333333333 0.018837733653356607
table-0303-263 7 4 0 10 36 529 1.0 0.7060301507537688
table-0303-764 12 9 0 132 258 14622 0.125 0.6197050517728271
table-0303-207 8 4 0 118 78 19099 0.16666666666666666 0.0329505058791359
table-0303-97 4 12 0 86 325 2327 0.045454545454545456 0.011223410506522506
table-0303-524 3 5 4 53 59 805 1.0 0.1603128054740958
table-0303-892 21 4 2 5 321 494 0.06666666666666667 0.3354350567465322
table-0303-848 14 9 0 151 322 11280 0.2 2.3195211786372005
table-0303-910 5 2 0 25 69 3247 1.0 0.09955328653477984
table-0303-766 5 6 0 124 247 9194 0.1111111111111111 0.18458549222797926
table-0303-416 37 3 0 183 208 17309 0.2 0.07271333184243314
table-0303-259 15 6 0 671 513 62776 0.16666666666666666 0.8068038639227215
table-0303-357 0 1 0 381 344 638 1.0 0.0
table-0303-182 3 2 0 98 129 13688 0.25 0.06262939958592133
table-0303-473 1 2 0 24 47 3270 1.0 0.030026109660574413
table-0303-22 25 7 10 110 141 1674 0.16666666666666666 2.77734375
table-0303-639 4 11 3 363 472 3079 0.2 0.06303654648025508
table-0303-847 14 9 0 151 322 11280 0.2 2.287292817679558
table-0303-320 1 2 0 134 47 22746 1.0 0.12351543942992874
table-0303-785 3 6 0 93 195 4846 0.5 0.3191489361702128
table-0303-865 5 3 2 254 214 125900 0.2 0.0717123144469998
table-0303-146 5 7 0 314 128 27890 0.5 0.16350093109869646
table-0303-239 10 3 0 71 286 5945 0.16666666666666666 0.6949524506217996
table-0303-25 13 8 0 40 191 1024 0.3333333333333333 0.22746553552492046
table-0303-894 7 4 3 5 321 494 0.06666666666666667 0.11147540983606558
table-0303-481 0 1 0 22 40 10078 0.5 0.0
table-0303-144 1 3 0 12 24 588 1.0 0.07773664727657324
table-0303-824 0 1 0 230 626 1451 1.0 0.0
table-0303-373 4 5 2 177 89 70764 0.25 0.08406086305811923
table-0303-714 6 2 0 189 312 2172 0.08333333333333333 0.193020719738277
table-0303-861 0 1 0 201 237 24587 0.08333333333333333 0.0
table-0303-726 4 4 0 99 115 55076 0.3333333333333333 0.03581536059334439
table-0303-219 0 0 0 64 201 1931 0.043478260869565216 0.0
table-0303-60 10 5 6 73 27 763 0.25 2.086206896551724
table-0303-462 11 4 0 87 76 54242 0.14285714285714285 0.09411764705882353
table-0303-166 2 4 0 8 31 390 1.0 0.1919191919191919
table-0303-525 1 2 1 47 75 15580 0.5 0.005954246317768724
table-0303-782 14 9 0 124 247 9194 0.1111111111111111 1.5874352331606219
table-0303-369 17 4 17 396 343 189096 0.3333333333333333 0.01521102620866957
table-0303-188 1 4 0 6 30 492 1.0 0.12424242424242424
table-0303-720 6 2 0 189 312 2172 0.08333333333333333 0.14721919302071973
table-0303-811 16 6 0 63 151 3618 0.2 0.19645868465430016
table-0303-455 3 5 2 56 67 848 1.0 0.4226289517470882
table-0303-279 11 12 3 772 774 93750 0.3333333333333333 0.2159468438538206
table-0303-38 5 5 0 296 160 1713318 0.2 0.09738955823293173
table-0303-310 1 1 0 736 349 85700 0.3333333333333333 0.0007000350017500875
table-0303-804 1 3 0 41 71 4961 1.0 0.08227040816326531
table-0303-542 5 5 10 356 392 8985 1.0 0.12821489807582398
table-0303-152 1 3 0 18 59 722 1.0 0.18548387096774194
table-0303-676 4 2 1 10 21 1806 1.0 0.259656652360515
table-0303-851 16 9 0 151 322 11280 0.2 2.6666666666666665
table-0303-969 1 3 0 133 147 2471 0.16666666666666666 0.4549266247379455
table-0303-271 1 5 0 22 38 7659 0.3333333333333333 0.011508425811755036
table-0303-796 7 6 0 148 139 1715 0.5 0.34900630150266604
table-0303-718 6 2 0 189 312 2172 0.08333333333333333 0.183206106870229
table-0303-559 1 3 0 57 92 2291 1.0 0.010955428703223202
table-0303-291 10 3 0 223 264 34470 0.125 0.08336327703916636
table-0303-927 1 7 0 366 404 100838 0.16666666666666666 0.0020902281832433376
table-0303-31 1 3 0 56 69 1237 1.0 0.14205186020293123
table-0303-997 28 6 13 135 160 2357 0.16666666666666666 3.05175983436853
table-0303-749 2 6 0 132 258 14622 0.125 0.06432381550047066
table-0303-516 43 3 18 473 462 130279 0.25 0.2811572700296736
table-0303-469 3 2 0 9 29 826 0.5 0.2909090909090909
table-0303-745 18 9 0 117 252 5754 1.0 2.305767894371091
table-0303-687 16 8 9 192 251 8074 0.045454545454545456 1.0926829268292684
table-0303-612 3 6 4 614 498 20062 0.08333333333333333 0.01618282890673255
table-0303-75 30 6 19 124 149 2369 0.16666666666666666 3.3064182194616976
table-0303-106 16 10 0 86 325 2327 0.045454545454545456 0.06475496533082618
table-0303-889 6 3 0 5 321 494 0.06666666666666667 0.10517023959646911
table-0303-413 2 5 4 214 390 7529 1.0 0.11648568608094768
table-0303-540 3 8 0 44 74 1384 1.0 0.30357142857142855
table-0303-980 23 6 8 138 154 2058 0.16666666666666666 3.1923076923076925
table-0303-200 31 6 31 109 178 1184 0.25 2.0207612456747404
table-0303-994 3 10 2 93 80 655 0.05555555555555555 0.19298245614035087
table-0303-959 15 2 0 198 296 9270 0.25 0.038562032615550954
table-0303-932 1 3 0 23 62 2824 1.0 0.10303830911492734
table-0303-354 6 5 14 250 359 21571 1.0 0.11231448054552748
table-0303-794 16 9 0 93 195 4846 0.5 3.6981382978723403
table-0303-686 191 9 0 0 0 0 0.0 10529.0
table-0303-866 8 4 0 254 214 125900 0.2 0.05697261133180013
table-0303-252 6 12 0 61 214 3418 0.1 0.10929342151061608
table-0303-961 6 2 0 198 296 9270 0.25 0.0169384629245878
table-0303-724 14 3 0 55 35 62898 0.25 4.074803149606299
table-0303-237 20 5 20 71 286 5945 0.16666666666666666 1.2926115581565472
table-0303-651 49 7 97 557 697 5934 0.125 1.5989583333333333
table-0303-653 36 7 71 557 697 5934 0.125 1.1770833333333333
table-0303-119 0 1 0 9 26 3155 0.25 0.0
table-0303-594 18 3 0 127 194 2944 0.2 0.8291284403669725
table-0303-549 3 5 6 279 135 17445 1.0 0.03343500703894885
table-0303-536 1 5 2 209 201 17352 1.0 0.030362665167275794
table-0303-143 7 2 0 1430 711 1851805 0.125 0.045731333524050836
table-0303-361 4 5 10 146 85 6041 1.0 0.2047244094488189
table-0303-229 40 7 0 104 309 2174 0.047619047619047616 1.1136531365313653
table-0303-436 7 8 5 84 76 62312 0.2 0.07366482504604052
table-0303-89 37 6 22 129 152 2016 0.16666666666666666 4.189247311827957
table-0303-711 1 6 0 10 25 1031 1.0 0.1076923076923077
table-0303-521 11 7 13 91 119 511 1.0 0.4314159292035398
table-0303-399 1 3 0 29 41 670 1.0 0.10129310344827586
table-0303-820 2 1 0 892 939 10691 0.5 0.44285714285714284
table-0303-82 36 6 21 126 146 2526 0.16666666666666666 4.185416666666667
table-0303-891 6 4 0 5 321 494 0.06666666666666667 0.12459016393442623
table-0303-55 1 2 1 22 99 7459 0.3333333333333333 0.009117082533589251
table-0303-224 2 3 0 104 309 2174 0.047619047619047616 0.11586715867158671
table-0303-289 2 5 2 51 68 836 0.5 0.5949720670391061
table-0303-261 0 1 0 150 157 20261 1.0 0.0
table-0303-874 25 8 13 147 163 5062 0.16666666666666666 1.7009249743062693
table-0303-268 3 5 0 14 37 1273 0.08333333333333333 0.05418943533697632
table-0303-998 37 6 22 135 160 2357 0.16666666666666666 4.312629399585921
table-0303-432 4 3 4 227 489 52651 0.14285714285714285 0.004820983075989481
table-0303-733 4 4 0 331 122 629381 1.0 0.04928896865939528
table-0303-836 6 3 0 96 100 2309 0.16666666666666666 1.1868131868131868
table-0303-501 2 6 0 30 72 1402 0.5 0.07771504483560279
table-0303-564 47 8 38 175 175 204229 0.5 0.3757980266976204
table-0303-24 1 3 0 110 141 1674 0.16666666666666666 0.353515625
table-0303-800 23 3 0 370 105 231135 0.5 0.13049992508615094
table-0303-850 13 9 0 151 322 11280 0.2 2.1629834254143647
table-0303-913 7 4 4 278 290 19847 0.25 0.15314240254574382
table-0303-957 3 6 0 133 178 9182 0.25 0.0331343897921383
table-0303-823 2 3 0 49 43 111966 1.0 0.057731360603423265
table-0303-375 11 12 0 177 89 70764 0.25 0.23971065103517086
table-0303-610 11 8 0 614 498 20062 0.08333333333333333 0.06609017912291539
table-0303-963 16 4 3 55 97 449 1.0 0.9879828326180258
table-0303-859 4 5 0 201 237 24587 0.08333333333333333 0.016726943942133816
table-0303-635 4 11 1 363 472 3079 0.2 0.12460142261466765
table-0303-814 0 1 0 41 82 6820 1.0 0.0
table-0303-738 2 3 0 117 252 5754 1.0 0.0917303683113273
table-0303-63 12 3 0 359 278 109106 0.2 0.06233653007846556
table-0303-978 37 6 22 133 156 2131 0.16666666666666666 2.880450070323488
table-0303-621 6 3 0 67 72 4280 0.3333333333333333 0.6625386996904025
table-0303-697 14 3 4 172 178 198853 0.25 0.09718172983479106
table-0303-420 1 3 0 32 36 760 1.0 0.14105263157894737
table-0303-784 4 12 0 24 35 2786 0.5 0.1180787191460974
table-0303-869 19 3 0 337 572 74674 0.3333333333333333 0.11615390210197105
table-0303-649 2 2 0 20 47 4624 0.5 0.03741496598639456
table-0303-925 2 4 2 19 24 2390 0.25 0.026601330066503327
table-0303-667 15 2 15 45 83 857 0.5 0.16042780748663102
table-0303-253 1 4 1 61 214 3418 0.1 0.007657500870170553
table-0303-940 1 4 0 17 125 14904 1.0 0.01066982809721399
table-0303-916 23 5 29 2222 365 197763 0.25 0.04376030488958564
table-0303-235 11 4 11 104 309 2174 0.047619047619047616 0.43468634686346863
table-0303-248 5 12 0 61 214 3418 0.1 0.10720501218238775
table-0303-862 3 10 0 66 265 2159 0.5 0.06721075372059529
table-0303-624 10 3 0 126 117 3726 0.125 0.2750845546786922
table-0303-173 8 4 0 55 45 596 1.0 1.0067340067340067
table-0303-561 24 6 9 128 142 1857 0.16666666666666666 2.772635814889336
table-0303-989 0 1 0 243 515 223 1.0 0.0
table-0303-422 2 5 0 13 14 508 0.5 1.0973451327433628
table-0303-578 10 5 0 355 258 7185 0.5 0.6067567567567568
table-0303-196 7 4 0 6 36 697 1.0 0.7396907216494846
table-0303-544 20 8 6 33 140 1645 0.16666666666666666 2.7151394422310755
table-0303-309 14 8 24 736 349 85700 0.3333333333333333 0.018006455878349474
table-0303-767 16 9 0 124 247 9194 0.1111111111111111 1.7564766839378239
table-0303-251 43 11 0 61 214 3418 0.1 0.691959624086321
table-0303-153 4 9 0 187 185 6463 0.3333333333333333 0.19233658903080392
table-0303-2 1 2 1 3891 1652 525400 0.25 9.260606702033365e-05
table-0303-341 38 6 71 503 586 7298 1.0 1.7997125059894585
table-0303-641 13 5 12 54 31 7916 0.3333333333333333 0.22975404919016196
table-0303-942 13 4 0 17 125 14904 1.0 0.4463544754001186
table-0303-100 25 4 25 86 325 2327 0.045454545454545456 0.10054060406628276
table-0303-426 1 2 1 36 48 1357 1.0 0.02857142857142857
table-0303-98 4 1 0 86 325 2327 0.045454545454545456 0.005876131155247385
table-0303-535 17 5 0 66 94 476 1.0 1.9461077844311376
table-0303-233 5 1 0 104 309 2174 0.047619047619047616 0.1055350553505535
table-0303-917 10 5 0 2222 365 197763 0.25 0.0081357947941725
table-0303-236 51 5 51 71 286 5945 0.16666666666666666 3.3116313094367227
table-0303-181 1 5 2 274 322 2073 1.0 0.17417783191230207
table-0303-571 22 8 0 86 84 2773 0.2 0.5522178551375632
table-0303-683 1 2 1 30 49 11402 1.0 0.025745257452574527
table-0303-488 1 4 0 5 18 590 0.5 0.04024144869215292
table-0303-121 27 6 12 125 156 2146 0.16666666666666666 2.224011713030747
table-0303-960 11 2 0 198 296 9270 0.25 0.029191819082800254
table-0303-819 7 6 0 283 227 7792 0.5 0.45952242283051836
table-0303-79 1 3 0 12 25 2325 1.0 0.06705202312138728
table-0303-945 1 4 0 17 125 14904 1.0 0.01066982809721399
table-0303-923 1 3 0 99 94 8831 1.0 0.010599758486515497
table-0303-5 11 2 0 3 37 605 0.5 4.579234972677596
table-0303-80 21 8 12 126 146 2526 0.16666666666666666 2.8229166666666665
table-0303-136 23 13 0 48 86 3230 0.5 1.1186726659167605
table-0303-72 16 5 17 13 178 427 1.0 1.935965848452508
table-0303-424 100 3 0 25 54 16158 0.5 20.440471934215232
table-0303-605 8 3 10 91 110 11196 0.5 0.15215082315454062
table-0303-429 4 2 2 34 48 1701 1.0 0.061898211829436035
table-0303-64 8 3 0 359 278 109106 0.2 0.044899738448125545
table-0303-302 2 5 2 50 64 722 0.5 0.4834558823529412
table-0303-394 1 3 0 831 526 119392 1.0 0.006091370558375634
table-0303-465 3 5 6 56 68 1177 1.0 0.11264080100125157
table-0303-447 1 3 0 29 39 643 1.0 0.2168284789644013
table-0303-177 8 4 0 47 37 678 1.0 1.5876777251184835
table-0303-972 22 8 7 133 153 2036 0.16666666666666666 3.1337579617834397
table-0303-83 1 3 0 126 146 2526 0.16666666666666666 0.3541666666666667
table-0303-857 1 6 0 201 237 24587 0.08333333333333333 0.007233273056057866
table-0303-926 7 5 0 19 24 2390 0.25 0.09170458522926146
table-0303-277 28 6 0 60 72 1637 0.5 2.8304405874499334
table-0303-240 7 3 0 71 286 5945 0.16666666666666666 0.21580102414045355
table-0303-949 4 5 0 96 133 3854 0.125 0.018279458845399152
table-0303-492 27 6 15 90 138 4844 1.0 0.25673284843719285
table-0303-353 49 6 85 475 480 13936 1.0 1.6219557886849008
table-0303-377 7 3 0 69 75 1427 1.0 0.6650366748166259
table-0303-608 9 8 0 614 498 20062 0.08333333333333333 0.0689314391599753
table-0303-974 37 8 23 133 153 2036 0.16666666666666666 4.634819532908705
table-0303-685 0 1 0 81 55 24487 1.0 0.0
table-0303-514 57 4 2 473 462 130279 0.25 0.7240356083086054
table-0303-630 14 8 0 363 472 3079 0.2 0.6033848417954378
table-0303-385 10 5 12 72 116 2225 0.0625 0.6369539551357734
table-0303-340 16 4 14 503 586 7298 1.0 0.4221370388116914
table-0303-457 3 5 4 54 64 1027 1.0 0.18981972428419935
table-0303-316 1 2 0 134 47 22746 1.0 0.12351543942992874
table-0303-59 1 6 0 73 27 763 0.25 0.5316091954022989
table-0303-832 12 4 0 96 100 2309 0.16666666666666666 2.5027472527472527
table-0303-346 1 5 2 132 373 1903 1.0 0.06945298094652735
table-0303-988 1 3 0 112 155 2124 0.16666666666666666 0.353515625
table-0303-510 2 6 0 38 48 6703 0.3333333333333333 0.18705035971223022
table-0303-902 8 2 0 196 215 76679 0.3333333333333333 0.1569731081926204
table-0303-132 6 8 5 85 122 841 1.0 0.08065843621399177
table-0303-274 76 4 49 463 291 1300218 0.2 0.30805013567644396
table-0303-323 1 2 0 134 47 22746 1.0 0.12351543942992874
table-0303-948 11 3 0 96 133 3854 0.125 0.0798306310027884
table-0303-896 3 8 2 190 219 18568 0.5 0.04212860310421286
table-0303-715 6 2 0 189 312 2172 0.08333333333333333 0.17884405670665213
table-0303-727 7 4 1 99 115 55076 0.3333333333333333 0.07163072118668878
table-0303-846 2 9 0 151 322 11280 0.2 0.35543278084714547
table-0303-721 6 2 0 189 312 2172 0.08333333333333333 0.15267175572519084
table-0303-547 1 3 0 33 140 1645 0.16666666666666666 0.42231075697211157
table-0303-439 1 2 1 32 40 1205 1.0 0.02219626168224299
table-0303-921 23 6 0 68 118 2388 0.3333333333333333 1.918088737201365
table-0303-71 12 3 0 13 178 427 1.0 0.7534685165421559
table-0303-355 4 2 0 35 44 3453 0.3333333333333333 0.03194444444444444
table-0303-66 13 12 0 12 19 2905 0.5 0.7162022703818369
table-0303-929 29 18 87 366 404 100838 0.16666666666666666 0.9003657899320676
table-0303-541 1 5 2 206 189 7905 1.0 0.04925440578400361
table-0303-642 52 3 0 37 59 1033 0.5 21.849557522123895
table-0303-660 10 4 12 176 240 2612 0.16666666666666666 0.11444837063211621
table-0303-934 0 1 0 101 160 3718 0.1111111111111111 0.0
table-0303-68 16 11 11 13 178 427 1.0 0.9466382070437567
table-0303-843 1 3 0 151 322 11280 0.2 0.06906077348066299
table-0303-557 3 5 0 160 128 9193 1.0 0.20441988950276244
table-0303-719 6 2 0 189 312 2172 0.08333333333333333 0.1875681570338059
table-0303-586 1 3 0 134 156 2327 0.16666666666666666 0.3263888888888889
table-0303-296 4 5 0 223 264 34470 0.125 0.054617319439453825
table-0303-40 4 3 0 29 55 912 1.0 0.07370145063172671
table-0303-950 0 1 0 96 133 3854 0.125 0.0
table-0303-86 5 3 0 29 36 4149 1.0 0.6410256410256411
table-0303-971 1 3 0 59 68 1622 0.5 0.1260096930533118
table-0303-887 23 3 0 5 321 494 0.06666666666666667 0.39722572509457754
table-0303-911 5 5 0 113 174 4392 0.1 0.04458060426790619
table-0303-4 17 2 1 3 18 1910 1.0 4.561475409836065
table-0303-599 15 3 7 7 70 366 1.0 3.3684210526315788
table-0303-138 1 2 0 26 45 3178 1.0 0.015894955079474776
table-0303-29 2 3 0 69 74 29247 1.0 0.11420911528150134
table-0303-217 32 7 0 64 201 1931 0.043478260869565216 0.8056603773584906
table-0303-967 26 8 10 133 147 2471 0.16666666666666666 3.4171907756813416
table-0303-511 1 6 0 38 48 6703 0.3333333333333333 0.06998037933289732
table-0303-276 0 1 0 64 65 10114 1.0 0.0
table-0303-135 2 3 0 53 166 1346 1.0 0.05596382136800452
table-0303-590 27 6 12 127 153 2209 0.16666666666666666 3.1489795918367345
table-0304-1000 23 6 8 136 155 2220 0.16666666666666666 4.208823529411765
table-0303-494 49 8 93 1166 411 265334 0.5 0.21851102669100597
table-0303-671 3 2 0 65 105 44817 0.3333333333333333 0.01979565772669221
table-0303-826 1 2 1 34 41 1234 1.0 0.015912897822445562
table-0303-885 6 4 2 5 321 494 0.06666666666666667 0.08953341740226986
table-0303-30 1 3 0 178 196 24162 1.0 0.053452115812917596
table-0303-260 0 1 0 69 64 1606 1.0 0.0
table-0303-779 2 9 0 124 247 9194 0.1111111111111111 0.22733160621761658
table-0303-619 160 4 29 319 213 3643 1.0 14.513323983169705
table-0303-905 18 6 0 455 625 26691 0.5 0.181765890135174
table-0303-562 34 6 19 128 142 1857 0.16666666666666666 3.756539235412475
table-0303-565 3 3 0 21 57 2166 1.0 0.1265750286368843
table-0303-384 65 5 94 72 116 2225 0.0625 5.2213695395513575
table-0303-104 1 4 0 86 325 2327 0.045454545454545456 0.005758608532142437
table-0303-644 1 6 1 46 44 2517 0.5 0.10876369327073553
table-0303-257 20 12 24 671 513 62776 0.16666666666666666 0.7349853002939941
table-0303-45 12 4 0 294 452 3746 0.1 0.2576419213973799
table-0303-401 1 3 0 31 39 693 1.0 0.1757188498402556
table-0303-321 1 2 0 134 47 22746 1.0 0.12351543942992874
table-0303-965 48 3 0 14 28 9588 0.3333333333333333 48.36478213899892
table-0303-265 20 21 20 111 137 1438 1.0 3.2634615384615384
table-0303-503 1 4 0 14 13 18174 0.3333333333333333 0.0042884990253411305
table-0303-931 2 3 0 366 404 100838 0.16666666666666666 0.04877199094234454
table-0303-602 8 6 0 187 344 10834 0.5 0.4159595594872721
table-0303-37 33 4 0 296 160 1713318 0.2 0.29267068273092367
table-0303-133 6 8 5 85 122 841 1.0 0.07818930041152264
table-0303-125 24 6 11 126 146 1666 0.16666666666666666 2.8621399176954734
table-0303-48 12 13 78 294 452 3746 0.1 0.18307020490426604
table-0303-941 1 4 0 17 125 14904 1.0 0.022525192649673977
table-0303-760 2 9 0 132 258 14622 0.125 0.09821148415437715
table-0303-888 6 4 0 5 321 494 0.06666666666666667 0.11904161412358134
table-0303-696 6 2 0 172 178 198853 0.25 0.01182377712989958
table-0303-750 6 9 0 132 258 14622 0.125 0.30624411672419205
table-0303-915 2 5 0 278 290 19847 0.25 0.06384248210023866
table-0303-142 72 4 40 1430 711 1851805 0.125 0.22669500183906166
table-0303-47 12 11 5 294 452 3746 0.1 0.3775613033254955
table-0303-744 14 9 0 117 252 5754 1.0 1.708825573314802
table-0303-704 5 6 0 1478 365 224527 0.3333333333333333 0.019438864770297416
table-0303-95 31 1 0 86 325 2327 0.045454545454545456 0.056410859090374896
table-0303-280 0 1 0 772 774 93750 0.3333333333333333 0.0
table-0303-813 23 4 24 63 151 3618 0.2 0.1572512647554806
table-0303-124 20 8 8 126 146 1666 0.16666666666666666 2.742798353909465
table-0303-223 5 9 0 104 309 2174 0.047619047619047616 0.25830258302583026
table-0303-387 16 5 21 72 116 2225 0.0625 1.488193624557261
table-0303-856 12 6 6 201 237 24587 0.08333333333333333 0.07670283303194696
table-0303-441 1 3 0 30 39 836 1.0 0.2727272727272727
table-0303-762 15 9 0 132 258 14622 0.125 0.767179165359272
table-0303-478 1 2 1 53 71 3366 1.0 0.004713205869275233
table-0303-49 12 13 12 294 452 3746 0.1 0.2700705408128989
table-0303-350 37 4 31 2282 495 1449468 1.0 0.07237727884720352
table-0303-362 4 3 0 43 46 927 1.0 0.46454767726161367
table-0303-34 2 7 1 18 23 1321 0.5 0.07865168539325842
table-0303-287 4 6 2 90 267 2832 0.5 0.013787739517782649
table-0303-576 5 6 0 43 81 3297 0.5 0.09840654608096469
table-0303-802 1 3 0 12 16 701 1.0 0.15167785234899328
table-0303-150 4 9 0 182 177 9420 0.5 0.21237458193979933
table-0303-52 12 4 0 294 452 3746 0.1 0.09304669129996641
table-0303-109 13 9 13 86 325 2327 0.045454545454545456 0.06369726172288165
table-0303-523 10 5 14 111 125 2085 1.0 0.4643613267466479
table-0303-116 2 2 0 9 26 3155 0.25 0.0241773002014775
table-0303-466 2 2 0 38 60 1474 1.0 0.028554070473876064
table-0303-128 4 10 4 85 122 841 1.0 0.04526748971193416
table-0303-947 11 6 3 96 133 3854 0.125 0.10120830321181452
table-0303-968 34 8 18 133 147 2471 0.16666666666666666 4.511530398322851
table-0303-411 12 2 11 278 295 1124 0.5 0.24367723805700522
table-0303-522 3 5 4 57 60 989 1.0 0.16718027734976887
table-0303-419 12 3 0 183 208 17309 0.2 0.06133989329414396
table-0303-423 2 2 1 35 44 3721 1.0 0.04242424242424243
table-0303-736 7 9 5 117 252 5754 1.0 0.8339124391938847
table-0303-632 18 6 0 363 472 3079 0.2 0.5403482953151827
table-0303-409 1 2 0 48 81 27715 0.5 0.004599080183963208
table-0303-574 14 3 0 468 160 46250 1.0 0.05687737575672251
table-0303-920 16 4 0 68 118 2388 0.3333333333333333 4.030716723549488
table-0303-161 4 4 0 41 33 189 1.0 0.36432160804020103
table-0303-810 7 6 2 63 151 3618 0.2 0.10012647554806071
table-0303-483 12 4 26 386 554 1252 0.5 1.5207547169811322
table-0303-372 1 5 2 214 412 10132 1.0 0.03571428571428571
table-0303-162 5 4 0 8 34 594 1.0 0.7212121212121212
table-0303-778 16 6 6 124 247 9194 0.1111111111111111 0.47538860103626945
table-0303-568 1 5 2 152 119 5598 1.0 0.05492638731596829
table-0303-783 12 9 0 124 247 9194 0.1111111111111111 1.3659326424870466
table-0303-43 7 3 0 294 452 3746 0.1 0.18407793080282164
table-0303-706 1 2 0 18 63 10118 0.5 0.9971264367816092
table-0303-194 7 4 0 49 39 722 1.0 0.7150684931506849
table-0303-8 1 4 1 127 282 3841 0.25 0.12968591691995948
table-0303-254 25 4 0 61 214 3418 0.1 0.8444135050469892
table-0303-788 16 6 6 93 195 4846 0.5 0.976063829787234
table-0303-342 1 2 1 27 67 8652 0.5 0.011994949494949494
table-0303-538 6 2 0 223 140 8485 0.5 0.2635228848821082
table-0303-827 4 3 0 210 194 6308 0.3333333333333333 0.13208667260314633
table-0303-115 1 3 0 500 338 126643 0.3333333333333333 0.0028009863302291063
table-0303-170 3 3 0 238 247 4616 0.5 0.05097870509787051
table-0303-818 1 3 0 52 41 1292 0.3333333333333333 0.07705779334500876
table-0303-227 13 6 0 104 309 2174 0.047619047619047616 0.8051660516605166
table-0303-746 11 9 0 117 252 5754 1.0 1.4558721334259903
table-0303-159 7 4 0 8 36 572 1.0 0.6895674300254453
table-0303-292 4 9 0 223 264 34470 0.125 0.10312612288896873
table-0303-105 7 6 0 86 325 2327 0.045454545454545456 0.03737219414737337
table-0303-102 4 2 0 86 325 2327 0.045454545454545456 0.015042895757433306
table-0303-461 1 4 0 87 76 54242 0.14285714285714285 0.009558823529411765
table-0303-620 7 4 5 67 72 4280 0.3333333333333333 1.2182662538699691
table-0303-743 17 9 0 117 252 5754 1.0 2.1466296038915913
table-0303-870 10 4 0 337 572 74674 0.3333333333333333 0.04938540984798895
table-0303-922 1 3 0 99 94 8831 1.0 0.011404803434858446
table-0303-221 4 1 0 64 201 1931 0.043478260869565216 0.07421383647798742
table-0303-298 10 7 1 30 114 864 0.2 0.18638199653779572
table-0303-829 17 5 3 43 59 3811 0.5 4.142424242424243
table-0303-958 13 2 0 198 296 9270 0.25 0.04216596089737814
table-0303-256 20 5 0 671 513 62776 0.16666666666666666 0.9143217135657287
table-0303-311 0 1 0 50 50 3415 1.0 0.0
table-0303-7 28 2 1 4 53 1718 0.5 16.40740740740741
table-0303-149 10 8 0 187 198 11711 0.2 0.41232227488151657
table-0303-222 0 0 0 64 201 1931 0.043478260869565216 0.0
table-0303-572 4 24 2 86 84 2773 0.2 0.7434025828186412
table-0303-176 6 7 10 470 166 1446465 0.5 0.0400939439691327
table-0303-795 6 13 0 15 15 1236 0.5 0.24
table-0303-164 5 10 5 85 115 789 1.0 0.07399347116430903
table-0303-504 14 10 0 260 175 2392 0.3333333333333333 0.264071096064325
table-0303-406 1 3 0 29 39 752 1.0 0.20068027210884354
table-0303-543 1 5 2 282 263 8806 1.0 0.03568215892053973
table-0303-593 11 7 9 88 112 430 1.0 0.7944954128440367
table-0303-301 2 5 2 47 62 676 0.5 1.2658730158730158
table-0303-777 5 9 0 124 247 9194 0.1111111111111111 0.2033678756476684
table-0303-230 40 1 0 104 309 2174 0.047619047619047616 0.8339483394833949
table-0303-454 3 5 2 52 67 1004 1.0 0.6790450928381963
table-0303-518 1 3 0 913 856 412741 0.25 0.005614104205653501
table-0303-730 3 2 0 769 498 263152 0.5 0.032080626107501474
table-0303-585 36 6 21 134 156 2327 0.16666666666666666 3.4427083333333335
table-0303-661 1 5 2 20 16 890 1.0 0.2996031746031746
table-0303-258 20 21 20 671 513 62776 0.16666666666666666 1.0793784124317514
table-0303-634 14 15 14 363 472 3079 0.2 0.24307088545499142
table-0303-440 1 3 0 29 39 588 1.0 0.16012084592145015
table-0303-517 2 3 0 473 462 130279 0.25 0.014342235410484669
table-0303-250 82 6 0 61 214 3418 0.1 1.9150713539853812
table-0303-570 2 4 0 19 55 3357 0.3333333333333333 0.038802660753880266
table-0303-477 1 2 1 53 71 3366 1.0 0.005365347561879354
table-0303-735 2 6 0 117 252 5754 1.0 0.20222376650451704
table-0303-17 5 3 5 209 292 5283 1.0 0.08095432300163131
table-0303-789 1 9 0 93 195 4846 0.5 0.24335106382978725
table-0303-131 4 10 3 85 122 841 1.0 0.0831275720164609
table-0303-463 21 6 0 87 76 54242 0.14285714285714285 0.3556372549019608
table-0303-15 4 3 0 51 61 8938 1.0 0.01975633849193283
table-0303-908 4 10 3 10 19 428 0.05555555555555555 0.10782241014799154
table-0303-548 3 5 0 279 135 17445 1.0 0.04364148287189113
table-0303-365 4 5 10 152 73 6162 1.0 0.20355191256830601
table-0303-648 1 2 1 20 47 4624 0.5 0.01292517006802721
table-0303-312 11 4 9 176 303 5560 0.16666666666666666 7.450980392156863
table-0303-201 6 10 4 227 383 1751 0.045454545454545456 0.2020316027088036
table-0303-722 6 2 0 189 312 2172 0.08333333333333333 0.1766630316248637
table-0303-873 3 2 0 15 32 956 0.5 0.038112522686025406
table-0303-502 1 5 0 14 13 18174 0.3333333333333333 0.0050682261208577
table-0303-383 22 5 30 72 116 2225 0.0625 2.2750885478158205
table-0303-44 12 4 0 294 452 3746 0.1 0.23647967752771246
table-0303-453 0 1 0 174 164 1706 1.0 0.0
table-0303-112 15 9 15 86 325 2327 0.045454545454545456 0.07110118697849337
table-0303-984 1 3 0 72 95 3147 1.0 0.021874156089657034
table-0303-272 2 2 0 22 38 7659 0.3333333333333333 0.018495684340320593
table-0303-113 36 6 1 500 338 126643 0.3333333333333333 0.07428598788633262
table-0303-284 4 5 4 53 61 1357 1.0 2.606060606060606
table-0303-807 6 6 0 166 116 1242 0.5 1.5153664302600474
table-0303-728 14 7 2 148 191 2478 1.0 1.4150641025641026
table-0303-626 12 3 0 126 117 3726 0.125 0.33934611048478014
table-0303-491 25 3 0 124 199 16726 1.0 0.16878945619669952
table-0303-732 5 5 1 331 122 629381 1.0 0.054121220488747755
table-0303-157 9 4 0 8 42 410 1.0 1.344155844155844
table-0303-588 16 3 0 100 512 8968 0.5 0.23660946437857514
table-0303-270 3 5 0 14 37 1273 0.08333333333333333 0.08151183970856102
table-0303-914 6 4 0 278 290 19847 0.25 0.16706443914081145
table-0303-703 2 3 0 62 48 3714 1.0 0.035545023696682464
table-0303-596 1 2 1 42 51 14021 1.0 0.011150234741784037
table-0303-487 12 4 26 115 250 6131 0.3333333333333333 0.02887848618711677
table-0303-85 1 3 0 31 60 4818 1.0 0.011243851018973999
table-0303-459 2 4 0 87 76 54242 0.14285714285714285 0.023284313725490197
table-0303-996 23 6 8 135 160 2357 0.16666666666666666 3.070393374741201
table-0303-756 4 3 0 132 258 14622 0.125 0.10668340131785378
table-0303-751 8 7 7 132 258 14622 0.125 0.19767806714778788
table-0303-690 10 3 0 192 251 8074 0.045454545454545456 0.14688346883468834
table-0303-145 1 3 0 17 22 9938 1.0 0.08300079808459697
table-0303-9 4 9 4 127 282 3841 0.25 0.044579533941236066
table-0303-244 25 6 0 75 115 2016 0.5 2.4050632911392404
table-0303-876 38 8 26 147 163 5062 0.16666666666666666 2.2702980472764644
table-0303-110 12 9 12 86 325 2327 0.045454545454545456 0.05723351745210953
table-0303-370 7 4 8 396 343 189096 0.3333333333333333 0.008902854150301126
table-0303-668 6 4 6 376 251 59990 0.5 0.17697954902988988
table-0303-410 11 3 0 76 95 4280 0.5 0.10005685048322911
table-0303-389 28 5 39 72 116 2225 0.0625 2.9527744982290436
table-0303-319 1 2 0 134 47 22746 1.0 0.12351543942992874
table-0303-33 24 7 0 126 209 1109 0.5 0.3289597000937207
table-0303-584 25 6 10 134 156 2327 0.16666666666666666 2.517361111111111
table-0303-267 1 3 0 111 137 1438 1.0 0.1423076923076923
table-0303-698 12 4 0 172 178 198853 0.25 0.034742468415937804
table-0303-243 2 2 0 75 115 2016 0.5 0.11814345991561181
table-0303-12 4 9 3 127 282 3841 0.25 0.0790273556231003
table-0303-190 1 2 0 20 32 4239 0.3333333333333333 0.01791359325605901
table-0303-860 6 5 0 201 237 24587 0.08333333333333333 0.03496081977094635
table-0303-495 6 4 0 161 281 5196 0.3333333333333333 0.012957379186700351
table-0303-906 0 1 0 23 63 1090 1.0 0.0
table-0303-204 4 6 0 118 78 19099 0.16666666666666666 0.015313098167897183
table-0303-314 5 4 3 176 303 5560 0.16666666666666666 3.4705882352941178
table-0303-425 1 2 1 32 43 1288 1.0 0.012803234501347708
table-0303-246 0 1 0 61 214 3418 0.1 0.0
table-0303-555 37 6 22 126 150 2348 0.16666666666666666 4.020449897750511
table-0303-725 13 7 2 142 187 1806 1.0 4.5654596100278555
table-0303-759 16 6 6 132 258 14622 0.125 0.2067775337307813
table-0303-464 3 5 4 52 58 851 1.0 0.26401869158878505
table-0303-893 8 4 2 5 321 494 0.06666666666666667 0.12332912988650693
table-0303-646 11 2 0 38 103 8353 0.5 0.10604229607250755
table-0303-438 2 2 2 143 293 63516 1.0 0.012069577564785232
table-0303-187 1 4 0 6 30 747 1.0 0.125
table-0303-476 1 2 1 53 71 3366 1.0 0.006017489254483474
table-0303-154 0 1 0 187 185 6463 0.3333333333333333 0.0
table-0303-944 1 4 0 17 125 14904 1.0 0.008595139300533492
table-0303-682 131 4 0 62 209 3009 0.25 42.244680851063826
table-0303-655 11 7 21 557 697 5934 0.125 0.375
table-0303-609 14 8 0 614 498 20062 0.08333333333333333 0.0996911673872761
table-0303-421 1 5 2 192 370 4354 1.0 0.10409252669039146
table-0303-443 1 3 0 31 39 711 1.0 0.2310126582278481
table-0303-497 11 7 10 91 118 394 1.0 0.5413971539456662
table-0303-214 7 6 0 64 201 1931 0.043478260869565216 0.45345911949685536
table-0303-266 1 3 0 111 137 1438 1.0 0.11730769230769231
table-0303-356 7 2 0 35 44 3453 0.3333333333333333 0.07118055555555555
table-0303-973 28 8 19 133 153 2036 0.16666666666666666 3.3991507430997876
table-0303-637 4 11 3 363 472 3079 0.2 0.07603630120186411
table-0303-299 4 8 2 30 114 864 0.2 0.07674552798615118
table-0303-327 1 2 0 134 47 22746 1.0 0.12351543942992874
table-0303-615 6 4 0 112 155 981 0.5 0.3729641693811075
table-0303-490 5 6 2 276 159 7262 0.5 0.1774033696729435
table-0303-755 4 4 0 132 258 14622 0.125 0.1402572952620019
table-0303-532 2 4 0 219 67 13857 0.5 0.016219654404749283
table-0303-322 1 2 0 134 47 22746 1.0 0.12351543942992874
table-0303-444 1 3 0 29 39 726 1.0 0.21630094043887146
table-0303-192 1 4 0 6 30 574 1.0 0.12462006079027356
table-0303-318 1 2 0 134 47 22746 1.0 0.12351543942992874
table-0303-976 23 6 8 133 156 2131 0.16666666666666666 2.09845288326301
table-0303-709 1 2 1 35 60 2456 1.0 0.01848249027237354
table-0303-600 10 6 0 461 125 201472 0.5 0.23651649746192893
table-0303-812 24 4 25 63 151 3618 0.2 0.16736930860033727
table-0303-999 1 3 0 135 160 2357 0.16666666666666666 0.15942028985507245
table-0303-797 25 2 0 118 238 5053 1.0 0.09319302237390975
table-0303-334 1 2 0 134 47 22746 1.0 0.12351543942992874
table-0303-359 1 3 0 29 40 1043 1.0 0.10103092783505155
table-0303-628 12 3 0 126 117 3726 0.125 0.34441939120631343
table-0303-519 0 1 0 28 64 3927 0.5 0.0
table-0303-995 1 1 1 93 80 655 0.05555555555555555 0.0
table-0303-172 8 4 0 7 37 430 1.0 1.1875
table-0303-315 1 2 0 134 47 22746 1.0 0.12351543942992874
table-0303-35 5 3 0 121 235 3010 0.5 0.04085795885061491
table-0303-174 2 6 0 50 101 1598 1.0 0.26417910447761195
table-0303-148 12 8 0 187 198 11711 0.2 0.5023696682464455
table-0303-734 6 5 1 331 122 629381 1.0 0.06917023332873119
table-0303-983 1 3 0 138 154 2058 0.16666666666666666 0.38675213675213677
table-0303-65 3 4 0 359 278 109106 0.2 0.9337401918047079
table-0303-88 29 6 14 129 152 2016 0.16666666666666666 3.5161290322580645
table-0303-197 2 3 0 26 38 1736 1.0 0.12474520994700367
table-0303-339 1 2 0 134 47 22746 1.0 0.12351543942992874
table-0303-566 2 5 0 162 137 6381 1.0 0.0854950675922543
table-0303-338 1 2 0 134 47 22746 1.0 0.12351543942992874
table-0303-529 1 5 2 206 275 11691 1.0 0.024925680310999315
table-0303-482 117 4 0 41 243 287134 0.5 5.5030728709394205
table-0303-489 7 3 2 276 159 7262 0.5 0.45589692765113976
table-0303-508 15 3 0 260 175 2392 0.3333333333333333 0.173508252221752
table-0303-627 11 3 0 126 117 3726 0.125 0.3314543404735062
table-0303-882 3 4 2 5 321 494 0.06666666666666667 0.04060529634300126
table-0303-1 1 2 1 3891 1652 525400 0.25 9.260606702033365e-05
table-0303-835 24 3 24 96 100 2309 0.16666666666666666 1.9642857142857142
table-0303-137 6 3 6 167 222 6341 0.25 0.13110307414104883
table-0303-975 1 3 0 133 153 2036 0.16666666666666666 0.3842887473460722
table-0303-448 2 3 0 146 137 22066 1.0 0.024053400851651512
table-0303-798 1 2 0 118 238 5053 1.0 0.003981797497155859
table-0303-747 13 9 0 117 252 5754 1.0 1.7060458651841557
table-0303-255 18 2 0 279 291 14790 0.5 0.7712177121771218
table-0303-569 3 4 0 19 55 3357 0.3333333333333333 0.041574279379157426
table-0303-36 9 4 8 296 160 1713318 0.2 0.061746987951807226
table-0303-918 1 6 1 29 39 1917 1.0 0.08847352024922119
table-0303-404 1 4 0 625 273 559290 1.0 0.0016290964197764727
table-0303-213 1 3 0 64 201 1931 0.043478260869565216 0.05408805031446541
table-0303-28 7 3 0 437 627 11567 1.0 0.06857021547606411
table-0303-505 0 1 0 260 175 2392 0.3333333333333333 0.0
table-0303-452 16 4 1 117 121 16172 0.5 0.19022088784044605
table-0303-669 0 1 0 28 24 10948 1.0 0.0
table-0303-156 7 4 0 7 40 393 1.0 0.6407035175879398
table-0303-431 4 3 4 227 489 52651 0.14285714285714285 0.0052592542647157976
table-0303-752 19 12 0 132 258 14622 0.125 0.3912770630687167
table-0303-645 16 7 17 225 273 19947 0.5 0.6535750251762337
table-0303-427 17 12 4 115 130 106667 0.16666666666666666 4.573979591836735
table-0303-953 12 7 0 188 203 6776 0.2 0.42868525896414345
table-0303-178 16 4 0 69 118 2231 0.3333333333333333 4.726950354609929
table-0303-160 9 4 0 50 37 680 1.0 1.7577092511013215
table-0303-654 24 7 47 557 697 5934 0.125 0.7615327380952381
table-0303-351 9 4 0 2282 495 1449468 1.0 0.02689130672100724
table-0303-803 7 6 0 178 312 1859 0.25 0.1769578313253012
table-0303-471 19 4 26 259 292 12872 0.25 0.5224719101123596
table-0303-16 19 10 14 51 61 8938 1.0 1.8518274613105037
table-0303-907 3 5 2 166 181 5878 0.5 0.020848164344554054
table-0303-352 4 4 0 2282 495 1449468 1.0 0.018885775626796695
table-0303-506 16 10 0 260 175 2392 0.3333333333333333 0.3343207786711807
table-0303-379 11 5 17 72 116 2225 0.0625 0.9132231404958677
table-0303-445 1 3 0 29 39 649 1.0 0.1782477341389728
table-0303-825 1 2 1 32 62 9800 1.0 0.005402331532556156
table-0303-391 4 5 3 72 116 2225 0.0625 0.4049586776859504
table-0303-183 1 2 0 98 129 13688 0.25 0.009057971014492754
table-0303-344 14 3 0 11 26 2559 0.5 0.10585380649074917
table-0303-120 22 8 9 125 156 2146 0.16666666666666666 2.1376281112737923
table-0303-290 5 5 6 85 87 1737 1.0 0.39880952380952384
table-0303-702 16 5 16 56 74 2488 0.5 6.601769911504425
table-0303-180 24 6 0 69 118 2231 0.3333333333333333 2.049645390070922
table-0303-537 6 3 0 56 146 2537 1.0 0.21232179226069248
table-0303-878 0 1 0 145 208 2375 1.0 0.0
table-0303-313 6 4 4 176 303 5560 0.16666666666666666 3.5392156862745097
table-0303-808 8 6 0 178 297 3344 1.0 1.0899328859060402
table-0303-603 2 19 2 187 344 10834 0.5 0.0079436721429861
table-0303-527 1 5 2 205 260 7195 1.0 0.0378997236478484
table-0303-446 1 5 2 201 404 7125 0.5 0.030944194657498016
table-0303-534 17 5 0 66 94 476 1.0 1.9421157684630739
table-0303-470 1 3 0 58 46 4312 1.0 0.03729181752353367
table-0303-604 45 9 12 187 344 10834 0.5 1.2601552626827948
table-0303-275 121 4 0 120 252 1280 0.5 8.402719665271967
table-0303-981 22 6 7 138 154 2058 0.16666666666666666 2.621794871794872
table-0303-939 1 4 0 17 125 14904 1.0 0.011262596324836989
table-0303-616 3 3 0 67 130 1277 1.0 0.2556445739257101
table-0303-434 5 3 5 227 489 52651 0.14285714285714285 0.007214618029802441
table-0303-484 19 7 19 47 55 0 0.125 2.7417677642980935
table-0303-842 4 3 0 151 322 11280 0.2 0.26243093922651933
table-0303-167 9 4 0 56 43 754 1.0 0.9672131147540983
table-0303-640 4 4 1 54 31 7916 0.3333333333333333 0.19736052789442113
table-0303-774 1 3 0 124 247 9194 0.1111111111111111 0.05569948186528497
table-0303-884 7 4 2 5 321 494 0.06666666666666667 0.09886506935687264
table-0303-625 10 3 0 126 117 3726 0.125 0.2987598647125141
table-0303-363 73 3 4 20 67 3515 0.14285714285714285 0.4074572620810338
table-0303-928 1 11 0 366 404 100838 0.16666666666666666 0.003309527956801951
table-0303-58 3 5 1 73 27 763 0.25 1.0258620689655173
table-0303-805 1 3 0 28 17 966 1.0 0.022054718034617532
table-0303-768 8 9 0 124 247 9194 0.1111111111111111 0.9099740932642487
table-0303-638 4 5 4 363 472 3079 0.2 0.042187883247485895
table-0303-742 2 9 0 117 252 5754 1.0 0.2543432939541348
table-0303-951 9 6 11 188 203 6776 0.2 0.5737051792828686
table-0303-775 2 3 0 124 247 9194 0.1111111111111111 0.09132124352331607
table-0303-216 29 3 0 64 201 1931 0.043478260869565216 0.6415094339622641
table-0303-841 23 12 0 151 322 11280 0.2 1.4263351749539595
table-0303-558 1 5 2 160 128 9193 1.0 0.047714716223003516
table-0303-67 3 3 0 161 63 33578 1.0 0.14683460391117004
table-0303-822 2 2 2 33 41 1781 1.0 0.04241948153967007
table-0303-670 30 3 14 181 128 24290 1.0 0.07088038324289975
table-0303-101 6 3 0 86 325 2327 0.045454545454545456 0.027265248560347868
table-0303-943 1 4 0 17 125 14904 1.0 0.022821576763485476
table-0303-81 27 6 16 126 146 2526 0.16666666666666666 3.0833333333333335
table-0303-500 5 2 0 1016 532 128023 0.5 0.009033821747273327
table-0303-979 1 3 0 133 156 2131 0.16666666666666666 0.24613220815752462
table-0303-954 6 5 0 188 203 6776 0.2 0.18087649402390438
table-0303-349 9 4 0 6 38 514 1.0 0.8963730569948186
table-0303-84 1 3 0 20 80 1470 1.0 0.08030592734225621
table-0303-408 1 3 0 25 28 1093 1.0 0.234
table-0303-716 9 7 0 189 312 2172 0.08333333333333333 1.7611777535441657
table-0303-208 9 6 2 118 78 19099 0.16666666666666666 0.01613344271260596
table-0303-790 14 9 0 93 195 4846 0.5 3.1422872340425534
table-0303-674 0 1 0 49 42 11667 1.0 0.0
table-0303-193 1 4 0 6 30 541 1.0 0.12386706948640483
table-0303-114 16 7 9 500 338 126643 0.3333333333333333 0.047401307126954104
table-0303-328 1 2 0 134 47 22746 1.0 0.12351543942992874
table-0303-828 1 3 0 15 39 1175 1.0 0.11272141706924316
table-0303-278 1 3 0 60 72 1637 0.5 0.12817089452603472
table-0303-103 5 9 0 86 325 2327 0.045454545454545456 0.019567516746973792
table-0303-331 1 2 0 134 47 22746 1.0 0.12351543942992874
table-0303-269 3 5 0 14 37 1273 0.08333333333333333 0.08788706739526411
table-0303-175 13 5 11 393 353 32604 0.3333333333333333 2.2857142857142856
table-0303-412 177 4 177 43 667 30143 0.5 17.960899315738025
table-0303-617 4 5 3 202 257 18510 0.5 0.173125
table-0303-123 1 3 0 125 156 2146 0.16666666666666666 0.3103953147877013
table-0303-607 8 3 0 105 95 3136 0.5 0.1599696739954511
table-0303-652 27 7 53 557 697 5934 0.125 0.8969494047619048
table-0303-108 12 9 12 86 325 2327 0.045454545454545456 0.059113879421788695
table-0303-664 4 3 0 902 258 675698 1.0 0.008244640983360816
table-0303-46 9 7 0 294 452 3746 0.1 0.3802485723883104
table-0303-499 20 2 0 1016 532 128023 0.5 0.05427637618890235
table-0303-771 12 12 0 124 247 9194 0.1111111111111111 0.47150259067357514
table-0303-118 1 3 0 9 26 3155 0.25 0.010409670920080591
table-0303-700 1 2 1 16 118 12421 0.5 0.00924124513618677
table-0303-763 16 9 0 132 258 14622 0.125 0.812676498274239
table-0303-675 0 1 0 181 166 4932 1.0 0.0
table-0303-395 1 5 2 199 393 4994 1.0 0.0800794176042356
table-0303-614 14 11 8 112 155 981 0.5 0.6783387622149837
table-0303-449 1 5 0 49 87 172 1.0 0.007758746889181671
table-0303-551 7 10 0 48 57 8617 0.25 0.2570315880571181
table-0303-643 34 8 0 230 268 2061 1.0 0.2056093899276648
table-0303-141 1 3 0 32 32 5319 1.0 0.10205479452054794
table-0303-21 21 8 6 110 141 1674 0.16666666666666666 2.716796875
table-0303-901 131 5 205 77 279 6430 1.0 7.4464720194647205
table-0303-61 22 3 0 359 278 109106 0.2 0.41041848299912814
table-0303-93 6 9 6 86 325 2327 0.045454545454545456 0.0280879069220825
table-0303-900 2 3 0 35 118 3874 1.0 0.03052566225165563
table-0303-773 4 3 0 124 247 9194 0.1111111111111111 0.17033678756476683
table-0303-881 66 21 799 5 321 494 0.06666666666666667 0.9162673392181588
table-0303-405 1 3 0 29 39 846 1.0 0.19601328903654486
table-0303-985 22 6 7 112 155 2124 0.16666666666666666 2.783203125
table-0303-360 1 3 0 28 39 797 1.0 0.15562913907284767
table-0303-76 37 6 22 124 149 2369 0.16666666666666666 4.254658385093168
table-0303-396 4 4 0 9 32 530 1.0 0.3694390715667311
table-0303-78 2 3 0 348 274 35102 1.0 0.03499755261869799
table-0303-952 4 5 0 188 203 6776 0.2 0.14183266932270916
table-0303-982 38 6 23 138 154 2058 0.16666666666666666 4.553418803418803
table-0303-493 136 5 144 8 28 718 0.5 47.44692737430167
table-0303-631 4 5 4 363 472 3079 0.2 0.039244542555800836
table-0303-611 6 8 7 614 498 20062 0.08333333333333333 0.040518838789376156
table-0303-281 3 5 2 50 57 863 1.0 0.8823529411764706
table-0303-367 0 1 0 398 432 318 1.0 0.0
table-0303-326 1 2 0 134 47 22746 1.0 0.12351543942992874
table-0303-852 3 6 0 201 237 24587 0.08333333333333333 0.037371910789632305
table-0303-970 27 6 0 59 68 1622 0.5 4.111470113085622
table-0303-526 0 1 0 47 75 15580 0.5 0.0
table-0303-636 4 5 4 363 472 3079 0.2 0.0377728722099583
table-0303-209 5 9 0 64 201 1931 0.043478260869565216 0.2220125786163522
table-0303-371 4 5 2 396 343 189096 0.3333333333333333 0.009093289533195268
table-0303-658 3 4 3 176 240 2612 0.16666666666666666 0.0508441303494307
table-0303-684 10 4 0 46 91 396 1.0 0.423837784371909
table-0303-211 0 1 0 64 201 1931 0.043478260869565216 0.0
table-0303-185 0 1 0 98 129 13688 0.25 0.0
table-0303-672 1 2 0 65 105 44817 0.3333333333333333 0.007662835249042145
table-0303-924 1 2 0 19 24 2390 0.25 0.010150507525376268
table-0303-242 41 4 0 541 380 18205 0.5 2.2767562470532767
table-0303-990 4 10 3 93 80 655 0.05555555555555555 0.23464912280701755
table-0303-838 41 6 82 464 129 1934 0.5 6.453104359313078
table-0303-39 4 2 0 12 29 3346 1.0 0.08917631041524847
table-0303-293 10 5 5 223 264 34470 0.125 0.19726913402802732
table-0303-430 1 5 2 197 395 4513 0.5 0.08482758620689655
table-0303-712 4 3 0 95 106 11700 1.0 0.2712397734424166
table-0303-509 1 5 2 285 239 9707 1.0 0.031203566121842496
table-0303-358 1 3 0 0 0 0 0.0 45.0
table-0303-577 30 4 10 239 138 464248 0.3333333333333333 0.478467815049864
table-0303-831 27 4 2 72 143 8693 1.0 1.9034653465346534
table-0303-57 1 4 0 22 99 7459 0.3333333333333333 0.030230326295585412
table-0303-23 34 7 22 110 141 1674 0.16666666666666666 3.873046875
table-0303-305 30 5 0 4 48 782 1.0 22.214285714285715
table-0303-474 1 2 1 53 71 3366 1.0 0.00426856380613606
table-0303-550 2 9 2 48 57 8617 0.25 0.048031155344006926
table-0303-834 24 3 23 96 100 2309 0.16666666666666666 1.9615384615384615
table-0303-815 2 2 0 37 53 2365 0.5 0.0670076726342711
table-0303-713 9 6 0 189 312 2172 0.08333333333333333 1.3009814612868047
table-0303-195 3 4 0 8 32 764 1.0 0.32432432432432434
table-0303-264 20 11 12 111 137 1438 1.0 2.2326923076923078
table-0303-262 2 3 0 44 45 2702 1.0 0.08886346300533944
table-0303-695 13 2 5 172 178 198853 0.25 0.030369290573372208
table-0303-740 5 9 0 117 252 5754 1.0 0.2029186935371786
table-0303-165 1 2 1 34 50 1383 1.0 0.010231556273559504
table-0303-840 7 9 0 151 322 11280 0.2 1.171270718232044
table-0303-282 1 2 1 6 28 5224 1.0 0.00691663633054241
table-0303-938 1 4 0 17 125 14904 1.0 0.01066982809721399
table-0303-791 16 9 0 93 195 4846 0.5 3.4986702127659575
table-0303-199 3 4 5 109 178 1184 0.25 0.08235294117647059
table-0303-992 4 10 3 93 80 655 0.05555555555555555 0.21710526315789475
table-0303-761 15 9 0 132 258 14622 0.125 0.7627863194226545
table-0303-933 5 5 0 101 160 3718 0.1111111111111111 0.10469667318982387
table-0303-659 11 5 16 176 240 2612 0.16666666666666666 0.13054574008637612
table-0303-158 12 3 6 85 42 28767 0.5 0.4262626262626263
table-0303-308 1 3 0 35 40 1546 1.0 0.02817551963048499
table-0303-853 0 1 0 201 237 24587 0.08333333333333333 0.0
table-0303-126 33 6 19 126 146 1666 0.16666666666666666 3.845679012345679
table-0303-393 53 5 76 72 116 2225 0.0625 5.223140495867769
table-0303-18 2 4 0 15 27 655 1.0 0.30306345733041573
table-0303-238 84 5 84 71 286 5945 0.16666666666666666 7.642282370153621
table-0303-376 18 4 0 69 53 662 1.0 2.4402173913043477
table-0303-666 24 2 24 45 104 1249 0.5 0.19099756690997566
table-0303-592 1 3 0 127 153 2209 0.16666666666666666 0.49387755102040815
table-0303-202 6 10 6 227 383 1751 0.045454545454545456 0.09255079006772009
table-0303-656 1 3 0 33 48 15809 1.0 0.018500486854917234
table-0303-765 16 9 0 132 258 14622 0.125 0.8415437715720113
table-0303-163 6 10 5 85 115 789 1.0 0.14145810663764963
table-0303-397 8 4 0 7 37 471 1.0 1.048661800486618
table-0303-382 47 5 67 72 116 2225 0.0625 3.871310507674144
table-0303-348 49 5 12 1000 370 169892 1.0 0.11544068397620268
table-0303-875 30 8 15 147 163 5062 0.16666666666666666 1.8581706063720451
table-0303-479 1 2 1 53 71 3366 1.0 0.005246776345042241
table-0303-330 1 2 0 134 47 22746 1.0 0.12351543942992874
table-0303-563 1 3 0 128 142 1857 0.16666666666666666 0.36619718309859156
table-0303-374 1 2 0 177 89 70764 0.25 0.014966325767024195
table-0303-117 1 2 0 9 26 3155 0.25 0.008730691739422432
table-0303-601 2 3 0 8 38 1048 1.0 0.07147335423197493
table-0303-435 6 3 6 227 489 52651 0.14285714285714285 0.007248331198166004
table-0303-903 10 13 40 196 215 76679 0.3333333333333333 0.44090056285178236
table-0303-129 4 10 3 85 122 841 1.0 0.08641975308641975
table-0303-936 1 4 0 17 125 14904 1.0 0.012744516893894487
table-0303-191 1 4 0 6 30 492 1.0 0.11144578313253012
table-0303-90 1 3 0 129 152 2016 0.16666666666666666 0.35268817204301073
table-0303-325 1 2 0 134 47 22746 1.0 0.12351543942992874
table-0303-530 22 3 0 12 66 2706 0.5 0.5796510310446409
table-0303-546 32 6 17 33 140 1645 0.16666666666666666 3.49203187250996
table-0303-42 12 4 0 294 452 3746 0.1 0.2868659724554921
table-0303-787 5 9 0 93 195 4846 0.5 0.4175531914893617
table-0303-303 2 5 2 50 64 905 1.0 0.4445983379501385
table-0303-498 9 9 8 458 494 19385 0.5 0.12381809995497524
table-0303-816 13 6 0 52 41 1292 0.3333333333333333 1.3485113835376532
table-0303-855 5 5 0 201 237 24587 0.08333333333333333 0.037070524412296565
table-0303-386 70 5 102 72 116 2225 0.0625 5.757969303423849
table-0303-663 96 13 23 74 195 0 1.0 22.488745980707396
table-0303-168 3 4 0 8 32 537 1.0 0.38141809290953543
table-0303-699 1 3 0 172 178 198853 0.25 0.0067217363135730485
table-0303-134 3 10 3 85 122 841 1.0 0.03621399176954732
table-0303-986 26 6 11 112 155 2124 0.16666666666666666 2.7578125
table-0303-880 3 2 0 11 34 2168 0.5 0.1050228310502283
table-0303-332 69 5 0 134 47 22746 1.0 28.943586698337292
table-0303-480 12 5 30 53 71 3366 1.0 0.0008892841262783459
table-0303-418 12 3 0 183 208 17309 0.2 0.01619756557298489
table-0303-854 2 6 0 201 237 24587 0.08333333333333333 0.04219409282700422
table-0303-691 5 10 0 192 251 8074 0.045454545454545456 0.13008130081300814
table-0303-378 3 5 0 33 49 1579 1.0 0.2224316682375118
table-0303-300 7 2 0 30 114 864 0.2 0.20600115406809003
table-0303-345 4 2 0 181 47 24346 0.5 0.013600737667127709
table-0303-171 8 4 0 7 37 408 1.0 0.9343434343434344
table-0303-890 6 3 0 5 321 494 0.06666666666666667 0.10491803278688525
table-0303-662 4 4 0 42 341 109 1.0 1.1108374384236452
table-0303-294 2 5 0 223 264 34470 0.125 0.02766798418972332
table-0303-496 33 8 161 161 281 5196 0.3333333333333333 0.01939532230462065
table-0303-288 2 5 2 49 55 899 1.0 1.2513089005235603
table-0303-554 30 6 15 126 150 2348 0.16666666666666666 3.642126789366053
table-0303-705 2 4 0 1478 365 224527 0.3333333333333333 0.004146957817663449
table-0303-283 4 5 4 48 55 907 1.0 2.46
table-0303-613 5 4 10 614 498 20062 0.08333333333333333 0.014576899320568252
table-0303-877 1 3 0 147 163 5062 0.16666666666666666 0.19218910585817062
table-0303-858 6 5 0 201 237 24587 0.08333333333333333 0.030440024110910187
table-0303-417 24 3 0 183 208 17309 0.2 0.02549439315037858
table-0303-468 2 2 2 9 29 826 0.5 0.12121212121212122
table-0303-520 1 5 2 277 234 6694 1.0 0.03670634920634921
table-0303-205 3 8 0 118 78 19099 0.16666666666666666 0.017774131802023516
table-0303-94 31 7 0 86 325 2327 0.045454545454545456 0.07292278763662005
table-0303-3 0 1 0 3891 1652 525400 0.25 0.0
table-0303-898 0 1 0 187 188 6357 0.3333333333333333 0.0
table-0303-909 5 10 5 10 19 428 0.05555555555555555 0.07505285412262157
table-0303-515 53 3 19 473 462 130279 0.25 0.3899604352126607
table-0303-234 0 0 0 104 309 2174 0.047619047619047616 0.0
table-0303-402 1 4 0 625 273 559290 1.0 0.001174464860769085
table-0303-962 8 2 0 198 296 9270 0.25 0.011712766915938373
table-0303-786 7 9 5 93 195 4846 0.5 1.6037234042553192
table-0303-886 5 4 2 5 321 494 0.06666666666666667 0.07843631778058008
table-0303-226 1 3 0 104 309 2174 0.047619047619047616 0.057564575645756455
table-0303-225 3 2 0 104 309 2174 0.047619047619047616 0.15276752767527677
table-0303-507 0 1 0 260 175 2392 0.3333333333333333 0.0
table-0303-693 4 8 0 192 251 8074 0.045454545454545456 0.07262872628726287
table-0303-844 5 8 0 151 322 11280 0.2 0.26151012891344383
table-0303-400 1 3 0 30 41 840 1.0 0.13548387096774195
table-0303-991 4 10 4 93 80 655 0.05555555555555555 0.11842105263157894
table-0303-633 14 12 10 363 472 3079 0.2 0.27225901398086827
table-0303-51 4 3 0 294 452 3746 0.1 0.10581121934833725
table-0303-694 4 13 3 717 422 19864 1.0 0.2197814576996733
table-0303-650 13 2 0 557 697 5934 0.125 0.14397321428571427
table-0303-245 2 6 0 61 214 3418 0.1 0.06543682561782109
table-0303-212 3 2 0 64 201 1931 0.043478260869565216 0.11823899371069183
table-0303-286 2 5 2 49 55 845 1.0 0.6096491228070176
table-0303-673 38 6 12 123 148 7291 1.0 0.5128955427015992
table-0303-665 24 2 0 15 30 1264 0.5 0.050487260772572505
table-0303-32 6 7 0 126 209 1109 0.5 0.13776944704779756
table-0303-69 4 2 2 13 178 427 1.0 0.09071504802561366
table-0303-179 16 4 0 69 118 2231 0.3333333333333333 4.120567375886525
table-0303-897 2 6 0 187 188 6357 0.3333333333333333 0.10574837310195227
table-0303-273 1 3 1 22 38 7659 0.3333333333333333 0.055487053020961775
table-0303-580 1 3 0 44 62 1913 1.0 0.05805038335158817
table-0303-433 2 3 2 227 489 52651 0.14285714285714285 0.002966758815993527
table-0303-689 12 3 0 192 251 8074 0.045454545454545456 0.11869918699186992
table-0303-618 5 5 4 202 257 18510 0.5 0.228125
table-0303-757 3 3 0 132 258 14622 0.125 0.06620646375902102
table-0303-27 10 3 0 87 368 34529 0.5 0.29514321295143214
table-0303-582 2 2 1 35 49 7015 1.0 0.053428317008014245
table-0303-343 1 3 0 27 67 8652 0.5 0.016414141414141416
table-0303-895 1 2 0 5 16 816 1.0 0.04775687409551375
table-0303-92 6 5 0 86 325 2327 0.045454545454545456 0.027265248560347868
table-0303-867 3 4 0 254 214 125900 0.2 0.022579970729667574
table-0303-622 1 3 0 67 72 4280 0.3333333333333333 0.08978328173374613
table-0303-19 7 4 0 220 194 11896 0.5 0.036023225500651734
table-0303-955 1 1 1 133 178 9182 0.25 0.0
table-0303-966 22 8 6 133 147 2471 0.16666666666666666 3.293501048218029
table-0303-77 1 3 0 124 149 2369 0.16666666666666666 0.15942028985507245
table-0303-806 1 3 0 41 62 1299 1.0 0.289760348583878
table-0303-567 1 5 2 162 137 6381 1.0 0.03544026306174644
table-0303-333 1 2 0 134 47 22746 1.0 0.12351543942992874
table-0303-679 27 4 0 256 144 414807 0.5 0.4884336677814939
table-0303-849 16 9 0 151 322 11280 0.2 2.6878453038674035
table-0303-127 1 3 0 126 146 1666 0.16666666666666666 0.3868312757201646
table-0303-591 38 6 23 127 153 2209 0.16666666666666666 4.173469387755102
table-0303-937 7 4 0 17 125 14904 1.0 0.09217545939537641
table-0303-583 22 8 10 134 156 2327 0.16666666666666666 2.529513888888889
table-0303-198 3 4 5 109 178 1184 0.25 0.0809688581314879
table-0303-6 9 6 8 43 65 3644 1.0 2.05
table-0303-428 20 6 14 115 130 106667 0.16666666666666666 4.3979591836734695
table-0303-437 2 6 1 84 76 62312 0.2 0.022508696541845712
table-0303-203 1 1 1 227 383 1751 0.045454545454545456 0.0
table-0303-556 1 3 0 126 150 2348 0.16666666666666666 0.3476482617586912
table-0303-10 4 9 2 127 282 3841 0.25 0.13677811550151975
table-0303-456 3 5 6 54 63 922 1.0 0.1124546553808948
table-0303-512 1 2 0 52 70 6552 0.25 0.051055473735886106
table-0303-249 16 11 0 61 214 3418 0.1 0.4006265227984685
table-0303-701 1 3 0 16 118 12421 0.5 0.017509727626459144
table-0303-297 2 5 2 48 68 872 0.5 1.1330935251798562
table-0303-54 3 3 0 291 328 9917 1.0 0.07661352731775267
table-0303-336 1 2 0 134 47 22746 1.0 0.12351543942992874
table-0303-414 9 4 0 57 47 627 1.0 1.1481481481481481
table-0303-839 1 6 0 151 322 11280 0.2 0.08103130755064457
table-0303-96 0 0 0 86 325 2327 0.045454545454545456 0.0
table-0303-770 14 12 0 124 247 9194 0.1111111111111111 0.5841968911917098
table-0303-74 21 8 6 124 149 2369 0.16666666666666666 2.886128364389234
table-0303-347 4 29 14 17 105 557 0.2 0.4
table-0303-879 1 2 1 11 34 2168 0.5 0.021689497716894976
table-0303-184 1 2 0 98 129 13688 0.25 0.015786749482401656
table-0303-531 1 5 2 217 260 8524 1.0 0.042375950742484604
table-0303-220 4 12 0 64 201 1931 0.043478260869565216 0.12767295597484277
table-0303-681 0 1 0 62 209 3009 0.25 0.0
table-0303-688 2 6 0 192 251 8074 0.045454545454545456 0.025474254742547425
table-0303-285 3 5 2 51 55 1405 1.0 0.365814696485623
table-0303-306 39 10 0 79 138 35 1.0 1.7732426303854876
table-0303-817 17 6 2 52 41 1292 0.3333333333333333 2.2171628721541157
table-0303-241 1 3 1 586 305 64331 0.5 0.0023558860340131046
table-0303-122 35 6 20 125 156 2146 0.16666666666666666 2.718887262079063
table-0303-91 0 1 0 12 25 1117 1.0 0.0
table-0303-792 14 9 0 93 195 4846 0.5 3.1263297872340425
table-0303-87 21 8 11 129 152 2016 0.16666666666666666 2.9870967741935486
table-0303-56 1 3 0 22 99 7459 0.3333333333333333 0.018234165067178502
table-0303-390 77 5 112 72 116 2225 0.0625 7.704840613931523
table-0303-837 1 2 1 12 50 6949 1.0 0.008300567933595456
table-0303-403 1 4 0 625 273 559290 1.0 0.0022731577950369387
table-0303-381 11 5 13 72 116 2225 0.0625 0.9433293978748524
table-0303-573 4 16 14 86 84 2773 0.2 0.5
table-0303-723 6 2 0 189 312 2172 0.08333333333333333 0.1777535441657579
table-0303-228 16 10 0 104 309 2174 0.047619047619047616 0.8132841328413284
table-0303-707 1 3 0 24 31 2200 1.0 0.05823529411764706
table-0303-741 16 6 6 117 252 5754 1.0 0.45795691452397497
table-0303-450 3 5 2 54 70 1241 0.5 0.2381818181818182
table-0303-845 16 6 6 151 322 11280 0.2 0.6068139963167587
table-0303-809 7 6 0 233 233 1802 0.5 3.2857142857142856
table-0303-904 10 3 0 1215 571 512261 1.0 0.014588530497323005
table-0303-460 13 4 0 87 76 54242 0.14285714285714285 0.14362745098039215
table-0303-753 13 12 0 132 258 14622 0.125 0.25196109193599
table-0303-680 14 9 0 77 52 3501 0.5 0.5296671490593343
table-0303-758 5 9 0 132 258 14622 0.125 0.0916222152494509
table-0303-206 6 5 0 118 78 19099 0.16666666666666666 0.005468963631391851
table-0303-485 19 8 0 47 55 0 0.125 2.4592720970537263
table-0303-232 5 12 0 104 309 2174 0.047619047619047616 0.181549815498155
table-0303-368 1 3 0 29 39 728 1.0 0.15960912052117263
table-0303-533 12 4 0 66 94 476 1.0 1.6187624750499001
table-0303-186 6 4 0 7 35 531 1.0 0.7212121212121212
table-0303-623 8 3 0 126 117 3726 0.125 0.2181510710259301
table-0303-647 10 4 8 390 575 329 1.0 0.22445820433436534
table-0303-595 14 10 0 45 39 2032 0.5 1.392638036809816
table-0303-151 0 1 0 182 177 9420 0.5 0.0
table-0303-451 3 5 2 54 67 1063 1.0 0.37094281298299847
table-0303-366 1 3 0 32 39 648 1.0 0.17666666666666667
table-0303-821 3 2 0 6 12 2063 1.0 0.07883211678832117
table-0303-62 7 3 7 359 278 109106 0.2 0.11290322580645161
table-0303-781 14 9 0 124 247 9194 0.1111111111111111 1.4766839378238341
table-0303-579 8 3 0 56 83 75717 1.0 0.02170053264943776
table-0303-467 12 3 0 107 131 16282 0.5 0.03244665302543116
table-0303-793 13 9 0 93 195 4846 0.5 3.077127659574468
table-0303-575 30 4 26 627 441 814563 0.5 0.095373088994634
table-0303-956 5 5 0 133 178 9182 0.25 0.04342457295739864
table-0303-111 14 9 14 86 325 2327 0.045454545454545456 0.06875073451639441
table-0303-295 2 7 0 223 264 34470 0.125 0.0265900107797341
table-0303-830 13 6 11 58 145 4888 0.3333333333333333 0.4099552572706935
table-0303-486 4 3 4 115 250 6131 0.3333333333333333 0.00679105953715303
table-0303-754 2 6 0 132 258 14622 0.125 0.07938500156887354
table-0303-304 0 1 0 7 15 825 1.0 0.0
table-0303-871 6 2 0 337 572 74674 0.3333333333333333 0.005527674739981089
table-0303-708 1 3 0 80 147 2030 1.0 0.0162434225577671
table-0303-912 0 1 0 113 174 4392 0.1 0.0
table-0303-677 5 4 3 31 23 19696 0.3333333333333333 0.5731939163498099
table-0303-458 1 4 0 87 76 54242 0.14285714285714285 0.008333333333333333
table-0303-147 4 9 0 187 198 11711 0.2 0.1990521327014218
table-0303-70 16 17 16 13 178 427 1.0 1.368196371398079
table-0303-739 1 3 0 117 252 5754 1.0 0.045170257123002086
table-0303-329 1 2 0 134 47 22746 1.0 0.12351543942992874
