table_id rows cols nulls inlinks outlinks views table_imp table_fraction
table-0301-485 1 3 0 8 16 673 1.0 0.29205607476635514
table-0301-137 1 2 1 8 10 582 1.0 0.04656862745098039
table-0301-488 5 6 0 302 178 4964 0.07142857142857142 0.1299005266237566
table-0301-401 18 6 9 21 236 1525 0.2 0.8011889035667107
table-0301-732 1 2 0 33 137 34187 0.1 0.09665871121718377
table-0301-304 1 3 0 34 94 12509 0.5 0.06978798586572438
table-0301-730 3 16 0 33 137 34187 0.1 0.23627684964200477
table-0301-346 23 4 0 87 137 1145 0.5 1.3341913341913343
table-0301-450 10 4 0 97 149 11517 0.3333333333333333 0.1822268326417704
table-0301-706 8 2 7 33 106 2076 0.25 0.056226765799256506
table-0301-317 20 2 0 6 33 528 1.0 2.3908794788273617
table-0301-180 10 3 0 209 106 269070 0.25 0.23922499011466983
table-0301-254 3 2 0 203 241 26117 0.3333333333333333 0.014258820248222006
table-0301-597 6 3 0 19 14 620 1.0 0.7628865979381443
table-0301-462 30 5 33 336 176 1498 1.0 1.4813144329896908
table-0301-549 2 5 4 24 33 264 1.0 0.44919786096256686
table-0301-953 9 4 0 12 20 2201 0.3333333333333333 0.1115492957746479
table-0301-686 9 4 9 359 479 295181 0.5 0.49707602339181284
table-0301-929 2 5 4 351 442 2836 0.14285714285714285 0.08665105386416862
table-0301-557 2 5 4 26 37 125 1.0 0.3275
table-0301-331 2 2 2 45 30 10837 0.5 0.014911746804625686
table-0301-556 2 5 4 31 39 1043 1.0 0.28817204301075267
table-0301-135 10 2 2 120 346 1316 0.3333333333333333 0.42396907216494845
table-0301-633 1 2 0 25 32 27617 1.0 0.0867942137190854
table-0301-668 7 4 7 359 479 295181 0.5 0.3684210526315789
table-0301-300 1 5 2 73 134 1900 1.0 0.04662088904951211
table-0301-877 1 1 0 35 27 9616 1.0 0.028985507246376812
table-0301-590 11 11 0 11 27 792 0.5 0.31997084548104954
table-0301-882 1 1 0 35 27 9616 1.0 0.027375201288244767
table-0301-787 2 2 2 43 54 1695 0.5 0.06902985074626866
table-0301-887 0 1 0 52 58 3740 0.3333333333333333 0.0
table-0301-399 2 3 0 272 300 5554 1.0 0.04434250764525994
table-0301-722 10 2 0 6 65 5291 1.0 0.13744793638773192
table-0301-505 4 7 0 217 169 3395 0.16666666666666666 0.08121374386434628
table-0301-474 1 2 0 113 143 2445 0.5 0.01981981981981982
table-0302-1000 12 7 10 99 207 2379 0.125 0.5848289064369466
table-0301-946 8 8 8 66 52 2405 0.043478260869565216 0.014322587175464346
table-0301-161 2 8 4 20 32 781 1.0 0.11940298507462686
table-0301-981 2 11 0 99 207 2379 0.125 0.01866475233309404
table-0301-174 4 4 0 381 351 34325 0.25 0.07808966342955967
table-0301-880 1 1 0 35 27 9616 1.0 0.033011272141706925
table-0301-386 9 4 0 6 46 652 1.0 0.8784810126582279
table-0301-546 4 5 8 37 55 1950 1.0 0.75
table-0301-636 1 2 0 25 32 27617 1.0 0.10452636490900606
table-0301-2 1 3 0 0 0 0 0.0 74.0
table-0301-823 8 5 0 209 408 1601 0.07142857142857142 0.18409490333919157
table-0301-56 21 3 0 99 937 179284 0.041666666666666664 0.43373493975903615
table-0301-31 31 3 0 99 937 179284 0.041666666666666664 0.5909090909090909
table-0301-735 11 3 5 33 137 34187 0.1 0.34725536992840095
table-0301-998 2 11 0 99 207 2379 0.125 0.021775544388609715
table-0301-70 31 3 0 99 937 179284 0.041666666666666664 0.5131434830230011
table-0301-483 1 3 0 27 44 4069 1.0 0.030303030303030304
table-0301-189 1 3 0 18 33 766 1.0 0.0452186805040771
table-0301-926 0 1 0 20 19 1296 1.0 0.0
table-0301-429 16 11 0 97 228 1964 0.2 0.13968815303005946
table-0301-685 24 4 18 359 479 295181 0.5 1.456140350877193
table-0301-130 6 2 0 189 217 92871 0.3333333333333333 0.017282735715603667
table-0301-232 12 10 0 108 117 1296 0.5 0.23174101855507304
table-0301-491 10 7 0 302 178 4964 0.07142857142857142 0.2755997659449971
table-0301-906 5 2 0 87 126 2738 0.2 0.2670299727520436
table-0301-337 18 3 0 132 197 3189 0.3333333333333333 0.5605479452054795
table-0301-348 45 6 45 68 137 38689 0.5 6.854120267260579
table-0301-146 0 0 0 104 185 1793 0.3333333333333333 0.0
table-0301-286 12 4 0 9 71 15183 1.0 4.6775956284153
table-0301-501 3 7 0 202 151 3040 0.2 0.1109433962264151
table-0301-230 6 2 0 781 740 152 1.0 0.014954395108750126
table-0301-176 8 7 2 78 210 550 0.2 0.464867617107943
table-0301-790 12 6 13 549 97 40659 1.0 0.8169596690796277
table-0301-561 2 5 2 24 33 133 1.0 0.6309523809523809
table-0301-502 3 7 0 202 151 3040 0.2 0.09735849056603774
table-0301-465 2 3 0 75 49 5341 1.0 0.09436555199267063
table-0301-528 14 10 0 239 295 1970 1.0 3.5958549222797926
table-0301-540 55 5 0 714 884 19705 0.125 1.0643313505177352
table-0301-353 9 5 6 11 294 336 1.0 1.6085626911314985
table-0301-843 1 3 0 324 596 508 1.0 0.012914827529834886
table-0301-918 0 1 0 22 33 4111 1.0 0.0
table-0301-623 14 7 12 1093 706 610883 0.25 0.030516991582151962
table-0301-777 3 2 0 14 21 5377 0.25 0.024890682811974436
table-0301-476 11 4 0 73 171 1953 0.25 0.8208048595292331
table-0301-960 10 4 0 1528 730 162 1.0 0.01805310545487869
table-0301-97 10 10 5 100 102 1364 0.5 0.13184245660881175
table-0301-607 52 3 0 38 58 1201 0.5 20.02654867256637
table-0301-229 1 3 1 14 11 1167 0.5 0.10920770877944326
table-0301-311 1 5 2 76 146 5091 1.0 0.03490645071209159
table-0301-75 1 3 1 42 67 15109 0.3333333333333333 0.052100840336134456
table-0301-492 11 4 0 302 178 4964 0.07142857142857142 0.6559391456992393
table-0301-28 29 3 0 99 937 179284 0.041666666666666664 0.484118291347207
table-0301-181 5 3 0 209 106 269070 0.25 0.09213127718465797
table-0301-935 6 4 6 66 52 2405 0.043478260869565216 0.012804291715167771
table-0301-96 3 3 0 48 43 6263 1.0 0.2222222222222222
table-0301-699 6 4 4 6 40 909 0.06666666666666667 0.061490683229813665
table-0301-340 2 6 0 132 197 3189 0.3333333333333333 0.10465753424657534
table-0301-88 3 3 0 41 46 22712 1.0 0.00184449932785194
table-0301-947 8 8 8 66 52 2405 0.043478260869565216 0.014474416721494002
table-0301-55 21 3 0 99 937 179284 0.041666666666666664 0.41621029572836804
table-0301-406 22 7 0 16 206 1245 0.25 1.89745566692367
table-0301-677 15 4 13 359 479 295181 0.5 0.7858187134502924
table-0301-427 3 5 4 234 413 46217 1.0 0.005840934549527925
table-0301-743 5 2 0 90 122 31463 0.5 0.03423874195854182
table-0301-498 5 7 0 204 132 3497 0.2 0.09717868338557993
table-0301-249 6 6 4 26 214 105329 0.045454545454545456 0.4508138711960368
table-0301-712 12 11 7 32 46 979 0.5 1.4661810613943809
table-0301-734 18 17 0 33 137 34187 0.1 1.9868735083532219
table-0301-215 6 3 0 105 225 2666 1.0 0.34397528321318227
table-0301-972 35 5 35 6 52 1103 0.5 6.28698224852071
table-0301-382 15 4 0 7 52 424 1.0 1.5831134564643798
table-0301-314 0 0 0 84 174 1641 0.2 0.0
table-0301-936 8 8 8 66 52 2405 0.043478260869565216 0.012500632623108457
table-0301-71 16 7 0 38 31 10388 0.5 0.2596418732782369
table-0301-453 1 3 0 1094 357 1212982 1.0 0.0019933452934050937
table-0301-973 1 3 0 32 42 2798 1.0 0.05252790544977019
table-0301-762 12 3 24 3 382 211 1.0 0.23864203694458314
table-0301-789 13 3 0 25 64 58493 0.2 0.30980392156862746
table-0301-573 5 2 0 41 85 2076 0.16666666666666666 0.020718232044198894
table-0301-663 2 2 0 13 87 2645 0.14285714285714285 0.09305993690851735
table-0301-9 5 4 5 18 118 2677 1.0 0.03498939715237807
table-0301-507 4 7 0 257 161 3270 0.16666666666666666 0.1317365269461078
table-0301-931 7 6 17 351 442 2836 0.14285714285714285 0.4574551131928181
table-0301-679 16 4 16 359 479 295181 0.5 0.7711988304093568
table-0301-39 26 3 0 99 937 179284 0.041666666666666664 0.5279299014238773
table-0301-666 2 4 2 359 479 295181 0.5 0.08552631578947369
table-0301-402 40 8 4 21 236 1525 0.2 2.608982826948481
table-0301-84 2 2 0 38 67 9309 0.3333333333333333 0.15422885572139303
table-0301-320 2 2 0 59 65 2104 0.5 0.014455584052226626
table-0301-878 1 1 0 35 27 9616 1.0 0.028985507246376812
table-0301-697 4 4 2 6 40 909 0.06666666666666667 0.033850931677018636
table-0301-987 2 12 0 99 207 2379 0.125 0.017707585546781528
table-0301-299 3 6 0 172 142 12826 1.0 0.07602697731453097
table-0301-899 3 1 1 931 530 210119 1.0 0.005986926507422567
table-0301-600 2 2 0 40 149 26540 0.125 0.007121726744823052
table-0301-44 153 11 0 99 937 179284 0.041666666666666664 4.64512595837897
table-0301-392 4 7 11 152 178 800 1.0 0.09782226905514577
table-0301-187 1 3 0 246 322 104356 1.0 0.012128358460372274
table-0301-650 1 2 0 25 32 27617 1.0 0.0970601959869342
table-0301-805 22 9 0 130 77 1648 0.3333333333333333 5.302884615384615
table-0301-713 7 5 22 461 322 299 1.0 0.11131725417439703
table-0301-725 1 3 1 135 247 2204 1.0 0.09177215189873418
table-0301-481 1 3 0 60 87 2765 1.0 0.06766169154228856
table-0301-596 1 3 0 16 41 756 1.0 0.14095744680851063
table-0301-737 10 4 0 33 137 34187 0.1 1.3198090692124105
table-0301-672 7 4 7 359 479 295181 0.5 0.3406432748538012
table-0301-571 6 2 0 41 85 2076 0.16666666666666666 0.024861878453038673
table-0301-212 37 4 0 292 194 13538 0.3333333333333333 1.1608853650479023
table-0301-682 12 4 12 359 479 295181 0.5 0.6937134502923976
table-0301-216 7 9 7 25 21 15153 0.5 2.1059479553903344
table-0301-237 13 5 2 26 214 105329 0.045454545454545456 1.2335456475583864
table-0301-614 6 4 6 42 46 2441 0.16666666666666666 0.050932568149210905
table-0301-47 21 3 0 99 937 179284 0.041666666666666664 0.32420591456736036
table-0301-313 0 1 0 84 174 1641 0.2 0.0
table-0301-867 22 5 14 3 50 723 0.5 6.589622641509434
table-0301-755 11 2 1 41 94 855 1.0 0.10396094530123155
table-0301-845 3 3 0 12 19 1009 0.5 0.037109375
table-0301-761 6 3 12 3 382 211 1.0 0.07039440838741887
table-0301-478 0 1 0 87 122 2199 1.0 0.0
table-0301-634 1 2 0 25 32 27617 1.0 0.12272515165655623
table-0301-247 5 5 0 26 214 105329 0.045454545454545456 0.5060155697098372
table-0301-816 6 3 0 82 54 24985 1.0 0.07555555555555556
table-0301-40 21 3 0 99 937 179284 0.041666666666666664 0.3127053669222344
table-0301-50 22 6 0 99 937 179284 0.041666666666666664 0.4813800657174151
table-0301-509 11 4 0 257 161 3270 0.16666666666666666 0.7365269461077845
table-0301-921 13 3 9 51 24 292281 0.3333333333333333 0.27010406811731313
table-0301-768 29 3 0 15 25 1715 0.25 4.121212121212121
table-0301-665 4 4 0 21 38 3672 0.5 0.06375646180356118
table-0301-154 14 3 0 15 23 913 1.0 1.2398753894080996
table-0301-5 0 1 0 47 25 290790 1.0 0.0
table-0301-754 12 2 4 41 94 855 1.0 0.0791079551758571
table-0301-852 25 3 0 267 804 136638 0.16666666666666666 0.7629744384198296
table-0301-519 4 6 0 265 240 4088 0.14285714285714285 0.12836021505376344
table-0301-517 4 7 0 228 174 4194 0.1 0.14753046824887747
table-0301-441 3 4 5 114 139 886 0.3333333333333333 0.11142322097378277
table-0301-236 1 3 0 28 27 1870 1.0 0.09805335255948089
table-0301-409 32 7 5 15 227 1656 0.2 2.04746632456703
table-0301-418 16 6 6 108 223 5392 0.16666666666666666 0.3644911504424779
table-0301-626 43 3 40 3 382 4015 0.1 0.8282576135796306
table-0301-726 22 11 0 210 191 62730 0.3333333333333333 0.17019380708398307
table-0301-783 0 1 0 56 73 24448 0.3333333333333333 0.0
table-0301-472 9 11 9 76 160 1694 0.25 0.6073697585768743
table-0301-420 15 9 0 108 223 5392 0.16666666666666666 1.4690265486725664
table-0301-786 1 2 1 45 128 2908 1.0 0.017740429505135387
table-0301-12 4 3 0 78 69 8354 0.14285714285714285 0.010655473038424281
table-0301-940 7 8 7 66 52 2405 0.043478260869565216 0.011285996254871198
table-0301-390 10 3 0 52 35 5252 0.5 0.48450491307634164
table-0301-514 4 7 0 228 174 4194 0.1 0.12700449005772932
table-0301-836 6 5 0 247 75 148228 0.5 0.015871563829300644
table-0301-809 19 4 0 224 93 43433 0.3333333333333333 0.6836765144732916
table-0301-631 1 2 0 25 32 27617 1.0 0.11105926271581895
table-0301-797 3 2 0 33 50 19433 0.5 0.07476635514018691
table-0301-678 33 4 30 359 479 295181 0.5 1.7902046783625731
table-0301-850 2 3 1 267 804 136638 0.16666666666666666 0.054221533694810226
table-0301-667 4 4 2 359 479 295181 0.5 0.489766081871345
table-0301-912 1 5 2 173 195 1360 1.0 0.19175911251980982
table-0301-103 12 2 0 150 74 129958 0.09090909090909091 0.028592864288096032
table-0301-779 2 4 0 14 21 5377 0.25 0.02455432223343424
table-0301-355 1 3 0 55 88 8902 1.0 0.012462054641316504
table-0301-114 9 6 0 556 166 243117 0.3333333333333333 0.004325990751330118
table-0301-72 1 2 1 67 83 3050 1.0 0.027616279069767442
table-0301-585 1 2 1 9 30 2278 0.5 0.00900225056264066
table-0301-818 11 2 0 40 81 19837 0.5 0.07923112986404125
table-0301-977 4 3 0 259 294 3232 1.0 0.49014972419227737
table-0301-593 5 2 0 13 16 1581 0.25 0.06204379562043796
table-0301-274 2 2 0 41 68 6499 0.3333333333333333 0.06236323851203501
table-0301-122 0 1 0 105 197 62608 0.2 0.0
table-0301-199 165 4 0 9 156 3802 0.5 8.760254188330444
table-0301-503 11 3 0 202 151 3040 0.2 0.579622641509434
table-0301-756 12 2 2 41 94 855 1.0 0.11416842338843892
table-0301-853 23 3 0 267 804 136638 0.16666666666666666 0.7459333849728892
table-0301-749 13 9 0 99 120 10214 0.5 0.24777006937561943
table-0301-315 11 4 3 84 174 1641 0.2 0.8581005586592179
table-0301-875 1 3 0 30 47 2538 1.0 0.03314647818669266
table-0301-326 3 5 0 38 79 17450 0.3333333333333333 0.047540983606557376
table-0301-952 6 3 0 46 43 10334 0.25 0.056580259222333
table-0301-963 11 4 0 1528 730 162 1.0 0.02064193910513414
table-0301-592 1 4 0 13 16 1581 0.25 0.01981230448383733
table-0301-862 17 5 0 168 139 10466 1.0 0.21484269965044367
table-0301-387 1 2 1 8 20 1095 1.0 0.021292217327459617
table-0301-622 13 3 0 1093 706 610883 0.25 0.0015588607478863683
table-0301-653 93 4 100 25 32 27617 1.0 44.69248716752217
table-0301-586 3 5 0 9 30 2278 0.5 0.18154538634658665
table-0301-138 1 4 1 104 185 1793 0.3333333333333333 0.07984790874524715
table-0301-104 6 2 0 150 74 129958 0.09090909090909091 0.031427142380793596
table-0301-14 5 1 0 78 69 8354 0.14285714285714285 0.004036164029706167
table-0301-616 14 5 0 1367 797 28145 0.2 0.04686788154897494
table-0301-113 27 3 3 4 6 1604 0.5 64.61
table-0301-769 58 3 0 15 25 1715 0.25 11.315151515151515
table-0301-42 86 8 85 99 937 179284 0.041666666666666664 2.032858707557503
table-0301-575 1 2 0 63 71 1696 0.5 0.09449929478138223
table-0301-231 9 5 5 781 740 152 1.0 0.014493334669740402
table-0301-388 11 4 0 6 48 521 1.0 1.0866141732283465
table-0301-793 3 3 0 88 89 1702 1.0 0.10018214936247723
table-0301-900 4 1 2 931 530 210119 1.0 0.005986926507422567
table-0301-536 26 8 11 74 116 855 0.25 4.907730673316708
table-0301-218 9 4 8 152 109 448204 0.16666666666666666 0.0693259385665529
table-0301-349 10 7 1 21 56 500 1.0 0.22199170124481327
table-0301-675 3 4 3 359 479 295181 0.5 0.15350877192982457
table-0301-141 0 0 0 104 185 1793 0.3333333333333333 0.0
table-0301-443 3 4 5 116 138 825 0.3333333333333333 0.20270270270270271
table-0301-518 11 4 0 228 174 4194 0.1 0.6735086593970494
table-0301-530 0 1 0 37 14 819 1.0 0.0
table-0301-892 2 3 0 195 166 44389 1.0 0.035076131544184104
table-0301-456 3 6 0 126 141 1628 0.3333333333333333 0.8895497026338148
table-0301-984 2 10 0 99 207 2379 0.125 0.020339794209140942
table-0301-124 3 5 3 105 197 62608 0.2 0.12142152023692004
table-0301-964 10 4 0 1528 730 162 1.0 0.018328025842516436
table-0301-60 65 5 0 99 937 179284 0.041666666666666664 1.3543263964950711
table-0301-277 6 3 0 146 66 80771 0.25 0.05733999524149417
table-0301-467 10 4 14 380 170 1614 1.0 0.4426481909160893
table-0301-741 2 3 0 274 296 5833 1.0 0.11391843971631206
table-0301-208 1 1 0 5 24 1120 0.3333333333333333 0.0030959752321981426
table-0301-975 14 4 0 163 141 11735 1.0 0.35851888916687513
table-0301-352 116 6 71 11 294 336 1.0 22.86085626911315
table-0301-322 9 2 0 170 197 2117 0.5 0.19413919413919414
table-0301-370 13 4 0 6 50 763 1.0 1.462686567164179
table-0301-111 11 5 5 9 25 35707 0.5 7.596774193548387
table-0301-344 20 6 0 86 123 2658 0.5 1.6421052631578947
table-0301-883 1 1 0 35 27 9616 1.0 0.030193236714975844
table-0301-825 2 5 0 209 408 1601 0.07142857142857142 0.04569420035149385
table-0301-841 7 4 0 50 44 120 1.0 0.6857923497267759
table-0301-861 7 5 0 168 139 10466 1.0 0.0887335305189567
table-0301-979 2 11 0 99 207 2379 0.125 0.01866475233309404
table-0301-57 26 3 0 99 937 179284 0.041666666666666664 0.3893756845564075
table-0301-959 10 4 0 1528 730 162 1.0 0.01878622648857935
table-0301-261 3 2 0 90 203 6287 1.0 0.33016627078384797
table-0301-136 22 9 0 120 346 1316 0.3333333333333333 1.2693298969072164
table-0301-913 1 5 2 174 195 1434 1.0 0.2791164658634538
table-0301-733 3 2 0 33 137 34187 0.1 0.09427207637231504
table-0301-922 1 2 0 28 45 2391 1.0 0.023421588594704685
table-0301-148 1 1 0 104 185 1793 0.3333333333333333 0.022813688212927757
table-0301-914 1 3 0 138 111 58930 1.0 0.026120297148334533
table-0301-272 9 18 45 87 115 4125 1.0 0.5974320241691843
table-0301-991 2 10 0 99 207 2379 0.125 0.01698971045704714
table-0301-950 10 4 7 46 43 10334 0.25 0.07427716849451645
table-0301-821 32 5 0 209 408 1601 0.07142857142857142 0.7284710017574693
table-0301-941 7 8 7 66 52 2405 0.043478260869565216 0.010830507616782226
table-0301-962 10 4 0 1528 730 162 1.0 0.018373845907122727
table-0301-126 0 1 0 162 321 79972 1.0 0.0
table-0301-117 3 6 4 38 270 5385 1.0 0.14964788732394366
table-0301-856 2 3 1 267 804 136638 0.16666666666666666 0.046475600309837335
table-0301-241 7 4 1 26 214 105329 0.045454545454545456 0.3489030431705591
table-0301-890 2 3 0 45 85 10068 0.3333333333333333 0.0161
table-0301-210 3 3 0 1233 384 1022928 0.25 0.01189792663476874
table-0301-700 6 4 4 6 40 909 0.06666666666666667 0.0767080745341615
table-0301-486 5 6 0 302 178 4964 0.07142857142857142 0.15447630193095377
table-0301-242 9 6 2 26 214 105329 0.045454545454545456 0.5980184005661713
table-0301-671 20 4 17 359 479 295181 0.5 1.0489766081871346
table-0301-580 0 1 0 22 78 193 1.0 0.0
table-0301-345 127 6 41 204 396 125447 0.5 15.337579617834395
table-0301-920 6 4 1 51 24 292281 0.3333333333333333 0.18448438978240303
table-0301-341 20 4 14 132 197 3189 0.3333333333333333 0.8449315068493151
table-0301-132 1 2 1 48 83 2242 0.5 0.02062975027144408
table-0301-494 4 7 0 231 143 5083 0.125 0.07677008750994431
table-0301-432 16 11 0 97 228 1964 0.2 0.13599099823179553
table-0301-149 0 0 0 104 185 1793 0.3333333333333333 0.0
table-0301-385 9 4 0 78 67 563 1.0 1.394648829431438
table-0301-923 29 7 60 7 70 1724 0.3333333333333333 1.2937613567534827
table-0301-765 6 4 0 144 126 142500 0.25 0.21022099447513812
table-0301-160 2 3 0 20 32 781 1.0 0.0945273631840796
table-0301-95 31 3 0 17 58 3771 1.0 0.3567476545585759
table-0301-239 11 4 6 26 214 105329 0.045454545454545456 0.7742392073602264
table-0301-403 21 6 0 21 236 1525 0.2 1.4907529722589168
table-0301-776 6 13 1 98 91 39881 1.0 0.09975485574203281
table-0301-52 31 4 0 99 937 179284 0.041666666666666664 0.5783132530120482
table-0301-757 110 4 253 3 382 211 1.0 2.5726410384423364
table-0301-695 5 4 3 6 40 909 0.06666666666666667 0.038198757763975154
table-0301-802 2 10 3 72 64 1855 0.5 0.07615658362989323
table-0301-870 21 4 41 331 206 59839 0.5 0.20927564732874468
table-0301-245 8 5 3 26 214 105329 0.045454545454545456 0.970276008492569
table-0301-670 11 4 10 359 479 295181 0.5 0.5657894736842105
table-0301-45 146 10 0 99 937 179284 0.041666666666666664 4.116100766703176
table-0301-374 1 5 2 130 284 5191 1.0 0.07583774250440917
table-0301-439 1 3 0 1035 277 970041 1.0 0.005890753302392003
table-0301-397 4 2 0 187 148 5801 0.3333333333333333 0.04870546013842605
table-0301-896 9 18 9 306 230 140 1.0 0.02460514879971229
table-0301-457 2 8 2 126 141 1628 0.3333333333333333 0.38317757009345793
table-0301-711 1 3 0 234 118 133743 1.0 0.008624502432551967
table-0301-255 2 3 0 250 383 17565 1.0 0.04319962022311892
table-0301-523 4 6 0 273 201 4220 0.14285714285714285 0.13931436907366884
table-0301-226 31 2 0 30 26 2310 0.5 1.1962699822380107
table-0301-61 31 3 0 99 937 179284 0.041666666666666664 0.5164293537787513
table-0301-554 26 5 0 242 115 11603 0.2 1.8504398826979471
table-0301-460 72 5 0 585 144 1761 1.0 3.6004911993450675
table-0301-581 1 2 0 27 50 2536 1.0 0.03194444444444444
table-0301-30 21 3 0 99 937 179284 0.041666666666666664 0.36801752464403065
table-0301-67 21 3 0 99 937 179284 0.041666666666666664 0.3904709748083242
table-0301-200 2 2 0 84 134 1691 0.5 0.0968421052631579
table-0301-92 6 8 10 62 63 2545 1.0 0.8033395176252319
table-0301-123 19 10 23 105 197 62608 0.2 2.6011846001974335
table-0301-848 8 3 3 267 804 136638 0.16666666666666666 0.23470178156467855
table-0301-742 2 2 0 65 97 24376 1.0 0.012690355329949238
table-0301-398 8 6 24 260 203 2426 1.0 0.011046548751676138
table-0301-801 1 2 1 44 64 3240 1.0 0.014604150653343582
table-0301-413 8 9 0 108 223 5392 0.16666666666666666 0.7876106194690266
table-0301-881 1 1 0 35 27 9616 1.0 0.02818035426731079
table-0301-414 17 12 0 108 223 5392 0.16666666666666666 0.6089601769911505
table-0301-165 2 8 2 13 31 759 1.0 0.30434782608695654
table-0301-889 5 2 4 45 85 10068 0.3333333333333333 0.0156
table-0301-436 2 3 0 41 38 53062 1.0 0.15633074935400518
table-0301-552 7 2 0 242 115 11603 0.2 0.06708211143695014
table-0301-851 28 3 45 267 804 136638 0.16666666666666666 0.7017815646785438
table-0301-490 10 6 0 302 178 4964 0.07142857142857142 0.2480983031012288
table-0301-196 2 3 0 6 33 713 1.0 0.02570694087403599
table-0301-437 1 2 1 29 42 3791 0.5 0.016873889875666074
table-0301-125 2 2 0 439 83 97912 0.5 0.004223729681300397
table-0301-152 50 3 0 19 91 1573 1.0 2.0269192422731805
table-0301-563 3 5 2 26 35 180 1.0 0.6018518518518519
table-0301-902 13 4 0 931 530 210119 1.0 0.0337833710061702
table-0301-59 31 4 0 99 937 179284 0.041666666666666664 0.5432639649507119
table-0301-107 5 2 0 150 74 129958 0.09090909090909091 0.012004001333777926
table-0301-629 1 2 0 25 32 27617 1.0 0.0975268315445637
table-0301-565 5 2 0 228 99 9452 0.25 0.04138259077215792
table-0301-774 18 3 0 122 194 3533 0.5 0.2782824112303881
table-0301-835 15 4 0 9 26 3856 1.0 1.5333333333333334
table-0301-251 8 5 3 26 214 105329 0.045454545454545456 0.6234961075725407
table-0301-857 74 3 10 267 804 136638 0.16666666666666666 2.147172734314485
table-0301-267 2 3 0 64 117 2675 1.0 0.26490984743411927
table-0301-248 4 10 3 26 214 105329 0.045454545454545456 0.6058032554847842
table-0301-223 1 1 0 8 15 831 0.3333333333333333 0.04556962025316456
table-0301-411 1 3 0 90 61 16432 1.0 0.08560497369679579
table-0301-270 2 2 0 36 65 3262 0.3333333333333333 0.08494783904619971
table-0301-751 10 4 13 41 94 855 1.0 0.09874625540885387
table-0301-440 3 4 5 114 139 886 0.3333333333333333 0.10955056179775281
table-0301-817 9 2 4 40 81 19837 0.5 0.054617909048288796
table-0301-292 1 3 0 307 334 13571 1.0 0.019058119388880138
table-0301-356 1 3 0 29 23 12520 1.0 0.18250539956803455
table-0301-830 1 2 1 45 100 1715 1.0 0.012109623964308477
table-0301-568 11 1 0 140 121 32020 1.0 0.17254273504273504
table-0301-729 4 5 8 26 46 2460 1.0 0.14250614250614252
table-0301-687 10 4 7 359 479 295181 0.5 0.625
table-0301-228 1 3 0 0 0 0 0.0 81.0
table-0301-268 33 3 9 59 261 16978 0.5 0.45752934155559977
table-0301-198 5 2 0 89 108 932 0.5 0.6465028355387523
table-0301-954 6 3 0 12 20 2201 0.3333333333333333 0.09859154929577464
table-0301-179 24 8 4 120 211 15714 1.0 0.640759493670886
table-0301-537 36 8 21 74 116 855 0.25 6.423940149625935
table-0301-407 28 8 25 15 227 1656 0.2 3.5458627325208467
table-0301-516 3 7 0 228 174 4194 0.1 0.08595253367543297
table-0301-156 47 3 0 12 50 1285 1.0 4.518260869565218
table-0301-879 1 1 0 35 27 9616 1.0 0.04911433172302738
table-0301-989 12 7 16 99 207 2379 0.125 0.462790141182101
table-0301-3 1 4 0 0 0 0 0.0 56.0
table-0301-858 176 3 103 267 804 136638 0.16666666666666666 4.900852052672347
table-0301-863 1 5 0 168 139 10466 1.0 0.03092229093842431
table-0301-17 31 3 0 99 937 179284 0.041666666666666664 0.5323110624315444
table-0301-296 1 5 2 72 129 1873 1.0 0.12200208550573514
table-0301-543 17 5 0 714 884 19705 0.125 0.32231769112139236
table-0301-803 1 2 0 37 54 1661 0.5 0.034482758620689655
table-0301-652 1 2 0 25 32 27617 1.0 0.08072795146990201
table-0301-990 2 11 0 99 207 2379 0.125 0.0208183776022972
table-0301-866 3 4 0 7 41 639 1.0 0.40298507462686567
table-0301-927 1 3 0 99 150 1263 0.3333333333333333 0.5869565217391305
table-0301-371 6 4 0 6 43 498 1.0 0.76875
table-0301-471 9 4 0 76 160 1694 0.25 1.1461245235069886
table-0301-207 14 6 8 5 24 1120 0.3333333333333333 0.8255933952528379
table-0301-716 10 2 0 10 55 873 0.3333333333333333 0.13532763532763534
table-0301-506 11 4 0 217 169 3395 0.16666666666666666 0.48058902275769744
table-0301-234 0 1 0 108 117 1296 0.5 0.0
table-0301-302 1 5 2 67 127 1738 1.0 0.2833333333333333
table-0301-22 31 3 0 99 937 179284 0.041666666666666664 0.5613362541073385
table-0301-166 2 3 0 7 32 806 1.0 0.051347881899871634
table-0301-888 7 4 0 48 57 12604 0.5 0.3829787234042553
table-0301-86 0 1 0 38 67 9309 0.3333333333333333 0.0
table-0301-813 4 7 6 29 72 4062 0.2 0.05866162050576294
table-0301-576 8 6 7 315 359 1415 0.3333333333333333 2.4732510288065845
table-0301-262 10 5 9 44 42 17462 0.5 0.35158371040723985
table-0301-389 1 3 0 344 167 7572 1.0 0.044309296264118156
table-0301-336 20 21 20 132 197 3189 0.3333333333333333 0.8827397260273973
table-0301-968 3 2 0 118 57 77215 0.2 0.005825242718446602
table-0301-224 6 4 7 141 146 3062 0.5 0.10348395998620213
table-0301-911 18 8 0 86 132 1045 0.3333333333333333 9.527522935779816
table-0301-985 2 12 0 99 207 2379 0.125 0.019861210815984687
table-0301-759 29 4 67 3 382 211 1.0 0.6650024962556166
table-0301-150 6 2 3 7 37 2177 1.0 0.15369649805447472
table-0301-527 10 10 0 239 295 1970 1.0 2.233160621761658
table-0301-183 6 6 0 102 223 61768 1.0 0.16634203350214258
table-0301-118 3 11 0 38 270 5385 1.0 0.21830985915492956
table-0301-996 2 11 0 99 207 2379 0.125 0.02105766929887533
table-0301-718 7 5 24 430 340 10538 0.16666666666666666 0.08380592312539382
table-0301-36 31 3 0 99 937 179284 0.041666666666666664 0.46166484118291345
table-0301-819 8 10 0 198 217 7898 0.5 0.25654281098546045
table-0301-721 1 1 1 27 27 14336 0.5 0.0
table-0301-24 21 3 0 99 937 179284 0.041666666666666664 0.37130339539978097
table-0301-951 9 4 8 46 43 10334 0.25 0.09496510468594217
table-0301-250 5 5 1 26 214 105329 0.045454545454545456 0.38287331917905165
table-0301-319 6 3 0 34 30 33172 0.5 0.13719512195121952
table-0301-76 2 5 4 24 67 1064 1.0 0.24897959183673468
table-0301-601 3 2 0 40 149 26540 0.125 0.021913005368686317
table-0301-288 12 4 0 9 71 15183 1.0 3.3615664845173043
table-0301-704 7 4 5 6 40 909 0.06666666666666667 0.06055900621118013
table-0301-898 18 11 3 931 530 210119 1.0 0.09560755085832977
table-0301-1 2 7 2 181 207 11545 1.0 0.017672692059393157
table-0301-642 1 2 0 25 32 27617 1.0 0.10079328044797013
table-0301-266 1 2 1 37 46 3473 1.0 0.026874115983026876
table-0301-988 2 10 0 99 207 2379 0.125 0.019621919119406556
table-0301-925 4 2 0 48 81 3887 0.5 0.06631762652705062
table-0301-428 4 3 0 404 314 97454 1.0 0.0239055510742832
table-0301-115 5 2 0 38 270 5385 1.0 0.10269953051643192
table-0301-696 8 4 6 6 40 909 0.06666666666666667 0.07080745341614907
table-0301-842 1 3 0 11 23 1247 1.0 0.036685902720527616
table-0301-828 7 13 1 274 254 72680 0.5 0.07047116165718928
table-0301-79 5 3 5 20 13 1619 1.0 0.39092240117130306
table-0301-974 3 6 0 163 141 11735 1.0 0.07880910683012259
table-0301-419 1 9 0 108 223 5392 0.16666666666666666 0.10564159292035398
table-0301-90 15 4 0 41 46 22712 1.0 0.02666708350267296
table-0301-435 2 2 0 29 61 4391 0.5 0.032857142857142856
table-0301-621 28 12 0 1093 706 610883 0.25 0.028114512076585912
table-0301-669 8 4 8 359 479 295181 0.5 0.347953216374269
table-0301-829 2 13 1 274 254 72680 0.5 0.013403736799350122
table-0301-27 128 11 94 99 937 179284 0.041666666666666664 3.7656078860898137
table-0301-806 18 8 27 35 48 5150 0.5 6.907834101382488
table-0301-630 1 2 0 25 32 27617 1.0 0.09006066262249184
table-0301-560 4 2 2 92 120 1222 0.5 0.0490901396529835
table-0301-608 20 11 14 111 139 1413 1.0 2.904884318766067
table-0301-108 7 3 7 150 74 129958 0.09090909090909091 0.017839279759919974
table-0301-405 40 8 1 16 206 1245 0.25 3.191981495759445
table-0301-526 11 4 0 273 201 4220 0.14285714285714285 0.7636761487964989
table-0301-106 5 2 0 150 74 129958 0.09090909090909091 0.016255418472824273
table-0301-645 1 2 0 25 32 27617 1.0 0.1026598226784881
table-0301-512 3 8 0 215 159 3165 0.14285714285714285 0.06100217864923747
table-0301-192 35 8 49 29 117 3209 1.0 5.328580686973428
table-0301-574 5 2 0 41 85 2076 0.16666666666666666 0.020718232044198894
table-0301-770 4 3 0 15 25 1715 0.25 0.9151515151515152
table-0301-815 3 3 0 113 95 4482 1.0 0.01527331189710611
table-0301-454 1 3 0 29 47 2840 1.0 0.057128152341739576
table-0301-683 1 4 1 359 479 295181 0.5 0.04312865497076023
table-0301-627 1 3 0 78 80 1407 1.0 0.12059859154929578
table-0301-34 31 3 0 99 937 179284 0.041666666666666664 0.5788608981380066
table-0301-703 5 4 3 6 40 909 0.06666666666666667 0.05714285714285714
table-0301-545 6 5 10 49 53 973 1.0 2.625
table-0301-32 66 5 0 99 937 179284 0.041666666666666664 1.3472070098576123
table-0301-957 0 1 0 226 572 937 1.0 0.0
table-0301-910 1 3 0 86 132 1045 0.3333333333333333 0.7110091743119266
table-0301-613 6 4 6 42 46 2441 0.16666666666666666 0.04626972740315639
table-0301-701 5 4 3 6 40 909 0.06666666666666667 0.043788819875776396
table-0301-681 9 4 9 359 479 295181 0.5 0.4546783625730994
table-0301-570 23 1 0 140 121 32020 1.0 0.32585470085470086
table-0301-260 3 3 0 90 203 6287 1.0 0.47980997624703087
table-0301-535 28 8 13 74 116 855 0.25 5.324189526184538
table-0301-321 4 3 0 35 66 2332 1.0 0.2671009771986971
table-0301-145 1 1 0 104 185 1793 0.3333333333333333 0.030418250950570342
table-0301-702 5 4 3 6 40 909 0.06666666666666667 0.058385093167701865
table-0301-775 9 13 1 98 91 39881 1.0 0.16198378276447295
table-0301-799 28 3 0 1417 762 178795 1.0 0.08911173423316382
table-0301-966 10 4 0 1528 730 162 1.0 0.018809136520882494
table-0301-655 1 2 0 25 32 27617 1.0 0.0970601959869342
table-0301-116 1 2 0 38 270 5385 1.0 0.04284037558685446
table-0301-271 1 5 0 24 44 1478 0.5 0.1738241308793456
table-0301-824 4 5 0 209 408 1601 0.07142857142857142 0.09270650263620386
table-0301-999 2 10 0 99 207 2379 0.125 0.0191433357262503
table-0301-584 8 6 0 163 148 1958 0.5 0.3905385002516356
table-0301-41 26 3 0 99 937 179284 0.041666666666666664 0.5049288061336255
table-0301-98 1 4 1 100 102 1364 0.5 0.18691588785046728
table-0301-276 5 4 0 146 66 80771 0.25 0.05281941470378301
table-0301-529 14 10 0 239 295 1970 1.0 3.5906735751295336
table-0301-225 1 5 2 254 153 7821 1.0 0.05175097276264591
table-0301-747 19 4 0 169 170 9952 1.0 0.13779839348342574
table-0301-705 9 4 7 6 40 909 0.06666666666666667 0.08322981366459627
table-0301-278 52 3 0 40 57 1116 0.5 18.672566371681416
table-0301-919 2 9 2 5 29 1266 0.3333333333333333 1.0
table-0301-205 17 5 0 30 121 4928 0.3333333333333333 0.7044580221769631
table-0301-520 4 6 0 265 240 4088 0.14285714285714285 0.15658602150537634
table-0301-376 4 4 0 6 41 711 1.0 0.4472049689440994
table-0301-967 10 4 0 1528 730 162 1.0 0.019427707393067425
table-0301-680 3 4 3 359 479 295181 0.5 0.14985380116959066
table-0301-844 3 4 0 8 33 640 1.0 0.2629558541266795
table-0301-253 7 4 0 811 232 846318 0.3333333333333333 0.03215479832112115
table-0301-559 12 10 0 92 120 1222 0.5 0.24037240795598816
table-0301-365 44 5 0 27 152 41529 0.25 25.04119850187266
table-0301-458 39 5 6 137 299 2210 0.5 32.048780487804876
table-0301-298 1 5 2 69 133 1659 1.0 0.11377245508982035
table-0301-362 46 5 0 27 152 41529 0.25 13.589887640449438
table-0301-373 0 1 0 67 29 4529 1.0 0.0
table-0301-308 0 1 0 19 68 1363 1.0 0.0
table-0301-468 8 4 0 79 166 3407 0.25 0.2866906474820144
table-0301-511 3 8 0 215 159 3165 0.14285714285714285 0.06666666666666667
table-0301-978 6 5 0 99 207 2379 0.125 0.20124431682220628
table-0301-363 46 5 0 27 152 41529 0.25 11.54868913857678
table-0301-480 12 11 12 74 190 1870 0.25 0.5508399646330681
table-0301-748 5 2 0 169 170 9952 1.0 0.0202511596334427
table-0301-26 31 3 0 99 937 179284 0.041666666666666664 0.7163198247535597
table-0301-343 2 2 0 86 123 2658 0.5 0.10947368421052632
table-0301-243 10 4 10 26 214 105329 0.045454545454545456 0.45364472753007784
table-0301-928 25 8 20 99 150 1263 0.3333333333333333 11.139130434782608
table-0301-119 4 9 0 38 270 5385 1.0 0.08509389671361503
table-0301-306 1 5 0 197 91 3918 0.3333333333333333 0.09497645211930926
table-0301-112 0 1 0 341 299 48113 1.0 0.0
table-0301-872 1 5 2 186 193 1935 1.0 0.06291537439078422
table-0301-909 26 5 8 5 48 653 0.5 8.280254777070065
table-0301-773 4 3 0 21 15 1487 1.0 0.5972222222222222
table-0301-257 4 3 0 78 39 6830 1.0 0.1955330804888327
table-0301-533 1 3 0 41 23 1393 1.0 0.08012048192771085
table-0301-102 9 2 0 150 74 129958 0.09090909090909091 0.03817939313104368
table-0301-961 10 4 0 1528 730 162 1.0 0.018236385713303854
table-0301-903 16 4 0 87 126 2738 0.2 3.8201634877384194
table-0301-94 17 5 7 217 232 8642 0.5 0.8209459459459459
table-0301-35 31 3 0 99 937 179284 0.041666666666666664 0.6281489594742606
table-0301-461 35 4 38 338 168 1035 1.0 1.5156037991858888
table-0301-252 26 4 19 811 232 846318 0.3333333333333333 0.10649498470512912
table-0301-316 11 4 2 84 174 1641 0.2 0.8178770949720671
table-0301-77 0 1 0 75 254 3951 0.25 0.0
table-0301-383 1 5 2 112 154 4850 1.0 0.07563025210084033
table-0301-318 1 3 0 88 102 3541 1.0 0.04899135446685879
table-0301-676 12 4 12 359 479 295181 0.5 0.597953216374269
table-0301-708 1 2 0 33 106 2076 0.25 0.019052044609665426
table-0301-139 1 4 1 104 185 1793 0.3333333333333333 0.07858048162230671
table-0301-204 15 5 0 30 121 4928 0.3333333333333333 0.5367730255713963
table-0301-335 20 11 11 132 197 3189 0.3333333333333333 0.6487671232876713
table-0301-101 6 15 7 598 210 166946 0.5 0.05714916151809356
table-0301-295 2 2 0 32 49 3425 1.0 0.048956661316211875
table-0301-837 24 4 16 134 134 25997 0.5 1.0246045694200352
table-0301-310 1 5 2 70 131 2132 1.0 0.26194690265486725
table-0301-264 77 3 0 1623 510 1006500 0.3333333333333333 0.179061747673889
table-0301-275 11 4 0 146 66 80771 0.25 0.0675707827742089
table-0301-709 3 3 0 33 106 2076 0.25 0.19470260223048327
table-0301-379 5 4 0 6 47 627 1.0 0.73125
table-0301-235 52 3 0 39 55 1285 0.5 17.38938053097345
table-0301-692 6 4 4 6 40 909 0.06666666666666667 0.06956521739130435
table-0301-958 8 4 0 1528 730 162 1.0 0.014524960480194277
table-0301-577 4 6 3 315 359 1415 0.3333333333333333 1.3786008230452675
table-0301-393 7 4 3 0 0 0 0.0 415.0
table-0301-324 1 2 1 38 79 17450 0.3333333333333333 0.010382513661202186
table-0301-269 2 2 0 36 65 3262 0.3333333333333333 0.23099850968703428
table-0301-639 1 2 0 25 32 27617 1.0 0.0970601959869342
table-0301-85 2 2 0 38 67 9309 0.3333333333333333 0.056716417910447764
table-0301-444 7 13 1 362 247 487412 1.0 0.06151724137931035
table-0301-163 25 9 36 13 38 1399 1.0 4.590490797546012
table-0301-16 31 8 0 99 937 179284 0.041666666666666664 1.3313253012048192
table-0301-937 8 8 8 66 52 2405 0.043478260869565216 0.012399412925755351
table-0301-611 8 11 0 42 46 2441 0.16666666666666666 0.16140602582496413
table-0301-993 2 10 0 99 207 2379 0.125 0.019861210815984687
table-0301-562 3 5 6 29 36 790 1.0 1.2259887005649717
table-0301-442 2 4 3 116 138 825 0.3333333333333333 0.1097972972972973
table-0301-167 2 8 3 7 32 806 1.0 0.15019255455712452
table-0301-965 11 4 0 1528 730 162 1.0 0.022039451075626017
table-0301-707 4 2 0 33 106 2076 0.25 0.05157992565055762
table-0301-553 13 10 0 242 115 11603 0.2 0.1625733137829912
table-0301-147 1 4 1 104 185 1793 0.3333333333333333 0.08998732572877059
table-0301-80 2 2 0 36 64 5052 0.3333333333333333 0.21861777150916784
table-0301-144 1 4 1 104 185 1793 0.3333333333333333 0.10012674271229405
table-0301-555 2 5 4 28 39 828 1.0 0.22641509433962265
table-0301-202 1 3 1 57 75 9212 1.0 0.006281078251766554
table-0301-172 5 7 4 381 351 34325 0.25 0.07250232805640548
table-0301-7 1 3 0 42 79 2662 1.0 0.06356137797185832
table-0301-615 39 5 2 1367 797 28145 0.2 0.14023348519362186
table-0301-684 1 4 1 359 479 295181 0.5 0.04678362573099415
table-0301-846 105 3 0 267 804 136638 0.16666666666666666 3.2579395817195973
table-0301-109 4 3 4 150 74 129958 0.09090909090909091 0.013337779259753251
table-0301-380 16 4 0 7 53 404 1.0 2.2448275862068967
table-0301-582 44 6 0 111 115 50153 1.0 5.115528414755733
table-0301-826 8 2 0 209 408 1601 0.07142857142857142 0.1234622144112478
table-0301-477 11 11 11 73 171 1953 0.25 0.4396355353075171
table-0301-539 13 2 0 714 884 19705 0.125 0.11896893588896233
table-0301-908 1 5 2 170 195 1512 1.0 0.24342105263157895
table-0301-358 6 5 12 113 215 9931 1.0 0.06919685643089898
table-0301-646 1 2 0 25 32 27617 1.0 0.09659356042930471
table-0301-976 1 5 0 163 141 11735 1.0 0.06429822366775081
table-0301-736 26 3 0 33 137 34187 0.1 2.083532219570406
table-0301-643 1 2 0 25 32 27617 1.0 0.11525898273448437
table-0301-674 9 4 9 359 479 295181 0.5 0.4780701754385965
table-0301-43 26 3 0 99 937 179284 0.041666666666666664 0.47480832420591457
table-0301-66 21 3 0 99 937 179284 0.041666666666666664 0.32146768893756844
table-0301-873 1 3 0 137 374 1525 1.0 0.03367003367003367
table-0301-82 0 1 0 36 64 5052 0.3333333333333333 0.0
table-0301-367 1 3 0 34 44 4010 0.5 0.05392620624408704
table-0301-482 12 11 12 87 197 1736 0.25 1.0380165289256198
table-0301-391 66 7 187 152 178 800 1.0 1.2028451001053742
table-0301-934 1 5 1 351 442 2836 0.14285714285714285 0.06713505074160812
table-0301-289 14 4 0 9 71 15183 1.0 5.328779599271402
table-0301-354 26 6 20 11 294 336 1.0 3.5718654434250765
table-0301-547 2 5 2 27 38 723 1.0 1.894736842105263
table-0301-449 3 3 0 97 149 11517 0.3333333333333333 0.0677731673582296
table-0301-351 4 2 3 41 60 1783 0.5 0.17789072426937738
table-0301-714 1 3 0 13 15 1132 1.0 0.28448275862068967
table-0301-885 5 2 0 52 58 3740 0.3333333333333333 0.04172510518934081
table-0301-980 2 8 0 99 207 2379 0.125 0.01722900215362527
table-0301-100 4 3 0 598 210 166946 0.5 0.014011473962930274
table-0301-834 14 4 0 9 26 3856 1.0 1.4028985507246376
table-0301-217 119 7 214 428 172 14023 0.5 7.605137395459976
table-0301-378 1 3 0 0 0 0 0.0 206.0
table-0301-606 4 2 4 23 39 1295 1.0 0.06675843083275981
table-0301-473 12 5 0 131 28 98299 0.5 0.1459403905447071
table-0301-133 2 6 1 48 83 2242 0.5 0.21064060803474485
table-0301-297 1 5 2 68 126 1946 1.0 0.13908045977011493
table-0301-723 7 4 2 6 65 5291 1.0 0.09238924649753881
table-0301-660 66 4 22 13 87 2645 0.14285714285714285 3.3706624605678233
table-0301-847 4 4 1 267 804 136638 0.16666666666666666 0.24864446165762974
table-0301-808 3 6 0 470 269 27459 0.3333333333333333 0.061391223155929035
table-0301-431 9 2 0 97 228 1964 0.2 0.09178588651342227
table-0301-347 16 2 0 87 70 15442 0.5 0.051865099642309655
table-0301-48 31 3 0 99 937 179284 0.041666666666666664 0.531763417305586
table-0301-564 10 4 0 228 99 9452 0.25 0.20738861582368798
table-0301-246 5 5 5 26 214 105329 0.045454545454545456 0.31139419674451524
table-0301-434 3 2 2 29 61 4391 0.5 0.04047619047619048
table-0301-731 2 7 0 33 137 34187 0.1 0.38066825775656327
table-0301-129 10 10 0 5851 434 247280 1.0 0.024285714285714285
table-0301-175 4 7 6 78 210 550 0.2 0.26120162932790225
table-0301-558 2 5 4 24 34 153 1.0 0.3379721669980119
table-0301-21 31 3 0 99 937 179284 0.041666666666666664 1.1100766703176341
table-0301-720 1 2 1 5 18 216 1.0 0.017641597028783658
table-0301-33 95 11 0 99 937 179284 0.041666666666666664 3.049288061336254
table-0301-422 15 9 0 108 223 5392 0.16666666666666666 1.4524336283185841
table-0301-259 6 3 0 90 203 6287 1.0 1.007125890736342
table-0301-424 14 9 0 108 223 5392 0.16666666666666666 1.3678097345132743
table-0301-201 24 6 0 84 134 1691 0.5 2.185263157894737
table-0301-654 1 2 0 25 32 27617 1.0 0.0970601959869342
table-0301-364 48 5 0 27 152 41529 0.25 13.599250936329588
table-0301-831 4 6 4 9 26 3856 1.0 0.4115942028985507
table-0301-893 6 4 0 17 31 425 1.0 0.10520023909145249
table-0301-184 6 7 0 102 223 61768 1.0 0.14048500194779898
table-0301-426 3 5 2 234 413 46217 1.0 0.00528084493518963
table-0301-664 8 2 0 13 87 2645 0.14285714285714285 0.3304416403785489
table-0301-780 1 3 0 14 21 5377 0.25 0.04002690884628322
table-0301-25 25 3 0 99 937 179284 0.041666666666666664 0.5032858707557503
table-0301-782 0 1 0 56 73 24448 0.3333333333333333 0.0
table-0301-738 1 3 1 337 301 383 1.0 0.08430232558139535
table-0301-924 2 2 1 48 81 3887 0.5 0.03664921465968586
table-0301-178 11 4 11 78 210 550 0.2 0.3273930753564155
table-0301-185 6 7 0 102 223 61768 1.0 0.14803272302298404
table-0301-10 9 3 0 78 69 8354 0.14285714285714285 0.03890862124636745
table-0301-719 5 4 0 430 340 10538 0.16666666666666666 0.09514807813484562
table-0301-688 8 4 7 359 479 295181 0.5 0.41154970760233917
table-0301-395 10 3 2 187 148 5801 0.3333333333333333 0.1594462958215842
table-0301-638 1 2 0 25 32 27617 1.0 0.08772748483434438
table-0301-283 16 4 0 9 71 15183 1.0 4.877049180327869
table-0301-588 4 6 10 130 193 15888 0.25 1.6202090592334495
table-0301-689 5 4 4 359 479 295181 0.5 0.3033625730994152
table-0301-992 2 11 0 99 207 2379 0.125 0.019382627422828428
table-0301-694 6 4 4 6 40 909 0.06666666666666667 0.04565217391304348
table-0301-832 7 3 0 9 26 3856 1.0 0.6289855072463768
table-0301-484 0 1 0 773 351 86772 1.0 0.0
table-0301-567 26 6 0 228 99 9452 0.25 2.7442524179483114
table-0301-372 6 3 0 301 134 103105 0.5 0.030973451327433628
table-0301-445 3 13 1 362 247 487412 1.0 0.020597701149425288
table-0301-408 21 6 6 15 227 1656 0.2 1.0628608082103912
table-0301-63 26 3 0 99 937 179284 0.041666666666666664 0.40470974808324206
table-0301-764 11 4 10 144 126 142500 0.25 0.18839779005524862
table-0301-641 1 2 0 25 32 27617 1.0 0.09239384041063929
table-0301-464 20 9 18 9 20 136 1.0 0.3521173724574858
table-0301-213 1 2 1 6 27 1675 1.0 0.021111111111111112
table-0301-430 7 2 0 97 228 1964 0.2 0.07217489149654396
table-0301-359 1 5 2 129 285 5968 1.0 0.10053722179585571
table-0301-496 4 7 0 231 143 5083 0.125 0.07478122513922036
table-0301-195 28 8 41 31 65 1750 1.0 3.2142857142857144
table-0301-222 14 6 12 8 15 831 0.3333333333333333 0.7455696202531645
table-0301-854 43 3 9 267 804 136638 0.16666666666666666 1.3020914020139427
table-0301-986 2 11 0 99 207 2379 0.125 0.020100502512562814
table-0301-263 6 3 0 1623 510 1006500 0.3333333333333333 0.013338538616695947
table-0301-811 6 8 8 29 72 4062 0.2 0.2432478926543953
table-0301-20 31 3 0 99 937 179284 0.041666666666666664 0.5125958378970427
table-0301-164 2 3 0 13 31 759 1.0 0.08423913043478261
table-0301-746 30 10 0 312 325 2335 0.16666666666666666 0.6099201345102985
table-0301-89 15 4 0 41 46 22712 1.0 0.028261481226748368
table-0301-864 27 4 19 17 31 3770 0.3333333333333333 0.42408846383741783
table-0301-628 1 2 0 25 32 27617 1.0 0.0970601959869342
table-0301-605 8 3 0 14 32 1693 0.5 0.19103194103194104
table-0301-693 7 4 5 6 40 909 0.06666666666666667 0.05745341614906832
table-0301-151 15 3 0 17 23 784 1.0 1.1286173633440515
table-0301-891 3 5 0 45 85 10068 0.3333333333333333 0.0199
table-0301-38 51 4 0 99 937 179284 0.041666666666666664 0.963855421686747
table-0301-766 4 4 0 144 126 142500 0.25 0.08176795580110498
table-0301-804 12 7 0 130 77 1648 0.3333333333333333 2.8990384615384617
table-0301-394 5 4 0 187 148 5801 0.3333333333333333 0.10997180210202512
table-0301-211 17 12 2 1232 384 1022928 0.25 0.030303030303030304
table-0301-307 1 5 2 66 128 416 1.0 0.25045703839122485
table-0301-728 2 2 0 532 408 135606 0.5 0.004496821212591099
table-0301-788 7 6 0 168 292 1702 0.125 0.24713641096841374
table-0301-612 3 5 0 42 46 2441 0.16666666666666666 0.08142037302725968
table-0301-290 3 3 0 78 117 29168 1.0 0.0559232743482372
table-0301-970 4 2 0 118 57 77215 0.2 0.007766990291262136
table-0301-942 6 8 6 66 52 2405 0.043478260869565216 0.010324409130016702
table-0301-916 11 4 0 100 153 668 1.0 1.0342356687898089
table-0301-384 10 4 0 7 47 514 1.0 1.1348600508905853
table-0301-771 7 3 0 32 34 1435 0.5 0.47058823529411764
table-0301-691 15 4 14 359 479 295181 0.5 0.7675438596491229
table-0301-525 4 6 0 273 201 4220 0.14285714285714285 0.17578409919766594
table-0301-339 4 6 0 132 197 3189 0.3333333333333333 0.15123287671232877
table-0301-772 0 1 0 46 63 4725 1.0 0.0
table-0301-794 22 2 0 258 274 125611 0.3333333333333333 0.2781197537772804
table-0301-404 25 8 18 16 206 1245 0.25 4.567463377023901
table-0301-157 18 8 19 12 50 1285 1.0 3.7982608695652176
table-0301-162 24 3 0 13 38 1399 1.0 2.4846625766871164
table-0301-169 1 8 2 15 16 712 1.0 0.4725274725274725
table-0301-648 1 2 0 25 32 27617 1.0 0.0975268315445637
table-0301-342 3 5 6 131 298 5090 1.0 0.11653999276149113
table-0301-29 21 3 0 99 937 179284 0.041666666666666664 0.3652792990142388
table-0301-865 4 7 3 147 175 2285 0.5 0.10533515731874145
table-0301-625 1 4 1 3 382 4015 0.1 0.022466300549176237
table-0301-583 1 3 0 20 19 561 1.0 0.1566994700984103
table-0301-604 27 4 1 40 149 26540 0.125 0.16445710529199078
table-0301-220 1 4 1 152 109 448204 0.16666666666666666 0.011945392491467578
table-0301-238 3 7 2 26 214 105329 0.045454545454545456 0.39419674451521586
table-0301-134 37 8 27 30 71 5016 1.0 2.4892830746489283
table-0301-433 3 6 0 43 34 2765 0.2 0.1583295089490592
table-0301-956 2 14 0 1673 749 94080 0.3333333333333333 0.027292807649248085
table-0301-798 2 2 0 33 50 19433 0.5 0.04548286604361371
table-0301-859 86 3 77 267 804 136638 0.16666666666666666 2.2873741285824942
table-0301-566 13 10 0 228 99 9452 0.25 0.14333280482004124
table-0301-334 5 2 0 23 55 668 0.2 0.10615711252653928
table-0301-330 3 2 0 20 59 682 0.16666666666666666 0.07305306685044796
table-0301-227 52 3 0 37 65 1160 0.5 22.495575221238937
table-0301-37 26 3 0 99 937 179284 0.041666666666666664 0.48028477546549836
table-0301-589 61 3 3 130 193 15888 0.25 14.425087108013937
table-0301-188 0 1 0 31 36 1473 1.0 0.0
table-0301-93 18 10 0 378 416 1972 0.5 1.8776978417266188
table-0301-635 1 2 0 25 32 27617 1.0 0.08772748483434438
table-0301-416 2 3 1 108 223 5392 0.16666666666666666 0.07577433628318585
table-0301-822 16 5 0 209 408 1601 0.07142857142857142 0.37126537785588754
table-0301-131 1 5 2 172 33 6195 1.0 0.010797546012269938
table-0301-412 3 6 0 108 223 5392 0.16666666666666666 0.19966814159292035
table-0301-23 31 3 0 99 937 179284 0.041666666666666664 0.5169769989047097
table-0301-544 9 5 0 714 884 19705 0.125 0.17338620841595065
table-0301-357 4 10 0 113 215 9931 1.0 0.030189764232317423
table-0301-69 31 3 0 99 937 179284 0.041666666666666664 0.619934282584885
table-0301-18 31 3 0 99 937 179284 0.041666666666666664 0.524644030668127
table-0301-128 12 5 0 392 203 18695 0.5 0.040687679083094556
table-0301-739 9 4 4 64 79 999 1.0 0.45718577866800203
table-0301-159 2 8 2 21 25 958 1.0 0.33185840707964603
table-0301-193 1 3 0 89 103 2092 1.0 0.06516750803120698
table-0301-651 1 2 0 25 32 27617 1.0 0.08819412039197387
table-0301-796 2 4 0 258 274 125611 0.3333333333333333 0.009886215258347323
table-0301-791 4 3 6 163 209 5984 0.5 0.011013215859030838
table-0301-495 4 7 0 231 143 5083 0.125 0.07398568019093078
table-0301-812 10 7 5 29 72 4062 0.2 0.19834852915878204
table-0301-15 11 2 0 78 69 8354 0.14285714285714285 0.011139812721989021
table-0301-838 18 3 0 83 59 6191 0.25 0.8053511705685619
table-0301-375 3 4 0 6 40 485 1.0 0.32
table-0301-971 6 5 10 34 56 6422 0.5 0.2587728298789247
table-0301-332 10 7 1 23 55 668 0.2 0.22929936305732485
table-0301-710 5 3 0 94 124 1874 0.3333333333333333 0.015201900237529691
table-0301-282 16 4 0 9 71 15183 1.0 3.9326047358834244
table-0301-233 4 2 2 108 117 1296 0.5 0.05329648637978682
table-0301-532 2 5 0 41 23 1393 1.0 0.10903614457831326
table-0301-943 6 8 6 66 52 2405 0.043478260869565216 0.010577458373399464
table-0301-400 24 8 21 21 236 1525 0.2 3.2747688243064728
table-0301-206 2 4 0 14 15 1319 0.5 0.07779171894604768
table-0301-46 21 3 0 99 937 179284 0.041666666666666664 0.296276013143483
table-0301-78 146 4 1 75 254 3951 0.25 63.44805194805195
table-0301-659 1 2 0 25 32 27617 1.0 0.0975268315445637
table-0301-83 1 3 0 91 97 3047 1.0 0.034830430797433545
table-0301-333 4 8 2 23 55 668 0.2 0.0927105449398443
table-0301-415 2 3 0 108 223 5392 0.16666666666666666 0.08130530973451328
table-0301-534 1 2 1 41 97 0 1.0 0.010479867622724766
table-0301-452 3 3 0 97 149 11517 0.3333333333333333 0.09163208852005532
table-0301-121 2 5 1 9 16 1727 0.5 0.13963963963963963
table-0301-240 7 4 6 26 214 105329 0.045454545454545456 0.389242745930644
table-0301-381 8 4 0 77 63 764 1.0 1.0
table-0301-510 3 8 0 215 159 3165 0.14285714285714285 0.06143790849673202
table-0301-194 31 3 0 31 65 1750 1.0 2.454887218045113
table-0301-209 6 12 0 1232 384 1022928 0.25 0.026443381180223286
table-0301-599 2 5 3 40 149 26540 0.125 0.010408677550126
table-0301-182 8 3 0 209 106 269070 0.25 0.13523131672597866
table-0301-598 8 14 5 40 149 26540 0.125 0.11800153391037581
table-0301-6 1 3 0 9 589 4620 1.0 0.01116774096837056
table-0301-127 60 10 99 162 321 79972 1.0 3.5240066225165565
table-0301-448 1 2 1 97 149 11517 0.3333333333333333 0.00656984785615491
table-0301-497 11 3 0 231 143 5083 0.125 0.2832140015910899
table-0301-897 39 6 40 36 168 4727 0.5 8.10482180293501
table-0301-521 6 6 0 265 240 4088 0.14285714285714285 0.23723118279569894
table-0301-619 0 1 0 121 174 17856 1.0 0.0
table-0301-256 2 6 1 25 43 1429 0.5 0.5743801652892562
table-0301-4 0 1 0 47 25 290790 1.0 0.0
table-0301-177 7 4 9 78 210 550 0.2 0.40427698574338083
table-0301-87 3 3 0 41 46 22712 1.0 0.0013130334198268047
table-0301-446 1 3 0 78 35 1266 1.0 0.06793478260869565
table-0301-303 2 8 0 34 94 12509 0.5 0.07597173144876325
table-0301-915 1 5 2 174 197 1397 1.0 0.28735632183908044
table-0301-760 36 4 100 3 382 211 1.0 0.7958062905641538
table-0301-173 32 15 0 381 351 34325 0.25 0.41239856325661833
table-0301-933 3 5 6 351 442 2836 0.14285714285714285 0.20140515222482436
table-0301-839 3 2 0 83 59 6191 0.25 0.05418060200668896
table-0301-291 53 9 64 12 94 6366 0.5 2.7386124737210933
table-0301-602 18 7 0 40 149 26540 0.125 0.12337022022570396
table-0301-955 3 10 0 1673 749 94080 0.3333333333333333 0.0314684256709734
table-0301-578 30 10 0 319 252 3186 1.0 0.3379520901831846
table-0301-595 1 3 0 13 16 1581 0.25 0.0735140771637122
table-0301-871 20 2 20 331 206 59839 0.5 0.10357259914782038
table-0301-827 6 9 7 54 67 11238 0.5 0.5683615819209039
table-0301-698 6 4 4 6 40 909 0.06666666666666667 0.05683229813664596
table-0301-637 1 2 0 25 32 27617 1.0 0.09006066262249184
table-0301-51 46 4 0 99 937 179284 0.041666666666666664 0.8723986856516976
table-0301-869 9 4 0 8 47 472 1.0 0.8486238532110092
table-0301-587 48 11 298 130 193 15888 0.25 16.766550522648085
table-0301-281 1 2 0 27 43 2398 1.0 0.024918743228602384
table-0301-64 21 3 0 99 937 179284 0.041666666666666664 0.35815991237677985
table-0301-74 1 2 0 42 67 15109 0.3333333333333333 0.018487394957983194
table-0301-531 0 1 0 322 278 121 1.0 0.0
table-0301-886 5 2 0 52 58 3740 0.3333333333333333 0.043478260869565216
table-0301-186 5 2 0 140 101 98246 0.5 0.02131782945736434
table-0301-244 12 4 3 26 214 105329 0.045454545454545456 0.6468506723283793
table-0301-849 3 4 0 267 804 136638 0.16666666666666666 0.15956622773044152
table-0301-377 1 5 2 128 281 3952 1.0 0.09224806201550388
table-0301-81 2 2 0 36 64 5052 0.3333333333333333 0.08039492242595205
table-0301-327 2 2 0 35 35 17968 1.0 0.1286231884057971
table-0301-609 20 21 20 111 139 1413 1.0 4.60668380462725
table-0301-11 6 2 0 78 69 8354 0.14285714285714285 0.008072328059412335
table-0301-140 1 1 0 104 185 1793 0.3333333333333333 0.035487959442332066
table-0301-475 43 4 2 197 215 5282 0.5 2.4287484510532837
table-0301-197 2 8 4 6 33 713 1.0 0.15038560411311053
table-0301-840 2 4 0 83 59 6191 0.25 0.044816053511705686
table-0301-752 10 3 6 41 94 855 1.0 0.09075779429712637
table-0301-673 4 4 4 359 479 295181 0.5 0.21271929824561403
table-0301-360 1 1 0 545 394 7357 1.0 0.0032035069971337042
table-0301-820 2 2 1 34 34 2435 1.0 0.03686006825938567
table-0301-744 31 6 29 90 122 31463 0.5 0.336168691922802
table-0301-273 2 2 0 41 68 6499 0.3333333333333333 0.16958424507658643
table-0301-541 25 5 0 714 884 19705 0.125 0.4694866710729236
table-0301-470 8 11 8 79 166 3407 0.25 0.1553956834532374
table-0301-767 1 3 0 12 17 2004 1.0 0.42783505154639173
table-0301-508 4 7 0 257 161 3270 0.16666666666666666 0.10978043912175649
table-0301-657 1 2 0 25 32 27617 1.0 0.08912739150723285
table-0301-753 12 2 3 41 94 855 1.0 0.07799844668811716
table-0301-938 8 8 8 66 52 2405 0.043478260869565216 0.012450022774431904
table-0301-617 10 4 0 1367 797 28145 0.2 0.038154897494305236
table-0301-763 41 4 40 144 126 142500 0.25 0.5845303867403315
table-0301-781 0 1 0 56 73 24448 0.3333333333333333 0.0
table-0301-874 4 2 0 31 40 1993 0.5 0.047865459249676584
table-0301-258 6 2 4 34 54 7274 1.0 0.18960244648318042
table-0301-784 1 4 0 158 345 16773 0.5 0.013623424156161041
table-0301-522 11 4 0 265 240 4088 0.14285714285714285 0.821236559139785
table-0301-361 16 4 0 27 152 41529 0.25 2.749063670411985
table-0301-901 10 4 0 931 530 210119 1.0 0.02718553363064329
table-0301-905 31 6 0 87 126 2738 0.2 1.978201634877384
table-0301-455 2 4 0 26 25 1400 0.5 1.2609819121447028
table-0301-969 2 2 0 118 57 77215 0.2 0.015533980582524271
table-0301-487 5 6 0 302 178 4964 0.07142857142857142 0.1398478642480983
table-0301-158 2 3 0 21 25 958 1.0 0.10619469026548672
table-0301-649 1 2 0 25 32 27617 1.0 0.08212785814279049
table-0301-715 1 7 1 49 51 756 1.0 0.06035731530661516
table-0301-610 8 9 0 42 46 2441 0.16666666666666666 0.1129842180774749
table-0301-807 10 3 0 13 71 4403 1.0 0.046349259757738896
table-0301-423 13 9 0 108 223 5392 0.16666666666666666 1.2771017699115044
table-0301-945 8 8 8 66 52 2405 0.043478260869565216 0.014373197024140898
table-0301-944 7 8 7 66 52 2405 0.043478260869565216 0.012652462169138115
table-0301-550 2 5 4 26 32 240 1.0 0.2853598014888337
table-0301-814 10 3 0 27 104 5146 0.5 0.09298269153361062
table-0301-143 0 0 0 104 185 1793 0.3333333333333333 0.0
table-0301-618 7 4 0 1367 797 28145 0.2 0.025968109339407745
table-0301-591 3 3 0 5 26 624 1.0 0.4161490683229814
table-0301-142 1 1 0 104 185 1793 0.3333333333333333 0.043092522179974654
table-0301-203 3 3 0 97 197 26094 1.0 0.13715359323626117
table-0301-338 2 5 0 132 197 3189 0.3333333333333333 0.059726027397260274
table-0301-548 6 7 5 47 43 2264 0.5 0.6432491767288694
table-0301-62 31 3 0 99 937 179284 0.041666666666666664 0.5815991237677984
table-0301-489 5 6 0 302 178 4964 0.07142857142857142 0.16559391456992392
table-0301-91 1 3 0 43 33 3255 1.0 0.062058526740666
table-0301-717 3 3 0 10 55 873 0.3333333333333333 0.06196581196581197
table-0301-513 11 4 0 215 159 3165 0.14285714285714285 0.4501089324618736
table-0301-329 4 8 2 20 59 682 0.16666666666666666 0.0957960027567195
table-0301-551 10 4 0 242 115 11603 0.2 0.23075513196480937
table-0301-285 16 4 0 9 71 15183 1.0 4.0683060109289615
table-0301-724 5 4 0 6 65 5291 1.0 0.11472926921620598
table-0301-287 14 4 0 9 71 15183 1.0 4.558287795992714
table-0301-860 1 6 0 168 139 10466 1.0 0.048668997042215646
table-0301-219 23 4 0 152 109 448204 0.16666666666666666 0.45285836177474403
table-0301-572 5 2 0 41 85 2076 0.16666666666666666 0.020718232044198894
table-0301-221 16 1 0 52 30 14957 0.5 0.19940476190476192
table-0301-451 2 2 0 97 149 11517 0.3333333333333333 0.01867219917012448
table-0301-524 4 6 0 273 201 4220 0.14285714285714285 0.1611962071480671
table-0301-939 7 8 7 66 52 2405 0.043478260869565216 0.01174148489296017
table-0301-54 31 3 0 99 937 179284 0.041666666666666664 0.6785323110624315
table-0301-930 1 6 1 351 442 2836 0.14285714285714285 0.13895394223263074
table-0301-810 6 2 0 224 93 43433 0.3333333333333333 0.10076594051526908
table-0301-542 41 5 0 714 884 19705 0.125 0.7911434236615995
table-0301-325 1 3 0 38 79 17450 0.3333333333333333 0.003278688524590164
table-0301-105 25 2 0 150 74 129958 0.09090909090909091 0.062104034678226075
table-0301-53 140 10 0 99 937 179284 0.041666666666666664 4.104052573932092
table-0301-690 13 4 11 359 479 295181 0.5 0.7105263157894737
table-0301-328 10 7 1 20 59 682 0.16666666666666666 0.1909028256374914
table-0301-745 5 3 0 20 25 996 1.0 0.6135802469135803
table-0301-417 5 9 0 108 223 5392 0.16666666666666666 0.15652654867256638
table-0301-894 7 2 0 306 230 140 1.0 0.006173764497857164
table-0301-727 12 3 0 210 191 62730 0.3333333333333333 0.008242370238360436
table-0301-65 31 3 0 99 937 179284 0.041666666666666664 0.4654983570646221
table-0301-995 2 11 0 99 207 2379 0.125 0.019861210815984687
table-0301-504 4 7 0 217 169 3395 0.16666666666666666 0.09103078982597054
table-0301-168 1 3 0 15 16 712 1.0 0.038461538461538464
table-0301-13 6 2 0 78 69 8354 0.14285714285714285 0.005327736519212141
table-0301-309 0 1 0 19 68 1363 1.0 0.0
table-0301-284 12 4 0 9 71 15183 1.0 3.2431693989071038
table-0301-279 21 4 1 245 153 32733 0.5 0.2952850293020778
table-0301-369 1 5 2 131 281 3244 1.0 0.0866540164452878
table-0301-438 2 2 0 29 42 3791 0.5 0.07371225577264653
table-0301-171 7 7 7 556 427 146789 0.3333333333333333 0.051309084519416626
table-0301-58 133 10 0 99 937 179284 0.041666666666666664 3.737130339539978
table-0301-214 52 3 0 45 64 1371 0.5 24.946902654867255
table-0301-459 38 2 0 14 30 2098 0.5 3.6140350877192984
table-0301-932 4 5 8 351 442 2836 0.14285714285714285 0.1647150663544106
table-0301-876 1 5 2 179 204 2486 1.0 0.09481361426256078
table-0301-656 1 2 0 25 32 27617 1.0 0.0970601959869342
table-0301-350 4 8 2 21 56 500 1.0 0.12240663900414937
table-0301-868 7 3 0 1145 396 9642 1.0 0.016244228776029396
table-0301-538 1 2 1 41 117 0 1.0 0.011425135297654841
table-0301-758 36 4 103 3 382 211 1.0 0.7294058911632552
table-0301-49 21 4 0 99 937 179284 0.041666666666666664 0.3543263964950712
table-0301-293 7 3 0 59 142 3123 1.0 0.025374855824682813
table-0301-917 9 2 0 100 153 668 1.0 0.3375796178343949
table-0301-800 4 2 2 173 73 14044 0.5 0.27972027972027974
table-0301-396 23 12 32 187 148 5801 0.3333333333333333 0.32273775954883366
table-0301-778 5 2 0 14 21 5377 0.25 0.04238143289606458
table-0301-594 4 2 0 13 16 1581 0.25 0.053180396246089674
table-0301-366 44 5 0 27 152 41529 0.25 24.694756554307116
table-0301-410 25 6 2 15 227 1656 0.2 1.659397049390635
table-0301-949 7 8 7 66 52 2405 0.043478260869565216 0.012601852320461562
table-0301-792 0 1 0 210 205 48526 1.0 0.0
table-0301-99 5 5 0 36 28 13346 0.5 1.229580573951435
table-0301-904 16 4 0 87 126 2738 0.2 3.8664850136239783
table-0301-425 6 8 21 234 413 46217 1.0 0.018322931669067052
table-0301-469 8 11 8 79 166 3407 0.25 0.15467625899280577
table-0301-68 31 3 0 99 937 179284 0.041666666666666664 0.6785323110624315
table-0301-493 5 7 0 231 143 5083 0.125 0.08870326173428798
table-0301-153 49 8 105 19 91 1573 1.0 3.390827517447657
table-0301-294 52 3 0 38 58 1123 0.5 20.123893805309734
table-0301-603 1 2 0 40 149 26540 0.125 0.003396515832146379
table-0301-750 0 1 0 284 283 6733 1.0 0.0
table-0301-833 13 4 0 9 26 3856 1.0 1.1333333333333333
table-0301-644 1 2 0 25 32 27617 1.0 0.09472701819878675
table-0301-647 1 2 0 25 32 27617 1.0 0.09286047596826878
table-0301-795 6 2 0 258 274 125611 0.3333333333333333 0.027979854504756575
table-0301-785 13 5 7 52 66 5553 1.0 0.37525218560860796
table-0301-907 5 2 0 87 126 2738 0.2 0.2724795640326976
table-0301-120 6 6 0 205 251 1694 0.5 0.4078091106290672
table-0301-170 12 6 0 556 427 146789 0.3333333333333333 0.11562115621156212
table-0301-948 7 8 7 66 52 2405 0.043478260869565216 0.012601852320461562
table-0301-368 1 5 2 128 240 4068 1.0 0.08151835718730553
table-0301-740 6 3 0 64 79 999 1.0 0.3900851276915373
table-0301-305 1 5 0 197 91 3918 0.3333333333333333 0.09497645211930926
table-0301-500 11 2 0 204 132 3497 0.2 0.18092252575011195
table-0301-624 202 6 435 3 382 4015 0.1 8.659011482775837
table-0301-661 44 2 0 13 87 2645 0.14285714285714285 1.639589905362776
table-0301-515 4 7 0 228 174 4194 0.1 0.11738293778062861
table-0301-190 9 3 0 29 39 1206 1.0 0.5624142661179699
table-0301-466 32 4 33 380 170 1614 1.0 1.5365665896843725
table-0301-19 30 4 0 99 937 179284 0.041666666666666664 1.2059145673603504
table-0301-620 14 3 8 121 174 17856 1.0 0.22750424448217318
table-0301-982 2 12 0 99 207 2379 0.125 0.0191433357262503
table-0301-662 2 2 0 13 87 2645 0.14285714285714285 0.062302839116719244
table-0301-994 2 12 0 99 207 2379 0.125 0.01675041876046901
table-0301-301 1 5 2 69 128 1647 1.0 0.3414043583535109
table-0301-463 6 5 13 336 176 1498 1.0 0.19716494845360824
table-0301-569 32 1 0 140 121 32020 1.0 0.5117521367521367
table-0301-479 12 4 0 74 190 1870 0.25 1.0521662245800176
table-0301-8 0 1 0 663 684 1634 1.0 0.0
table-0301-855 6 3 0 267 804 136638 0.16666666666666666 0.18590240123934934
table-0301-640 1 2 0 25 32 27617 1.0 0.09939337377508166
table-0301-895 0 1 0 306 230 140 1.0 0.0
table-0301-997 2 13 0 99 207 2379 0.125 0.019382627422828428
table-0301-265 1 3 0 31 57 2450 1.0 0.0279796511627907
table-0301-579 0 1 0 319 252 3186 1.0 0.0
table-0301-280 2 2 0 34 63 1899 0.5 0.17734553775743708
table-0301-191 9 7 15 29 39 1206 1.0 1.2743484224965707
table-0301-110 4 2 0 150 74 129958 0.09090909090909091 0.013337779259753251
table-0301-73 2 2 0 42 67 15109 0.3333333333333333 0.13025210084033614
table-0301-658 1 2 0 25 32 27617 1.0 0.09099393373775082
table-0301-499 5 7 0 204 132 3497 0.2 0.09986565158978952
table-0301-983 2 10 0 99 207 2379 0.125 0.02105766929887533
table-0301-884 19 3 21 35 27 9616 1.0 4.88768115942029
table-0301-155 15 3 2 131 219 35437 0.25 0.06753582334977684
table-0301-421 16 9 0 108 223 5392 0.16666666666666666 1.579646017699115
table-0301-323 5 5 12 299 317 16067 1.0 0.06653123412899949
table-0301-312 1 1 0 84 174 1641 0.2 0.03128491620111732
table-0301-447 0 1 0 0 0 0 0.0 0.0
table-0301-632 1 2 0 25 32 27617 1.0 0.09146056929538031
