table_id rows cols nulls inlinks outlinks views table_imp table_fraction
table-0204-248 4 3 0 19 33 6206 1.0 0.017124298789489224
table-0204-752 1 3 1 29 63 1155 0.2 0.01998974884674526
table-0204-601 9 11 9 71 131 1907 0.3333333333333333 0.06738383385626774
table-0204-574 4 6 8 102 211 6261 0.25 0.007709447415329768
table-0204-443 20 11 6 40 138 795 0.25 3.3838383838383836
table-0204-165 0 1 0 66 69 6306 1.0 0.0
table-0204-740 3 3 0 94 145 1530 1.0 0.011057692307692308
table-0204-949 3 2 0 218 120 151333 0.3333333333333333 0.01468061846009683
table-0204-323 0 1 0 174 68 73312 0.16666666666666666 0.0
table-0204-816 10 9 18 302 156 26437 0.2 0.24909828674481516
table-0204-839 1 11 0 1164 414 90220 0.25 0.01158214325874283
table-0204-480 14 3 0 2429 560 168667 0.14285714285714285 0.18091271278522275
table-0204-846 1 3 0 23 116 0 1.0 0.1480484522207268
table-0204-79 0 0 0 176 201 2692 1.0 0.0
table-0204-771 8 5 6 530 146 54447 0.125 0.2764456981664316
table-0204-765 18 12 0 181 164 7506 0.5 0.43711265038279257
table-0204-452 1 4 0 53 69 7697 1.0 0.0869177624247827
table-0204-902 2 4 0 26 53 3282 0.1111111111111111 0.10054559625876851
table-0204-39 25 19 143 148 175 2686 0.16666666666666666 1.3568429890848026
table-0204-599 1 2 0 560 267 30269 0.25 0.015279899986109182
table-0204-927 6 2 0 206 260 16589 0.3333333333333333 0.019141710404445816
table-0204-708 38 11 0 71 212 2630 0.06666666666666667 0.7086063783311489
table-0204-713 0 1 0 71 212 2630 0.06666666666666667 0.0
table-0204-788 5 6 17 175 243 103986 0.2 0.012949868912369905
table-0204-172 2 3 0 12 33 1068 1.0 0.21293103448275863
table-0204-983 17 5 0 985 413 433641 0.3333333333333333 0.018494843603511463
table-0204-925 0 1 0 126 92 25211 1.0 0.0
table-0204-820 2 2 0 60 87 3914 0.5 0.18895348837209303
table-0204-950 2 3 0 218 120 151333 0.3333333333333333 0.022177104482273936
table-0204-127 2 2 0 98 152 16926 0.3333333333333333 0.009839357429718875
table-0204-417 21 7 0 128 597 28352 1.0 1.443298969072165
table-0204-266 58 2 0 14 91 1599 0.5 19.56756756756757
table-0204-155 0 1 0 6 32 296 1.0 0.0
table-0204-506 2 2 2 272 256 10647 0.08333333333333333 0.043037974683544304
table-0204-975 10 15 0 130 268 2574 0.09090909090909091 0.6379668049792531
table-0204-658 13 13 0 118 118 12996 0.3333333333333333 0.09866774323778765
table-0204-723 1 3 0 133 148 2517 1.0 0.07132459970887918
table-0204-375 6 7 4 574 324 30940 0.0625 0.03829787234042553
table-0204-433 2 2 0 16 30 1598 0.5 0.05970149253731343
table-0204-887 2 6 0 251 445 13419 0.3333333333333333 0.0072633552014995315
table-0204-175 7 9 0 114 213 2014 0.06666666666666667 0.1500783699059561
table-0204-257 3 2 0 18 159 4882 0.25 0.00982928091050181
table-0204-11 1 2 1 19 34 2628 0.5 0.011522134627046696
table-0204-587 4 12 1 45 206 13838 0.3333333333333333 0.2053941908713693
table-0204-273 0 1 0 389 257 287792 1.0 0.0
table-0204-470 24 4 10 180 226 3980 0.047619047619047616 0.30030800821355236
table-0204-942 3 4 0 73 147 10112 1.0 0.04281767955801105
table-0204-852 4 4 3 43 59 973 1.0 0.39078498293515357
table-0204-392 10 4 0 190 135 68103 0.2 0.06044222078760491
table-0204-30 4 4 0 4 115 1254 0.07142857142857142 0.28638059701492535
table-0204-580 5 23 23 532 497 18165 0.16666666666666666 0.21925486317177711
table-0204-119 2 6 0 253 448 14712 0.3333333333333333 0.001927021818859949
table-0204-106 2 5 0 253 448 14712 0.3333333333333333 0.0014918878597625412
table-0204-395 8 5 8 207 217 7253 1.0 0.8063186813186813
table-0204-564 8 4 0 73 96 8475 1.0 0.1411764705882353
table-0204-787 5 2 0 175 243 103986 0.2 0.008659728291093986
table-0204-264 11 3 0 691 426 215336 0.3333333333333333 0.014354066985645933
table-0204-935 10 6 0 296 463 34690 0.5 1.2096069868995634
table-0204-856 2 3 0 56 52 4488 1.0 0.11404399323181048
table-0204-482 0 0 0 11 13 6233 1.0 0.0
table-0204-903 2 4 0 26 53 3282 0.1111111111111111 0.1083398285268901
table-0204-991 12 4 0 207 196 19883 0.25 0.05547719793135872
table-0204-764 2 2 2 96 127 10817 0.5 0.0036700308616231547
table-0204-562 2 5 4 91 144 1303 1.0 0.13098729227761485
table-0204-571 1 5 0 73 96 8475 1.0 0.03768693918245264
table-0204-848 1 3 0 23 116 0 1.0 0.0955585464333782
table-0204-384 1 1 0 158 76 1849 1.0 0.10038610038610038
table-0204-174 1 2 0 41 62 5638 0.5 0.09615384615384616
table-0204-753 1 3 0 29 63 1155 0.2 0.019477191184008202
table-0204-710 23 10 0 71 212 2630 0.06666666666666667 0.39711664482306686
table-0204-251 1 2 0 10 25 3162 0.5 0.04063604240282685
table-0204-831 1 3 0 91 98 1857 1.0 0.06449422946367957
table-0204-446 5 2 0 469 540 50172 0.5 0.004039195152965817
table-0204-130 19 3 0 2300 297 1011507 0.16666666666666666 0.007393746905042433
table-0204-751 1 5 0 29 63 1155 0.2 0.04715530497180933
table-0204-841 0 0 0 1164 414 90220 0.25 0.0
table-0204-142 34 9 55 41 249 1152 0.5 2.1145413870246084
table-0204-465 11 9 28 180 226 3980 0.047619047619047616 0.11105407255304586
table-0204-529 0 1 0 381 730 118 1.0 0.0
table-0204-401 6 3 0 457 368 26981 1.0 0.26322498406628425
table-0204-180 12 5 0 114 213 2014 0.06666666666666667 0.2511755485893417
table-0204-135 6 11 16 96 182 234 1.0 0.1332547169811321
table-0204-87 20 4 0 110 148 7156 0.5 0.17227518088893992
table-0204-707 82 6 0 71 212 2630 0.06666666666666667 2.308431629532547
table-0204-961 4 4 3 48 65 489 0.14285714285714285 0.2296137339055794
table-0204-265 0 1 0 12 24 2050 0.3333333333333333 0.0
table-0204-526 14 7 11 22 94 9017 0.5 0.4832881662149955
table-0204-104 2 5 0 253 448 14712 0.3333333333333333 0.0016162118480760863
table-0204-855 0 1 0 306 233 87017 0.25 0.0
table-0204-209 22 7 0 118 215 2202 0.1111111111111111 0.1857557490511275
table-0204-427 15 3 0 367 483 14159 0.2 0.09960225389459729
table-0204-471 24 4 12 180 226 3980 0.047619047619047616 0.34787816563997265
table-0204-178 10 5 0 114 213 2014 0.06666666666666667 0.2029780564263323
table-0204-896 12 4 1 79 515 23910 1.0 0.07601097248031148
table-0204-308 2 6 0 248 429 12352 0.3333333333333333 0.004341317365269461
table-0204-214 1 3 0 24 48 2896 1.0 0.06403940886699508
table-0204-32 3 4 3 4 115 1254 0.07142857142857142 0.146455223880597
table-0204-328 6 10 5 161 90 1996 0.5 0.10690335305719921
table-0204-95 27 13 68 232 243 28617 0.25 0.1822127525252525
table-0204-659 4 3 0 118 118 12996 0.3333333333333333 0.0020993136859103756
table-0204-993 57 3 0 2913 583 459159 0.25 0.054424669524429384
table-0204-575 10 2 0 102 211 6261 0.25 0.01265597147950089
table-0204-153 28 14 30 555 419 78497 0.25 0.26857827770606674
table-0204-881 2 6 0 251 445 13419 0.3333333333333333 0.006794751640112465
table-0204-33 8 4 10 4 115 1254 0.07142857142857142 0.353544776119403
table-0204-59 13 7 26 46 81 542 0.5 10.581967213114755
table-0204-941 14 6 12 206 181 9034 0.25 0.09236612933110988
table-0204-813 25 9 25 302 156 26437 0.2 0.6557709648331831
table-0204-626 60 8 0 15 88 549 0.5 26.65813953488372
table-0204-763 3 3 0 123 242 5079 1.0 0.05912233667278115
table-0204-715 48 7 0 46 487 3138 0.1111111111111111 24.491484184914842
table-0204-838 5 3 0 1164 414 90220 0.25 0.0032235091270287493
table-0204-784 3 2 0 33 52 2462 0.5 0.23017902813299232
table-0204-34 8 4 11 4 115 1254 0.07142857142857142 0.36007462686567165
table-0204-227 0 0 0 116 165 13508 0.3333333333333333 0.0
table-0204-348 1 1 0 157 59 650 1.0 0.19594594594594594
table-0204-861 4 4 3 76 89 179 1.0 0.2719594594594595
table-0204-923 3 3 0 89 63 3034 1.0 0.6107142857142858
table-0204-305 2 6 0 248 429 12352 0.3333333333333333 0.004341317365269461
table-0204-882 2 6 0 251 445 13419 0.3333333333333333 0.006794751640112465
table-0204-727 2 6 0 118 210 12518 0.2 0.04515543453596551
table-0204-421 6 2 0 110 196 18991 1.0 0.0018163471241170535
table-0204-316 11 13 23 1270 1139 116059 0.5 0.048078153662386415
table-0204-296 2 6 0 248 429 12352 0.3333333333333333 0.004191616766467066
table-0204-437 9 11 0 172 258 36224 0.14285714285714285 0.04639594826806548
table-0204-419 2 3 0 65 79 15956 1.0 0.3232394366197183
table-0204-256 3 4 0 18 159 4882 0.25 0.0128039317123642
table-0204-986 3 5 4 98 195 216 1.0 0.052818991097922846
table-0204-109 2 6 0 253 448 14712 0.3333333333333333 0.001802697830546404
table-0204-624 9 3 0 94 274 2874 0.041666666666666664 0.19037199124726478
table-0204-674 0 1 0 81 226 3893 0.06666666666666667 0.0
table-0204-749 8 5 0 13 108 788 0.08333333333333333 0.31730237700386954
table-0204-866 10 2 7 25 52 12680 1.0 0.08061966487511855
table-0204-349 6 12 5 158 59 1546 1.0 1.9383561643835616
table-0204-247 4 3 0 55 126 2154 1.0 0.054987565625863495
table-0204-488 14 4 0 104 123 4536 0.3333333333333333 0.18982300884955752
table-0204-776 3 2 0 530 146 54447 0.125 0.056417489421720736
table-0204-451 0 1 0 53 69 7697 1.0 0.0
table-0204-677 0 1 0 81 226 3893 0.06666666666666667 0.0
table-0204-642 1 2 1 18 51 20568 1.0 0.009895833333333333
table-0204-326 12 4 0 301 153 3915 0.5 0.5884557721139431
table-0204-735 10 8 0 287 261 51169 0.5 0.16460730441118432
table-0204-169 93 4 0 336 364 7079 0.5 12.992125984251969
table-0204-35 10 3 0 10 6 4413 0.5 0.837772397094431
table-0204-502 4 9 4 272 256 10647 0.08333333333333333 0.0379746835443038
table-0204-128 7 3 0 152 203 3628 1.0 0.2196765498652291
table-0204-657 9 4 0 813 224 64036 0.5 0.09000478240076519
table-0204-354 8 3 7 105 109 16930 0.16666666666666666 0.08216241962371994
table-0204-111 2 6 0 253 448 14712 0.3333333333333333 0.0016162118480760863
table-0204-955 16 2 0 140 169 2168 0.3333333333333333 0.09025641025641026
table-0204-836 6 3 0 1164 414 90220 0.25 0.005060159676149781
table-0204-535 1 3 0 73 44 4903 1.0 0.03868887694787748
table-0204-226 16 2 0 116 165 13508 0.3333333333333333 0.22542056074766356
table-0204-51 12 4 0 237 155 2719 1.0 0.44126506024096385
table-0204-297 2 6 0 248 429 12352 0.3333333333333333 0.0038922155688622755
table-0204-268 9 6 0 340 302 42939 0.5 0.17264522101365426
table-0204-454 15 2 0 155 195 1600 0.25 0.06145436475070399
table-0204-66 7 3 0 306 354 10643 0.5 0.7931456548347613
table-0204-630 0 1 0 14 24 22582 0.3333333333333333 0.0
table-0204-531 0 1 0 293 510 209 1.0 0.0
table-0204-700 3 5 3 762 213 2170 1.0 0.07959814528593509
table-0204-546 5 6 0 95 254 3080 0.041666666666666664 0.0409588084710263
table-0204-750 7 3 0 29 63 1155 0.2 0.12147616606868272
table-0204-278 1 3 0 89 155 6291 1.0 0.30498533724340177
table-0204-63 1 3 0 70 108 2360 1.0 0.05814512253724171
table-0204-215 37 4 2 30 57 4534 0.5 2.3942122186495176
table-0204-91 6 21 6 1108 565 950317 0.25 0.008083295415004951
table-0204-343 152 5 156 607 925 347956 0.5 55.78588235294118
table-0204-149 2 3 2 18 64 760 1.0 0.11440984793627806
table-0204-428 14 14 42 367 483 14159 0.2 0.4874047066622473
table-0204-200 2 9 0 118 211 1584 0.125 0.05128205128205128
table-0204-578 2 16 0 532 497 18165 0.16666666666666666 0.03214638971315529
table-0204-380 1 2 1 471 176 44577 0.16666666666666666 0.01820633850303439
table-0204-204 2 3 0 23 78 1880 1.0 0.07520067596113224
table-0204-245 22 4 18 250 181 70900 0.5 0.14774774774774774
table-0204-242 3 6 0 250 181 70900 0.5 0.02072072072072072
table-0204-311 2 6 0 248 429 12352 0.3333333333333333 0.004341317365269461
table-0204-334 1 1 0 157 85 1826 0.5 0.016004742145820983
table-0204-27 7 4 6 4 115 1254 0.07142857142857142 0.37966417910447764
table-0204-527 0 1 0 327 527 200 1.0 0.0
table-0204-302 2 6 0 248 429 12352 0.3333333333333333 0.004041916167664671
table-0204-42 1 2 1 10 29 1731 1.0 0.02119815668202765
table-0204-457 6 3 0 47 45 2379 1.0 0.2608283275371483
table-0204-622 58 4 59 94 274 2874 0.041666666666666664 0.7422805737904207
table-0204-359 8 5 0 244 208 14090 1.0 1.0080256821829856
table-0204-530 1 1 0 299 151 56244 1.0 0.005195704883962591
table-0204-94 1 3 0 18 57 1273 0.5 0.01042287075640262
table-0204-504 4 9 4 272 256 10647 0.08333333333333333 0.038818565400843885
table-0204-814 47 9 55 302 156 26437 0.2 1.314697926059513
table-0204-14 2 2 0 44 67 1614 0.5 0.019360516280434146
table-0204-696 19 6 0 242 271 135 1.0 1.1347222222222222
table-0204-357 1 1 0 158 60 1753 1.0 0.1793103448275862
table-0204-968 13 6 0 130 268 2574 0.09090909090909091 2.5051867219917012
table-0204-889 2 6 0 251 445 13419 0.3333333333333333 0.006326148078725398
table-0204-860 3 4 2 47 47 985 1.0 0.42385786802030456
table-0204-301 0 0 0 248 429 12352 0.3333333333333333 0.0
table-0204-827 3 3 0 102 117 1800 1.0 0.017857142857142856
table-0204-620 5 6 0 94 274 2874 0.041666666666666664 0.04011670313639679
table-0204-703 1 5 0 71 212 2630 0.06666666666666667 0.04237658366098733
table-0204-508 6 9 5 272 256 10647 0.08333333333333333 0.09873417721518987
table-0204-606 16 4 0 18 65 2407 0.5 1.1367759944173064
table-0204-364 4 9 0 244 208 14090 1.0 0.29213483146067415
table-0204-877 2 7 0 251 445 13419 0.3333333333333333 0.007029053420805998
table-0204-57 346 6 892 213 277 96661 0.1111111111111111 15.288300835654596
table-0204-361 4 5 0 244 208 14090 1.0 0.42375601926163725
table-0204-732 4 3 0 65 71 1130 1.0 0.025689561925365062
table-0204-464 107 29 1 180 226 3980 0.047619047619047616 1.2967145790554415
table-0204-922 4 3 0 17 16 985 1.0 0.10193255020841228
table-0204-145 20 7 15 459 398 98931 0.25 0.12860122906917743
table-0204-150 1 4 1 18 64 760 1.0 0.05286024619840695
table-0204-637 17 9 0 50 83 72743 0.5 0.6516166060837957
table-0204-712 4 3 0 71 212 2630 0.06666666666666667 0.145478374836173
table-0204-992 26 2 0 160 188 1505 0.5 0.17310832879695154
table-0204-231 29 5 1 230 27 10185 0.3333333333333333 1.4250980392156862
table-0204-791 0 1 0 73 84 19503 0.5 0.0
table-0204-878 2 6 0 251 445 13419 0.3333333333333333 0.006560449859418931
table-0204-513 0 1 0 70 91 8953 0.3333333333333333 0.0
table-0204-641 2 5 2 27 23 11304 1.0 0.031322505800464036
table-0204-612 10 3 0 157 92 12880 0.5 0.1486146095717884
table-0204-67 1 3 0 67 177 4771 1.0 0.003785940857464443
table-0204-755 1 3 0 8 38 506 1.0 0.05092911218169305
table-0204-2 16 10 2 61 21 2018 0.5 3.5706521739130435
table-0204-603 20 2 0 238 204 14076 1.0 0.31006925945657965
table-0204-661 18 2 0 184 147 11595 0.5 0.1664925113200975
table-0204-835 4 2 0 35 55 3442 0.5 0.18383311603650587
table-0204-350 1 1 0 158 59 1546 1.0 0.1780821917808219
table-0204-555 11 5 0 738 717 85606 0.5 0.020578893213438913
table-0204-761 2 8 0 285 493 53824 0.25 0.01691948658109685
table-0204-809 100 5 176 952 475 135912 0.07692307692307693 0.8853569567483064
table-0204-352 96 4 146 105 109 16930 0.16666666666666666 0.8756846868301976
table-0204-462 24 4 12 180 226 3980 0.047619047619047616 0.33059548254620125
table-0204-566 6 3 0 73 96 8475 1.0 0.13200398803589233
table-0204-694 10 4 0 241 264 165 1.0 1.2
table-0204-1 2 3 0 23 34 1569 1.0 0.22357019064124783
table-0204-56 31 6 48 213 277 96661 0.1111111111111111 1.5027855153203342
table-0204-515 4 3 0 1019 271 126447 0.5 0.043454284768942315
table-0204-246 5 3 0 43 77 2558 0.3333333333333333 0.08022462896109106
table-0204-999 5 3 0 100 121 3707 1.0 0.17198177676537585
table-0204-332 2 3 0 316 306 27507 0.5 0.0025159224462507476
table-0204-4 1 6 0 283 271 61745 0.25 0.00547645125958379
table-0204-680 10 4 9 90 150 1845 1.0 0.6780487804878049
table-0204-146 1 3 0 259 298 3443 1.0 0.057441253263707574
table-0204-491 45 4 25 1140 483 3393850 1.0 0.07264314369073668
table-0204-13 4 14 0 37 39 10827 0.5 0.7043673012318029
table-0204-747 1 4 0 13 108 788 0.08333333333333333 0.016030956329463792
table-0204-697 10 4 0 242 271 135 1.0 0.9930555555555556
table-0204-714 48 7 0 46 487 3138 0.1111111111111111 19.535279805352797
table-0204-136 3 6 0 128 119 3214 0.25 0.2217343578485181
table-0205-1000 4 4 4 48 70 862 0.14285714285714285 0.23050259965337955
table-0204-690 1 3 0 17 40 11768 0.5 0.019065190651906518
table-0204-113 2 6 0 253 448 14712 0.3333333333333333 0.0016162118480760863
table-0204-487 4 4 0 108 137 4985 0.3333333333333333 0.028556457951270632
table-0204-15 0 1 0 96 110 72477 1.0 0.0
table-0204-78 10 1 0 176 201 2692 1.0 0.03054784145417824
table-0204-363 4 9 0 244 208 14090 1.0 0.24237560192616373
table-0204-822 13 21 34 407 647 23289 0.125 0.7253050886483997
table-0204-110 2 7 0 253 448 14712 0.3333333333333333 0.0019891838130167215
table-0204-456 1 3 0 34 94 43424 1.0 0.01528812230497844
table-0204-746 1 4 0 13 108 788 0.08333333333333333 0.018794914317302378
table-0204-920 3 3 0 241 202 16338 1.0 0.016032521810624402
table-0204-807 28 7 7 54 67 5529 0.5 6.049900199600798
table-0204-221 2 1 0 168 144 47478 1.0 0.016317991631799162
table-0204-82 20 6 24 100 141 336159 0.25 0.2309798106535873
table-0204-863 35 6 84 239 289 2490 1.0 0.9873994638069705
table-0204-43 3 6 0 0 0 0 0.0 489.0
table-0204-378 4 9 2 471 176 44577 0.16666666666666666 0.08496291301416048
table-0204-12 5 5 4 19 34 2628 0.5 0.18859915100060642
table-0204-551 4 2 0 95 254 3080 0.041666666666666664 0.06004188969048173
table-0204-475 2 3 0 6 53 725 1.0 0.11510791366906475
table-0204-330 1 1 0 161 90 1996 0.5 0.011439842209072978
table-0204-267 4 3 0 239 339 6106 0.3333333333333333 0.350210970464135
table-0204-523 13 3 0 290 467 64010 0.25 0.00855431993156544
table-0204-196 2 8 0 136 235 1787 0.125 0.08022922636103152
table-0204-50 10 10 7 237 155 2719 1.0 0.6573795180722891
table-0204-69 20 5 0 251 278 89495 1.0 2.9947460595446587
table-0204-16 0 1 0 381 613 217 1.0 0.0
table-0204-133 3 3 0 163 186 943 0.5 0.03821656050955414
table-0204-790 4 2 0 73 84 19503 0.5 0.043295019157088124
table-0204-3 3 2 0 61 83 1813 0.5 0.16586768935762225
table-0204-640 24 4 0 27 23 11304 1.0 0.3213457076566125
table-0204-568 2 12 0 73 96 8475 1.0 0.03728813559322034
table-0204-539 16 4 0 1431 479 1425817 1.0 0.06284937768306618
table-0204-58 21 4 13 213 277 96661 0.1111111111111111 1.4832869080779945
table-0204-579 15 25 58 532 497 18165 0.16666666666666666 0.8348170128585559
table-0204-667 0 1 0 81 226 3893 0.06666666666666667 0.0
table-0204-112 5 7 0 253 448 14712 0.3333333333333333 0.019891838130167216
table-0204-100 1 2 1 121 205 13565 1.0 0.006150857882809971
table-0204-75 1 1 0 116 181 322982 0.3333333333333333 0.018363273453093812
table-0204-785 5 15 0 175 243 103986 0.2 0.09692539922141892
table-0204-731 3 3 0 68 102 944 1.0 0.011524530786960816
table-0204-604 2 2 2 31 69 639 1.0 0.0189498618239242
table-0204-382 8 10 7 158 76 1849 1.0 1.4517374517374517
table-0204-423 52 8 120 652 641 55466 0.5 0.3640792465086067
table-0204-876 2 6 0 251 445 13419 0.3333333333333333 0.0072633552014995315
table-0204-556 20 4 28 349 413 28719 0.125 0.13502009931425868
table-0204-473 17 8 30 371 321 269049 0.08333333333333333 0.08439080240435073
table-0204-366 2 4 0 574 324 30940 0.0625 0.06638297872340425
table-0204-164 126 4 78 97 420 13694 0.5 4.936998854524628
table-0204-250 12 2 0 28 37 1367 0.5 0.2453416149068323
table-0204-762 4 10 0 285 493 53824 0.25 0.02085764294049008
table-0204-298 2 6 0 248 429 12352 0.3333333333333333 0.004191616766467066
table-0204-235 7 2 0 325 215 198449 0.3333333333333333 0.015263617826973493
table-0204-931 5 7 0 129 141 2131 0.1111111111111111 0.22826086956521738
table-0204-613 1 1 0 18 15 963 0.5 0.0018248175182481751
table-0204-37 17 7 0 148 175 2686 0.16666666666666666 1.401343408900084
table-0204-425 6 3 0 31 24 1707 1.0 0.7878504672897196
table-0204-356 7 11 6 158 60 1753 1.0 2.2896551724137932
table-0204-492 8 4 0 107 152 4517 0.3333333333333333 0.07586206896551724
table-0204-274 1 2 0 9 16 614 1.0 0.14578005115089515
table-0204-718 75 7 0 46 487 3138 0.1111111111111111 31.51824817518248
table-0204-115 2 6 0 253 448 14712 0.3333333333333333 0.0017405358363896315
table-0204-400 20 3 0 201 217 994 1.0 0.13124879366917583
table-0204-406 1 3 0 1388 566 1271337 1.0 0.003077444993699719
table-0204-222 4 2 0 1052 575 65750 1.0 0.005399034257252576
table-0204-938 2 12 0 296 463 34690 0.5 0.015041242115477924
table-0204-897 1 3 0 148 167 3266 1.0 0.029300841311285176
table-0204-151 1 5 2 139 244 3077 1.0 0.08985024958402663
table-0204-865 14 4 0 48 57 6512 1.0 0.19112874143526867
table-0204-716 48 7 0 46 487 3138 0.1111111111111111 19.090024330900242
table-0204-557 19 4 23 349 413 28719 0.125 0.14861669425396073
table-0204-444 3 3 0 55 46 1391 0.5 0.03561387066541706
table-0204-988 0 1 0 76 104 10333 1.0 0.0
table-0204-291 100 4 52 234 163 44293 0.3333333333333333 1.1374407582938388
table-0204-244 22 4 19 250 181 70900 0.5 0.1527027027027027
table-0204-41 6 19 6 148 175 2686 0.16666666666666666 0.3434089000839631
table-0204-193 25 7 0 136 235 1787 0.125 1.319484240687679
table-0204-720 24 7 0 46 487 3138 0.1111111111111111 14.812652068126521
table-0204-726 3 5 0 92 179 1579 0.2 0.3203817314246762
table-0204-976 6 5 0 50 82 3030 1.0 0.2729636048526863
table-0204-176 1 8 0 114 213 2014 0.06666666666666667 0.01371473354231975
table-0204-744 1 5 0 13 108 788 0.08333333333333333 0.017689331122166942
table-0204-632 8 6 0 57 69 3807 0.5 0.4093686354378819
table-0204-192 5 6 2 136 235 1787 0.125 0.17478510028653296
table-0204-974 10 15 0 130 268 2574 0.09090909090909091 0.6504149377593361
table-0204-621 2 9 0 94 274 2874 0.041666666666666664 0.021152443471918306
table-0204-411 18 2 0 139 199 1887 0.5 0.11867280213126664
table-0204-489 2 9 1 156 195 713 1.0 0.005598914149983034
table-0204-559 21 4 25 349 413 28719 0.125 0.15973043272641285
table-0204-825 2 3 0 407 647 23289 0.125 0.026018880957863227
table-0204-964 4 4 3 48 65 489 0.14285714285714285 0.23605150214592274
table-0204-929 6 1 0 129 141 2131 0.1111111111111111 0.05952380952380952
table-0204-68 2 3 0 12 30 1566 1.0 0.1565017261219793
table-0204-64 1 3 0 130 176 7684 1.0 0.03219656852361788
table-0204-869 24 12 0 239 160 40033 0.3333333333333333 0.2702551685602533
table-0204-124 14 9 0 37 83 3918 0.5 0.10938296787353391
table-0204-585 135 4 86 107 268 25474 0.3333333333333333 12.27962085308057
table-0204-355 13 3 6 105 109 16930 0.16666666666666666 0.24315313169802333
table-0204-686 7 7 23 36 59 443 1.0 0.6072106261859582
table-0204-671 6 10 0 81 226 3893 0.06666666666666667 0.1234472049689441
table-0204-665 6 3 0 202 289 3362 0.5 1.3272394881170018
table-0204-325 1 3 0 101 190 5659 1.0 0.006944444444444444
table-0204-558 20 4 27 349 413 28719 0.125 0.13549302435563962
table-0204-458 0 1 0 20 23 1575 1.0 0.0
table-0204-691 1 3 0 11 50 1071 1.0 0.05911602209944752
table-0204-666 24 4 0 81 226 3893 0.06666666666666667 0.765916149068323
table-0204-201 17 7 0 118 211 1584 0.125 0.4455994455994456
table-0204-99 1 3 0 139 198 21476 1.0 0.036395759717314485
table-0204-810 31 2 0 952 475 135912 0.07692307692307693 0.5484627410109432
table-0204-236 2 3 0 325 215 198449 0.3333333333333333 0.013166326827847364
table-0204-826 1 3 0 22 26 875 1.0 0.256198347107438
table-0204-675 0 1 0 81 226 3893 0.06666666666666667 0.0
table-0204-803 7 3 0 33 28 2219 1.0 0.36113499570077384
table-0204-729 16 3 0 124 477 5114 0.3333333333333333 0.09369433558959743
table-0204-943 18 8 3 292 257 114622 0.5 0.162786029706945
table-0204-389 9 10 8 161 73 1984 1.0 1.7490494296577948
table-0204-319 50 4 16 174 68 73312 0.16666666666666666 0.6727445695259235
table-0204-205 7 8 0 118 215 2202 0.1111111111111111 0.08126814020986828
table-0204-758 1 2 0 34 52 1493 1.0 0.17132867132867133
table-0204-684 6 5 5 66 84 1020 1.0 1.234
table-0204-372 4 10 4 574 324 30940 0.0625 0.04723404255319149
table-0204-607 50 5 28 251 377 58056 0.2 0.11431371837223654
table-0204-97 3 7 3 232 243 28617 0.25 0.025962752525252524
table-0204-299 10 9 28 248 429 12352 0.3333333333333333 0.17889221556886228
table-0204-163 1 3 1 18 64 306 1.0 0.05430847212165098
table-0204-969 6 15 38 130 268 2574 0.09090909090909091 0.16390041493775934
table-0204-490 4 2 0 156 195 713 1.0 0.020699015948422123
table-0204-55 103 6 111 213 277 96661 0.1111111111111111 4.887883008356546
table-0204-875 2 6 0 251 445 13419 0.3333333333333333 0.007029053420805998
table-0204-880 4 10 4 251 445 13419 0.3333333333333333 0.06373008434864105
table-0204-532 2 5 4 503 663 3239 1.0 0.15779467680608364
table-0204-522 39 2 0 434 501 14165 0.5 0.14528234453180844
table-0204-615 7 9 0 94 274 2874 0.041666666666666664 0.08947240457087284
table-0204-946 1 3 0 17 42 1553 1.0 0.09298998569384835
table-0204-857 6 4 3 111 96 317 1.0 1.242544731610338
table-0204-472 40 4 20 180 226 3980 0.047619047619047616 0.5367898699520877
table-0204-239 50 2 2 311 193 49630 0.25 0.4750348351137947
table-0204-460 20 4 10 180 226 3980 0.047619047619047616 0.2655715263518138
table-0204-906 24 11 0 208 154 24975 0.25 0.363783909111987
table-0204-122 2 7 0 253 448 14712 0.3333333333333333 0.001927021818859949
table-0204-478 8 4 0 2429 560 168667 0.14285714285714285 0.02028250633828323
table-0204-469 24 4 12 180 226 3980 0.047619047619047616 0.29021218343600275
table-0204-899 1 4 0 26 53 3282 0.1111111111111111 0.06391270459859703
table-0204-263 9 4 9 691 426 215336 0.3333333333333333 0.018924058397742607
table-0204-628 1 2 1 35 75 2638 1.0 0.014285714285714285
table-0204-521 2 2 0 663 109 152600 0.2 0.03561004086398132
table-0204-269 0 1 0 84 85 15300 1.0 0.0
table-0204-823 29 9 1 407 647 23289 0.125 0.22991020032235782
table-0204-911 6 4 6 12 279 8473 1.0 0.9473684210526315
table-0204-507 6 9 6 272 256 10647 0.08333333333333333 0.06835443037974684
table-0204-742 4 5 0 13 108 788 0.08333333333333333 0.07462686567164178
table-0204-589 10 2 3 408 290 234262 0.25 0.024202733485193622
table-0204-44 5 2 0 39 47 16346 0.5 0.2837988826815642
table-0204-429 18 11 72 367 483 14159 0.2 0.2467683128936029
table-0204-660 19 4 0 340 557 2963 0.3333333333333333 0.9425517702070808
table-0204-709 5 12 0 71 212 2630 0.06666666666666667 0.11183923110528615
table-0204-702 1 3 0 62 411 4113 1.0 0.015541264737406217
table-0204-594 104 3 0 75 218 1385 0.5 25.29242819843342
table-0204-728 5 7 0 118 210 12518 0.2 0.07011572498298162
table-0204-898 12 4 0 26 53 3282 0.1111111111111111 1.034294621979735
table-0204-147 1 3 1 18 64 760 1.0 0.0608254887762491
table-0204-672 1 6 1 81 226 3893 0.06666666666666667 0.01591614906832298
table-0204-980 4 4 3 46 68 469 0.14285714285714285 0.11931243680485339
table-0204-88 100 7 0 0 0 0 0.0 10019.0
table-0204-182 17 6 0 114 213 2014 0.06666666666666667 0.24059561128526646
table-0204-608 18 7 0 251 377 58056 0.2 0.1121356227538389
table-0204-793 8 6 0 338 164 9028 0.5 0.31616982836495033
table-0204-989 2 12 0 207 196 19883 0.25 0.028208744710860368
table-0204-351 2 3 0 43 109 20057 1.0 0.04086245870283429
table-0204-212 2 8 0 118 215 2202 0.1111111111111111 0.013842375530252289
table-0204-775 1 2 1 530 146 54447 0.125 0.010225669957686883
table-0204-733 4 3 0 66 75 1029 1.0 0.025510204081632654
table-0204-303 2 6 0 248 429 12352 0.3333333333333333 0.004041916167664671
table-0204-760 17 9 0 285 493 53824 0.25 0.13608518086347723
table-0204-275 11 2 0 93 145 0 1.0 0.3271428571428571
table-0204-449 36 3 6 84 122 542 0.3333333333333333 6.74036850921273
table-0204-45 5 2 0 10 7 4648 1.0 1.4427860696517414
table-0204-542 2 2 0 95 254 3080 0.041666666666666664 0.03467535489876658
table-0204-486 15 4 0 111 174 5933 0.25 0.06928333068488797
table-0204-590 3 3 0 408 290 234262 0.25 0.0047693621867881545
table-0204-799 1 3 0 40 23 2161 1.0 0.0847457627118644
table-0204-223 14 3 0 1052 575 65750 1.0 0.020987795140869167
table-0204-74 10 4 4 2258 500 125277 1.0 0.04470419358146211
table-0204-233 13 2 6 325 215 198449 0.3333333333333333 0.01939994174191669
table-0204-310 2 6 0 248 429 12352 0.3333333333333333 0.004341317365269461
table-0204-243 21 4 17 250 181 70900 0.5 0.13993993993993994
table-0204-317 20 9 41 320 116 205900 0.5 0.05933536010063948
table-0204-459 30 2 0 180 226 3980 0.047619047619047616 0.027720739219712527
table-0204-162 8 4 0 103 206 46157 0.5 0.0783224818077365
table-0204-524 5 10 0 290 467 64010 0.25 0.014285714285714285
table-0204-466 24 4 0 180 226 3980 0.047619047619047616 0.7559890485968515
table-0204-796 10 6 0 280 390 16194 1.0 0.2540933899332929
table-0204-26 1 4 1 4 115 1254 0.07142857142857142 0.10820895522388059
table-0204-418 2 7 0 128 597 28352 1.0 0.14239690721649484
table-0204-249 2 10 2 19 33 6206 1.0 0.16238559196929436
table-0204-984 63 8 52 43 89 24215 0.5 0.7185576077396658
table-0204-888 2 6 0 251 445 13419 0.3333333333333333 0.006560449859418931
table-0204-934 7 8 0 129 141 2131 0.1111111111111111 0.39648033126293997
table-0204-388 9 10 8 161 73 1984 1.0 1.7604562737642586
table-0204-891 226 8 188 485 470 527985 0.5 4.248690446495385
table-0204-692 6 5 12 64 90 5231 1.0 0.10758153324862346
table-0204-774 4 9 2 530 146 54447 0.125 0.045133991537376586
table-0204-152 16 7 12 555 419 78497 0.25 0.1724137931034483
table-0204-904 1 4 0 26 53 3282 0.1111111111111111 0.08106001558846454
table-0204-572 1 2 0 102 211 6261 0.25 0.0010249554367201426
table-0204-912 31 4 31 12 279 8473 1.0 4.476076555023924
table-0204-321 0 1 0 174 68 73312 0.16666666666666666 0.0
table-0204-76 181 4 235 116 181 322982 0.3333333333333333 2.7780439121756486
table-0204-553 24 4 21 73 88 55516 0.3333333333333333 0.5760677726791387
table-0204-185 1 2 1 53 70 11194 1.0 0.025435073627844713
table-0204-609 10 3 0 204 138 12973 0.5 0.15792235047219308
table-0204-198 50 6 0 118 211 1584 0.125 2.2508662508662507
table-0204-390 1 1 0 161 73 1984 1.0 0.1520912547528517
table-0204-367 12 9 38 574 324 30940 0.0625 0.09106382978723404
table-0204-284 3 3 0 33 52 4117 0.3333333333333333 0.0358191426893717
table-0204-377 9 3 6 471 176 44577 0.16666666666666666 0.3452461227242077
table-0204-238 28 6 53 910 231 11796 0.5 112.41176470588235
table-0204-144 13 3 0 459 398 98931 0.25 0.004961380165755201
table-0204-105 2 4 0 253 448 14712 0.3333333333333333 0.001367563871448996
table-0204-994 16 3 8 2913 583 459159 0.25 0.004623291514240187
table-0204-627 1 3 0 15 88 549 0.5 0.3325581395348837
table-0204-883 2 6 0 251 445 13419 0.3333333333333333 0.007029053420805998
table-0204-893 3 11 3 79 515 23910 1.0 0.023183789045217236
table-0204-972 10 15 1 130 268 2574 0.09090909090909091 0.6255186721991701
table-0204-36 2 3 0 55 48 15353 0.5 0.024607608406491087
table-0204-77 10 9 7 176 201 2692 1.0 0.2726584195910124
table-0204-985 2 3 0 43 89 24215 0.5 0.03799472295514512
table-0204-7 1 3 0 14 12 684 1.0 0.16881028938906753
table-0204-281 16 7 16 142 466 138385 0.14285714285714285 1.6491831470335339
table-0204-168 2 3 0 372 415 27769 1.0 0.007646400596792242
table-0204-365 17 4 0 10 27 6419 1.0 0.4674244524535625
table-0204-963 4 4 3 48 65 489 0.14285714285714285 0.24034334763948498
table-0204-405 10 2 5 17 38 2245 1.0 0.41414141414141414
table-0204-229 4 3 2 230 27 10185 0.3333333333333333 0.07568627450980392
table-0204-581 8 7 0 532 497 18165 0.16666666666666666 0.1402901417738213
table-0204-107 2 5 0 253 448 14712 0.3333333333333333 0.0015540498539193138
table-0204-288 1 5 0 49 41 2255 0.3333333333333333 0.08436886854153042
table-0204-996 35 5 27 125 86 182332 0.2 0.5215068878268203
table-0204-329 6 10 5 161 90 1996 0.5 0.10927021696252466
table-0204-191 50 6 0 136 235 1787 0.125 4.617478510028653
table-0204-745 2 5 0 13 108 788 0.08333333333333333 0.04477611940298507
table-0204-679 10 6 0 434 268 14342 1.0 0.22562411681582667
table-0204-211 18 7 0 118 215 2202 0.1111111111111111 0.14646126367492743
table-0204-373 6 8 5 574 324 30940 0.0625 0.05127659574468085
table-0204-416 1 1 0 178 612 28648 0.3333333333333333 0.01755708746230073
table-0204-327 7 3 10 243 229 5876 0.3333333333333333 0.025181559835806756
table-0204-383 8 10 7 158 76 1849 1.0 1.4362934362934363
table-0204-777 0 1 0 11 12 476 1.0 0.0
table-0204-217 1 2 1 97 137 9061 1.0 0.012803234501347708
table-0204-734 18 6 0 240 267 143 1.0 1.0532212885154062
table-0204-294 2 5 0 248 429 12352 0.3333333333333333 0.0038922155688622755
table-0204-649 10 6 0 266 172 13446 1.0 0.12568140520896426
table-0204-552 4 2 0 73 88 55516 0.3333333333333333 0.029650547123190964
table-0204-159 1 9 0 211 199 270517 0.3333333333333333 0.006934812760055479
table-0204-619 2 10 0 94 274 2874 0.041666666666666664 0.023340627279358133
table-0204-160 3 3 0 211 199 270517 0.3333333333333333 0.014470642625982431
table-0204-688 0 1 0 93 118 300 1.0 0.0
table-0204-605 3 5 0 31 69 639 1.0 0.09909198578760363
table-0204-614 10 3 0 225 154 9246 0.5 0.17587939698492464
table-0204-495 2 2 0 17 36 1792 0.5 0.09900990099009901
table-0204-706 6 10 0 71 212 2630 0.06666666666666667 0.13848842289209262
table-0204-722 9 4 6 40 82 4058 0.5 0.38210933186085033
table-0204-397 4 5 0 207 217 7253 1.0 0.4326923076923077
table-0204-289 15 6 11 209 121 4144 0.25 0.5553416746871992
table-0204-534 6 3 0 169 133 21042 1.0 0.15016501650165018
table-0204-812 41 9 73 302 156 26437 0.2 1.1920649233543734
table-0204-766 11 2 0 574 445 273159 0.5 0.27632282202031
table-0204-873 2 6 0 251 445 13419 0.3333333333333333 0.006326148078725398
table-0204-409 5 3 0 514 336 48750 1.0 0.028626915054304827
table-0204-770 0 1 0 294 266 4135 0.2 0.0
table-0204-954 15 2 0 140 169 2168 0.3333333333333333 0.11974358974358974
table-0204-141 15 7 0 41 249 1152 0.5 0.39105145413870246
table-0204-177 10 5 0 114 213 2014 0.06666666666666667 0.20650470219435738
table-0204-290 1 3 0 63 58 7675 1.0 0.012769520619635755
table-0204-537 1 3 0 6 5 399 1.0 0.7711864406779662
table-0204-643 57 5 43 405 212 197110 0.25 0.2004072693741115
table-0204-292 16 8 0 248 429 12352 0.3333333333333333 0.18592814371257485
table-0204-29 6 4 0 4 115 1254 0.07142857142857142 0.7210820895522388
table-0204-924 1 2 1 27 37 1101 1.0 0.04668304668304668
table-0204-358 10 5 19 244 208 14090 1.0 0.7881219903691814
table-0204-129 3 4 0 2300 297 1011507 0.16666666666666666 0.0017758653074466813
table-0204-484 8 4 0 168 206 79837 0.5 0.191734921816828
table-0204-699 8 4 0 104 185 1588 1.0 0.1833887043189369
table-0204-874 2 6 0 251 445 13419 0.3333333333333333 0.006794751640112465
table-0204-611 10 3 0 269 163 11654 0.5 0.045474548921813115
table-0204-651 33 5 0 258 177 252152 0.25 0.04501140842148932
table-0204-862 1 2 1 17 25 5818 1.0 0.03861788617886179
table-0204-485 1 5 0 17 95 1121 0.5 0.06594488188976377
table-0204-971 8 2 0 130 268 2574 0.09090909090909091 0.10684647302904564
table-0204-915 2 4 2 12 279 8473 1.0 0.3373205741626794
table-0204-171 2 4 0 4 58 4400 1.0 0.06533658239415169
table-0204-652 26 4 0 258 177 252152 0.25 0.04311000483993639
table-0204-241 44 2 2 311 193 49630 0.25 0.08046911286576869
table-0204-550 4 3 0 95 254 3080 0.041666666666666664 0.07959041191528973
table-0204-783 12 2 0 234 138 6670 0.5 0.5951557093425606
table-0204-161 12 7 11 312 270 33101 0.3333333333333333 0.10175585284280936
table-0204-908 0 1 0 12 14 537 1.0 0.0
table-0204-118 2 6 0 253 448 14712 0.3333333333333333 0.001802697830546404
table-0204-647 15 4 16 166 237 4628 1.0 0.026193054051803114
table-0204-8 1 3 0 24 21 778 1.0 0.20638820638820637
table-0204-576 1 3 0 102 211 6261 0.25 0.0013814616755793226
table-0204-668 34 6 0 81 226 3893 0.06666666666666667 0.49611801242236025
table-0204-189 1 3 0 25 157 15295 1.0 0.060948905109489054
table-0204-648 10 6 0 419 288 12245 0.5 0.11127043303699455
table-0204-511 4 2 0 70 91 8953 0.3333333333333333 0.17294192724952137
table-0204-481 100 6 66 2430 560 168667 0.14285714285714285 1.4576240492575154
table-0204-31 3 4 3 4 115 1254 0.07142857142857142 0.13059701492537312
table-0204-792 15 4 1 43 44 2199 1.0 0.1873380229544613
table-0204-312 2 6 0 248 429 12352 0.3333333333333333 0.004491017964071856
table-0204-567 10 3 0 73 96 8475 1.0 0.13818544366899302
table-0204-705 5 2 0 71 212 2630 0.06666666666666667 0.14766273481869813
table-0204-20 86 4 0 233 293 19078 0.5 1.0001370989854674
table-0204-9 16 3 0 70 83 3345 0.5 0.6314285714285715
table-0204-259 2 3 1 18 159 4882 0.25 0.014873254009311951
table-0204-497 8 3 0 1466 585 543920 0.5 0.008338957630296214
table-0204-84 5 3 0 182 289 4149 1.0 0.16168327796234774
table-0204-188 7 3 0 193 242 8702 0.2 0.8553459119496856
table-0204-737 6 6 8 66 72 1083 1.0 1.0735930735930737
table-0204-748 1 5 0 13 108 788 0.08333333333333333 0.017136539524599224
table-0204-721 6 7 0 46 487 3138 0.1111111111111111 2.7493917274939172
table-0204-781 48 2 0 11 72 1705 0.5 12.345890410958905
table-0204-967 10 15 0 130 268 2574 0.09090909090909091 0.6742738589211619
table-0204-768 39 7 92 104 166 10175 0.5 5.745481927710843
table-0204-655 1 3 0 18 40 7461 0.5 0.023529411764705882
table-0204-794 1 3 0 13 32 953 1.0 0.052212829438090504
table-0204-353 4 4 4 105 109 16930 0.16666666666666666 0.04381995713265063
table-0204-463 107 29 1 180 226 3980 0.047619047619047616 1.29637234770705
table-0204-815 7 9 7 302 156 26437 0.2 0.1850766456266907
table-0204-518 66 4 48 663 109 152600 0.2 1.7267950963222416
table-0204-324 26 6 2 101 190 5659 1.0 0.41108091787439616
table-0204-398 4 9 0 207 217 7253 1.0 0.19230769230769232
table-0204-453 2 2 0 155 195 1600 0.25 0.01540500248467782
table-0204-432 22 6 24 157 246 190 1.0 0.13516711032238982
table-0204-167 42 4 0 115 335 21064 0.5 1.2342465753424658
table-0204-393 4 3 0 15 30 1133 1.0 0.25883922615076715
table-0204-918 31 5 0 127 88 13803 0.3333333333333333 0.6775181922635006
table-0204-570 0 1 0 73 96 8475 1.0 0.0
table-0204-588 98 4 0 45 206 13838 0.3333333333333333 6.2520746887966805
table-0204-304 4 10 4 248 429 12352 0.3333333333333333 0.04086826347305389
table-0204-834 1 2 0 48 65 6696 0.3333333333333333 0.05194805194805195
table-0204-819 5 2 0 78 70 44725 0.5 0.02933692560993863
table-0204-917 13 2 0 146 195 1798 0.25 0.07348451809856084
table-0204-828 5 3 0 358 455 19036 1.0 0.08094410657399363
table-0204-232 9 2 5 31 128 2787 0.5 0.18818040435458788
table-0204-346 6 3 0 106 131 557 1.0 0.041466666666666666
table-0204-560 7 4 6 349 413 28719 0.125 0.041262709860487114
table-0204-563 11 4 5 73 96 8475 1.0 0.13160518444666003
table-0204-656 11 2 0 813 224 64036 0.5 0.03778096604495457
table-0204-17 5 4 0 21 35 3798 0.5 0.06673156916541287
table-0204-89 2 11 1 1108 565 950317 0.25 0.011589625545354781
table-0204-140 26 5 5 7 18 749 0.3333333333333333 2.1384248210023866
table-0204-565 2 4 0 73 96 8475 1.0 0.02173479561316052
table-0204-759 0 1 0 347 365 16182 1.0 0.0
table-0204-853 0 1 0 17 23 753 1.0 0.0
table-0204-344 6 11 5 158 58 1532 1.0 2.4869565217391303
table-0204-756 5 2 0 0 0 0 0.0 131.0
table-0204-203 4 6 4 118 211 1584 0.125 0.060984060984060985
table-0204-516 53 3 0 41 43 8307 0.3333333333333333 2.249912739965096
table-0204-234 23 2 0 325 215 198449 0.3333333333333333 0.04526653073113895
table-0204-371 4 7 4 574 324 30940 0.0625 0.010212765957446808
table-0204-283 4 7 4 142 466 138385 0.14285714285714285 0.3654342218400688
table-0204-24 4 3 0 29 54 1995 1.0 0.31319444444444444
table-0204-338 5 4 0 157 65 1593 0.5 0.8075880758807588
table-0204-921 6 7 5 225 189 23004 0.25 0.1264745697157223
table-0204-981 4 4 3 46 68 469 0.14285714285714285 0.12234580384226491
table-0204-930 4 1 0 129 141 2131 0.1111111111111111 0.022256728778467908
table-0204-953 2 2 2 9 17 1736 1.0 0.13513513513513514
table-0204-83 4 3 0 182 289 4149 1.0 0.2840531561461794
table-0204-108 2 7 0 253 448 14712 0.3333333333333333 0.0019891838130167215
table-0204-600 7 3 0 26 45 18426 0.5 0.007283221107599286
table-0204-410 35 17 24 196 198 5341 0.5 1.3268115942028986
table-0204-81 7 4 2 100 141 336159 0.25 0.053039808372305236
table-0204-261 1 3 0 534 319 47011 1.0 0.011107905366416619
table-0204-158 35 10 25 211 199 270517 0.3333333333333333 0.49741100323624593
table-0204-757 23 3 0 0 0 0 0.0 1091.0
table-0204-96 14 3 0 232 243 28617 0.25 0.007102272727272727
table-0204-318 1 3 0 33 18 2804 1.0 0.11323529411764706
table-0204-510 29 10 29 6 126 884 1.0 0.40258668134287284
table-0204-592 21 2 0 279 254 21617 0.5 0.1839923469387755
table-0204-448 4 3 0 84 122 542 0.3333333333333333 0.19430485762144054
table-0204-445 7 7 0 71 101 4515 0.5 0.2370023419203747
table-0204-40 10 2 0 148 175 2686 0.16666666666666666 0.18303946263643997
table-0204-186 49 6 0 193 242 8702 0.2 6.997484276729559
table-0204-583 28 3 0 123 144 5819 0.3333333333333333 0.11346316680779
table-0204-596 4 6 1 560 267 30269 0.25 0.023475482705931378
table-0204-561 6 6 8 90 106 1369 1.0 0.6788732394366197
table-0204-676 0 1 0 81 226 3893 0.06666666666666667 0.0
table-0204-634 66 8 0 18 89 470 0.5 28.58997722095672
table-0204-907 10 3 0 208 154 24975 0.25 0.015302573614653373
table-0204-474 11 9 28 371 321 269049 0.08333333333333333 0.06273256368667111
table-0204-293 2 5 0 248 429 12352 0.3333333333333333 0.004341317365269461
table-0204-577 3 5 1 102 211 6261 0.25 0.006194295900178253
table-0204-960 4 4 3 48 65 489 0.14285714285714285 0.24678111587982832
table-0204-786 7 5 3 175 243 103986 0.2 0.037260665766266785
table-0204-72 122 6 2 2258 500 125277 1.0 1.621449810314775
table-0204-117 2 6 0 253 448 14712 0.3333333333333333 0.001802697830546404
table-0204-650 9 6 9 258 177 252152 0.25 0.017527483924496993
table-0204-998 4 6 0 222 92 24444 0.5 0.04639376218323587
table-0204-909 2 4 2 12 279 8473 1.0 0.45215311004784686
table-0204-830 7 4 5 82 95 5116 1.0 0.8262839879154078
table-0204-653 12 4 8 56 32 2166 0.5 0.6005267778753293
table-0204-49 8 4 0 237 155 2719 1.0 0.46009036144578314
table-0204-90 6 25 6 1108 565 950317 0.25 0.0170766307111694
table-0204-402 1 3 0 167 50 8929 1.0 0.0343558282208589
table-0204-187 10 5 0 193 242 8702 0.2 0.8251572327044026
table-0204-199 23 7 0 118 211 1584 0.125 0.6299376299376299
table-0204-131 42 3 0 2300 297 1011507 0.16666666666666666 0.007171763741611598
table-0204-396 4 5 0 207 217 7253 1.0 0.36538461538461536
table-0204-724 1 4 0 64 44 1395 0.5 0.09951845906902086
table-0204-639 32 3 0 27 23 11304 1.0 0.23114849187935035
table-0204-901 1 4 0 26 53 3282 0.1111111111111111 0.05845674201091192
table-0204-370 4 7 2 574 324 30940 0.0625 0.03340425531914894
table-0204-717 48 7 1 46 487 3138 0.1111111111111111 32.84914841849148
table-0204-936 17 7 0 296 463 34690 0.5 0.6103833090732654
table-0204-849 1 3 0 23 116 0 1.0 0.1009421265141319
table-0204-978 4 4 3 46 68 469 0.14285714285714285 0.10616784630940344
table-0204-554 16 6 36 59 55 8952 0.5 0.7783882783882784
table-0204-407 3 3 0 23 36 2244 1.0 0.22392638036809817
table-0204-618 5 6 0 94 274 2874 0.041666666666666664 0.04522246535375638
table-0204-385 14 5 27 392 582 193 1.0 2.238213399503722
table-0204-374 6 8 6 574 324 30940 0.0625 0.03851063829787234
table-0204-800 3 3 0 64 69 1121 1.0 0.020517395182872437
table-0204-977 2 4 2 46 68 469 0.14285714285714285 0.10414560161779575
table-0204-461 24 4 12 180 226 3980 0.047619047619047616 0.3317932922655715
table-0204-957 5 3 0 45 45 7741 1.0 0.6451612903225806
table-0204-62 133 5 286 8 31 947 0.5 15.32542372881356
table-0204-778 18 6 0 240 268 129 1.0 0.8185792349726776
table-0204-98 27 13 131 178 142 56387 0.5 0.6107891217119928
table-0204-540 4 4 3 41 51 740 1.0 0.3069306930693069
table-0204-982 4 4 3 46 68 469 0.14285714285714285 0.12841253791708795
table-0204-948 5 2 4 218 120 151333 0.3333333333333333 0.01983445260034359
table-0204-295 2 6 0 248 429 12352 0.3333333333333333 0.0038922155688622755
table-0204-331 13 5 0 161 90 1996 0.5 0.2319526627218935
table-0204-685 5 3 0 66 84 1020 1.0 1.588
table-0204-391 13 3 0 190 135 68103 0.2 0.08497417688831505
table-0204-884 2 6 0 251 445 13419 0.3333333333333333 0.005857544517338332
table-0204-202 2 8 0 118 211 1584 0.125 0.042966042966042964
table-0204-840 0 1 0 1164 414 90220 0.25 0.0
table-0204-38 20 9 0 148 175 2686 0.16666666666666666 1.9714525608732159
table-0204-602 6 11 6 71 131 1907 0.3333333333333333 0.040639474077394294
table-0204-313 1 3 0 41 73 2110 1.0 0.043084877208099955
table-0204-544 5 6 0 95 254 3080 0.041666666666666664 0.04631138003258087
table-0204-738 3 3 0 60 72 916 1.0 0.019129470474078182
table-0204-995 1 1 0 2913 583 459159 0.25 0.0010099423210718854
table-0204-503 4 9 4 272 256 10647 0.08333333333333333 0.04050632911392405
table-0204-342 1 1 0 193 58 1657 1.0 0.28448275862068967
table-0204-408 1 3 0 47 29 3513 1.0 0.04052901023890785
table-0204-499 5 3 0 272 256 10647 0.08333333333333333 0.23544303797468355
table-0204-219 7 7 0 193 157 16617 0.5 0.5107692307692308
table-0204-253 3 4 1 29 67 15535 0.25 0.03971334726784115
table-0204-548 58 4 58 95 254 3080 0.041666666666666664 0.6921107749592739
table-0204-625 6 2 0 94 274 2874 0.041666666666666664 0.1011427182105519
table-0204-286 3 3 0 179 236 560 1.0 0.056162246489859596
table-0204-279 85 7 85 142 466 138385 0.14285714285714285 8.884780739466896
table-0204-194 3 9 0 136 235 1787 0.125 0.16045845272206305
table-0204-335 14 5 0 157 85 1826 0.5 0.34380557202133966
table-0204-842 1 3 0 105 95 1953 1.0 0.08167770419426049
table-0204-636 3 25 11 155 192 11311 0.5 1.1633428300094968
table-0204-218 1 2 1 53 71 22702 1.0 0.007318952234206471
table-0204-21 18 4 1 233 293 19078 0.5 0.13531669865642995
table-0204-520 10 4 0 663 109 152600 0.2 0.23350846468184472
table-0204-811 25 6 0 952 475 135912 0.07692307692307693 0.2764460656591975
table-0204-725 1 5 0 92 179 1579 0.2 0.08725289706884799
table-0204-53 26 6 51 213 277 96661 0.1111111111111111 1.011142061281337
table-0204-450 25 7 35 82 57 4262 1.0 0.5933390508862207
table-0204-879 2 5 0 251 445 13419 0.3333333333333333 0.005857544517338332
table-0204-80 5 4 0 100 141 336159 0.25 0.027603513174404015
table-0204-623 13 4 13 94 274 2874 0.041666666666666664 0.15973741794310722
table-0204-886 2 6 0 251 445 13419 0.3333333333333333 0.006560449859418931
table-0204-829 1 2 0 35 76 5206 1.0 0.004978354978354979
table-0204-101 1 3 0 17 21 813 1.0 0.1548974943052392
table-0204-541 7 10 0 95 254 3080 0.041666666666666664 0.08703746800093089
table-0204-610 3 5 6 33 30 2396 1.0 0.09338842975206611
table-0204-533 8 4 0 62 26 8834 0.5 0.17197125256673512
table-0204-86 0 1 0 448 775 207 1.0 0.0
table-0204-10 14 10 0 24 22 920 0.5 3.5892857142857144
table-0204-287 2 6 0 49 41 2255 0.3333333333333333 0.15173315892740352
table-0204-260 66 6 85 214 302 46761 1.0 0.5411479563732511
table-0204-741 20 7 0 13 108 788 0.08333333333333333 0.6401326699834162
table-0204-307 2 6 0 248 429 12352 0.3333333333333333 0.004341317365269461
table-0204-379 4 9 3 471 176 44577 0.16666666666666666 0.052596089008766014
table-0204-629 9 5 1 14 24 22582 0.3333333333333333 1.5886075949367089
table-0204-197 6 10 0 118 211 1584 0.125 0.2966042966042966
table-0204-22 1 2 0 7 11 598 1.0 0.13225806451612904
table-0204-224 14 3 0 1052 575 65750 1.0 0.020037260940648643
table-0204-28 15 4 6 4 115 1254 0.07142857142857142 0.9468283582089553
table-0204-591 2 4 0 408 290 234262 0.25 0.005979498861047836
table-0204-538 1 4 1 147 58 145039 0.5 0.008071984408906826
table-0204-789 0 0 0 175 243 103986 0.2 0.0
table-0204-780 1 3 0 15 84 543 0.5 0.34120171673819744
table-0204-126 8 5 13 71 82 14722 1.0 0.062055395792341456
table-0204-670 11 5 0 81 226 3893 0.06666666666666667 0.36141304347826086
table-0204-336 5 11 4 157 65 1593 0.5 0.6558265582655827
table-0204-272 7 4 0 66 271 14670 1.0 0.3712534059945504
table-0204-376 8 5 5 471 176 44577 0.16666666666666666 0.5826028320971005
table-0204-255 7 2 7 29 67 15535 0.25 0.03284562555986862
table-0204-905 1 3 0 26 53 3282 0.1111111111111111 0.03819173811379579
table-0204-345 1 1 0 158 58 1532 1.0 0.23478260869565218
table-0204-681 5 4 4 37 55 1090 1.0 0.1384282624369142
table-0204-220 10 3 0 30 52 4921 0.5 0.35872235872235875
table-0204-582 1 3 0 532 497 18165 0.16666666666666666 0.014671941971645236
table-0204-928 5 3 0 206 260 16589 0.3333333333333333 0.011320366368220645
table-0204-859 1 2 1 37 157 13037 0.3333333333333333 0.00564468211527035
table-0204-93 4 2 0 18 57 1273 0.5 0.05449672424061942
table-0204-179 11 5 0 114 213 2014 0.06666666666666667 0.22531347962382445
table-0204-867 1 2 1 73 66 23082 1.0 0.004739336492890996
table-0204-441 1 2 0 137 155 5341 0.25 0.008165225744476465
table-0204-493 1 8 0 22 30 2558 1.0 0.05546492659053834
table-0204-337 1 1 0 157 65 1593 0.5 0.07859078590785908
table-0204-779 64 8 0 15 84 543 0.5 26.341201716738198
table-0204-230 4 4 0 230 27 10185 0.3333333333333333 0.1396078431372549
table-0204-965 5 3 0 29 23 2713 1.0 0.5059856344772546
table-0204-468 24 4 2 180 226 3980 0.047619047619047616 0.992299794661191
table-0204-951 5 5 0 218 120 151333 0.3333333333333333 0.0560674683741996
table-0204-282 22 7 20 142 466 138385 0.14285714285714285 2.351676698194325
table-0204-494 3 3 0 12 14 445 1.0 0.43829787234042555
table-0204-154 13 3 0 555 419 78497 0.25 0.007744790706251153
table-0204-837 29 6 77 1164 414 90220 0.25 0.04036882941639492
table-0204-693 19 6 0 241 264 165 1.0 1.36
table-0204-773 4 9 3 530 146 54447 0.125 0.030324400564174896
table-0204-347 6 11 5 157 59 650 1.0 1.8716216216216217
table-0204-438 9 10 0 172 258 36224 0.14285714285714285 0.03608573754182871
table-0204-340 1 1 0 160 58 1514 1.0 0.28205128205128205
table-0204-362 4 5 0 244 208 14090 1.0 0.5120385232744783
table-0204-6 6 5 4 283 271 61745 0.25 0.021279924894382726
table-0204-868 1 2 1 25 44 3762 1.0 0.01676963812886143
table-0204-500 15 2 16 272 256 10647 0.08333333333333333 0.048945147679324896
table-0204-698 78 6 0 184 271 8866 0.3333333333333333 12.422862453531598
table-0204-833 5 2 0 48 65 6696 0.3333333333333333 0.2813852813852814
table-0204-116 2 6 0 253 448 14712 0.3333333333333333 0.001802697830546404
table-0204-479 3 2 0 2430 560 168667 0.14285714285714285 0.023180007243752264
table-0204-962 4 4 3 48 65 489 0.14285714285714285 0.2811158798283262
table-0204-435 14 3 0 7 58 844 0.3333333333333333 0.24219489120151372
table-0204-431 5 3 0 367 483 14159 0.2 0.07126284388465363
table-0204-584 13 3 0 107 268 25474 0.3333333333333333 0.8009478672985783
table-0204-277 2 3 0 14 57 4261 1.0 0.019730601403908178
table-0204-184 1 9 0 114 213 2014 0.06666666666666667 0.01567398119122257
table-0204-498 0 1 0 19 28 1302 0.5 0.0
table-0204-52 40 6 93 213 277 96661 0.1111111111111111 1.5236768802228413
table-0204-447 3 3 0 26 37 1094 1.0 0.13259911894273127
table-0204-404 4 6 4 24 21 3251 0.3333333333333333 0.05336832895888014
table-0204-673 0 1 0 81 226 3893 0.06666666666666667 0.0
table-0204-501 1 2 1 272 256 10647 0.08333333333333333 0.032067510548523206
table-0204-134 3 6 4 96 182 234 1.0 0.05336084905660377
table-0204-240 7 2 2 311 193 49630 0.25 0.1315606130980028
table-0204-46 5 2 0 221 47 13360 0.5 0.22001527883880825
table-0204-276 0 1 0 93 145 0 1.0 0.0
table-0204-528 6 3 0 136 201 4504 1.0 0.16107846526097477
table-0204-979 4 4 3 46 68 469 0.14285714285714285 0.1172901921132457
table-0204-966 13 8 0 130 268 2574 0.09090909090909091 2.3599585062240664
table-0204-654 2 2 1 18 40 7461 0.5 0.04338235294117647
table-0204-341 6 11 5 193 58 1657 1.0 2.5344827586206895
table-0204-280 57 7 57 142 466 138385 0.14285714285714285 6.030094582975065
table-0204-958 1 2 1 9 20 1182 1.0 0.04328018223234624
table-0204-997 1 5 2 23 40 4552 1.0 0.025152797367183826
table-0204-797 72 8 0 13 92 594 0.5 20.092105263157894
table-0204-114 2 5 0 253 448 14712 0.3333333333333333 0.0015540498539193138
table-0204-695 4 8 0 81 79 5288 0.5 0.031051964512040557
table-0204-754 68 6 102 623 310 104434 0.5 0.5534422162497415
table-0204-519 20 2 0 663 109 152600 0.2 0.46409807355516636
table-0204-851 8 4 6 82 100 299 1.0 0.9453262786596119
table-0204-70 1 3 0 21 40 963 1.0 0.05812973883740522
table-0204-900 1 4 0 26 53 3282 0.1111111111111111 0.07170693686671863
table-0204-123 1 6 1 146 129 4443 0.5 0.019267822736030827
table-0204-635 1 3 0 18 89 470 0.5 0.33940774487471526
table-0204-339 6 11 5 160 58 1514 1.0 2.52991452991453
table-0204-597 2 4 0 560 267 30269 0.25 0.0591748854007501
table-0204-369 1 3 0 574 324 30940 0.0625 0.03574468085106383
table-0204-805 1 3 0 33 28 2219 1.0 0.06276870163370593
table-0204-832 13 6 9 71 94 1231 1.0 0.3312820512820513
table-0204-547 1 9 0 95 254 3080 0.041666666666666664 0.010937863625785431
table-0204-545 2 10 0 95 254 3080 0.041666666666666664 0.022341168256923435
table-0204-381 3 2 0 471 176 44577 0.16666666666666666 0.09979770734996629
table-0204-704 9 2 0 71 212 2630 0.06666666666666667 0.24814329401485366
table-0204-514 16 5 3 1018 271 126447 0.5 0.23778537553766405
table-0204-333 5 11 4 157 85 1826 0.5 0.14759928867812686
table-0204-156 4 5 6 6 32 296 1.0 0.5295536791314838
table-0204-845 1 3 0 23 116 0 1.0 0.1480484522207268
table-0204-910 76 4 76 12 279 8473 1.0 15.37799043062201
table-0204-213 18 4 0 62 78 1095 0.5 1.1584158415841583
table-0204-617 10 5 0 94 274 2874 0.041666666666666664 0.1864818867007051
table-0204-517 19 3 0 41 43 8307 0.3333333333333333 0.5462478184991274
table-0204-808 16 4 0 952 475 135912 0.07692307692307693 0.17274622199062012
table-0204-569 9 8 0 73 96 8475 1.0 0.13639082751744766
table-0204-467 24 4 0 180 226 3980 0.047619047619047616 1.071013004791239
table-0204-913 14 4 14 12 279 8473 1.0 3.0167464114832536
table-0204-956 1 3 0 45 45 7741 1.0 0.38064516129032255
table-0204-228 1 3 0 116 165 13508 0.3333333333333333 0.031401869158878506
table-0204-801 4 3 0 64 69 1285 1.0 0.029846057178762174
table-0204-919 8 3 0 280 96 136772 0.5 0.014233168079321925
table-0204-916 13 2 0 146 195 1798 0.25 0.07959005669428695
table-0204-932 6 1 0 129 141 2131 0.1111111111111111 0.05952380952380952
table-0204-439 26 5 1 172 258 36224 0.14285714285714285 0.08338609025956407
table-0204-987 9 11 34 98 195 216 1.0 0.18219584569732938
table-0204-939 8 6 8 797 459 444758 0.5 0.012667697371702159
table-0204-802 1 3 0 26 30 1002 1.0 0.0860323886639676
table-0204-678 13 5 16 130 183 1134 1.0 1.1635467980295566
table-0204-54 9 6 12 213 277 96661 0.1111111111111111 0.4331476323119777
table-0204-795 1 2 1 71 21 25004 0.5 0.06585458698134755
table-0204-689 1 2 1 17 40 11768 0.5 0.011685116851168511
table-0204-434 8 5 0 7 58 844 0.3333333333333333 0.1868495742667928
table-0204-483 46 4 20 1077 562 822816 0.3333333333333333 0.15097904500171763
table-0204-65 1 3 0 130 176 7684 1.0 0.011438254607074773
table-0204-132 1 3 0 195 202 10522 1.0 0.027678280690328884
table-0204-937 46 9 4 296 463 34690 0.5 2.9000485201358566
table-0204-440 1 2 0 137 155 5341 0.25 0.007684918347742555
table-0204-669 4 12 0 81 226 3893 0.06666666666666667 0.08035714285714286
table-0204-252 1 3 0 90 113 4577 1.0 0.11920529801324503
table-0204-739 1 3 0 17 32 8233 1.0 0.020271526873721406
table-0204-885 2 6 0 251 445 13419 0.3333333333333333 0.005857544517338332
table-0204-48 5 2 0 40 39 10860 0.5 0.24242424242424243
table-0204-663 4 3 0 32 87 1933 1.0 0.08283687943262412
table-0204-843 5 4 4 43 65 1190 1.0 0.0940959409594096
table-0204-945 1 3 0 45 46 2351 1.0 0.017260735335391523
table-0204-173 16 4 0 8 17 232 1.0 1.7984496124031009
table-0204-864 10 4 8 82 105 1341 1.0 0.4391304347826087
table-0204-543 10 5 0 95 254 3080 0.041666666666666664 0.20339771933907377
table-0204-455 16 2 0 155 195 1600 0.25 0.06079178399867484
table-0204-850 3 4 2 71 90 1096 1.0 0.28548123980424145
table-0204-138 3 5 3 128 119 3214 0.25 0.09769484083424808
table-0204-769 9 2 0 294 266 4135 0.2 0.24247894103489773
table-0204-858 3 4 2 80 87 778 1.0 0.3638344226579521
table-0204-940 30 5 0 206 181 9034 0.25 0.17000185288123032
table-0204-426 1 3 0 23 26 1865 1.0 0.04837251356238698
table-0204-216 1 2 1 1135 320 842 1.0 0.0009733107935044311
table-0204-512 2 2 0 70 91 8953 0.3333333333333333 0.03509891512444161
table-0204-890 2 6 0 251 445 13419 0.3333333333333333 0.006326148078725398
table-0204-664 25 3 0 97 126 982 0.5 4.6984615384615385
table-0204-412 3 3 0 399 303 63423 1.0 0.024822307271733186
table-0204-270 63 5 63 112 215 9684 0.5 1.278840820854132
table-0204-399 4 9 0 207 217 7253 1.0 0.24175824175824176
table-0204-959 2 4 2 48 65 489 0.14285714285714285 0.19527896995708155
table-0204-120 2 6 0 253 448 14712 0.3333333333333333 0.001678373842232859
table-0204-322 9 6 12 174 68 73312 0.16666666666666666 0.025051530045980656
table-0204-237 4 3 0 14 23 531 1.0 0.4902597402597403
table-0204-25 4 6 8 50 62 1844 0.5 0.27148846960167716
table-0204-926 4 2 4 206 260 16589 0.3333333333333333 0.009776680045281465
table-0204-436 5 15 0 172 258 36224 0.14285714285714285 0.028217418829700643
table-0204-573 8 4 10 102 211 6261 0.25 0.01702317290552585
table-0204-525 9 3 0 290 467 64010 0.25 0.017964071856287425
table-0204-824 6 2 0 407 647 23289 0.125 0.005065622841353903
table-0204-430 2 11 2 367 483 14159 0.2 0.04342061650646337
table-0204-476 1 3 0 5 58 499 1.0 0.030834213305174236
table-0204-687 1 2 0 93 118 300 1.0 0.012915129151291513
table-0204-804 5 3 0 33 28 2219 1.0 0.23043852106620807
table-0204-121 2 6 0 253 448 14712 0.3333333333333333 0.0017405358363896315
table-0204-181 5 5 0 114 213 2014 0.06666666666666667 0.1030564263322884
table-0204-206 48 7 0 118 215 2202 0.1111111111111111 0.7950435365036839
table-0204-139 17 5 11 7 18 749 0.3333333333333333 1.2840095465393795
table-0204-19 6 6 2 96 120 820 1.0 0.015254237288135594
table-0204-320 13 6 27 174 68 73312 0.16666666666666666 0.0215633423180593
table-0204-394 8 5 8 207 217 7253 1.0 0.6771978021978022
table-0204-103 17 8 0 253 448 14712 0.3333333333333333 0.10312674830608566
table-0204-598 1 3 1 560 267 30269 0.25 0.012779552715654952
table-0204-944 0 1 0 292 257 114622 0.5 0.0
table-0204-818 1 3 0 21 26 752 1.0 0.2740740740740741
table-0204-47 2 3 0 37 32 2937 1.0 0.19265419265419265
table-0204-549 24 4 24 95 254 3080 0.041666666666666664 0.3199906911798929
table-0204-736 3 4 2 54 79 226 1.0 0.12535211267605634
table-0204-415 2 3 0 57 95 8267 1.0 0.044489975120737595
table-0204-387 9 10 44 120 174 62181 0.5 0.03580685418066622
table-0204-895 1 10 0 79 515 23910 1.0 0.016193257233873107
table-0204-360 2 5 0 244 208 14090 1.0 0.2231139646869984
table-0204-102 2 3 0 160 187 224 1.0 0.07003768844221106
table-0204-593 1 2 1 35 46 11705 1.0 0.020518358531317494
table-0204-413 1 5 0 66 161 1987 1.0 0.025992063492063493
table-0204-645 12 5 8 385 144 301923 0.5 0.012830661653143347
table-0204-871 16 8 0 251 445 13419 0.3333333333333333 0.3781630740393627
table-0204-170 5 6 3 64 45 30235 0.3333333333333333 0.07784011220196353
table-0204-85 32 3 0 182 289 4149 1.0 0.8333333333333334
table-0204-683 4 5 4 55 66 767 1.0 0.1259671928195605
table-0204-719 57 7 0 46 487 3138 0.1111111111111111 26.557177615571778
table-0204-271 9 4 0 66 271 14670 1.0 0.6900544959128065
table-0204-190 6 10 0 136 235 1787 0.125 0.6117478510028653
table-0204-638 128 4 113 27 23 11304 1.0 2.3581786542923435
table-0204-990 1 6 0 207 196 19883 0.25 0.006346967559943582
table-0204-60 1 1 0 102 167 1417 1.0 0.0960591133004926
table-0204-368 1 6 1 574 324 30940 0.0625 0.03872340425531915
table-0204-18 6 5 0 96 120 820 1.0 0.00645682001614205
table-0204-422 31 4 17 110 196 18991 1.0 0.08503195425496132
table-0204-952 1 3 0 9 41 486 1.0 0.023905996758508914
table-0204-300 10 1 0 248 429 12352 0.3333333333333333 0.01811377245508982
table-0204-71 20 3 0 2258 500 125277 1.0 0.1973751666154004
table-0204-711 2 11 0 71 212 2630 0.06666666666666667 0.039318479685452164
table-0204-137 4 5 4 128 119 3214 0.25 0.1575192096597146
table-0204-73 16 4 0 2258 500 125277 1.0 0.10612119347892957
table-0204-633 6 2 4 99 113 16991 1.0 0.025440023665138294
table-0204-970 11 3 11 130 268 2574 0.09090909090909091 0.43568464730290457
table-0204-662 3 2 1 48 56 1454 1.0 0.13984962406015036
table-0204-847 1 3 0 23 116 0 1.0 0.11440107671601615
table-0204-166 15 5 0 114 137 22553 0.5 0.18576880462883172
table-0204-806 8 3 0 270 155 8002 1.0 0.3465045592705167
table-0204-586 211 3 0 70 320 3465 0.5 50.376344086021504
table-0204-509 29 10 29 6 126 884 1.0 0.3951568519537699
table-0204-730 17 3 0 124 477 5114 0.3333333333333333 0.06813323833273958
table-0204-195 17 7 0 136 235 1787 0.125 0.8510028653295129
table-0204-262 1 3 0 35 52 1335 1.0 0.11891891891891893
table-0204-5 9 6 4 283 271 61745 0.25 0.053773535701246544
table-0204-872 2 6 0 251 445 13419 0.3333333333333333 0.006560449859418931
table-0204-644 8 2 0 180 96 40467 0.5 0.023251545003977237
table-0204-208 5 6 0 118 215 2202 0.1111111111111111 0.07657959365929895
table-0204-973 10 15 0 130 268 2574 0.09090909090909091 0.5933609958506224
table-0204-947 37 6 0 138 222 3694 1.0 6.241904761904762
table-0204-772 3 3 3 530 146 54447 0.125 0.058180535966149506
table-0204-403 12 3 0 24 21 3251 0.3333333333333333 0.4575678040244969
table-0204-210 3 9 0 118 215 2202 0.1111111111111111 0.025228845724492074
table-0204-125 0 1 0 64 26 2369 1.0 0.0
table-0204-414 0 1 0 85 87 2376 1.0 0.0
table-0204-143 17 12 0 459 398 98931 0.25 0.07007949484129221
table-0204-225 1 2 1 52 70 23583 1.0 0.008527827648114902
table-0204-420 3 3 0 65 79 15956 1.0 0.10985915492957747
table-0204-701 19 6 0 241 267 153 1.0 1.191740412979351
table-0204-258 3 2 0 18 159 4882 0.25 0.009311950336264873
table-0204-854 14 2 0 306 233 87017 0.25 0.1303000652315721
table-0204-386 19 6 21 78 103 36065 0.5 1.70647931303669
table-0204-933 4 1 0 129 141 2131 0.1111111111111111 0.022256728778467908
table-0204-23 6 6 0 22 18 4918 0.5 8.174825174825175
table-0204-315 1 1 0 1270 1139 116059 0.5 0.001834392730685551
table-0204-424 2 3 0 33 63 1927 1.0 0.03767387944358578
table-0204-183 14 6 0 114 213 2014 0.06666666666666667 0.18808777429467086
table-0204-157 6 3 0 211 199 270517 0.3333333333333333 0.004160887656033287
table-0204-285 2 3 0 33 52 4117 0.3333333333333333 0.029359953024075163
table-0204-743 2 3 0 13 108 788 0.08333333333333333 0.030403537866224434
table-0204-61 5 9 0 44 71 3107 0.5 0.10542068506817426
table-0204-496 6 3 0 1466 585 543920 0.5 0.0038695163104611923
table-0204-595 19 2 0 201 186 18052 0.5 0.14672131147540984
table-0204-914 12 4 17 12 279 8473 1.0 1.9808612440191387
table-0204-894 3 19 1 79 515 23910 1.0 0.044420847712591804
table-0204-892 1 3 0 79 515 23910 1.0 0.048579771701619326
table-0204-844 1 3 0 232 456 16767 0.5 0.009798343763828307
table-0204-505 4 9 3 272 256 10647 0.08333333333333333 0.07257383966244725
table-0204-314 13 2 4 28 44 3742 1.0 0.3036649214659686
table-0204-870 1 3 0 30 35 1846 1.0 0.05688518903919528
table-0204-536 41 8 5 6 5 399 1.0 18.241525423728813
table-0204-782 9 7 9 46 73 208 1.0 0.39613343442001514
table-0204-148 1 3 1 18 64 760 1.0 0.03403330919623461
table-0204-207 7 6 0 118 215 2202 0.1111111111111111 0.09801294931904443
table-0204-306 2 6 0 248 429 12352 0.3333333333333333 0.004041916167664671
table-0204-477 13 6 22 2430 560 168667 0.14285714285714285 0.1477725461789207
table-0204-767 3 6 0 30 36 1751 0.3333333333333333 0.38256410256410256
table-0204-631 4 3 0 14 24 22582 0.3333333333333333 0.620253164556962
table-0204-309 2 6 0 248 429 12352 0.3333333333333333 0.004041916167664671
table-0204-798 1 3 0 13 92 594 0.5 0.1608187134502924
table-0204-682 0 1 0 8 7 629 1.0 0.0
table-0204-821 1 3 0 20 27 693 1.0 0.3315068493150685
table-0204-616 2 2 0 94 274 2874 0.041666666666666664 0.0350109409190372
table-0204-92 3 3 0 21 45 1280 1.0 0.325354609929078
table-0204-817 79 9 79 302 156 26437 0.2 2.564472497745717
table-0204-646 10 6 0 440 224 18549 0.5 0.2980173482032218
table-0204-254 16 4 16 29 67 15535 0.25 0.14004180352343984
table-0204-442 22 11 10 40 138 795 0.25 3.6734006734006734
