table_id rows cols nulls inlinks outlinks views table_imp table_fraction
table-0310-631 2 3 0 84 140 2134 0.1 0.2145748987854251
table-0310-704 1 7 0 27 21 861 0.5 0.20933165195460277
table-0310-800 2 2 0 61 94 4353 0.5 0.20917678812415655
table-0310-956 1 3 0 36 63 879 1.0 0.04681310767014764
table-0310-9 0 1 0 2369 873 234709 0.125 0.0
table-0310-942 6 11 0 149 62 16830 0.3333333333333333 0.02113113735239279
table-0310-415 18 2 0 513 250 233695 0.3333333333333333 0.02136158880358104
table-0310-900 2 2 0 561 399 12034 0.14285714285714285 0.11016949152542373
table-0310-925 9 4 0 473 578 12656 0.125 0.22109227871939735
table-0310-852 1 2 1 75 116 0 1.0 0.006421088205474822
table-0310-565 39 8 30 200 153 2434 0.16666666666666666 4.465608465608466
table-0310-374 6 7 0 611 709 3885 0.022222222222222223 0.3826086956521739
table-0310-567 110 2 77 16 154 155 1.0 222.05555555555554
table-0310-982 3 9 9 109 363 1357 1.0 0.02561837455830389
table-0310-362 3 7 0 611 709 3885 0.022222222222222223 0.2289855072463768
table-0310-327 1 4 0 399 492 2699 0.034482758620689655 0.07453013609850939
table-0310-184 1 3 0 37 47 2849 1.0 0.1810810810810811
table-0310-702 1 3 0 57 84 1194 0.3333333333333333 0.020151133501259445
table-0310-854 3 3 0 282 369 6022 1.0 0.18007662835249041
table-0310-492 0 1 0 109 103 105546 0.3333333333333333 0.0
table-0310-204 5 5 0 22 86 702 1.0 0.07864523536165327
table-0310-613 30 2 25 16 128 144 1.0 50.111111111111114
table-0310-411 10 3 0 63 137 1328 0.2 0.6846240179573513
table-0310-432 43 4 36 107 145 34029 0.3333333333333333 0.21648697643354642
table-0310-4 10 11 7 98 321 1310 0.25 1.84
table-0310-89 4 3 3 359 239 25482 0.5 0.029796232218377548
table-0310-671 2 3 0 150 89 25068 1.0 0.03690648973667841
table-0310-727 1 1 0 98 200 1261 0.5 0.018758085381630013
table-0310-382 2 2 0 76 109 2072 0.1111111111111111 0.16115702479338842
table-0310-976 9 3 1 33 49 4216 0.3333333333333333 0.5602094240837696
table-0310-359 4 4 0 611 709 3885 0.022222222222222223 0.24589371980676328
table-0310-357 5 8 3 611 709 3885 0.022222222222222223 0.33816425120772947
table-0310-892 7 3 0 319 342 6436 0.16666666666666666 0.4826302729528536
table-0310-155 2 3 0 323 490 3777 1.0 0.6675170068027211
table-0310-582 42 2 34 17 237 146 1.0 58.30434782608695
table-0310-576 1 2 0 0 0 0 0.0 38.0
table-0310-298 3 9 0 72 127 23723 0.07692307692307693 0.30192502532928067
table-0310-720 12 9 14 88 215 1399 0.05 0.23883161512027493
table-0310-725 2 9 2 88 215 1399 0.05 0.041666666666666664
table-0310-739 15 6 32 48 67 3698 1.0 1.1702008928571428
table-0310-485 4 4 0 84 206 1124 0.14285714285714285 0.6049180327868853
table-0310-949 7 6 17 116 284 3687 1.0 1.074468085106383
table-0310-205 9 2 0 53 82 11923 0.5 0.20522922636103152
table-0310-273 8 7 0 179 261 281 1.0 0.16184971098265896
table-0310-664 12 10 0 93 119 1328 0.5 0.20367102012001412
table-0310-932 1 3 0 105 105 3325 1.0 0.0447886144830473
table-0310-663 5 10 0 449 937 3865 0.2 0.009196775156763213
table-0310-816 3 7 6 140 202 2545 1.0 0.08189806678383128
table-0310-999 9 5 3 4 145 2510 0.1 0.25643614336193843
table-0310-68 1 2 1 93 118 5889 0.3333333333333333 0.007011070110701107
table-0310-189 3 3 0 80 118 3063 0.5 0.7292817679558011
table-0310-435 22 7 49 152 194 54421 0.3333333333333333 0.27517924206213723
table-0310-387 2 3 1 76 109 2072 0.1111111111111111 0.1487603305785124
table-0310-191 10 6 0 584 909 37827 0.3333333333333333 0.07433190057933096
table-0310-58 10 11 7 102 320 1587 0.25 3.0316742081447963
table-0310-145 3 5 0 129 318 6294 0.2 0.1326530612244898
table-0310-173 5 8 0 159 284 2796 0.14285714285714285 0.13399503722084366
table-0310-827 2 5 4 25 23 884 1.0 0.16930572472594396
table-0310-678 9 4 0 350 454 13162 1.0 1.3883495145631068
table-0310-389 7 3 0 76 109 2072 0.1111111111111111 0.7479338842975206
table-0310-570 109 2 81 16 154 155 1.0 220.94444444444446
table-0310-918 1 5 2 161 244 1622 1.0 0.15552523874488403
table-0310-376 6 14 2 611 709 3885 0.022222222222222223 0.2642512077294686
table-0310-896 5 6 6 629 535 23083 0.14285714285714285 0.4244639376218324
table-0310-13 7 9 4 1595 997 192740 0.16666666666666666 0.026887997081357168
table-0310-629 10 3 2 84 140 2134 0.1 1.0384615384615385
table-0310-371 1 13 1 611 709 3885 0.022222222222222223 0.08502415458937199
table-0310-219 2 1 0 126 178 536 1.0 0.007248611967921036
table-0310-699 15 4 0 156 106 138446 0.25 0.17906707787201234
table-0310-114 16 10 0 188 483 3905 0.03225806451612903 0.08692222748067518
table-0310-825 1 5 2 25 23 884 1.0 0.09744214372716199
table-0310-611 12 2 4 16 128 144 1.0 33.22222222222222
table-0310-685 15 4 8 279 40 2780 0.5 0.7609710550887021
table-0310-893 7 3 0 528 496 64354 0.14285714285714285 0.24214417744916822
table-0310-453 4 1 0 522 218 4001 0.14285714285714285 0.025947422328439742
table-0310-222 3 2 0 20 46 1412 0.25 0.0371900826446281
table-0310-642 1 4 0 13 40 11121 1.0 0.010341585709808837
table-0310-439 36 6 76 10 54 2437 0.5 5.137440758293839
table-0310-180 6 4 0 6581 822 945136 0.3333333333333333 0.007496435119168874
table-0310-6 14 1 0 8 246 1449 0.5 0.02163331530557058
table-0310-620 15 12 0 200 144 43973 0.5 0.09254043614709906
table-0310-277 4 7 0 179 261 281 1.0 0.05284888521882741
table-0310-547 5 3 0 200 152 2267 0.16666666666666666 0.35550935550935553
table-0310-308 1 6 0 399 492 2699 0.034482758620689655 0.08101101749837979
table-0310-864 14 4 6 6 5 979 0.5 2.4083769633507854
table-0310-716 10 3 0 88 215 1399 0.05 0.23067010309278352
table-0310-46 1 2 1 90 109 9121 0.25 0.006401617250673854
table-0310-604 24 2 9 16 128 144 1.0 74.94444444444444
table-0310-701 16 5 0 156 106 138446 0.25 0.22108712413261372
table-0310-562 5 3 0 200 153 2434 0.16666666666666666 0.30158730158730157
table-0310-252 94 5 0 68 596 887 0.3333333333333333 40.899253731343286
table-0310-801 8 7 8 140 202 2545 1.0 0.2186291739894552
table-0310-653 0 1 0 16 22 952 1.0 0.0
table-0310-842 9 3 3 34 43 3007 0.5 0.07987220447284345
table-0310-966 2 3 1 89 137 2035 0.1 0.11764705882352941
table-0310-584 39 2 32 17 237 146 1.0 54.69565217391305
table-0310-698 5 5 13 1220 1083 156005 0.3333333333333333 0.003976428879413596
table-0310-50 3 3 0 83 150 3244 0.125 0.0190104801364855
table-0310-111 0 0 0 188 483 3905 0.03225806451612903 0.0
table-0310-106 31 7 0 188 483 3905 0.03225806451612903 0.10427512225903139
table-0310-729 2 2 0 91 110 2623 0.5 0.04715568862275449
table-0310-17 6 5 2 1595 997 192740 0.16666666666666666 0.022911346224005837
table-0310-830 69 5 114 153 593 15408 0.125 5.059187279151944
table-0310-978 41 2 0 9 56 1052 0.5 13.345794392523365
table-0310-679 6 4 6 350 454 13162 1.0 0.8571428571428571
table-0310-572 63 2 58 16 154 155 1.0 87.94444444444444
table-0310-706 5 9 0 144 349 214924 1.0 0.11990215342663513
table-0310-927 10 8 0 473 578 12656 0.125 0.5001883239171375
table-0310-748 3 2 0 9 30 2544 0.25 0.03768967205090553
table-0310-425 0 1 0 10 15 961 1.0 0.0
table-0310-348 2 14 0 377 403 2736 0.05263157894736842 0.47639956092206365
table-0310-870 2 5 2 74 73 12622 0.2 0.01212455221824194
table-0310-597 11 2 4 23 51 6258 0.5 0.1570796460176991
table-0310-365 2 8 0 611 709 3885 0.022222222222222223 0.20048309178743962
table-0310-589 76 2 60 17 237 146 1.0 109.69565217391305
table-0310-494 27 10 12 117 148 5018 1.0 7.135306553911205
table-0310-500 4 2 0 142 118 85272 0.2 0.017758985200845664
table-0310-340 7 10 1 377 403 2736 0.05263157894736842 1.7628979143798025
table-0310-395 170 2 0 66 25 3419 1.0 2.462719298245614
table-0310-210 10 2 0 605 959 42258 0.2 0.013126543343586188
table-0310-897 7 3 0 561 399 12034 0.14285714285714285 0.4661016949152542
table-0310-894 7 8 0 629 535 23083 0.14285714285714285 0.37037037037037035
table-0310-632 2 3 0 84 140 2134 0.1 0.2793522267206478
table-0310-466 48 5 0 376 191 144338 0.25 5.945318433329716
table-0310-654 9 13 0 38 19 588 1.0 0.6489270386266094
table-0310-78 4 4 0 51 254 9351 0.08333333333333333 0.15150346954510407
table-0310-188 7 2 0 80 118 3063 0.5 0.5165745856353591
table-0310-414 2 2 0 100 126 18182 0.5 0.013769363166953529
table-0310-541 5 3 0 197 157 2924 0.16666666666666666 0.3498964803312629
table-0310-940 18 7 0 98 293 476 1.0 4.3609467455621305
table-0310-945 2 3 0 159 184 9300 1.0 0.057729669719678044
table-0310-981 7 6 0 109 363 1357 1.0 0.46466431095406363
table-0310-22 1 5 2 206 223 1238 1.0 0.3490566037735849
table-0310-429 1 3 0 117 122 1188 1.0 0.035327635327635325
table-0310-103 5 9 0 188 483 3905 0.03225806451612903 0.02626597255087553
table-0310-401 8 3 8 57 63 2854 0.25 0.06341998120889446
table-0310-366 2 14 0 611 709 3885 0.022222222222222223 0.15990338164251208
table-0310-378 14 6 3 611 709 3885 0.022222222222222223 0.9516908212560387
table-0310-734 0 1 0 311 571 4440 0.3333333333333333 0.0
table-0310-109 23 7 0 188 483 3905 0.03225806451612903 0.07146237576904875
table-0310-939 12 6 21 98 293 476 1.0 1.878698224852071
table-0310-598 2 2 0 23 51 6258 0.5 0.030530973451327433
table-0310-856 14 5 11 119 130 2845 0.5 0.5628985507246377
table-0310-672 4 4 2 234 139 2546 0.5 0.3245125348189415
table-0310-27 1 5 2 90 139 1683 1.0 0.2645051194539249
table-0310-510 15 7 14 182 188 291985 0.3333333333333333 0.6884036588964296
table-0310-440 33 4 0 9 433 21590 1.0 0.8348875479978058
table-0310-843 109 6 70 55 213 72512 0.3333333333333333 0.3147283742178965
table-0310-437 2 2 0 22 42 594 1.0 0.00539053905390539
table-0310-714 1 8 0 88 215 1399 0.05 0.011597938144329897
table-0310-116 3 10 0 188 483 3905 0.03225806451612903 0.009386338539201768
table-0310-923 15 4 0 473 578 12656 0.125 0.3973634651600753
table-0310-176 4 9 0 159 284 2796 0.14285714285714285 0.08387096774193549
table-0310-218 10 2 0 3015 137 74770 0.5 0.008557999290528556
table-0310-788 13 5 0 204 174 72948 0.5 0.13732438931780788
table-0310-961 2 2 0 89 137 2035 0.1 0.15415821501014199
table-0310-185 12 5 0 626 992 49928 0.3333333333333333 0.0436455349890993
table-0310-780 1 3 0 12 16 581 1.0 0.11957950065703023
table-0310-157 80 6 0 151 281 1998 0.14285714285714285 3.5498967653131452
table-0310-971 5 3 0 19 46 909 1.0 0.26178254783014465
table-0310-960 31 4 0 161 208 1158 0.25 2.3469387755102042
table-0310-988 3 9 9 109 363 1357 1.0 0.02561837455830389
table-0310-133 5 4 0 198 185 1268 1.0 0.030826558265582657
table-0310-423 7 3 0 85 138 2246 0.1 0.8073022312373225
table-0310-590 68 2 36 17 237 146 1.0 123.6086956521739
table-0310-657 1 2 0 462 513 17718 0.25 0.0043492268041237115
table-0310-279 3 10 0 297 326 2638 0.08333333333333333 0.84875
table-0310-709 11 9 12 42 51 1252 0.5 0.14977285633162976
table-0310-465 52 5 0 376 191 144338 0.25 6.472279483562981
table-0310-160 20 10 0 151 281 1998 0.14285714285714285 0.5416379903647626
table-0310-972 15 6 0 22 171 1422 0.2 2.322454308093995
table-0310-743 1 2 1 78 108 3131 0.5 0.009895833333333333
table-0310-549 30 8 20 200 152 2267 0.16666666666666666 4.045738045738045
table-0310-355 6 9 6 611 709 3885 0.022222222222222223 0.09468599033816426
table-0310-950 43 6 0 108 35 10264 0.5 0.935672514619883
table-0310-87 4 2 0 11 52 1711 0.5 0.1930745015739769
table-0310-209 11 5 1 605 959 42258 0.2 0.0441883637308842
table-0310-443 19 2 0 299 348 164681 0.2 0.11911764705882352
table-0310-606 97 2 82 16 128 144 1.0 156.88888888888889
table-0310-784 6 3 0 105 143 7039 0.5 0.11062771908017402
table-0310-254 1 5 0 271 275 1996 0.1 0.15304798962386512
table-0310-259 3 8 0 271 275 1996 0.1 0.4357976653696498
table-0310-612 13 2 9 16 128 144 1.0 25.5
table-0310-364 1 6 0 611 709 3885 0.022222222222222223 0.05990338164251208
table-0310-165 80 6 0 153 277 2132 0.14285714285714285 3.8642066420664207
table-0310-37 1 4 0 362 129 1049035 0.25 0.00775375939849624
table-0310-607 97 2 51 16 128 144 1.0 243.61111111111111
table-0310-922 8 4 0 473 578 12656 0.125 0.1977401129943503
table-0310-391 32 3 0 76 74 5649 0.16666666666666666 0.380877123666535
table-0310-179 2 6 2 159 284 2796 0.14285714285714285 0.05012406947890819
table-0310-753 25 5 0 94 88 32424 1.0 6.598832684824902
table-0310-80 1 4 0 51 254 9351 0.08333333333333333 0.03777949113338473
table-0310-408 3 3 1 99 104 9049 0.5 0.09283980582524272
table-0310-426 3 2 1 7 27 721 1.0 0.04503249767873723
table-0310-919 0 1 0 8 11 761 1.0 0.0
table-0310-335 1 5 0 377 403 2736 0.05263157894736842 0.1394072447859495
table-0310-102 4 2 0 23 39 1041 0.3333333333333333 0.009426551453260016
table-0310-251 278 5 0 68 596 887 0.3333333333333333 114.65671641791045
table-0310-975 2 4 0 33 49 4216 0.3333333333333333 0.21780104712041884
table-0310-544 44 8 28 197 157 2924 0.16666666666666666 5.749482401656315
table-0310-601 1 3 0 7 52 943 0.5 0.048699763593380616
table-0310-172 21 7 28 44 804 44765 0.5 0.06864368508204124
table-0310-675 77 4 2 350 454 13162 1.0 11.281553398058252
table-0310-232 14 4 0 37 146 7650 0.0625 0.10233258088788563
table-0310-43 1 1 0 820 331 52695 0.3333333333333333 0.0009171619341110867
table-0310-305 3 4 0 399 492 2699 0.034482758620689655 0.3169151004536617
table-0310-38 2 4 0 362 129 1049035 0.25 0.01574248120300752
table-0310-766 4 5 0 94 88 32424 1.0 0.46381322957198445
table-0310-177 24 10 0 159 284 2796 0.14285714285714285 0.45607940446650125
table-0310-430 5 1 0 70 58 1327 0.3333333333333333 0.32075471698113206
table-0310-696 73 7 88 1565 302 3051 0.5 12.259723964868256
table-0310-141 3 2 0 9 19 2017 1.0 0.05499153976311337
table-0310-351 2 5 0 922 851 1095414 0.5 0.0035625057832886094
table-0310-336 1 5 0 377 403 2736 0.05263157894736842 0.1437980241492865
table-0310-554 5 2 0 57 61 28004 0.3333333333333333 0.1689522764673615
table-0310-762 1 1 0 94 88 32424 1.0 0.04046692607003891
table-0310-998 2 2 0 29 59 3721 0.5 0.03917525773195876
table-0310-558 32 8 31 198 161 2322 0.16666666666666666 3.037037037037037
table-0310-719 12 9 12 88 215 1399 0.05 0.23582474226804123
table-0310-559 45 8 32 198 161 2322 0.16666666666666666 4.1866666666666665
table-0310-528 11 2 0 98 81 53767 0.3333333333333333 0.1890909090909091
table-0310-397 1 1 0 82 88 5310 1.0 0.025184037194885704
table-0310-293 22 3 0 72 127 23723 0.07692307692307693 0.4430935494765282
table-0310-805 5 7 11 140 202 2545 1.0 0.12231985940246046
table-0310-238 10 7 39 93 109 20028 0.2 0.19577418289864643
table-0310-581 40 2 20 17 237 146 1.0 80.1304347826087
table-0310-320 1 8 0 399 492 2699 0.034482758620689655 0.08878807517822424
table-0310-742 4 2 0 6 40 1154 0.5 0.7224334600760456
table-0310-913 4 9 0 56 299 256 1.0 0.08146067415730338
table-0310-659 1 1 0 449 937 3865 0.2 0.0017915795759928337
table-0310-645 0 1 0 206 364 301 1.0 0.0
table-0310-325 3 7 0 399 492 2699 0.034482758620689655 0.3480233311730395
table-0310-460 1 3 0 695 544 64770 1.0 0.017561566410981024
table-0310-79 1 4 0 51 254 9351 0.08333333333333333 0.040863531225905934
table-0310-345 2 7 0 377 403 2736 0.05263157894736842 0.29418221734357847
table-0310-318 13 8 0 399 492 2699 0.034482758620689655 1.589760207388205
table-0310-428 0 1 0 104 160 21900 1.0 0.0
table-0310-986 3 11 11 109 363 1357 1.0 0.030918727915194347
table-0310-291 1 4 0 72 127 23723 0.07692307692307693 0.03005741303613644
table-0310-324 4 9 0 399 492 2699 0.034482758620689655 0.34672715489306544
table-0310-404 1 3 0 145 119 2362 1.0 0.03706199460916442
table-0310-523 5 7 0 1189 507 255791 0.058823529411764705 0.03467494444248474
table-0310-384 11 3 1 76 109 2072 0.1111111111111111 1.2024793388429753
table-0310-274 6 7 0 179 261 281 1.0 0.09702725020644096
table-0310-525 4 7 0 1189 507 255791 0.058823529411764705 0.027443648805954356
table-0310-132 5 7 0 198 185 1268 1.0 0.13194444444444445
table-0310-619 3 3 0 36 24 2250 1.0 0.2966601178781925
table-0310-621 20 6 14 58 98 2276 1.0 0.9684862127180641
table-0310-258 1 5 0 271 275 1996 0.1 0.17120622568093385
table-0310-970 4 3 0 280 315 5638 1.0 0.0828973185088293
table-0310-70 2 5 4 21 18 917 1.0 0.10202286719437115
table-0310-253 1 5 0 271 275 1996 0.1 0.16342412451361868
table-0310-926 13 4 0 473 578 12656 0.125 0.3393596986817326
table-0310-937 6 4 0 559 230 681268 0.5 0.01490101095197978
table-0310-938 23 3 1 559 230 681268 0.5 0.057445240101095196
table-0310-574 55 2 32 16 154 155 1.0 119.16666666666667
table-0310-707 10 3 1 114 120 4331 0.5 0.29459291485394656
table-0310-964 10 3 3 89 137 2035 0.1 0.9087221095334685
table-0310-317 6 6 0 399 492 2699 0.034482758620689655 0.5716137394685677
table-0310-272 8 7 0 179 261 281 1.0 0.13996696944673823
table-0310-10 5 6 0 2369 873 234709 0.125 0.05002800074668658
table-0310-11 3 8 0 2369 873 234709 0.125 0.00448011946985253
table-0310-514 6 6 0 182 188 291985 0.3333333333333333 0.27854824431985836
table-0310-844 1 2 1 50 30 2180 1.0 0.01970954356846473
table-0310-692 12 4 6 245 150 3468 0.5 1.2003853564547207
table-0310-627 11 3 1 84 140 2134 0.1 1.1417004048582995
table-0310-989 3 3 0 231 305 9371 1.0 0.018874554490236433
table-0310-471 0 1 0 87 86 82704 1.0 0.0
table-0310-690 1 2 0 75 115 636 1.0 0.01338766006984866
table-0310-47 2 13 0 83 150 3244 0.125 0.02120399707531075
table-0310-107 31 1 0 188 483 3905 0.03225806451612903 0.08076983751380344
table-0310-99 1 6 0 28 204 1363 1.0 0.11578947368421053
table-0310-912 1 2 1 6 31 2627 1.0 0.0203862660944206
table-0310-794 2 2 0 70 97 42441 0.3333333333333333 0.05550049554013875
table-0310-585 36 2 28 17 237 146 1.0 53.78260869565217
table-0310-400 7 3 6 57 63 2854 0.25 0.06373316630128406
table-0310-796 6 2 0 19 55 17823 0.3333333333333333 0.03404401650618982
table-0310-499 20 2 0 142 118 85272 0.2 0.1602536997885835
table-0310-413 28 4 50 1962 856 4534 1.0 0.12114088700830591
table-0310-859 3 2 0 52 77 5847 1.0 0.12938596491228072
table-0310-954 1 3 0 72 179 16172 0.3333333333333333 0.008915419799984494
table-0310-85 18 4 16 56 90 74534 0.25 0.31501182033096925
table-0310-199 1 3 0 62 91 7012 1.0 0.06192468619246862
table-0310-759 1 1 0 94 88 32424 1.0 0.04046692607003891
table-0310-73 2 1 0 51 254 9351 0.08333333333333333 0.015034695451040863
table-0310-661 6 7 6 449 937 3865 0.2 0.0075246342191699015
table-0310-265 1 7 0 262 269 1552 0.16666666666666666 0.34011090573012936
table-0310-195 10 2 0 575 1009 37892 0.16666666666666666 0.014252873563218391
table-0310-60 14 2 0 127 201 3426 1.0 0.039900787231748086
table-0310-454 25 8 0 522 218 4001 0.14285714285714285 0.9716626835097303
table-0310-833 112 5 167 153 593 15408 0.125 8.940812720848056
table-0310-125 9 9 9 188 483 3905 0.03225806451612903 0.07556396908029658
table-0310-518 2 2 1 10 52 3618 0.5 0.013635194237200925
table-0310-388 2 3 0 76 109 2072 0.1111111111111111 0.22520661157024793
table-0310-865 17 6 0 194 368 19459 0.25 0.6132075471698113
table-0310-163 3 4 0 180 123 1688 1.0 0.0048920114493884986
table-0310-100 5 3 0 83 163 47584 0.5 0.012020606754436176
table-0310-118 0 0 0 188 483 3905 0.03225806451612903 0.0
table-0310-108 0 0 0 188 483 3905 0.03225806451612903 0.0
table-0310-212 23 5 10 613 948 40598 0.16666666666666666 0.10448180583524563
table-0310-994 11 6 0 33 36 3756 0.5 0.3267937219730942
table-0310-197 9 3 0 18 19 2218 0.3333333333333333 1.1967871485943775
table-0310-660 4 3 0 449 937 3865 0.2 0.003404001194386384
table-0310-957 44 7 51 939 245 1886 0.3333333333333333 27.801652892561982
table-0310-402 1 3 0 166 160 32552 1.0 0.013648885549711996
table-0310-722 12 9 13 88 215 1399 0.05 0.24355670103092783
table-0310-379 2 11 0 611 709 3885 0.022222222222222223 0.06763285024154589
table-0310-281 1 5 0 297 326 2638 0.08333333333333333 0.1575
table-0310-890 10 8 0 471 585 10379 0.125 0.610512129380054
table-0310-543 32 8 25 197 157 2924 0.16666666666666666 4.252587991718427
table-0310-684 1 2 1 78 107 2862 0.3333333333333333 0.00841452612931798
table-0310-149 4 9 0 149 279 2041 0.14285714285714285 0.28642384105960267
table-0310-284 2 6 0 297 326 2638 0.08333333333333333 0.395
table-0310-656 5 2 0 462 513 17718 0.25 0.043170103092783504
table-0310-75 14 3 0 51 254 9351 0.08333333333333333 0.3905165767154973
table-0310-836 14 5 20 153 593 15408 0.125 1.142226148409894
table-0310-934 4 3 0 268 298 3448 1.0 0.663448275862069
table-0310-841 8 6 3 79 132 768 0.2 10.520833333333334
table-0310-665 4 2 3 93 119 1328 0.5 0.053653370984821744
table-0310-33 3 3 0 68 89 10164 1.0 0.08826695371367062
table-0310-815 4 7 9 140 202 2545 1.0 0.12231985940246046
table-0310-474 38 4 2 188 126 12741 1.0 0.8126793634229064
table-0310-829 2 5 4 25 23 884 1.0 0.17904993909866018
table-0310-35 1 2 1 78 111 3288 0.3333333333333333 0.008037225042301184
table-0310-94 312 6 28 86 227 50149 0.3333333333333333 40.93858267716536
table-0310-329 1 8 0 399 492 2699 0.034482758620689655 0.09462086843810759
table-0310-306 2 5 0 399 492 2699 0.034482758620689655 0.17757615035644847
table-0310-206 2 3 0 53 82 11923 0.5 0.07342406876790832
table-0310-140 7 4 0 209 169 45402 0.14285714285714285 0.061952714535901926
table-0310-889 12 4 9 471 585 10379 0.125 0.3697214734950584
table-0310-786 26 4 6 139 111 1005797 0.3333333333333333 0.322504963003068
table-0310-338 1 9 0 377 403 2736 0.05263157894736842 0.22722283205268934
table-0310-993 3 3 0 18 17 2061 0.25 0.19463087248322147
table-0310-687 2 2 0 64 97 5556 0.3333333333333333 0.04498816101026046
table-0310-916 17 3 0 56 299 256 1.0 0.2663857677902622
table-0310-216 14 6 0 566 864 37096 0.3333333333333333 0.09127169127169127
table-0310-625 4 4 0 82 117 3138 0.3333333333333333 0.012327342937769197
table-0310-383 10 3 1 76 109 2072 0.1111111111111111 1.1301652892561984
table-0310-249 1 5 2 201 222 1922 1.0 0.28125
table-0310-553 6 5 0 37 61 11836 0.5 0.11952191235059761
table-0310-72 2 1 0 51 254 9351 0.08333333333333333 0.01927525057825752
table-0310-286 1 5 0 297 326 2638 0.08333333333333333 0.16875
table-0310-846 7 6 0 310 523 38165 0.2 0.2755591054313099
table-0310-867 2 5 4 37 26 806 1.0 0.12044046799724707
table-0310-568 107 2 85 16 154 155 1.0 200.5
table-0310-92 1 6 0 2 5 277 1.0 0.21052631578947367
table-0310-487 37 8 40 84 206 1124 0.14285714285714285 4.286885245901639
table-0310-62 8 2 0 127 201 3426 1.0 0.017362234444084978
table-0310-313 3 15 0 399 492 2699 0.034482758620689655 0.2119248217757615
table-0310-49 2 5 3 83 150 3244 0.125 0.019254204240799416
table-0310-341 6 10 2 377 403 2736 0.05263157894736842 1.455543358946213
table-0310-990 6 3 0 28 22 1079 1.0 0.48431618569636137
table-0310-745 4 8 2 19 56 518 1.0 0.14453125
table-0310-666 0 1 0 93 119 1328 0.5 0.0
table-0310-394 3 3 0 188 112 4463 1.0 0.01981031054000306
table-0310-21 1 5 2 204 234 1473 1.0 0.16809421841541755
table-0310-933 0 1 0 125 19 1733 1.0 0.0
table-0310-821 7 7 7 140 202 2545 1.0 0.17609841827768014
table-0310-150 21 9 0 149 279 2041 0.14285714285714285 1.2963576158940397
table-0310-290 4 11 0 72 127 23723 0.07692307692307693 0.3988517392772712
table-0310-393 6 3 0 320 166 17393 1.0 0.10754816574294009
table-0310-148 29 11 0 149 279 2041 0.14285714285714285 2.0794701986754967
table-0310-819 7 7 7 140 202 2545 1.0 0.19015817223198594
table-0310-117 3 1 0 188 483 3905 0.03225806451612903 0.006389020350212968
table-0310-647 20 4 0 185 253 25579 0.3333333333333333 2.4526315789473685
table-0310-539 67 2 50 17 82 185 1.0 278.625
table-0310-162 0 1 0 151 281 1998 0.14285714285714285 0.0
table-0310-668 10 2 0 250 264 51646 0.3333333333333333 0.08525937339496661
table-0310-328 2 14 1 399 492 2699 0.034482758620689655 0.19961114711600778
table-0310-534 45 8 41 173 150 2534 0.16666666666666666 2.7575462512171374
table-0310-422 2 3 0 85 138 2246 0.1 0.29411764705882354
table-0310-34 1 2 1 29 47 5255 1.0 0.024869109947643978
table-0310-532 6 3 0 173 150 2534 0.16666666666666666 0.17039922103213243
table-0310-823 4 7 8 140 202 2545 1.0 0.10228471001757469
table-0310-25 3 2 0 9 42 4269 0.2 1.536723163841808
table-0310-344 11 4 0 377 403 2736 0.05263157894736842 0.5762897914379802
table-0310-420 7 3 1 85 138 2246 0.1 0.8519269776876268
table-0310-614 3 2 0 18 37 4899 0.5 0.10161290322580645
table-0310-436 1 2 0 22 42 594 1.0 0.0038503850385038503
table-0310-161 2 8 0 151 281 1998 0.14285714285714285 0.03991741225051618
table-0310-427 0 1 0 9 161 599 1.0 0.0
table-0310-81 2 3 0 51 254 9351 0.08333333333333333 0.05397070161912105
table-0310-882 4 2 0 38 73 4201 0.2 0.034273213417598446
table-0310-451 4 1 0 522 218 4001 0.14285714285714285 0.025947422328439742
table-0310-146 5 8 0 149 279 2041 0.14285714285714285 0.41225165562913907
table-0310-220 10 5 0 552 912 35634 0.25 0.046716911005575054
table-0310-244 1 3 0 16 50 1219 1.0 0.0734304932735426
table-0310-3 1 2 0 10 25 1985 1.0 0.024390243902439025
table-0310-236 10 2 0 567 909 54232 0.25 0.015734922936469577
table-0310-756 1 1 0 94 88 32424 1.0 0.04046692607003891
table-0310-333 7 4 0 377 403 2736 0.05263157894736842 1.0186608122941823
table-0310-595 41 2 23 17 237 146 1.0 70.17391304347827
table-0310-641 2 2 0 13 40 11121 1.0 0.01723597618301473
table-0310-857 1 2 1 79 105 8303 0.3333333333333333 0.007134810364250845
table-0310-693 1 2 1 77 109 3786 0.5 0.011242603550295858
table-0310-744 10 7 1 19 56 518 1.0 0.2390625
table-0310-226 10 5 0 569 944 42418 0.14285714285714285 0.04812521332098103
table-0310-380 1 6 0 611 709 3885 0.022222222222222223 0.08260869565217391
table-0310-375 9 6 3 611 709 3885 0.022222222222222223 0.5439613526570048
table-0310-996 3 3 0 160 204 7103 1.0 0.04139954362707813
table-0310-728 1 2 1 79 111 5210 0.3333333333333333 0.008601177003168854
table-0310-713 4 12 0 88 215 1399 0.05 0.055412371134020616
table-0310-478 3 2 0 13 28 685 0.3333333333333333 0.04753521126760563
table-0310-470 1 2 0 22 42 427 1.0 0.0035203520352035203
table-0310-683 11 4 8 290 150 3355 0.5 1.1755888650963597
table-0310-639 25 10 0 75 322 1897 0.2 3.209756097560976
table-0310-898 6 2 0 561 399 12034 0.14285714285714285 0.48668280871670705
table-0310-774 2 2 2 0 0 0 0.0 29.0
table-0310-617 5 7 1 168 219 1382 0.25 0.5400641025641025
table-0310-200 2 5 0 105 202 2701 0.1111111111111111 0.004059301094246382
table-0310-352 3 3 0 57 74 983 1.0 0.11310084825636192
table-0310-167 5 9 0 153 277 2132 0.14285714285714285 0.15350553505535056
table-0310-772 1 1 0 94 88 32424 1.0 0.04046692607003891
table-0310-445 1 2 0 299 348 164681 0.2 0.0025210084033613447
table-0310-168 21 9 0 153 277 2132 0.14285714285714285 0.5712177121771218
table-0310-491 2 6 0 84 206 1124 0.14285714285714285 0.5278688524590164
table-0310-818 10 7 12 140 202 2545 1.0 0.24393673110720562
table-0310-390 19 2 3 76 109 2072 0.1111111111111111 1.0557851239669422
table-0310-147 80 6 0 149 279 2041 0.14285714285714285 8.5
table-0310-136 13 3 0 198 185 1268 1.0 0.10230352303523035
table-0310-887 8 4 0 471 585 10379 0.125 0.24663072776280323
table-0310-564 29 8 16 200 153 2434 0.16666666666666666 3.3880070546737215
table-0310-735 1 2 1 7 21 632 1.0 0.024934383202099737
table-0310-578 1 3 0 193 220 9468 1.0 0.004975124378109453
table-0310-498 17 3 0 114 469 1639 0.25 1.7841483979763912
table-0310-879 3 2 0 38 73 4201 0.2 0.0318424890617404
table-0310-196 8 3 0 18 19 2218 0.3333333333333333 0.8353413654618473
table-0310-797 6 3 0 19 55 17823 0.3333333333333333 0.07479367262723521
table-0310-417 11 3 1 85 138 2246 0.1 1.2596348884381339
table-0310-373 1 5 0 611 709 3885 0.022222222222222223 0.05217391304347826
table-0310-599 8 2 0 44 58 26847 0.25 0.09103019538188277
table-0310-505 8 3 1 2324 639 230611 0.3333333333333333 0.006914514278627019
table-0310-603 30 2 19 16 128 144 1.0 69.27777777777777
table-0310-791 10 5 7 44 59 1701 1.0 0.23946360153256704
table-0310-280 6 10 2 297 326 2638 0.08333333333333333 1.68875
table-0310-261 1 10 0 271 275 1996 0.1 0.2529182879377432
table-0310-792 16 3 0 1255 191 691347 0.5 0.006096731172259873
table-0310-386 6 3 0 76 109 2072 0.1111111111111111 0.7975206611570248
table-0310-785 15 4 11 54 62 32789 1.0 0.13952225841476656
table-0310-134 9 4 0 198 185 1268 1.0 0.06978319783197832
table-0310-885 8 4 6 471 585 10379 0.125 0.24258760107816713
table-0310-944 1 3 0 27 59 9250 1.0 0.03419811320754717
table-0310-230 1 2 0 83 98 3153 0.5 0.0274888558692422
table-0310-749 1 5 0 9 30 2544 0.25 0.01762114537444934
table-0310-450 1 8 0 522 218 4001 0.14285714285714285 0.03823830658927962
table-0310-74 1 4 0 51 254 9351 0.08333333333333333 0.04240555127216654
table-0310-267 7 8 0 179 261 281 1.0 0.1606110652353427
table-0310-717 8 3 0 88 215 1399 0.05 0.24742268041237114
table-0310-963 11 3 1 89 137 2035 0.1 0.9127789046653144
table-0310-789 12 3 0 59 93 1895 1.0 0.7000426075841499
table-0310-139 10 4 0 209 169 45402 0.14285714285714285 0.09719789842381786
table-0310-121 4 3 0 188 483 3905 0.03225806451612903 0.02752800126202871
table-0310-806 4 7 8 140 202 2545 1.0 0.11177504393673111
table-0310-101 2 2 0 23 39 1041 0.3333333333333333 0.029850746268656716
table-0310-472 40 3 31 19 27 1988 0.5 3.7263157894736842
table-0310-513 2 5 0 182 188 291985 0.3333333333333333 0.07347300088521688
table-0310-28 8 3 0 22 48 1033 0.5 0.05405718254427596
table-0310-610 10 2 4 16 128 144 1.0 26.5
table-0310-571 59 2 55 16 154 155 1.0 87.33333333333333
table-0310-83 2 5 4 19 19 814 1.0 0.06461307287753569
table-0310-441 281 4 2 9 433 21590 1.0 7.6165660998354365
table-0310-746 4 2 0 19 56 518 1.0 0.13203125
table-0310-931 1 3 0 109 129 4826 1.0 0.02515566625155666
table-0310-457 6 3 0 1814 827 183892 1.0 0.0022090497404366554
table-0310-301 7 3 0 72 127 23723 0.07692307692307693 0.1756163458291118
table-0310-628 12 3 1 84 140 2134 0.1 1.2732793522267207
table-0310-346 2 8 1 377 403 2736 0.05263157894736842 0.4544456641053787
table-0310-868 7 4 0 74 73 12622 0.2 0.040782584734086524
table-0310-624 6 5 0 82 117 3138 0.3333333333333333 0.03467993465023021
table-0310-271 16 7 0 179 261 281 1.0 0.32411230388109
table-0310-546 20 8 6 200 152 2267 0.16666666666666666 3.0727650727650726
table-0310-56 1 2 0 5 14 651 1.0 0.015164279696714406
table-0310-369 2 10 0 611 709 3885 0.022222222222222223 0.1246376811594203
table-0310-488 25 8 22 84 206 1124 0.14285714285714285 2.8540983606557377
table-0310-630 7 3 1 84 140 2134 0.1 0.791497975708502
table-0310-52 11 3 0 83 150 3244 0.125 0.06019985376553741
table-0310-331 2 4 0 399 492 2699 0.034482758620689655 0.1574854180168503
table-0310-217 1 3 0 9 8 1197 1.0 0.5648535564853556
table-0310-98 9 7 9 87 112 252 1.0 0.43578274760383384
table-0310-363 1 5 0 611 709 3885 0.022222222222222223 0.06763285024154589
table-0310-588 70 2 47 17 237 146 1.0 113.0
table-0310-795 1 3 0 70 97 42441 0.3333333333333333 0.13875123885034688
table-0310-67 2 5 4 16 16 931 1.0 0.138328530259366
table-0310-449 4 1 0 522 218 4001 0.14285714285714285 0.014680778422669852
table-0310-183 8 3 0 36 67 5186 0.3333333333333333 0.06644897959183674
table-0310-405 18 3 0 1021 362 410591 0.5 0.005605745482906538
table-0310-573 51 2 33 16 154 155 1.0 107.66666666666667
table-0310-296 17 9 0 72 127 23723 0.07692307692307693 0.6957109084768659
table-0310-703 1 3 0 57 84 1194 0.3333333333333333 0.015113350125944584
table-0310-18 4 5 0 1595 997 192740 0.16666666666666666 0.01729295877417001
table-0310-776 4 2 0 12 17 1747 0.2 0.9615384615384616
table-0310-634 21 2 3 84 140 2134 0.1 1.1295546558704452
table-0310-861 36 3 0 513 209 34318 0.5 0.30124333925399643
table-0310-733 15 6 2 311 571 4440 0.3333333333333333 21.941666666666666
table-0310-995 1 3 0 32 43 2213 1.0 0.012629572262599786
table-0310-763 6 5 0 94 88 32424 1.0 0.6949416342412451
table-0310-377 9 10 0 611 709 3885 0.022222222222222223 0.6801932367149759
table-0310-874 6 3 0 3554 1166 236882 0.5 0.004451542070066873
table-0310-787 10 1 0 423 148 81581 1.0 0.024542590238240007
table-0310-831 11 5 18 153 593 15408 0.125 0.7685512367491166
table-0310-93 5 11 10 86 227 50149 0.3333333333333333 0.9401574803149606
table-0310-349 1 10 0 377 403 2736 0.05263157894736842 0.145993413830955
table-0310-820 7 7 7 140 202 2545 1.0 0.17539543057996484
table-0310-309 1 6 0 399 492 2699 0.034482758620689655 0.10952689565780946
table-0310-263 1 5 0 262 269 1552 0.16666666666666666 0.26062846580406657
table-0310-169 2 8 0 153 277 2132 0.14285714285714285 0.047232472324723246
table-0310-527 10 3 0 230 221 16838 1.0 0.08726706058048178
table-0310-626 2 2 0 84 140 2134 0.1 0.145748987854251
table-0310-208 10 2 0 640 983 42386 0.25 0.011989433042064622
table-0310-904 10 7 1 20 51 465 0.2 0.22053872053872053
table-0310-594 117 2 94 17 237 146 1.0 167.91304347826087
table-0310-755 1 1 0 94 88 32424 1.0 0.04046692607003891
table-0310-112 3 14 0 188 483 3905 0.03225806451612903 0.011673765578166904
table-0310-12 12 7 7 2369 873 234709 0.125 0.010733619563188352
table-0310-239 7 8 24 93 109 20028 0.2 0.34334763948497854
table-0310-767 1 1 0 94 88 32424 1.0 0.04046692607003891
table-0310-154 0 1 0 237 300 2621 1.0 0.0
table-0310-311 1 10 1 399 492 2699 0.034482758620689655 0.1322099805573558
table-0310-461 1 3 0 7 12 1011 1.0 0.05893909626719057
table-0310-670 6 4 3 231 142 2373 0.5 0.24305003971405878
table-0310-194 20 5 1 575 1009 37892 0.16666666666666666 0.09425287356321839
table-0310-248 3 2 3 6 28 561 1.0 0.18114143920595532
table-0310-862 27 4 3 261 261 766 1.0 1.274438812454743
table-0310-992 3 5 0 18 17 2061 0.25 0.15436241610738255
table-0310-921 8 4 0 473 578 12656 0.125 0.21167608286252354
table-0310-760 1 1 0 94 88 32424 1.0 0.04046692607003891
table-0310-951 68 9 87 94 218 35732 0.3333333333333333 0.7715777091604176
table-0310-104 6 10 6 188 483 3905 0.03225806451612903 0.0416469474680549
table-0310-798 3 5 1 33 76 1162 1.0 0.30753968253968256
table-0310-652 6 2 0 445 564 10482 0.5 0.05355472404115996
table-0310-658 1 2 0 462 513 17718 0.25 0.004188144329896907
table-0310-97 51 3 4 448 461 28892 1.0 0.13868900936421882
table-0310-586 42 2 38 17 237 146 1.0 46.0
table-0310-202 2 5 0 105 202 2701 0.1111111111111111 0.004059301094246382
table-0310-622 6 3 0 27 55 1274 1.0 0.4207777132907719
table-0310-533 28 8 15 173 150 2534 0.16666666666666666 1.813047711781889
table-0310-368 7 11 0 611 709 3885 0.022222222222222223 0.5072463768115942
table-0310-323 3 7 0 399 492 2699 0.034482758620689655 0.38885288399222295
table-0310-587 40 2 30 17 237 146 1.0 53.30434782608695
table-0310-855 1 3 1 6 15 10325 0.5 0.0036213140196585617
table-0310-490 13 7 1 84 206 1124 0.14285714285714285 1.9950819672131148
table-0310-958 22 6 13 161 208 1158 0.25 1.9072356215213357
table-0310-895 7 8 0 629 535 23083 0.14285714285714285 0.31432748538011696
table-0310-507 8 3 0 2324 639 230611 0.3333333333333333 0.008185792688598804
table-0310-881 2 2 0 38 73 4201 0.2 0.01434127369956247
table-0310-817 4 6 7 140 202 2545 1.0 0.11388400702987697
table-0310-477 2 2 0 13 28 685 0.3333333333333333 0.014084507042253521
table-0310-229 10 6 19 137 120 3488 0.5 1.284953395472703
table-0310-367 4 9 0 611 709 3885 0.022222222222222223 0.43768115942028984
table-0310-418 12 3 1 85 138 2246 0.1 1.3874239350912778
table-0310-875 0 1 0 3554 1166 236882 0.5 0.0
table-0310-948 12 6 20 116 284 3687 1.0 2.4468085106382977
table-0310-828 2 5 4 25 23 884 1.0 0.16930572472594396
table-0310-888 8 4 5 471 585 10379 0.125 0.24483378256963162
table-0310-593 126 2 85 17 237 146 1.0 194.7391304347826
table-0310-283 4 8 1 297 326 2638 0.08333333333333333 1.04875
table-0310-40 12 3 0 997 286 412593 0.14285714285714285 0.0037439737408965024
table-0310-962 10 3 1 89 137 2035 0.1 0.8884381338742393
table-0310-91 5 3 0 82 181 1844 0.5 0.06821552150271873
table-0310-71 1 4 0 51 254 9351 0.08333333333333333 0.036237471087124135
table-0310-809 4 7 8 140 202 2545 1.0 0.11669595782073813
table-0310-987 3 10 10 109 363 1357 1.0 0.028268551236749116
table-0310-297 4 5 0 72 127 23723 0.07692307692307693 0.2276258020938872
table-0310-433 1 3 0 107 145 34029 0.3333333333333333 0.004961358648983875
table-0310-282 1 5 0 297 326 2638 0.08333333333333333 0.1475
table-0310-851 3 5 0 50 139 50555 0.5 0.03669724770642202
table-0310-260 1 6 0 271 275 1996 0.1 0.19714656290531776
table-0310-947 3 3 0 237 248 10845 1.0 0.13243831640058054
table-0310-810 4 7 8 140 202 2545 1.0 0.12372583479789104
table-0310-545 1 3 0 197 157 2924 0.16666666666666666 0.15942028985507245
table-0310-84 2 6 0 41 39 1214 1.0 0.10527867885579476
table-0310-808 4 7 8 140 202 2545 1.0 0.11282952548330404
table-0310-14 6 5 0 1595 997 192740 0.16666666666666666 0.022619481940897482
table-0310-124 5 2 0 188 483 3905 0.03225806451612903 0.014118946206026188
table-0310-350 5 12 2 377 403 2736 0.05263157894736842 1.3249176728869374
table-0310-902 6 2 0 561 399 12034 0.14285714285714285 0.21549636803874092
table-0310-270 14 7 0 179 261 281 1.0 0.2630057803468208
table-0310-871 2 4 2 74 73 12622 0.2 0.012537889225682006
table-0310-482 11 2 0 15 17 4502 0.5 0.1193462561763588
table-0310-757 1 1 0 94 88 32424 1.0 0.04046692607003891
table-0310-740 1 3 0 6 24 677 1.0 0.05463059313215401
table-0310-143 36 5 35 129 318 6294 0.2 1.5108225108225108
table-0310-330 5 4 0 399 492 2699 0.034482758620689655 0.41931302657161373
table-0310-444 2 2 0 299 348 164681 0.2 0.005357142857142857
table-0310-257 1 5 0 271 275 1996 0.1 0.16472114137483787
table-0310-764 1 1 0 94 88 32424 1.0 0.04046692607003891
table-0310-221 3 3 0 65 65 3737 0.5 0.022375215146299483
table-0310-142 1 2 0 58 86 5346 0.3333333333333333 0.017011834319526627
table-0310-640 4 2 0 13 40 11121 1.0 0.03384518959573801
table-0310-332 1 5 0 399 492 2699 0.034482758620689655 0.08943616331821128
table-0310-521 23 5 6 1189 507 255791 0.058823529411764705 0.15062259691699884
table-0310-39 26 4 0 997 286 412593 0.14285714285714285 0.04579956918658324
table-0310-644 7 7 6 206 364 301 1.0 0.0731170973062122
table-0310-225 0 1 0 20 46 1412 0.25 0.0
table-0310-781 2 3 0 26 47 1633 1.0 0.09476765459202342
table-0310-700 8 3 0 156 106 138446 0.25 0.10292983808789515
table-0310-569 109 2 82 16 154 155 1.0 196.88888888888889
table-0310-347 1 7 0 377 403 2736 0.05263157894736842 0.16136114160263446
table-0310-917 4 9 0 56 299 256 1.0 0.08426966292134831
table-0310-237 1 3 0 50 99 13484 1.0 0.014928533615669667
table-0310-783 1 2 1 39 93 8385 1.0 0.007742461287693562
table-0310-312 2 10 0 399 492 2699 0.034482758620689655 0.2832145171743357
table-0310-170 0 1 0 153 277 2132 0.14285714285714285 0.0
table-0310-910 16 10 0 334 266 3781 1.0 0.3315858453473132
table-0310-262 1 4 0 262 269 1552 0.16666666666666666 0.19408502772643252
table-0310-903 1 3 0 561 399 12034 0.14285714285714285 0.1440677966101695
table-0310-878 4 2 0 38 73 4201 0.2 0.03500243072435586
table-0310-473 29 4 25 188 126 12741 1.0 0.573962953300287
table-0310-1 5 2 0 47 79 8000 0.3333333333333333 0.08825283243887895
table-0310-676 28 4 3 350 454 13162 1.0 2.9750346740638003
table-0310-608 97 2 68 16 128 144 1.0 194.5
table-0310-853 2 2 2 79 113 3561 0.3333333333333333 0.019644527595884004
table-0310-965 6 3 0 89 137 2035 0.1 0.6288032454361054
table-0310-174 80 6 0 159 284 2796 0.14285714285714285 2.5905707196029777
table-0310-223 5 2 0 20 46 1412 0.25 0.052800734618916434
table-0310-36 3 4 0 362 129 1049035 0.25 0.04299812030075188
table-0310-501 1 2 0 142 118 85272 0.2 0.00507399577167019
table-0310-240 10 8 30 93 109 20028 0.2 0.4938923737206999
table-0310-974 4 3 0 206 264 5226 1.0 0.08086816720257235
table-0310-602 98 2 70 16 128 144 1.0 184.44444444444446
table-0310-967 2 3 0 89 137 2035 0.1 0.281947261663286
table-0310-577 47 7 52 193 220 9468 1.0 0.6432903973284264
table-0310-181 1 1 0 6581 822 945136 0.3333333333333333 0.00038704420452230595
table-0310-19 11 3 0 1595 997 192740 0.16666666666666666 0.044874133527909525
table-0310-246 1 5 2 201 236 1446 1.0 0.47147147147147145
table-0311-1000 32 5 25 4 145 2510 0.1 1.4631499242806663
table-0310-354 19 4 0 611 709 3885 0.022222222222222223 1.5603864734299517
table-0310-637 5 6 0 75 322 1897 0.2 0.9853658536585366
table-0310-583 36 2 26 17 237 146 1.0 56.34782608695652
table-0310-638 1 4 0 75 322 1897 0.2 0.23414634146341465
table-0310-838 5 3 3 79 132 768 0.2 3.9166666666666665
table-0310-304 8 2 0 37 47 5622 0.3333333333333333 0.259375
table-0310-127 14 10 14 188 483 3905 0.03225806451612903 0.09938476100331282
table-0310-908 16 10 0 334 266 3781 1.0 0.33901266928789864
table-0310-250 0 1 0 47 80 517 1.0 0.0
table-0310-23 7 6 1 9 42 4269 0.2 4.056497175141243
table-0310-924 8 4 0 473 578 12656 0.125 0.2135593220338983
table-0310-909 0 1 0 334 266 3781 1.0 0.0
table-0310-479 8 2 0 180 140 181585 1.0 0.0518967576008083
table-0310-769 1 1 0 94 88 32424 1.0 0.04046692607003891
table-0310-502 2 4 0 142 118 85272 0.2 0.012684989429175475
table-0310-930 3 11 0 12 27 807 0.5 0.4208389715832206
table-0310-506 8 2 0 2324 639 230611 0.3333333333333333 0.0025735636104306844
table-0310-255 1 5 0 271 275 1996 0.1 0.16342412451361868
table-0310-203 1 3 0 14 23 1058 1.0 0.05461056401074306
table-0310-398 0 1 0 14 14 2503 1.0 0.0
table-0310-980 3 3 0 171 218 9010 0.5 0.0516190218127625
table-0310-137 5 6 0 209 169 45402 0.14285714285714285 0.15083187390542907
table-0310-915 11 4 0 56 299 256 1.0 0.16619850187265917
table-0310-245 1 5 2 87 130 1411 1.0 0.19971870604781997
table-0310-850 5 3 0 15 106 3608 1.0 0.1319073083778966
table-0310-839 27 7 11 79 132 768 0.2 33.4375
table-0310-747 4 2 0 9 30 2544 0.25 0.05188448360254528
table-0310-129 13 10 13 188 483 3905 0.03225806451612903 0.0922858495030762
table-0310-721 14 9 14 88 215 1399 0.05 0.29037800687285226
table-0310-752 1 1 0 94 88 32424 1.0 0.04046692607003891
table-0310-905 4 8 1 20 51 465 0.2 0.13468013468013468
table-0310-724 13 9 13 88 215 1399 0.05 0.25773195876288657
table-0310-920 1 3 0 86 90 4850 1.0 0.12301313061506565
table-0310-826 2 5 4 25 23 884 1.0 0.18392204628501826
table-0310-771 1 1 0 94 88 32424 1.0 0.04046692607003891
table-0310-399 5 3 1 57 63 2854 0.25 0.05981835264641403
table-0310-105 4 13 8 188 483 3905 0.03225806451612903 0.05939422621864648
table-0310-655 1 3 0 13 23 2014 1.0 0.08306010928961749
table-0310-20 1 2 1 268 242 2624 1.0 0.019367991845056064
table-0310-555 20 8 4 198 161 2322 0.16666666666666666 2.1525925925925926
table-0310-814 4 7 8 140 202 2545 1.0 0.12478031634446397
table-0310-358 1 5 0 611 709 3885 0.022222222222222223 0.06666666666666667
table-0310-504 2 1 0 2324 639 230611 0.3333333333333333 0.002976651886763201
table-0310-360 1 10 0 611 709 3885 0.022222222222222223 0.12077294685990338
table-0310-447 0 1 0 299 348 164681 0.2 0.0
table-0310-130 14 10 14 188 483 3905 0.03225806451612903 0.0997791449755482
table-0310-7 1 5 2 202 236 1220 1.0 0.18864097363083165
table-0310-211 1 3 0 57 76 1491 1.0 0.10830324909747292
table-0310-370 1 9 0 611 709 3885 0.022222222222222223 0.078743961352657
table-0310-153 19 3 18 0 0 0 0.0 668.0
table-0310-840 16 7 9 79 132 768 0.2 20.208333333333332
table-0310-299 3 4 0 72 127 23723 0.07692307692307693 0.06788247213779129
table-0310-609 12 2 9 16 128 144 1.0 20.27777777777778
table-0310-186 3 3 1 8 13 975 1.0 0.14971050454921422
table-0310-566 1 3 0 200 153 2434 0.16666666666666666 0.32098765432098764
table-0310-674 295 4 49 350 454 13162 1.0 34.37309292649098
table-0310-873 2 1 0 3554 1166 236882 0.5 0.0029144625212097017
table-0310-863 3 3 0 77 171 2181 1.0 0.14040442579168255
table-0310-946 2 3 0 147 152 4742 1.0 0.11344969199178645
table-0310-119 3 3 0 188 483 3905 0.03225806451612903 0.04038491875690172
table-0310-793 2 2 0 70 97 42441 0.3333333333333333 0.15361744301288405
table-0310-469 1 3 0 115 109 3846 1.0 0.023250460405156537
table-0310-287 5 8 3 297 326 2638 0.08333333333333333 0.73125
table-0310-45 2 2 0 29 34 5325 1.0 0.028785982478097622
table-0310-403 1 3 0 112 166 10627 1.0 0.023502304147465437
table-0310-973 34 9 21 22 171 1422 0.2 4.973890339425587
table-0310-813 5 7 11 140 202 2545 1.0 0.1507908611599297
table-0310-207 20 5 0 640 983 42386 0.25 0.07677301361511887
table-0310-754 1 1 0 94 88 32424 1.0 0.04046692607003891
table-0310-158 29 11 0 151 281 1998 0.14285714285714285 0.8960770818995183
table-0310-891 6 2 0 471 585 10379 0.125 0.11365678346810422
table-0310-832 2 5 2 153 593 15408 0.125 0.15901060070671377
table-0310-616 18 6 1 168 219 1382 0.25 1.7403846153846154
table-0310-680 3 2 0 18 23 2933 0.25 0.0634441087613293
table-0310-761 1 1 0 94 88 32424 1.0 0.04046692607003891
table-0310-697 17 10 0 9 48 780 0.5 0.4623902252768232
table-0310-48 3 9 0 83 150 3244 0.125 0.038020960272971
table-0310-650 3 3 0 18 28 868 1.0 0.8029925187032418
table-0310-278 6 4 0 297 326 2638 0.08333333333333333 1.28625
table-0310-886 13 4 7 471 585 10379 0.125 0.42093441150044925
table-0310-337 1 5 0 377 403 2736 0.05263157894736842 0.17014270032930845
table-0310-705 13 5 0 7 38 836 1.0 3.8596938775510203
table-0310-540 20 8 6 197 157 2924 0.16666666666666666 2.991718426501035
table-0310-837 3 6 0 47 82 985 1.0 0.17220543806646527
table-0310-941 23 6 0 98 293 476 1.0 5.281065088757397
table-0310-90 3 3 0 0 0 0 0.0 312.0
table-0310-63 8 2 0 127 201 3426 1.0 0.05025342391890435
table-0310-144 45 11 53 129 318 6294 0.2 3.123685837971552
table-0310-848 3 6 0 310 523 38165 0.2 0.07108626198083066
table-0310-475 23 4 19 188 126 12741 1.0 0.4951734933472476
table-0310-175 28 11 0 159 284 2796 0.14285714285714285 0.5955334987593052
table-0310-929 6 2 0 473 578 12656 0.125 0.07984934086629002
table-0310-434 7 4 3 152 194 54421 0.3333333333333333 0.09559576647319905
table-0310-406 2 3 0 1021 362 410591 0.5 0.0008124268815806577
table-0310-509 0 1 0 2324 639 230611 0.3333333333333333 0.0
table-0310-977 3 3 0 192 227 3796 1.0 0.36977491961414793
table-0310-215 0 1 0 11 18 1465 1.0 0.0
table-0310-467 25 5 0 376 191 144338 0.25 0.30899424975588585
table-0310-538 65 2 43 17 82 185 1.0 310.0
table-0310-526 1 7 0 1189 507 255791 0.058823529411764705 0.008360083248086353
table-0310-984 3 10 10 109 363 1357 1.0 0.027385159010600707
table-0310-876 2 2 0 38 73 4201 0.2 0.01166747690811862
table-0310-462 4 6 0 376 191 144338 0.25 0.04263860258218509
table-0310-708 2 2 0 76 110 430 1.0 0.027159152634437807
table-0310-182 9 3 1 36 67 5186 0.3333333333333333 0.07036734693877551
table-0310-29 12 3 12 31 62 4421 1.0 0.19551854055125917
table-0310-765 1 1 0 94 88 32424 1.0 0.04046692607003891
table-0310-536 63 2 37 17 82 185 1.0 294.75
table-0310-493 0 1 0 117 148 5018 1.0 0.0
table-0310-503 5 3 0 142 118 85272 0.2 0.14207188160676532
table-0310-481 11 2 0 23 44 1084 0.5 0.11933534743202417
table-0310-464 48 5 0 376 191 144338 0.25 3.192361939893675
table-0310-807 5 7 11 140 202 2545 1.0 0.13497363796133569
table-0310-198 1 2 1 34 104 2375 1.0 0.003090938669269562
table-0310-412 10 4 0 63 137 1328 0.2 0.6655443322109988
table-0310-985 3 11 11 109 363 1357 1.0 0.030035335689045935
table-0310-24 4 4 4 9 42 4269 0.2 1.6045197740112995
table-0310-51 11 7 0 83 150 3244 0.125 0.08579088471849866
table-0310-869 3 4 3 74 73 12622 0.2 0.025213557453844033
table-0310-768 1 1 0 94 88 32424 1.0 0.04046692607003891
table-0310-635 10 2 0 75 322 1897 0.2 0.8219512195121951
table-0310-847 8 6 0 310 523 38165 0.2 0.24840255591054314
table-0310-824 6 7 13 140 202 2545 1.0 0.14586994727592267
table-0310-295 1 3 0 72 127 23723 0.07692307692307693 0.05842620736237757
table-0310-522 13 7 0 1189 507 255791 0.058823529411764705 0.09390101943631168
table-0310-711 29 7 0 88 215 1399 0.05 0.2804982817869416
table-0310-579 6 2 0 201 211 34712 0.3333333333333333 0.04093255027584979
table-0310-178 3 8 0 159 284 2796 0.14285714285714285 0.052109181141439205
table-0310-468 5 3 0 376 191 144338 0.25 0.021265053705110122
table-0310-983 3 12 12 109 363 1357 1.0 0.030918727915194347
table-0310-872 3 4 0 74 73 12622 0.2 0.03678699366216589
table-0310-691 5 8 5 115 21 18791 1.0 0.2725615314494075
table-0310-901 2 2 0 561 399 12034 0.14285714285714285 0.10290556900726393
table-0310-790 2 2 1 242 179 18375 1.0 0.020165646380986675
table-0310-343 5 5 3 377 403 2736 0.05263157894736842 0.054884742041712405
table-0310-300 12 3 0 72 127 23723 0.07692307692307693 0.14116852414724756
table-0310-15 5 5 0 1595 997 192740 0.16666666666666666 0.02141554177307552
table-0310-779 8 2 0 12 17 1747 0.2 0.6730769230769231
table-0310-618 20 4 0 168 219 1382 0.25 1.9230769230769231
table-0310-812 8 7 10 140 202 2545 1.0 0.23409490333919156
table-0310-535 1 3 0 173 150 2534 0.16666666666666666 0.1762414800389484
table-0310-834 13 5 18 153 593 15408 0.125 1.088339222614841
table-0310-489 27 8 31 84 206 1124 0.14285714285714285 3.0114754098360654
table-0310-512 2 7 0 182 188 291985 0.3333333333333333 0.09117733844791974
table-0310-979 12 4 10 248 465 308 1.0 0.37649402390438247
table-0310-339 5 8 0 377 403 2736 0.05263157894736842 0.6344676180021954
table-0310-648 1 3 0 67 68 1384 1.0 0.0897736143637783
table-0310-65 14 14 74 127 201 3426 1.0 0.08098781408389949
table-0310-42 22 11 15 54 101 1033 0.5 0.7882978723404256
table-0310-750 1 1 0 94 88 32424 1.0 0.04046692607003891
table-0310-508 8 2 0 2324 639 230611 0.3333333333333333 0.002604570400917801
table-0310-667 4 2 0 314 204 89417 0.5 0.004891024540930153
table-0310-458 12 13 10 1814 827 183892 1.0 0.013245094068701446
table-0310-266 1 5 0 262 269 1552 0.16666666666666666 0.2828096118299446
table-0310-128 13 10 13 188 483 3905 0.03225806451612903 0.09386338539201766
table-0310-276 4 7 0 179 261 281 1.0 0.05573905862923204
table-0310-321 5 8 0 399 492 2699 0.034482758620689655 0.5871678548282566
table-0310-726 4 6 0 88 215 1399 0.05 0.05326460481099656
table-0310-605 28 2 13 16 128 144 1.0 68.22222222222223
table-0310-497 8 6 0 114 469 1639 0.25 1.7318718381112985
table-0310-292 6 4 0 72 127 23723 0.07692307692307693 0.13407632556568727
table-0310-673 6 4 0 21 21 3863 0.5 0.25426136363636365
table-0310-480 8 3 0 148 113 3873 1.0 0.5207402680280792
table-0310-431 2 6 0 70 58 1327 0.3333333333333333 0.47547169811320755
table-0310-122 7 2 0 188 483 3905 0.03225806451612903 0.033759268023347534
table-0310-131 13 10 13 188 483 3905 0.03225806451612903 0.08976179208076984
table-0310-906 2 2 0 20 51 465 0.2 0.03956228956228956
table-0310-955 3 3 0 244 248 10687 1.0 0.1289787798408488
table-0310-563 6 3 0 200 153 2434 0.16666666666666666 0.31216931216931215
table-0310-560 1 3 0 198 161 2322 0.16666666666666666 0.31407407407407406
table-0310-55 1 3 0 28 52 1031 0.3333333333333333 0.02675416456335184
table-0310-689 6 4 3 211 141 2728 0.5 0.5008665511265165
table-0310-95 7 6 6 290 156 35429 0.3333333333333333 0.09889135254988914
table-0310-463 26 5 0 376 191 144338 0.25 1.4347401540631441
table-0310-247 1 6 1 221 208 34207 0.5 0.019990555643003307
table-0310-316 1 4 0 399 492 2699 0.034482758620689655 0.07647440051847051
table-0310-438 1 2 1 34 42 16883 1.0 0.010095642933049946
table-0310-396 22 2 0 66 25 3419 1.0 0.35635964912280704
table-0310-615 0 1 0 9 132 587 1.0 0.0
table-0310-307 1 6 0 399 492 2699 0.034482758620689655 0.0965651328580687
table-0310-633 7 3 0 84 140 2134 0.1 0.791497975708502
table-0310-61 9 2 0 127 201 3426 1.0 0.030626550199503937
table-0310-156 5 9 0 151 281 1998 0.14285714285714285 0.1858224363386098
table-0310-486 5 6 0 84 206 1124 0.14285714285714285 0.16721311475409836
table-0310-799 29 4 5 118 97 130157 0.5 0.36586314152410576
table-0310-651 1 2 1 23 26 4081 1.0 0.018446601941747572
table-0310-26 8 3 7 9 42 4269 0.2 1.807909604519774
table-0310-686 2 2 0 64 97 5556 0.3333333333333333 0.122336227308603
table-0310-550 45 8 32 200 152 2267 0.16666666666666666 5.8045738045738045
table-0310-758 8 5 0 94 88 32424 1.0 0.9264591439688716
table-0310-484 1 4 0 39 108 3268 0.5 0.01870815281606932
table-0310-314 1 15 0 399 492 2699 0.034482758620689655 0.07582631237848347
table-0310-548 6 3 0 200 152 2267 0.16666666666666666 0.36382536382536385
table-0310-877 4 2 0 38 73 4201 0.2 0.037919299951385516
table-0310-858 1 2 1 74 110 338 1.0 0.006354515050167224
table-0310-231 1 2 1 55 63 9147 1.0 0.008767881864328565
table-0310-459 11 5 0 1814 827 183892 1.0 0.009968336953720408
table-0310-997 3 3 0 168 194 9882 1.0 0.43259085580304807
table-0310-456 2 4 2 12 55 2050 1.0 0.21174004192872117
table-0310-110 23 1 0 188 483 3905 0.03225806451612903 0.06041962454645843
table-0310-804 5 7 11 140 202 2545 1.0 0.13532513181019332
table-0310-860 15 6 7 431 339 57636 0.5 0.08725009929829207
table-0310-275 10 7 0 179 261 281 1.0 0.21139554087530965
table-0310-600 1 3 0 44 58 26847 0.25 0.020870337477797513
table-0310-591 111 2 72 17 237 146 1.0 182.04347826086956
table-0310-135 4 4 0 198 185 1268 1.0 0.025067750677506776
table-0310-123 5 6 0 188 483 3905 0.03225806451612903 0.03336488405111216
table-0310-166 30 11 0 153 277 2132 0.14285714285714285 0.9564575645756458
table-0310-712 19 7 19 88 215 1399 0.05 0.13917525773195877
table-0310-410 1 1 0 63 137 1328 0.2 0.031425364758698095
table-0310-235 10 5 0 567 909 54232 0.25 0.046721443531496695
table-0310-53 11 3 0 83 150 3244 0.125 0.06068730197416525
table-0310-943 3 3 0 212 234 5334 1.0 0.24453125
table-0310-822 6 7 13 140 202 2545 1.0 0.14024604569420035
table-0310-935 6 4 0 559 230 681268 0.5 0.01753369839932603
table-0310-580 70 2 41 17 237 146 1.0 128.47826086956522
table-0310-361 1 5 0 611 709 3885 0.022222222222222223 0.05458937198067633
table-0310-662 6 6 0 449 937 3865 0.2 0.012421618393550313
table-0310-736 9 5 9 548 305 692166 0.5 0.026136797860145205
table-0310-592 122 2 93 17 237 146 1.0 177.43478260869566
table-0310-421 2 3 0 85 138 2246 0.1 0.23935091277890466
table-0310-448 7 1 0 522 218 4001 0.14285714285714285 0.048822123591669514
table-0310-556 5 3 0 198 161 2322 0.16666666666666666 0.25333333333333335
table-0310-907 7 3 0 408 430 10936 0.2 0.6582064297800339
table-0310-242 5 13 0 948 994 41456 0.2 0.05360402721690546
table-0310-224 1 4 0 20 46 1412 0.25 0.015610651974288337
table-0310-322 2 10 0 399 492 2699 0.034482758620689655 0.36552171095268954
table-0310-778 14 6 0 12 17 1747 0.2 4.360576923076923
table-0310-113 3 1 0 188 483 3905 0.03225806451612903 0.00686228111689541
table-0310-334 1 5 0 377 403 2736 0.05263157894736842 0.13830954994511527
table-0310-677 34 4 29 350 454 13162 1.0 3.36754507628294
table-0310-303 20 11 13 113 136 1634 1.0 2.967741935483871
table-0310-723 13 9 13 88 215 1399 0.05 0.27491408934707906
table-0310-192 3 2 0 88 144 4046 0.5 0.03070175438596491
table-0310-646 5 2 0 88 109 723 0.5 0.6596194503171248
table-0310-54 2 4 2 28 52 1031 0.3333333333333333 0.03685007571933367
table-0310-164 5 8 0 153 277 2132 0.14285714285714285 0.1992619926199262
table-0310-187 15 3 0 94 66 71199 0.5 0.08647561588738059
table-0310-8 5 11 0 2369 873 234709 0.125 0.09249579988799701
table-0310-968 7 3 0 89 137 2035 0.1 0.718052738336714
table-0310-82 2 5 4 15 16 805 1.0 0.21621621621621623
table-0310-77 1 4 0 51 254 9351 0.08333333333333333 0.04240555127216654
table-0310-551 1 3 0 200 152 2267 0.16666666666666666 0.35343035343035345
table-0310-531 5 3 0 173 150 2534 0.16666666666666666 0.1626095423563778
table-0310-802 5 7 11 140 202 2545 1.0 0.12442882249560633
table-0310-356 4 5 0 611 709 3885 0.022222222222222223 0.2927536231884058
table-0310-285 2 5 0 297 326 2638 0.08333333333333333 0.3375
table-0310-643 0 1 0 13 40 11121 1.0 0.0
table-0310-483 47 4 0 39 108 3268 0.5 0.8564395431272155
table-0310-866 15 6 0 194 368 19459 0.25 0.5011098779134295
table-0310-849 7 7 7 310 523 38165 0.2 0.3059105431309904
table-0310-268 4 7 0 179 261 281 1.0 0.064822460776218
table-0310-737 2 3 0 259 178 86339 1.0 0.016993293834234
table-0310-193 5 3 1 88 144 4046 0.5 0.2050438596491228
table-0310-319 9 8 1 399 492 2699 0.034482758620689655 1.1840570317563188
table-0310-419 10 3 2 85 138 2246 0.1 1.1176470588235294
table-0310-911 0 1 0 334 266 3781 1.0 0.0
table-0310-214 11 1 0 156 180 6186 0.5 0.05896607431340872
table-0310-213 10 2 0 613 948 40598 0.16666666666666666 0.013534397976865077
table-0310-233 20 12 102 37 146 7650 0.0625 0.08939051918735892
table-0310-636 42 5 0 75 322 1897 0.2 6.831707317073171
table-0310-64 14 4 0 127 201 3426 1.0 0.12735899924512023
table-0310-201 2 4 0 105 202 2701 0.1111111111111111 0.0035298270384751147
table-0310-57 1 3 0 22 39 1395 1.0 0.0804140127388535
table-0310-694 46 2 0 8 63 945 0.5 24.119402985074625
table-0310-730 1 3 1 91 110 2623 0.5 0.04266467065868264
table-0310-741 1 2 1 77 114 3770 0.5 0.009364218827008379
table-0310-952 1 10 0 94 218 35732 0.3333333333333333 0.02293780326422585
table-0310-773 1 1 0 94 88 32424 1.0 0.04046692607003891
table-0310-16 5 5 0 1595 997 192740 0.16666666666666666 0.01864283108354615
table-0310-228 5 2 0 316 384 169288 0.5 0.004649869854186146
table-0310-227 10 2 0 569 944 42418 0.14285714285714285 0.013701301867472817
table-0310-777 1 2 0 12 17 1747 0.2 0.23076923076923078
table-0310-5 5 3 0 83 94 4655 1.0 0.09931446651432589
table-0310-880 2 2 0 38 73 4201 0.2 0.01434127369956247
table-0310-88 1 1 0 359 239 25482 0.5 0.009419454056132258
table-0310-241 6 8 18 93 109 20028 0.2 0.2588312974579069
table-0310-495 13 2 11 25 43 7248 1.0 0.1921373200442968
table-0310-269 4 7 0 179 261 281 1.0 0.08175061932287365
table-0310-520 14 7 19 1189 507 255791 0.058823529411764705 0.08543511234964196
table-0310-455 3 3 0 12 55 2050 1.0 0.5073375262054507
table-0310-243 8 3 0 948 994 41456 0.2 0.03877855838911324
table-0310-775 1 2 1 18 27 4398 1.0 0.029503105590062112
table-0310-519 12 5 0 40 7 864 0.5 0.2800453514739229
table-0310-914 8 10 0 56 299 256 1.0 0.19054307116104868
table-0310-302 2 3 0 262 265 6799 1.0 0.02689180737961226
table-0310-928 3 10 10 473 578 12656 0.125 0.031638418079096044
table-0310-530 20 8 12 173 150 2534 0.16666666666666666 1.4615384615384615
table-0310-264 1 9 0 262 269 1552 0.16666666666666666 0.3123844731977819
table-0310-66 5 7 4 133 203 154 1.0 0.14403032217308906
table-0310-476 15 4 0 188 126 12741 1.0 0.32037568484216017
table-0310-557 6 3 0 198 161 2322 0.16666666666666666 0.2607407407407407
table-0310-731 469 7 55 311 571 4440 0.3333333333333333 452.1333333333333
table-0310-288 1 8 0 297 326 2638 0.08333333333333333 0.15375
table-0310-86 10 11 7 95 334 1218 0.25 0.6318732525629077
table-0310-452 14 7 0 522 218 4001 0.14285714285714285 0.4308637760327757
table-0310-392 8 4 4 320 166 17393 1.0 0.11929268936394827
table-0310-803 4 7 8 140 202 2545 1.0 0.10298769771528998
table-0310-770 1 1 0 94 88 32424 1.0 0.04046692607003891
table-0310-969 19 2 3 89 137 2035 0.1 0.821501014198783
table-0310-575 9 2 0 12 15 2808 0.5 0.14818140996856757
table-0310-682 2 3 0 18 23 2933 0.25 0.036858006042296075
table-0310-695 4 4 0 0 0 0 0.0 91.0
table-0310-688 0 1 0 64 97 5556 0.3333333333333333 0.0
table-0310-256 2 5 0 271 275 1996 0.1 0.3346303501945525
table-0310-120 36 4 36 188 483 3905 0.03225806451612903 0.22148603880738288
table-0310-623 3 2 2 82 117 3138 0.3333333333333333 0.0024506163671468885
table-0310-936 6 5 1 559 230 681268 0.5 0.020534962089300758
table-0310-59 60 4 48 145 120 26896 1.0 0.1601616774030567
table-0310-959 6 7 1 161 208 1158 0.25 0.6196660482374768
table-0310-845 23 7 29 310 523 38165 0.2 0.9652555910543131
table-0310-715 5 3 0 88 215 1399 0.05 0.1713917525773196
table-0310-372 1 10 1 611 709 3885 0.022222222222222223 0.07584541062801932
table-0310-517 1 2 0 58 66 3537 0.5 0.01872871736662883
table-0310-416 2 2 0 85 138 2246 0.1 0.14198782961460446
table-0310-2 57 4 0 41 17 147300 0.5 0.5499618611746758
table-0310-31 5 8 0 153 32 262205 0.5 0.049993298485457714
table-0310-732 3 4 2 311 571 4440 0.3333333333333333 1.6333333333333333
table-0310-738 94 4 0 361 451 7824 0.5 16.590747330960856
table-0310-152 0 1 0 149 279 2041 0.14285714285714285 0.0
table-0310-953 3 3 0 138 157 12959 1.0 0.05632582322357019
table-0310-991 2 2 0 18 17 2061 0.25 0.09955257270693513
table-0310-710 7 10 0 88 215 1399 0.05 0.22852233676975944
table-0310-782 1 2 1 78 120 4862 0.3333333333333333 0.005965463108320251
table-0310-596 1 3 0 18 140 964 1.0 0.33458646616541354
table-0310-899 3 2 0 561 399 12034 0.14285714285714285 0.12590799031476999
table-0310-718 6 6 0 88 215 1399 0.05 0.25816151202749144
table-0310-32 1 2 1 80 113 5010 0.3333333333333333 0.00880853036624942
table-0310-524 3 7 0 1189 507 255791 0.058823529411764705 0.021341140780979928
table-0310-381 1 5 2 86 119 1166 1.0 0.34146341463414637
table-0310-561 20 8 4 200 153 2434 0.16666666666666666 2.569664902998236
table-0310-496 46 12 8 114 469 1639 0.25 12.849915682967959
table-0310-315 2 18 0 399 492 2699 0.034482758620689655 0.14128321451717435
table-0310-409 16 10 0 63 137 1328 0.2 0.867564534231201
table-0310-190 3 3 0 74 132 3166 1.0 0.16330935251798562
table-0310-44 1 2 1 9 17 1603 1.0 0.028064992614475627
table-0310-159 5 9 0 151 281 1998 0.14285714285714285 0.14728148657949072
table-0310-326 1 5 0 399 492 2699 0.034482758620689655 0.08036292935839275
table-0310-69 2 3 0 93 118 5889 0.3333333333333333 0.07564575645756458
table-0310-883 4 2 0 38 73 4201 0.2 0.034273213417598446
table-0310-515 1 7 0 182 188 291985 0.3333333333333333 0.01150781941575686
table-0310-126 9 10 9 188 483 3905 0.03225806451612903 0.06286480517431771
table-0310-138 5 4 0 209 169 45402 0.14285714285714285 0.05976357267950963
table-0310-884 8 4 0 471 585 10379 0.125 0.2744833782569632
table-0310-294 1 5 0 72 127 23723 0.07692307692307693 0.04593042890915231
table-0310-385 10 3 3 76 109 2072 0.1111111111111111 1.0144628099173554
table-0310-310 1 9 0 399 492 2699 0.034482758620689655 0.1101749837977965
table-0310-115 0 0 0 188 483 3905 0.03225806451612903 0.0
table-0310-353 2 3 0 57 74 983 1.0 0.07540056550424128
table-0310-542 6 3 0 197 157 2924 0.16666666666666666 0.36231884057971014
table-0310-407 8 3 0 82 58 3983 0.5 0.1793372319688109
table-0310-681 1 2 0 18 23 2933 0.25 0.022356495468277945
table-0310-171 1 3 0 301 483 2618 1.0 0.36900958466453676
table-0310-41 49 10 0 255 215 802 1.0 1.693103448275862
table-0310-342 3 9 1 377 403 2736 0.05263157894736842 0.6158068057080132
table-0310-552 11 2 2 37 61 11836 0.5 0.11890897946674839
table-0310-442 288 4 0 9 433 21590 1.0 6.9067471201316515
table-0310-751 1 1 0 94 88 32424 1.0 0.04046692607003891
table-0310-516 1 2 1 58 66 3537 0.5 0.019296254256526674
table-0310-811 5 7 10 140 202 2545 1.0 0.15043936731107205
table-0310-76 1 1 0 51 254 9351 0.08333333333333333 0.01156515034695451
table-0310-446 3 3 0 299 348 164681 0.2 0.01796218487394958
table-0310-289 3 5 6 94 131 1061 1.0 0.8860465116279069
table-0310-234 0 1 0 27 78 202 1.0 0.0
table-0310-537 62 2 28 17 82 185 1.0 346.625
table-0310-424 21 2 3 85 138 2246 0.1 1.2454361054766734
table-0310-96 20 5 0 290 156 35429 0.3333333333333333 0.21241685144124167
table-0310-511 4 5 0 182 188 291985 0.3333333333333333 0.7527294187075834
table-0310-151 3 8 0 149 279 2041 0.14285714285714285 0.16556291390728478
table-0310-30 4 3 0 31 62 4421 1.0 0.10509617291294863
table-0310-649 1 1 0 178 109 10502 1.0 0.020742884708152436
table-0310-835 14 5 21 153 593 15408 0.125 1.0768551236749118
table-0310-669 19 13 35 250 264 51646 0.3333333333333333 0.4165382639958911
table-0310-529 4 3 0 25 38 821 1.0 0.3751733703190014
