table_id rows cols nulls inlinks outlinks views table_imp table_fraction
table-0101-857 18 19 18 296 268 11190 0.25 5.886075949367089
table-0101-562 3 2 0 42 81 13017 0.3333333333333333 0.06038374717832957
table-0101-84 0 1 0 412 487 15301 0.07692307692307693 0.0
table-0101-76 0 1 0 201 265 3529 0.14285714285714285 0.0
table-0101-604 1 3 0 24 39 567 1.0 0.13996316758747698
table-0101-329 1 4 0 497 203 226923 0.3333333333333333 0.004699206454759055
table-0101-223 2 2 0 55 60 11860 0.5 0.028184281842818428
table-0101-827 2 2 0 69 79 914 1.0 0.18161925601750548
table-0101-856 5 3 0 7 92 2000 1.0 0.34513274336283184
table-0101-50 5 4 0 209 291 5418 0.14285714285714285 0.08909981628903858
table-0101-576 6 7 1 9 265 1691 0.1111111111111111 0.13556046383213693
table-0101-410 4 5 9 384 548 683 0.5 1.0151898734177216
table-0101-752 25 7 0 479 411 46836 0.041666666666666664 0.7605113636363636
table-0101-113 0 1 0 211 283 4272 0.14285714285714285 0.0
table-0101-513 18 4 0 50 119 792 0.3333333333333333 7.2875
table-0101-960 0 1 0 298 331 2621 0.125 0.0
table-0101-596 6 2 0 49 57 12245 0.5 0.253388332351208
table-0101-467 10 23 77 678 845 35661 0.125 0.9124036440084092
table-0101-531 3 4 4 40 30 1058 1.0 0.009394572025052192
table-0101-301 25 9 16 53 227 14341 0.14285714285714285 0.5260007482229705
table-0101-528 3 14 14 931 1116 67701 1.0 0.006476536757186684
table-0101-928 1 5 0 490 492 8400 0.1111111111111111 0.015912481352560914
table-0101-3 27 3 0 1789 481 29927 0.25 0.08561036195883605
table-0101-141 5 4 0 153 258 8860 0.3333333333333333 0.07039042462239954
table-0101-641 9 4 18 119 134 4160 1.0 0.012259431198449543
table-0101-846 0 1 0 299 347 3158 0.1111111111111111 0.0
table-0101-998 1 8 0 298 335 2512 0.125 0.02977346278317152
table-0101-554 3 13 13 908 1060 100787 1.0 0.004044190175577037
table-0101-366 2 3 0 47 54 1074 1.0 0.3802145411203814
table-0101-295 1 3 0 61 87 1253 1.0 0.06305244549204478
table-0101-586 13 18 90 589 563 22877 0.3333333333333333 0.2462902101384324
table-0101-974 3 8 0 303 341 2528 0.125 0.10131477184841454
table-0101-341 3 5 0 553 96 14033 1.0 0.7019667170953101
table-0101-550 9 3 0 55 86 28017 0.16666666666666666 0.7114178168130489
table-0101-645 2 2 0 67 77 13861 0.3333333333333333 0.035422343324250684
table-0101-85 0 1 0 412 487 15301 0.07692307692307693 0.0
table-0101-236 6 5 0 66 356 2088 1.0 0.01803761931499158
table-0101-979 1 8 0 297 335 2436 0.125 0.03806870937790158
table-0101-68 0 1 0 209 279 4087 0.14285714285714285 0.0
table-0101-609 13 3 0 140 235 1826 1.0 0.03177375950143997
table-0101-507 3 10 10 794 1095 81431 1.0 0.0012948953860832822
table-0101-564 4 6 0 959 1235 91414 1.0 0.03229317851959362
table-0101-426 3 12 12 1079 1260 153388 1.0 0.0018091792039611502
table-0101-972 0 1 0 307 340 2599 0.125 0.0
table-0101-312 1 3 1 110 117 23405 1.0 0.12577065351418001
table-0101-973 1 5 0 307 340 2599 0.125 0.04085422469823584
table-0101-145 1 7 0 200 263 5093 0.14285714285714285 0.01920374707259953
table-0101-404 1 2 1 29 48 4828 1.0 0.009345794392523364
table-0101-393 1 3 0 70 87 947 1.0 0.13851992409867173
table-0101-11 2 7 0 206 282 3595 0.14285714285714285 0.035024154589371984
table-0101-920 0 1 0 303 324 2997 0.125 0.0
table-0101-994 0 1 0 301 342 2467 0.125 0.0
table-0101-17 6 5 0 207 279 3855 0.14285714285714285 0.08800823468862584
table-0101-876 1 7 0 300 349 2851 0.125 0.017310252996005325
table-0101-988 1 7 0 302 337 2398 0.125 0.033856317093311314
table-0101-802 5 6 8 447 326 23293 0.2 1.0578842315369261
table-0101-318 7 3 0 17 27 9644 0.3333333333333333 0.08927000879507475
table-0101-427 3 13 13 1079 1260 153388 1.0 0.001999619120167587
table-0101-89 87 4 0 164 309 9547 0.3333333333333333 3.64763299170327
table-0101-181 10 5 0 204 265 4666 0.14285714285714285 0.19529956967891426
table-0101-305 5 9 3 53 227 14341 0.14285714285714285 0.11597456041900486
table-0101-588 4 9 2 137 128 1053 1.0 0.11464968152866242
table-0101-712 2 11 0 537 508 38665 0.05555555555555555 0.0010176390773405698
table-0101-657 4 13 3 333 355 24981 0.2 0.1664392905866303
table-0101-649 2 18 0 332 397 23568 0.16666666666666666 0.044967541035520135
table-0101-884 1 7 0 488 497 8042 0.1111111111111111 0.011711711711711712
table-0101-30 2 7 0 206 286 3769 0.14285714285714285 0.024244437064098307
table-0101-810 5 2 0 463 601 14650 0.1111111111111111 0.09914443885254152
table-0101-711 25 5 0 537 508 38665 0.05555555555555555 0.030493465685924443
table-0101-699 3 5 0 199 241 4615 0.3333333333333333 0.10909090909090909
table-0101-277 19 6 20 1060 895 150726 0.5 0.18743323298047976
table-0101-344 4 2 1 139 75 31653 0.5 0.028996469994957134
table-0101-440 4 2 0 14 84 21505 0.5 0.03275602409638554
table-0101-198 1 3 0 73 85 1291 1.0 0.09349593495934959
table-0101-494 3 11 0 13 28 1306 0.3333333333333333 0.2459016393442623
table-0101-787 1 3 0 109 147 17696 1.0 0.012167952013710369
table-0101-792 8 5 0 60 225 17657 1.0 0.08598726114649681
table-0101-967 0 1 0 295 331 2574 0.125 0.0
table-0101-879 0 1 0 300 349 2851 0.125 0.0
table-0101-534 3 10 10 910 1161 137309 1.0 0.0014956998628941791
table-0101-981 0 1 0 297 335 2436 0.125 0.0
table-0101-571 2 2 2 41 61 5014 0.5 0.1288244766505636
table-0101-539 3 13 13 910 1161 137309 1.0 0.005401138393784536
table-0101-407 14 12 6 105 86 19559 0.5 0.16155211767689576
table-0101-197 17 2 0 68 63 3942 0.5 0.09400921658986175
table-0101-253 2 4 0 66 356 2088 1.0 0.0007720381807973049
table-0101-32 6 5 0 207 327 3798 0.14285714285714285 0.05466645539534147
table-0101-492 3 9 3 34 55 1128 0.5 0.0466786355475763
table-0101-24 3 2 0 28 68 1717 1.0 0.04552845528455285
table-0101-983 0 1 0 297 335 2436 0.125 0.0
table-0101-196 23 6 0 509 277 4131 0.2 6.736238532110092
table-0101-896 1 3 1 100 105 11599 1.0 0.028555738605161998
table-0101-247 2 5 1 66 356 2088 1.0 0.006913250982594048
table-0101-469 20 8 9 678 845 35661 0.125 0.5970567624386826
table-0101-977 0 1 0 303 341 2528 0.125 0.0
table-0101-355 1 3 0 9 22 524 1.0 0.20907297830374755
table-0101-241 2 4 0 66 356 2088 1.0 0.0006316676024705222
table-0101-563 1 4 0 42 81 13017 0.3333333333333333 0.062076749435665914
table-0101-936 2 8 4 260 295 25284 0.5 0.028598218471636194
table-0101-559 14 7 10 77 101 5740 1.0 1.0948275862068966
table-0101-435 8 6 0 45 123 2323 0.125 0.23955147808358818
table-0101-485 3 13 13 906 1048 73221 1.0 0.002493624256163219
table-0101-135 2 7 0 806 621 92821 0.023809523809523808 0.006134004403900598
table-0101-749 5 21 0 479 411 46836 0.041666666666666664 0.033522727272727273
table-0101-739 6 3 0 158 255 266 1.0 0.4738219895287958
table-0101-719 10 6 0 22 57 695 0.25 2.652061855670103
table-0101-233 1 2 0 40 58 5103 0.5 0.021904761904761906
table-0101-703 2 4 0 21 33 1517 0.5 0.1161928306551298
table-0101-252 2 2 0 66 356 2088 1.0 0.0005263896687254351
table-0101-39 11 4 7 263 143 832020 1.0 0.03823162320173422
table-0101-600 25 3 3 9 19 664 0.5 22.502683363148478
table-0101-142 10 5 0 200 263 5093 0.14285714285714285 0.2711943793911007
table-0101-910 0 1 0 500 496 6640 0.1111111111111111 0.0
table-0101-4 1 7 0 1789 481 29927 0.25 0.01242015613910575
table-0101-622 6 6 0 214 293 959 1.0 0.02146348915368164
table-0101-128 1 7 0 204 258 4336 0.14285714285714285 0.026870007262164125
table-0101-248 2 2 0 66 356 2088 1.0 0.0005965749578888265
table-0101-770 3 3 0 22 41 1598 1.0 0.1530854430379747
table-0101-474 8 3 1 43 114 5967 0.5 0.13630289532293988
table-0101-275 156 3 0 380 545 232771 0.3333333333333333 0.7999814883376527
table-0101-486 3 12 12 906 1048 73221 1.0 0.0023802776990648907
table-0101-728 1 2 1 15 59 8804 0.5 0.03281519861830743
table-0101-311 10 4 0 444 312 182156 0.3333333333333333 0.022603788310869632
table-0101-176 4 7 0 203 267 3938 0.125 0.03844454264250994
table-0101-2 9 3 2 1789 481 29927 0.25 0.0539389638041164
table-0101-168 4 8 0 205 269 4235 0.125 0.04557157569515963
table-0101-771 1 3 0 71 86 2568 1.0 0.09002770083102493
table-0101-643 2 3 0 71 77 10600 0.3333333333333333 0.021809369951534735
table-0101-533 5 6 0 910 1161 137309 1.0 0.020316589804312602
table-0101-523 3 10 10 931 1116 67701 1.0 0.002386092489489831
table-0101-46 5 7 0 209 291 5418 0.14285714285714285 0.02786282914880588
table-0101-543 3 2 0 555 251 708 1.0 0.08753437213565536
table-0101-98 1 3 0 49 108 1190 1.0 0.019507663725034836
table-0101-859 1 1 0 296 268 11190 0.25 0.12236286919831224
table-0101-352 24 3 1 570 231 57053 0.125 0.3910851684797028
table-0101-729 2 6 4 15 59 8804 0.5 0.23834196891191708
table-0101-805 10 4 0 463 601 14650 0.1111111111111111 0.34373427277302465
table-0101-738 1 3 0 122 186 7198 0.2 0.11307053941908714
table-0101-78 1 7 0 201 265 3529 0.14285714285714285 0.018401380103507763
table-0101-873 2 7 0 296 342 2800 0.125 0.03455045151158225
table-0101-87 6 4 0 412 487 15301 0.07692307692307693 0.1318012842176411
table-0101-105 1 3 0 26 39 738 1.0 0.11508771929824561
table-0101-335 4 6 0 232 339 63477 0.5 0.02517082963363317
table-0101-730 8 8 13 55 142 1356 1.0 0.07062630877593756
table-0101-721 3 4 0 22 57 695 0.25 0.5154639175257731
table-0101-933 3 7 0 299 328 3448 0.125 0.08205756276791182
table-0101-593 2 1 1 282 304 6332 0.5 0.11976047904191617
table-0101-177 6 7 0 203 267 3938 0.125 0.0618647812638091
table-0101-457 3 13 13 869 1108 206174 1.0 0.0020242043154313277
table-0101-943 1 5 0 299 331 3545 0.14285714285714285 0.023174157303370788
table-0101-790 3 11 0 279 286 15478 0.5 0.8096607245543416
table-0101-384 10 2 6 52 71 14002 1.0 0.1889855072463768
table-0101-862 13 5 0 149 181 8179 0.25 0.05500450856627592
table-0101-793 38 7 51 60 225 17657 1.0 0.4419828302409305
table-0101-192 7 8 0 501 303 27282 0.1111111111111111 0.049686725921608624
table-0101-616 2 2 0 52 58 7267 0.5 0.06976744186046512
table-0101-334 9 13 0 176 145 29683 0.5 0.10570851225056832
table-0101-27 4 7 0 206 286 3769 0.14285714285714285 0.05147791431418133
table-0101-56 2 8 0 204 276 4105 0.14285714285714285 0.03088512241054614
table-0101-136 8 7 0 806 621 92821 0.023809523809523808 0.023435042466184334
table-0101-891 3 7 0 302 324 2605 0.125 0.13309352517985612
table-0101-245 2 4 0 66 356 2088 1.0 0.0007720381807973049
table-0101-590 4 2 0 11 17 5230 0.5 0.1312877263581489
table-0101-221 1 2 1 45 48 7549 0.5 0.027181688125894134
table-0101-767 21 6 0 13 121 604 0.5 6.082228116710875
table-0101-246 2 3 0 66 356 2088 1.0 0.0005965749578888265
table-0101-321 11 3 0 410 71 8754 0.25 1.0496031746031746
table-0101-527 3 11 11 931 1116 67701 1.0 0.002442904215430065
table-0101-674 8 21 57 191 258 10865 0.16666666666666666 1.2486631016042782
table-0101-101 7 2 0 375 259 25335 0.25 0.08775573787516876
table-0101-194 4 4 0 501 303 27282 0.1111111111111111 0.07183447471951042
table-0101-963 3 8 0 295 331 2574 0.125 0.13202247191011235
table-0101-67 1 7 0 209 279 4087 0.14285714285714285 0.009055026700719759
table-0101-794 7 2 0 23 43 4789 1.0 0.15524475524475526
table-0101-864 3 3 0 312 342 4225 1.0 0.18666666666666668
table-0101-605 1 2 1 69 149 7825 1.0 0.021205357142857144
table-0101-806 13 4 0 463 601 14650 0.1111111111111111 0.45143432310015097
table-0101-940 1 6 0 299 331 3545 0.14285714285714285 0.023876404494382022
table-0101-877 2 7 0 300 349 2851 0.125 0.04172214824678207
table-0101-832 4 10 0 83 59 3776 0.16666666666666666 0.027393720118878407
table-0101-688 2 3 0 11 23 1469 1.0 0.5585774058577406
table-0101-51 1 1 0 239 243 28898 0.5 0.0036872459109388296
table-0101-222 1 2 0 55 60 11860 0.5 0.012466124661246613
table-0101-610 2 5 4 12 21 699 1.0 0.15650741350906094
table-0101-170 5 7 0 205 269 4235 0.125 0.05175077239958805
table-0101-743 8 6 0 62 94 3776 0.5 0.937442502299908
table-0101-21 0 1 0 207 279 3855 0.14285714285714285 0.0
table-0101-48 1 7 0 209 291 5418 0.14285714285714285 0.006276791181873852
table-0101-676 3 2 0 77 80 25426 0.5 0.048054145516074454
table-0101-397 1 3 0 69 72 855 1.0 0.3972602739726027
table-0101-188 10 5 0 501 303 27282 0.1111111111111111 0.08786245082325514
table-0101-644 8 2 0 71 77 10600 0.3333333333333333 0.062197092084006464
table-0101-357 0 1 0 24 44 4112 0.5 0.0
table-0101-867 3 7 0 299 347 2723 0.125 0.05514705882352941
table-0101-726 16 4 0 417 318 76096 0.5 0.06251968503937008
table-0101-567 3 14 14 959 1235 91414 1.0 0.003809869375907112
table-0101-380 1 2 1 29 42 3944 1.0 0.014948859166011016
table-0101-766 1 3 0 12 35 539 1.0 0.07551127425275302
table-0101-710 10 6 0 537 508 38665 0.05555555555555555 0.011051203313575663
table-0101-369 7 2 0 825 383 44259 0.14285714285714285 0.026360338573155985
table-0101-695 1 4 0 50 81 1910 0.2 0.03225806451612903
table-0101-785 1 1 0 283 277 10640 0.3333333333333333 0.13122171945701358
table-0101-388 52 3 0 96 54 33678 1.0 1.29201770669713
table-0101-255 2 3 0 66 356 2088 1.0 0.0005614823133071309
table-0101-894 1 3 0 180 47 17192 1.0 0.0143184421534937
table-0101-307 6 3 0 150 191 2794 1.0 0.072992700729927
table-0101-777 15 11 26 26 70 899 0.25 2.2203389830508473
table-0101-578 6 7 0 9 265 1691 0.1111111111111111 0.1507454445057979
table-0101-565 3 9 9 959 1235 91414 1.0 0.002812046444121916
table-0101-347 6 2 0 168 193 5018 0.3333333333333333 0.025314009661835748
table-0101-991 8 5 0 301 342 2467 0.125 0.23981670061099797
table-0101-1 6 4 0 203 290 3578 0.14285714285714285 0.28336673346693386
table-0101-320 7 3 0 362 363 34401 0.5 0.048726467331118496
table-0101-156 6 3 0 78 309 1418 1.0 0.17549668874172186
table-0101-825 0 1 0 297 328 10133 0.2 0.0
table-0101-220 5 3 0 93 149 6667 1.0 0.02041116005873715
table-0101-732 2 3 0 122 186 7198 0.2 0.1275933609958506
table-0101-267 6 5 1 66 356 2088 1.0 0.017651600224592924
table-0101-731 15 5 0 6390 771 649277 0.5 0.028703703703703703
table-0101-490 4 6 9 46 53 1393 0.5 0.46853146853146854
table-0101-314 29 5 0 4777 149 94428 1.0 0.22295542295542295
table-0101-783 18 19 18 283 277 10640 0.3333333333333333 6.389140271493213
table-0101-272 2 3 0 66 356 2088 1.0 0.0006667602470522178
table-0101-88 1 3 0 412 487 15301 0.07692307692307693 0.0288948969246367
table-0101-235 39 4 0 53 47 1599 0.5 0.7642069550466497
table-0101-917 3 5 0 135 147 250 1.0 0.11017897091722595
table-0101-103 3 3 0 81 124 690 1.0 0.08500286204922725
table-0101-969 3 8 0 307 340 2599 0.125 0.11977715877437325
table-0101-608 6 5 0 177 143 125154 0.3333333333333333 0.276578073089701
table-0101-107 2 9 0 66 69 2896 0.5 0.09177679882525698
table-0101-399 2 3 0 488 354 47649 0.5 0.009947116595316042
table-0101-461 8 7 18 90 226 1888 0.5 0.24525862068965518
table-0101-163 1 7 0 199 272 3685 0.14285714285714285 0.01864406779661017
table-0101-81 6 5 0 412 487 15301 0.07692307692307693 0.058803649881716796
table-0101-31 5 4 0 206 286 3769 0.14285714285714285 0.20591165725672533
table-0101-139 5 4 0 806 621 92821 0.023809523809523808 0.04962252280591381
table-0102-1000 0 1 0 298 335 2512 0.125 0.0
table-0101-400 1 3 0 72 83 881 1.0 0.47592067988668557
table-0101-617 6 3 0 214 293 959 1.0 0.01435991445157348
table-0101-737 1 1 1 122 186 7198 0.2 0.0
table-0101-54 6 6 6 64 386 48441 0.2 0.2602739726027397
table-0101-340 4 3 0 87 155 193695 0.3333333333333333 0.039690680975301824
table-0101-718 6 9 5 712 513 87239 0.3333333333333333 0.2193176031234086
table-0101-548 18 6 0 55 86 28017 0.16666666666666666 1.7791718946047679
table-0101-652 10 21 14 332 397 23568 0.16666666666666666 0.28384440808571276
table-0101-927 1 7 0 490 492 8400 0.1111111111111111 0.0174042764793635
table-0101-102 26 3 0 222 171 143703 0.5 1.738718240424725
table-0101-648 15 5 0 33 57 6366 1.0 9.037735849056604
table-0101-211 4 4 0 17 17 2787 0.3333333333333333 0.7105882352941176
table-0101-458 3 12 12 869 1108 206174 1.0 0.0018519316077350446
table-0101-266 3 5 2 66 356 2088 1.0 0.003579449747332959
table-0101-121 5 4 0 202 267 3675 0.14285714285714285 0.32776089159067884
table-0101-206 18 10 29 91 71 5923 0.5 0.6329355608591886
table-0101-661 12 22 80 232 305 10400 0.25 0.4439123227113649
table-0101-816 4 6 4 34 81 3793 0.125 0.028337771015595283
table-0101-784 5 3 0 283 277 10640 0.3333333333333333 1.2126696832579185
table-0101-448 3 8 8 728 973 84338 1.0 0.00231197167834694
table-0101-16 14 2 0 142 150 54994 1.0 0.15498684525233197
table-0101-517 3 3 0 11 42 1075 1.0 0.22088835534213686
table-0101-690 4 1 0 15 77 12082 0.25 0.037350452290633204
table-0101-127 0 1 0 204 258 4336 0.14285714285714285 0.0
table-0101-615 1 5 2 14 23 836 1.0 0.14482758620689656
table-0101-167 5 9 0 205 269 4235 0.125 0.05252317198764161
table-0101-59 1 6 0 204 276 4105 0.14285714285714285 0.015819209039548022
table-0101-62 18 3 0 4179 775 572195 0.3333333333333333 0.024002808372460396
table-0101-178 5 7 0 203 267 3938 0.125 0.0448519664162616
table-0101-843 2 8 0 299 347 3158 0.1111111111111111 0.03067689229743248
table-0101-613 1 3 0 5 5 607 1.0 0.5190311418685121
table-0101-406 2 3 0 56 91 3141 0.5 0.07692307692307693
table-0101-319 2 3 0 17 27 9644 0.3333333333333333 0.048812664907651716
table-0101-495 1 3 0 13 28 1306 0.3333333333333333 0.07923497267759563
table-0101-552 12 3 0 55 86 28017 0.16666666666666666 0.42785445420326224
table-0101-885 2 7 0 488 497 8042 0.1111111111111111 0.019594594594594596
table-0101-814 3 5 0 34 81 3793 0.125 0.07512362114872576
table-0101-962 1 5 0 298 331 2621 0.125 0.03215686274509804
table-0101-28 3 7 0 206 286 3769 0.14285714285714285 0.041846562603786115
table-0101-836 4 3 0 96 81 10622 1.0 0.057193331125096614
table-0101-351 32 4 32 570 231 57053 0.125 0.31281507031042716
table-0101-558 3 13 13 908 1060 100787 1.0 0.00966660090747682
table-0101-670 1 13 0 748 646 53050 0.09090909090909091 0.03528904227782571
table-0101-456 3 10 10 869 1108 206174 1.0 0.0016365907231146906
table-0101-306 15 9 6 53 227 14341 0.14285714285714285 0.3254769921436588
table-0101-149 10 5 0 203 296 4075 0.14285714285714285 0.17470055506865323
table-0101-453 1 2 0 9 32 4347 1.0 0.018593371059013743
table-0101-207 3 3 0 8 51 1208 1.0 0.2993243243243243
table-0101-532 11 2 0 39 48 25670 1.0 0.17888198757763976
table-0101-15 1 2 0 30 65 2518 0.5 0.018069179143004648
table-0101-287 1 2 0 37 37 1203 1.0 0.029336734693877552
table-0101-934 2 7 0 299 328 3448 0.125 0.0453153704837722
table-0101-234 1 2 1 41 60 3474 0.5 0.011494252873563218
table-0101-49 4 7 0 209 291 5418 0.14285714285714285 0.024035517452541334
table-0101-899 3 3 0 153 138 1780 0.5 0.41124260355029585
table-0101-58 1 7 0 204 276 4105 0.14285714285714285 0.017325800376647833
table-0101-696 23 4 0 50 81 1910 0.2 0.6365591397849463
table-0101-953 0 1 0 303 326 2578 0.125 0.0
table-0101-238 2 4 0 66 356 2088 1.0 0.0006316676024705222
table-0101-297 1 2 0 33 41 1333 1.0 0.018638573743922204
table-0101-632 1 7 0 421 437 7731 0.16666666666666666 0.016564638098667626
table-0101-995 1 6 0 301 342 2467 0.125 0.018329938900203666
table-0101-592 5 2 5 85 112 8854 1.0 0.016682051958327837
table-0101-607 2 6 0 177 143 125154 0.3333333333333333 0.1303986710963455
table-0101-53 3 5 3 64 386 48441 0.2 0.06269757639620653
table-0101-906 3 7 0 500 496 6640 0.1111111111111111 0.08539026017344896
table-0101-71 5 4 0 209 279 4087 0.14285714285714285 0.138379382400743
table-0101-343 14 4 11 114 137 2833 1.0 0.4744203165255797
table-0101-689 5 3 8 32 35 3805 0.5 0.06357538641003208
table-0101-706 1 9 0 537 508 38665 0.05555555555555555 0.00035706634292651576
table-0101-415 19 5 40 392 568 996 0.5 3.7283236994219653
table-0101-473 13 8 0 13 73 19704 1.0 0.16774276859504134
table-0101-438 1 6 0 45 123 2323 0.125 0.0382262996941896
table-0101-396 8 5 14 20 442 17197 0.14285714285714285 0.18277865821447437
table-0101-800 6 6 10 447 326 23293 0.2 0.5658682634730539
table-0101-294 2 2 0 36 43 1342 1.0 0.030943785456420837
table-0101-680 12 14 80 1166 566 161773 1.0 0.01951951951951952
table-0101-634 0 1 0 421 437 7731 0.16666666666666666 0.0
table-0101-848 4 8 0 305 349 3032 0.125 0.056451612903225805
table-0101-921 5 7 0 303 324 2997 0.125 0.2206703910614525
table-0101-35 3 7 0 207 327 3798 0.14285714285714285 0.020282047219141182
table-0101-687 12 3 0 11 23 1469 1.0 2.9721059972106
table-0101-736 4 9 4 122 186 7198 0.2 0.043568464730290454
table-0101-460 1 1 0 503 360 53175 1.0 0.005689074654591896
table-0101-620 6 6 0 214 293 959 1.0 0.02146348915368164
table-0101-496 8 11 0 4 34 512 1.0 2.274336283185841
table-0101-772 2 3 0 39 41 1060 1.0 0.1595567867036011
table-0101-694 1 2 0 17 41 1776 1.0 0.017379679144385027
table-0101-414 15 6 20 370 263 77208 0.5 0.08881098451650599
table-0101-18 5 8 0 207 279 3855 0.14285714285714285 0.06253216675244468
table-0101-13 20 2 0 98 123 36251 0.3333333333333333 0.25177025963808025
table-0101-239 2 4 0 66 356 2088 1.0 0.0006667602470522178
table-0101-19 3 7 0 207 279 3855 0.14285714285714285 0.034225424601132266
table-0101-403 6 3 0 253 293 277313 0.25 0.02902591013447032
table-0101-640 0 1 0 302 335 2853 0.14285714285714285 0.0
table-0101-807 9 4 0 463 601 14650 0.1111111111111111 0.34725717161550074
table-0101-881 7 8 0 557 383 87388 0.5 0.24124075859852137
table-0101-442 3 3 0 395 152 9973 1.0 0.046062567421790726
table-0101-542 14 5 14 61 116 47558 0.3333333333333333 1.1102189781021898
table-0101-317 6 2 0 151 159 47797 0.3333333333333333 0.06006006006006006
table-0101-659 2 3 0 333 355 24981 0.2 0.04560514519586825
table-0101-942 1 7 0 299 331 3545 0.14285714285714285 0.028792134831460675
table-0101-602 2 7 0 140 88 53548 0.5 0.011753183153770812
table-0101-218 2 2 0 41 50 6304 0.5 0.038011695906432746
table-0101-905 1 8 0 500 496 6640 0.1111111111111111 0.030020013342228154
table-0101-725 2 2 1 8 18 1864 1.0 0.05598243688254665
table-0101-671 2 15 0 748 646 53050 0.09090909090909091 0.06643658326143227
table-0101-14 2 2 0 30 65 2518 0.5 0.0371708828084667
table-0101-882 1 3 0 18 21 892 1.0 0.22033898305084745
table-0101-765 43 21 124 479 411 46836 0.041666666666666664 0.5757102272727272
table-0101-480 7 6 0 906 1048 73221 1.0 0.03610087843581751
table-0101-392 1 3 0 30 38 2815 1.0 0.04817518248175182
table-0101-668 2 13 0 748 646 53050 0.09090909090909091 0.06341673856773081
table-0101-86 1 5 0 412 487 15301 0.07692307692307693 0.004900304156809733
table-0101-130 6 5 0 806 621 92821 0.023809523809523808 0.02713117332494495
table-0101-874 1 5 0 296 342 2800 0.125 0.015704750687082842
table-0101-150 0 1 0 203 296 4075 0.14285714285714285 0.0
table-0101-270 2 2 0 66 356 2088 1.0 0.0004912970241437394
table-0101-171 5 4 0 205 269 4235 0.125 0.16889804325437693
table-0101-282 12 3 0 467 330 195540 0.3333333333333333 0.0077799215783904896
table-0101-256 2 4 0 66 356 2088 1.0 0.0007369455362156092
table-0101-420 3 14 14 1128 1323 147043 1.0 0.0014190147982971822
table-0101-566 3 10 10 959 1235 91414 1.0 0.003084179970972424
table-0101-656 2 22 0 160 209 10123 0.25 0.25577224837480383
table-0101-263 2 4 0 66 356 2088 1.0 0.0006316676024705222
table-0101-518 36 5 16 15 24 2452 0.3333333333333333 0.35247564935064934
table-0101-926 6 7 0 490 492 8400 0.1111111111111111 0.1287916459472899
table-0101-948 0 1 0 305 323 2477 0.125 0.0
table-0101-42 10 6 0 251 173 1199473 0.5 1.3875661375661377
table-0101-755 1 16 0 479 411 46836 0.041666666666666664 0.0038352272727272727
table-0101-654 3 3 0 332 397 23568 0.16666666666666666 0.01778645695888531
table-0101-416 6 6 0 1128 1323 147043 1.0 0.019494560443273194
table-0101-20 1 7 0 207 279 3855 0.14285714285714285 0.011065362840967576
table-0101-937 5 6 0 162 167 7245 1.0 0.0340995681991364
table-0101-831 5 10 0 83 59 3776 0.16666666666666666 0.03540509109704096
table-0101-175 5 9 0 203 267 3938 0.125 0.05214317277949625
table-0101-452 1 2 1 80 27 16469 1.0 0.007321772639691715
table-0101-944 1 8 0 305 323 2477 0.125 0.04221388367729831
table-0101-678 11 5 10 63 242 9611 1.0 0.060832590357314316
table-0101-183 3 7 0 204 265 4666 0.14285714285714285 0.04303210857332009
table-0101-545 40 3 9 555 251 708 1.0 0.6049495875343721
table-0101-210 1 2 1 47 101 11065 1.0 0.007906783187682065
table-0101-199 1 1 0 212 158 18815 0.5 0.011259949524364201
table-0101-443 18 6 0 21 80 2332 0.5 0.8528974739970282
table-0101-866 1 6 0 299 347 2723 0.125 0.015625
table-0101-717 1 5 2 112 158 5248 1.0 0.0318824507901303
table-0101-497 3 6 0 15 30 1249 0.25 0.49498997995991983
table-0101-184 1 7 0 204 265 4666 0.14285714285714285 0.013240648791790799
table-0101-984 8 5 0 302 337 2398 0.125 0.3897605284888522
table-0101-587 39 23 211 589 563 22877 0.3333333333333333 1.3544467682501742
table-0101-122 2 2 0 92 120 287 1.0 0.0033015970515970516
table-0101-660 7 22 32 320 192 39585 0.2 0.5798623687069903
table-0101-781 7 5 0 0 0 0 0.0 789.0
table-0101-520 1 3 0 24 37 1427 1.0 0.07214048410061699
table-0101-971 2 7 0 307 340 2599 0.125 0.08913649025069638
table-0101-37 3 7 0 207 327 3798 0.14285714285714285 0.018063698304547616
table-0101-889 2 8 0 302 324 2605 0.125 0.08003597122302158
table-0101-935 42 6 0 33 59 1165 0.5 2.8727272727272726
table-0101-555 3 11 11 908 1060 100787 1.0 0.0038469126060366936
table-0101-924 3 8 0 490 492 8400 0.1111111111111111 0.06414719045251119
table-0101-599 5 3 0 12 77 800 1.0 0.37314225053078554
table-0101-686 10 3 0 11 23 1469 1.0 2.776150627615063
table-0101-762 15 2 0 479 411 46836 0.041666666666666664 0.0453125
table-0101-477 2 9 2 34 50 1665 0.5 0.030252100840336135
table-0101-296 1 1 0 432 353 19397 1.0 0.00618530674072204
table-0101-992 2 8 0 301 342 2467 0.125 0.043279022403258656
table-0101-133 12 7 0 806 621 92821 0.023809523809523808 0.03609625668449198
table-0101-975 0 1 0 303 341 2528 0.125 0.0
table-0101-947 0 1 0 305 323 2477 0.125 0.0
table-0101-852 0 1 0 305 349 3032 0.125 0.0
table-0101-483 3 10 10 906 1048 73221 1.0 0.0020402380277699064
table-0101-120 2 7 0 202 267 3675 0.14285714285714285 0.037993920972644375
table-0101-433 13 9 0 166 204 9701 0.16666666666666666 0.4623125118663376
table-0101-959 0 1 0 298 331 2621 0.125 0.0
table-0101-853 10 3 0 52 36 6469 0.3333333333333333 0.18957055214723925
table-0101-727 20 6 0 198 237 2209 0.2 4.2220309810671255
table-0101-8 2 7 0 206 282 3595 0.14285714285714285 0.0322061191626409
table-0101-692 1 1 0 15 77 12082 0.25 0.01371461920046688
table-0101-290 1 2 0 30 46 1571 1.0 0.01574264202600958
table-0101-951 1 7 0 303 326 2578 0.125 0.0604089219330855
table-0101-162 2 7 0 199 272 3685 0.14285714285714285 0.03135593220338983
table-0101-451 28 3 0 416 286 30869 0.5 0.253780017788319
table-0101-109 2 8 0 211 283 4272 0.14285714285714285 0.015552675430475837
table-0101-795 12 11 0 279 259 132700 0.25 0.06920852909288037
table-0101-923 1 7 0 303 324 2997 0.125 0.03165735567970205
table-0101-230 1 2 0 39 47 2127 0.5 0.03253182461103253
table-0101-820 1 5 0 53 75 12487 0.3333333333333333 0.007811173374087281
table-0101-958 2 8 0 298 331 2621 0.125 0.08313725490196078
table-0101-955 4 5 0 44 32 19882 0.25 0.15416047548291234
table-0101-265 2 2 0 66 356 2088 1.0 0.0006316676024705222
table-0101-914 1 7 0 482 493 5905 0.1111111111111111 0.02104664391353811
table-0101-250 2 4 0 66 356 2088 1.0 0.0006316676024705222
table-0101-146 0 1 0 200 263 5093 0.14285714285714285 0.0
table-0101-516 1 3 0 15 172 1688 1.0 0.07421576128538639
table-0101-573 1 3 0 589 222 322836 1.0 0.010978043912175649
table-0101-358 10 3 1 984 410 13412 1.0 0.019282737141025054
table-0101-125 1 6 0 204 258 4336 0.14285714285714285 0.026143790849673203
table-0101-895 11 4 11 752 105 25757 0.5 0.34299092771436934
table-0101-257 2 4 0 66 356 2088 1.0 0.0005614823133071309
table-0101-504 6 6 0 794 1095 81431 1.0 0.01823076398827779
table-0101-525 3 9 9 931 1116 67701 1.0 0.002329280763549597
table-0101-672 5 3 0 748 646 53050 0.09090909090909091 0.04339948231233822
table-0101-838 1 8 0 295 337 2993 0.14285714285714285 0.01620806633999246
table-0101-764 5 2 0 479 411 46836 0.041666666666666664 0.03068181818181818
table-0101-741 2 2 0 163 202 9231 0.5 0.06589958158995816
table-0101-445 4 6 0 728 973 84338 1.0 0.028899645979336752
table-0101-484 3 12 12 906 1048 73221 1.0 0.002323604420515727
table-0101-538 3 13 13 910 1161 137309 1.0 0.0017449831733765424
table-0101-639 0 1 0 302 335 2853 0.14285714285714285 0.0
table-0101-786 43 7 28 109 147 17696 1.0 1.2779777206512426
table-0101-776 10 6 0 26 70 899 0.25 1.8016949152542372
table-0101-733 4 9 4 122 186 7198 0.2 0.04045643153526971
table-0101-912 3 7 0 482 493 5905 0.1111111111111111 0.07337883959044368
table-0101-104 16 6 0 101 46 4075 0.5 0.38788752703677
table-0101-323 3 3 0 20 38 859 0.5 0.05241935483870968
table-0101-619 6 6 0 214 293 959 1.0 0.02146348915368164
table-0101-395 3 2 0 39 74 2479 1.0 0.07003367003367003
table-0101-417 3 11 11 1128 1323 147043 1.0 0.0012500844651665653
table-0101-575 4 3 0 33 39 2573 1.0 0.21903959561920808
table-0101-374 1 2 0 39 51 1501 1.0 0.019358741681790685
table-0101-840 1 7 0 295 337 2993 0.14285714285714285 0.015454202789295138
table-0101-288 1 2 0 32 55 2314 1.0 0.01173469387755102
table-0101-134 5 7 0 806 621 92821 0.023809523809523808 0.01651462724127084
table-0101-918 1 1 0 135 115 11078 1.0 0.004340872743888508
table-0101-447 3 12 12 728 973 84338 1.0 0.0029622137128820173
table-0101-872 2 7 0 296 342 2800 0.125 0.035728307813113466
table-0101-116 0 1 0 202 267 3675 0.14285714285714285 0.0
table-0101-851 0 1 0 305 349 3032 0.125 0.0
table-0101-750 5 20 0 479 411 46836 0.041666666666666664 0.029261363636363637
table-0101-627 4 3 0 5 32 716 0.5 1.140893470790378
table-0101-164 5 4 0 199 272 3685 0.14285714285714285 0.2796610169491525
table-0101-421 3 7 7 1128 1323 147043 1.0 0.0009122237989053314
table-0101-769 4 2 0 12 20 5187 0.5 0.017756007959589776
table-0101-94 1 3 1 103 116 2514 1.0 0.12747524752475248
table-0101-359 10 11 0 984 410 13412 1.0 0.027069115559016168
table-0101-5 6 5 0 206 282 3595 0.14285714285714285 0.14251207729468598
table-0101-938 11 6 9 162 167 7245 1.0 0.03695707391414783
table-0101-423 3 14 14 1128 1323 147043 1.0 0.003243462396107845
table-0101-603 6 3 11 16 28 2677 0.5 0.08005123278898495
table-0101-324 29 3 0 180 248 1416 1.0 0.6425247236765561
table-0101-601 3 3 0 18 38 1383 1.0 0.24516531503431066
table-0101-219 1 2 0 44 46 6736 0.5 0.015415549597855228
table-0101-444 1 1 0 312 311 12777 1.0 0.0054786181707502666
table-0101-195 1 2 0 43 64 3737 0.5 0.041666666666666664
table-0101-803 9 6 18 447 326 23293 0.2 0.8163672654690619
table-0101-628 1 5 2 8 20 770 1.0 0.1592775041050903
table-0101-682 12 3 0 11 23 1469 1.0 3.5495118549511857
table-0101-647 1 2 0 33 57 6366 1.0 0.2169811320754717
table-0101-390 22 3 0 96 54 33678 1.0 1.0071397972297587
table-0101-612 1 5 2 7 20 764 1.0 0.17089678510998307
table-0101-818 1 3 0 34 81 3793 0.125 0.0300494484594903
table-0101-890 1 5 0 302 324 2605 0.125 0.02697841726618705
table-0101-842 0 1 0 295 337 2993 0.14285714285714285 0.0
table-0101-886 1 7 0 488 497 8042 0.1111111111111111 0.009009009009009009
table-0101-155 6 4 0 203 296 4075 0.14285714285714285 0.22699386503067484
table-0101-472 5 4 2 13 73 19704 1.0 0.03241219008264463
table-0101-529 1 2 1 128 85 1398 1.0 0.003109147439044346
table-0101-747 17 2 0 479 411 46836 0.041666666666666664 0.11022727272727273
table-0101-964 0 1 0 295 331 2574 0.125 0.0
table-0101-509 3 10 10 794 1095 81431 1.0 0.0012608191917126694
table-0101-614 6 4 1 192 121 19249 1.0 0.01674998376939557
table-0101-137 4 8 0 806 621 92821 0.023809523809523808 0.04569046870084932
table-0101-925 3 7 0 490 492 8400 0.1111111111111111 0.06563898557931377
table-0101-429 3 11 11 1079 1260 153388 1.0 0.0017139592458579318
table-0101-493 6 3 0 47 81 0 0.5 0.08596122401308105
table-0101-505 3 11 11 794 1095 81431 1.0 0.001328971580453895
table-0101-200 29 3 0 212 158 18815 0.5 0.08813822558726461
table-0101-43 22 6 0 7 128 1037 0.5 9.307692307692308
table-0101-140 56 4 0 153 258 8860 0.3333333333333333 1.4488458250213736
table-0101-243 2 4 0 66 356 2088 1.0 0.0006316676024705222
table-0101-191 3 7 0 501 303 27282 0.1111111111111111 0.01894215357715285
table-0101-863 13 9 0 149 181 8179 0.25 0.5417042380522994
table-0101-313 7 5 0 235 268 7007 0.5 0.037162857731109736
table-0101-677 10 4 0 63 242 9611 1.0 0.046293121185103904
table-0101-922 0 1 0 303 324 2997 0.125 0.0
table-0101-982 3 7 0 297 335 2436 0.125 0.13184772516248838
table-0101-789 4 2 4 10 32 1564 1.0 0.028976572133168926
table-0101-143 1 8 0 200 263 5093 0.14285714285714285 0.019672131147540985
table-0101-315 13 3 0 413 79 20327 0.16666666666666666 0.8732970027247956
table-0101-172 13 6 0 72 60 3819 1.0 0.42810278840896665
table-0101-908 1 7 0 500 496 6640 0.1111111111111111 0.03402268178785857
table-0101-817 10 4 0 34 81 3793 0.125 0.07360213008748574
table-0101-44 6 5 0 209 291 5418 0.14285714285714285 0.052663808940600125
table-0101-903 2 7 0 303 336 3322 0.125 0.06281833616298811
table-0101-669 1 17 0 748 646 53050 0.09090909090909091 0.04598792062122519
table-0101-626 6 6 0 214 293 959 1.0 0.02146348915368164
table-0101-350 1 1 0 788 584 80170 1.0 0.002172164119066774
table-0101-829 12 6 0 83 59 3776 0.16666666666666666 0.10143429383641298
table-0101-249 2 3 0 66 356 2088 1.0 0.0006667602470522178
table-0101-560 3 3 0 32 34 1483 1.0 0.36372646184340934
table-0101-376 1 2 1 8 22 1574 1.0 0.013157894736842105
table-0101-144 1 7 0 200 263 5093 0.14285714285714285 0.014519906323185013
table-0101-524 3 14 14 931 1116 67701 1.0 0.0028973980229519375
table-0101-360 15 4 2 984 410 13412 1.0 0.05629093573947694
table-0101-289 1 1 0 434 367 49833 1.0 0.0014559965487489215
table-0101-203 3 2 0 159 193 13899 0.5 0.09032258064516129
table-0101-568 3 9 9 959 1235 91414 1.0 0.002812046444121916
table-0101-707 1 13 0 537 508 38665 0.05555555555555555 0.0006427194172677283
table-0101-204 3 2 0 119 116 21133 0.3333333333333333 0.09526044110746129
table-0101-259 2 4 0 66 356 2088 1.0 0.0006667602470522178
table-0101-714 5 6 5 364 347 8237 0.5 0.7425249169435216
table-0101-226 2 2 0 42 47 4171 0.5 0.0685640362225097
table-0101-611 7 2 7 14 32 1796 1.0 0.10070371269109439
table-0101-38 5 4 0 207 327 3798 0.14285714285714285 0.09285374742513072
table-0101-844 1 6 0 299 347 3158 0.1111111111111111 0.01300433477825942
table-0101-271 2 3 0 66 356 2088 1.0 0.0007018528916339135
table-0101-715 4 3 0 241 302 3847 1.0 0.04942255434782609
table-0101-500 8 17 0 132 95 27384 0.5 0.24316365166175852
table-0101-371 30 3 30 825 383 44259 0.14285714285714285 0.13748488512696494
table-0101-475 1 3 0 27 47 897 1.0 0.13553113553113552
table-0101-389 52 3 0 96 54 33678 1.0 2.3914036841353705
table-0101-577 4 7 1 9 265 1691 0.1111111111111111 0.11209276642738818
table-0101-673 9 25 9 94 84 12102 0.5 6.101777059773829
table-0101-824 11 10 0 40 36 1276 0.5 1.1236872812135357
table-0101-424 6 6 0 1079 1260 153388 1.0 0.02666158826890116
table-0101-227 1 2 1 43 47 3791 0.5 0.021229050279329607
table-0101-97 10 2 0 23 79 1706 1.0 0.05110617331658777
table-0101-508 3 13 13 794 1095 81431 1.0 0.001533428746677571
table-0101-589 9 2 0 63 64 6298 0.5 0.48412698412698413
table-0101-112 1 7 0 211 283 4272 0.14285714285714285 0.0064802814293649326
table-0101-742 1 2 1 8 26 1437 1.0 0.0158465387823186
table-0101-10 0 1 0 206 282 3595 0.14285714285714285 0.0
table-0101-258 40 5 0 66 356 2088 1.0 0.14647669848399775
table-0101-735 4 9 2 122 186 7198 0.2 0.1421161825726141
table-0101-316 13 3 0 413 79 20327 0.16666666666666666 1.2915531335149864
table-0101-165 10 5 0 205 269 4235 0.125 0.15087538619979401
table-0101-913 1 7 0 482 493 5905 0.1111111111111111 0.030716723549488054
table-0101-6 6 5 0 206 282 3595 0.14285714285714285 0.14170692431561996
table-0101-740 2 3 0 72 105 1749 1.0 0.14492202358311146
table-0101-812 3 9 9 463 601 14650 0.1111111111111111 0.0412682435832914
table-0101-997 8 5 0 298 335 2512 0.125 0.3048543689320388
table-0101-364 3 3 0 48 51 2451 1.0 0.07913263869332582
table-0101-463 6 7 12 90 226 1888 0.5 0.20603448275862069
table-0101-276 10 11 0 179 152 59193 0.3333333333333333 0.3102228510788822
table-0101-757 97 5 0 479 411 46836 0.041666666666666664 2.254971590909091
table-0101-579 9 7 9 9 265 1691 0.1111111111111111 0.21535063500828272
table-0101-268 23 14 0 66 356 2088 1.0 0.0414093206064009
table-0101-126 0 1 0 204 258 4336 0.14285714285714285 0.0
table-0101-342 6 2 4 3 24 1438 1.0 0.32667876588021777
table-0101-635 7 5 7 47 30 14987 0.5 0.9127837514934289
table-0101-41 1 2 0 22 42 1893 1.0 0.037520391517128875
table-0101-514 18 4 0 50 119 792 0.3333333333333333 5.458333333333333
table-0101-809 11 4 0 463 601 14650 0.1111111111111111 0.41217916456970305
table-0101-61 5 4 0 204 276 4105 0.14285714285714285 0.2278719397363465
table-0101-630 1 5 2 9 23 815 1.0 0.16166666666666665
table-0101-387 52 3 0 96 54 33678 1.0 1.3962587462516065
table-0101-797 20 10 0 162 210 1820 0.3333333333333333 2.5714285714285716
table-0101-205 1 2 0 119 116 21133 0.3333333333333333 0.01642421398404505
table-0101-581 8 7 7 9 265 1691 0.1111111111111111 0.1924351187189398
table-0101-966 0 1 0 295 331 2574 0.125 0.0
table-0101-449 3 8 8 728 973 84338 1.0 0.002239722563398598
table-0101-638 2 7 0 302 335 2853 0.14285714285714285 0.03527980535279805
table-0101-363 8 3 0 11092 741 806099 0.3333333333333333 0.008672052244344083
table-0101-147 2 7 0 200 263 5093 0.14285714285714285 0.036065573770491806
table-0101-700 1 16 0 51 286 4643 0.25 0.003409090909090909
table-0101-549 8 3 0 55 86 28017 0.16666666666666666 0.5734002509410289
table-0101-541 8 3 0 41 59 1684 1.0 0.4091800706159278
table-0101-300 13 13 0 648 352 392214 0.25 0.0720731935022095
table-0101-663 1 3 0 232 305 10400 0.25 0.011051759071652238
table-0101-880 5 4 5 221 82 8506 0.5 0.4961571306575576
table-0101-431 3 13 13 1079 1260 153388 1.0 0.005713197486193106
table-0101-932 4 7 0 299 328 3448 0.125 0.0930802204531537
table-0101-152 1 6 0 203 296 4075 0.14285714285714285 0.015775635407537247
table-0101-897 2 1 0 153 138 1780 0.5 0.19230769230769232
table-0101-799 56 5 0 876 488 64506 0.3333333333333333 1.8077288565093443
table-0101-941 1 6 0 299 331 3545 0.14285714285714285 0.028792134831460675
table-0101-148 6 4 0 200 263 5093 0.14285714285714285 0.3540983606557377
table-0101-584 5 2 0 59 51 11953 0.3333333333333333 0.10656270305393112
table-0101-782 22 6 1 0 0 0 0.0 1698.0
table-0101-333 5 3 0 419 450 19170 0.3333333333333333 0.0012906794505393197
table-0101-100 7 3 0 375 259 25335 0.25 0.20448644719077785
table-0101-229 0 1 0 43 47 3791 0.5 0.0
table-0101-55 6 5 0 204 276 4105 0.14285714285714285 0.12994350282485875
table-0101-815 24 6 0 34 81 3793 0.125 0.10688474705211107
table-0101-231 1 2 1 39 47 1641 0.5 0.03815261044176707
table-0101-901 2 7 0 303 336 3322 0.125 0.07045840407470289
table-0101-522 3 11 11 931 1116 67701 1.0 0.002499715941370299
table-0101-716 2 3 0 35 57 1994 1.0 0.12644947542794036
table-0101-179 5 4 0 203 267 3938 0.125 0.13610251878038002
table-0101-464 6 6 11 90 226 1888 0.5 0.18620689655172415
table-0101-763 6 2 0 479 411 46836 0.041666666666666664 0.046448863636363635
table-0101-987 0 1 0 302 337 2398 0.125 0.0
table-0101-422 3 9 9 1128 1323 147043 1.0 0.001047368065409825
table-0101-401 4 7 0 253 293 277313 0.25 0.09232535257461463
table-0101-850 6 7 0 305 349 3032 0.125 0.07258064516129033
table-0101-36 2 7 0 207 327 3798 0.14285714285714285 0.01283473300586278
table-0101-759 24 22 84 479 411 46836 0.041666666666666664 0.36619318181818183
table-0101-386 26 3 0 96 54 33678 1.0 0.7239754390975296
table-0101-830 14 6 0 83 59 3776 0.16666666666666666 0.1042770383770513
table-0101-158 10 5 0 199 272 3685 0.14285714285714285 0.24661016949152542
table-0101-174 8 10 0 203 267 3938 0.125 0.08904109589041095
table-0101-446 3 11 11 728 973 84338 1.0 0.0027454663680369917
table-0101-93 19 3 0 142 140 8860 0.2 0.22743682310469315
table-0101-779 1 3 0 13 23 2215 1.0 0.21288837744533948
table-0101-536 3 10 10 910 1161 137309 1.0 0.0014956998628941791
table-0101-540 5 3 0 35 34 2286 1.0 0.41353383458646614
table-0101-217 1 2 0 41 50 6304 0.5 0.016812865497076022
table-0101-705 1 11 0 537 508 38665 0.05555555555555555 0.0004641862458044705
table-0101-430 3 8 8 1079 1260 153388 1.0 0.0014282993715482766
table-0101-990 1 4 0 302 337 2398 0.125 0.0916597853014038
table-0101-462 6 7 12 90 226 1888 0.5 0.1875
table-0101-237 2 3 0 66 356 2088 1.0 0.0004912970241437394
table-0101-828 4 3 0 104 208 26109 0.5 0.026627518477270427
table-0101-193 7 8 0 501 303 27282 0.1111111111111111 0.04444120646947399
table-0101-409 1 2 1 27 41 4172 1.0 0.019487179487179488
table-0101-304 32 9 16 53 227 14341 0.14285714285714285 0.8062102506546951
table-0101-154 1 7 0 203 296 4075 0.14285714285714285 0.011977797253870874
table-0101-909 1 6 0 500 496 6640 0.1111111111111111 0.02601734489659773
table-0101-487 3 11 11 906 1048 73221 1.0 0.0022102578634173985
table-0101-182 3 8 0 204 265 4666 0.14285714285714285 0.04634227077126779
table-0101-833 8 10 0 83 59 3776 0.16666666666666666 0.06008528233621915
table-0101-952 1 7 0 303 326 2578 0.125 0.03903345724907063
table-0101-723 2 4 0 19 29 765 1.0 0.15526315789473685
table-0101-854 3 3 0 52 36 6469 0.3333333333333333 0.08650306748466258
table-0101-29 1 7 0 206 286 3769 0.14285714285714285 0.015941547658585187
table-0101-465 1 3 0 60 59 3494 1.0 0.09096385542168675
table-0101-594 18 11 10 282 304 6332 0.5 3.395209580838323
table-0101-478 1 2 1 34 50 1665 0.5 0.023529411764705882
table-0101-201 6 3 0 237 306 6954 1.0 0.4549763033175355
table-0101-837 6 3 0 159 256 312 1.0 0.33084112149532713
table-0101-338 4 7 4 2547 1772 449241 0.14285714285714285 0.014963803268900663
table-0101-585 3 3 0 59 51 11953 0.3333333333333333 0.21767381416504222
table-0101-269 4 16 0 66 356 2088 1.0 0.006597417181358787
table-0101-367 11 4 11 825 383 44259 0.14285714285714285 0.051390568319226115
table-0101-77 0 1 0 201 265 3529 0.14285714285714285 0.0
table-0101-185 2 7 0 204 265 4666 0.14285714285714285 0.03508771929824561
table-0101-551 10 4 0 55 86 28017 0.16666666666666666 0.7327478042659975
table-0101-875 2 8 0 300 349 2851 0.125 0.040834442964935644
table-0101-362 5 6 5 8762 921 68358 0.125 0.11801152737752162
table-0101-398 21 1 21 17 677 15408 0.5 0.0
table-0101-368 8 2 0 825 383 44259 0.14285714285714285 0.025272067714631197
table-0101-73 6 5 0 201 265 3529 0.14285714285714285 0.19838987924094306
table-0101-791 2 7 0 28 38 1076 0.5 0.0763819095477387
table-0101-665 3 23 3 68 104 6239 0.3333333333333333 0.6342737722048067
table-0101-202 1 3 0 51 99 2708 1.0 0.10119047619047619
table-0101-310 20 4 4 410 46 7633 0.5 3.635658914728682
table-0101-845 2 7 0 299 347 3158 0.1111111111111111 0.02634211403801267
table-0101-946 3 7 0 305 323 2477 0.125 0.1200750469043152
table-0101-907 0 1 0 500 496 6640 0.1111111111111111 0.0
table-0101-90 19 4 0 164 309 9547 0.3333333333333333 0.45143972669594923
table-0101-911 1 8 0 482 493 5905 0.1111111111111111 0.025597269624573378
table-0101-437 2 6 0 45 123 2323 0.125 0.06116207951070336
table-0101-356 18 6 0 24 44 4112 0.5 0.5244227353463587
table-0101-569 3 14 14 959 1235 91414 1.0 0.00861756168359942
table-0101-915 0 1 0 482 493 5905 0.1111111111111111 0.0
table-0101-209 2 5 4 6 17 511 1.0 0.47288503253796094
table-0101-72 20 6 2 10 97 879 0.5 5.2829736211031175
table-0101-349 9 6 9 66 196 7346 0.5 0.24846328049175023
table-0101-418 3 10 10 1128 1323 147043 1.0 0.0011487262652881951
table-0101-931 3 7 0 299 328 3448 0.125 0.07348438456827924
table-0101-291 18 4 18 49 120 4649 0.3333333333333333 0.3698908352373699
table-0101-66 1 8 0 209 279 4087 0.14285714285714285 0.010448107731599722
table-0101-756 3 2 3 479 411 46836 0.041666666666666664 0.00625
table-0101-242 2 4 0 66 356 2088 1.0 0.0007369455362156092
table-0101-75 0 1 0 201 265 3529 0.14285714285714285 0.0
table-0101-159 2 8 0 199 272 3685 0.14285714285714285 0.03305084745762712
table-0101-515 22 6 0 50 119 792 0.3333333333333333 2.3916666666666666
table-0101-428 3 9 9 1079 1260 153388 1.0 0.0015711293087031042
table-0101-930 8 8 0 299 328 3448 0.125 0.21371708511941212
table-0101-511 3 13 13 794 1095 81431 1.0 0.0035439242145437195
table-0101-325 5 3 0 68 72 1683 1.0 0.2147239263803681
table-0101-124 1 8 0 204 258 4336 0.14285714285714285 0.023965141612200435
table-0101-466 9 23 64 678 845 35661 0.125 0.7320719458070545
table-0101-521 6 6 0 931 1116 67701 1.0 0.031871378252471314
table-0101-808 10 4 0 463 601 14650 0.1111111111111111 0.3648716658278812
table-0101-821 0 1 0 53 75 12487 0.3333333333333333 0.0
table-0101-337 8 7 10 2547 1772 449241 0.14285714285714285 0.02563624151056049
table-0101-561 5 2 1 42 81 13017 0.3333333333333333 0.10327313769751693
table-0101-65 6 5 0 209 279 4087 0.14285714285714285 0.08195960065010448
table-0101-650 5 22 0 332 397 23568 0.16666666666666666 0.15617248113157756
table-0101-621 6 6 0 214 293 959 1.0 0.02146348915368164
table-0101-327 4 5 3 497 203 226923 0.3333333333333333 0.02699827104668174
table-0101-299 9 3 0 409 56 11395 0.25 1.4642857142857142
table-0101-537 3 11 11 910 1161 137309 1.0 0.0015787942997216337
table-0101-888 0 1 0 488 497 8042 0.1111111111111111 0.0
table-0101-216 16 6 0 117 243 3270 0.3333333333333333 0.055031315240083506
table-0101-240 2 4 0 66 356 2088 1.0 0.0007720381807973049
table-0101-949 2 3 0 17 46 9515 1.0 0.0932
table-0101-214 1 3 0 27 47 726 1.0 0.10465116279069768
table-0101-722 52 5 0 53 127 2255 0.5 31.688442211055275
table-0101-595 18 19 18 282 304 6332 0.5 6.125748502994012
table-0101-285 1 2 0 37 51 2819 1.0 0.015603799185888738
table-0101-655 1 3 0 610 681 9692 1.0 0.056314926189174414
table-0101-804 8 4 0 463 601 14650 0.1111111111111111 0.29290387518872674
table-0101-954 0 1 0 303 326 2578 0.125 0.0
table-0101-375 1 2 0 57 69 15714 0.5 0.016083916083916083
table-0101-499 3 3 0 15 30 1249 0.25 0.3527054108216433
table-0101-365 2 2 1 7 18 946 1.0 0.08393285371702638
table-0101-892 1 6 0 302 324 2605 0.125 0.045863309352517985
table-0101-950 3 8 0 303 326 2578 0.125 0.11245353159851301
table-0101-646 1 2 0 67 77 13861 0.3333333333333333 0.013079019073569483
table-0101-274 1 2 1 51 65 17441 1.0 0.039832285115303984
table-0101-957 8 3 2 44 32 19882 0.25 0.11292719167904904
table-0101-12 6 4 0 206 282 3595 0.14285714285714285 0.2914653784219002
table-0101-642 1 5 2 8 21 637 1.0 0.11444652908067542
table-0101-999 1 7 0 298 335 2512 0.125 0.026537216828478965
table-0101-709 2 5 0 537 508 38665 0.05555555555555555 0.0006962793687067057
table-0101-651 6 10 0 332 397 23568 0.16666666666666666 0.07183195228796116
table-0101-773 7 2 7 64 124 8025 1.0 0.019412776941277694
table-0101-631 8 8 0 421 437 7731 0.16666666666666666 0.12675549153763055
table-0101-190 20 7 0 501 303 27282 0.1111111111111111 0.11904414978872213
table-0101-746 17 2 0 479 411 46836 0.041666666666666664 0.14147727272727273
table-0101-760 15 2 0 479 411 46836 0.041666666666666664 0.0453125
table-0101-82 1 8 0 412 487 15301 0.07692307692307693 0.007603920243325448
table-0101-530 2 8 0 39 50 541 0.5 0.40217391304347827
table-0101-180 3 3 0 38 68 3163 1.0 0.0848529959062151
table-0101-232 2 2 0 39 47 1641 0.5 0.10441767068273092
table-0101-666 7 25 13 748 646 53050 0.09090909090909091 0.3800690250215703
table-0101-114 6 4 0 211 283 4272 0.14285714285714285 0.14645436030364747
table-0101-796 2 1 0 162 210 1820 0.3333333333333333 0.17195767195767195
table-0101-346 6 2 0 168 193 5018 0.3333333333333333 0.024541062801932367
table-0101-432 13 5 0 166 204 9701 0.16666666666666666 0.04936396430605658
table-0101-96 19 3 0 214 274 42480 0.3333333333333333 0.09693637077769049
table-0101-63 3 4 3 228 280 8563 1.0 0.043170964660936006
table-0101-60 4 8 4 204 276 4105 0.14285714285714285 0.059133709981167605
table-0101-408 9 5 25 387 550 951 0.5 1.0705521472392638
table-0101-326 6 9 0 497 203 226923 0.3333333333333333 0.02057011127366228
table-0101-625 6 3 0 214 293 959 1.0 0.014512679498930644
table-0101-332 8 5 0 419 450 19170 0.3333333333333333 0.022992532497464736
table-0101-653 8 6 0 332 397 23568 0.16666666666666666 0.052620467620203726
table-0101-961 0 1 0 298 331 2621 0.125 0.0
table-0101-734 4 9 2 122 186 7198 0.2 0.1504149377593361
table-0101-855 0 1 0 52 36 6469 0.3333333333333333 0.0
table-0101-989 4 5 0 302 337 2398 0.125 0.1337737407101569
table-0101-22 4 7 0 207 279 3855 0.14285714285714285 0.040658775090066906
table-0101-260 2 4 0 66 356 2088 1.0 0.0005263896687254351
table-0101-904 2 6 0 303 336 3322 0.125 0.05857385398981324
table-0101-468 18 8 0 678 845 35661 0.125 0.5517402476056996
table-0101-436 4 6 0 45 123 2323 0.125 0.15086646279306828
table-0101-547 40 3 13 555 251 708 1.0 0.5902841429880843
table-0101-813 4 7 0 34 81 3793 0.125 0.03499429440852035
table-0101-702 15 25 56 51 286 4643 0.25 1.2987373737373737
table-0101-713 5 9 5 364 347 8237 0.5 0.027131782945736434
table-0101-441 6 2 0 96 102 16748 0.5 0.06819243344231668
table-0101-381 11 2 7 44 55 9554 1.0 0.17338709677419356
table-0101-506 3 9 9 794 1095 81431 1.0 0.001192666802971444
table-0101-489 5 2 4 25 57 10017 1.0 0.07724209434940384
table-0101-286 1 2 1 45 86 3842 1.0 0.005846153846153846
table-0101-186 2 7 0 204 265 4666 0.14285714285714285 0.024164184045018206
table-0101-115 6 5 0 202 267 3675 0.14285714285714285 0.17477203647416414
table-0101-597 32 3 0 447 215 138215 0.5 1.3214367421642645
table-0101-629 16 9 0 103 102 1505 0.5 0.2106564130733315
table-0101-623 6 6 0 214 293 959 1.0 0.0216162542010388
table-0101-664 5 20 19 68 104 6239 0.3333333333333333 0.6454197143852316
table-0101-302 42 9 32 53 227 14341 0.14285714285714285 1.1533857089412645
table-0101-382 10 2 0 36 62 5518 1.0 0.29264214046822745
table-0101-574 14 3 6 165 157 5656 0.5 0.4256656804733728
table-0101-345 2 5 0 139 75 31653 0.5 0.04210791729702471
table-0101-189 8 8 0 501 303 27282 0.1111111111111111 0.061489144688911555
table-0101-758 3 2 3 479 411 46836 0.041666666666666664 0.00625
table-0101-434 3 6 0 45 123 2323 0.125 0.14933741080530072
table-0101-293 1 2 0 33 36 1194 1.0 0.01641684511063526
table-0101-965 2 7 0 295 331 2574 0.125 0.09363295880149813
table-0101-25 6 5 0 206 286 3769 0.14285714285714285 0.11391564264363999
table-0101-412 6 3 0 76 262 20082 0.5 0.17931835786212239
table-0101-871 1 7 0 296 342 2800 0.125 0.016489988221436984
table-0101-724 17 5 0 57 52 3834 0.5 0.10049355634768303
table-0101-161 0 1 0 199 272 3685 0.14285714285714285 0.0
table-0101-501 1 10 0 21 33 1195 0.5 0.07334525939177101
table-0101-744 18 8 0 479 411 46836 0.041666666666666664 0.5856534090909091
table-0101-108 6 5 0 211 283 4272 0.14285714285714285 0.06498796519163118
table-0101-151 1 7 0 203 296 4075 0.14285714285714285 0.009640666082383873
table-0101-70 1 8 1 209 279 4087 0.14285714285714285 0.008590666357093104
table-0101-40 12 2 0 107 107 13754 0.25 0.08423087544877106
table-0101-132 8 8 0 806 621 92821 0.023809523809523808 0.027603019817552688
table-0101-454 4 6 0 869 1108 206174 1.0 0.017356475300400534
table-0101-778 1 4 0 26 70 899 0.25 0.08983050847457627
table-0101-138 5 6 0 806 621 92821 0.023809523809523808 0.03318653664674426
table-0101-7 1 8 0 206 282 3595 0.14285714285714285 0.019726247987117553
table-0101-798 12 10 0 876 488 64506 0.3333333333333333 0.47545137789040226
table-0101-361 12 3 1 984 410 13412 1.0 0.018000274813355928
table-0101-580 10 7 7 9 265 1691 0.1111111111111111 0.22915516289342905
table-0101-106 0 1 0 17 17 600 1.0 0.0
table-0101-636 2 8 0 302 335 2853 0.14285714285714285 0.038118410381184104
table-0101-945 1 7 0 305 323 2477 0.125 0.03470919324577861
table-0101-292 1 2 1 33 43 1372 1.0 0.00745390349156532
table-0101-471 1 1 0 240 286 3055 1.0 0.013952164009111617
table-0101-372 28 5 47 457 508 4344 1.0 2.7241379310344827
table-0101-254 2 3 0 66 356 2088 1.0 0.0004562043795620438
table-0101-978 1 5 0 303 341 2528 0.125 0.026295436968290797
table-0101-83 1 7 0 412 487 15301 0.07692307692307693 0.006083136194660358
table-0101-583 9 7 10 9 265 1691 0.1111111111111111 0.19105466593042517
table-0101-996 0 1 0 301 342 2467 0.125 0.0
table-0101-413 3 1 3 16 38 136 1.0 0.0
table-0101-968 2 2 0 51 117 226 1.0 0.021296296296296296
table-0101-74 2 8 0 201 265 3529 0.14285714285714285 0.053479010925819435
table-0101-556 3 9 9 908 1060 100787 1.0 0.003255079897415664
table-0101-153 0 1 0 203 296 4075 0.14285714285714285 0.0
table-0101-119 1 7 0 202 267 3675 0.14285714285714285 0.02988855116514691
table-0101-26 5 8 0 206 286 3769 0.14285714285714285 0.08170043175024909
table-0101-298 9 3 0 409 56 11395 0.25 1.1049107142857142
table-0101-52 18 6 14 64 386 48441 0.2 0.6791359325605901
table-0101-819 4 6 4 53 75 12487 0.3333333333333333 0.01511292239769061
table-0101-637 2 7 0 302 335 2853 0.14285714285714285 0.03203568532035685
table-0101-491 3 9 2 34 55 1128 0.5 0.118491921005386
table-0101-439 8 2 3 29 64 7373 1.0 0.0577019568489714
table-0101-279 45 3 0 467 330 195540 0.3333333333333333 0.2081907014377295
table-0101-278 27 11 9 1060 895 150726 0.5 0.22967854714965524
table-0101-450 3 13 13 728 973 84338 1.0 0.0070081641499891625
table-0101-753 3 2 3 479 411 46836 0.041666666666666664 0.00625
table-0101-118 2 7 0 202 267 3675 0.14285714285714285 0.0425531914893617
table-0101-697 5 4 0 50 81 1910 0.2 0.17526881720430107
table-0101-377 3 2 0 27 52 5628 1.0 0.0683526999316473
table-0101-379 1 2 0 32 63 7725 0.5 0.036523929471032744
table-0101-160 0 1 0 199 272 3685 0.14285714285714285 0.0
table-0101-544 40 3 2 555 251 708 1.0 0.6154903758020165
table-0101-244 2 4 0 66 356 2088 1.0 0.0005614823133071309
table-0101-411 111 4 0 76 262 20082 0.5 4.051510457010069
table-0101-633 3 7 0 421 437 7731 0.16666666666666666 0.045012603528988115
table-0101-303 47 9 32 53 227 14341 0.14285714285714285 1.0617283950617284
table-0101-898 20 10 0 153 138 1780 0.5 2.798816568047337
table-0101-754 45 5 0 479 411 46836 0.041666666666666664 1.0661931818181818
table-0101-557 3 9 9 908 1060 100787 1.0 0.003255079897415664
table-0101-865 2 8 0 299 347 2723 0.125 0.04136029411764706
table-0101-488 3 13 13 906 1048 73221 1.0 0.0061207140833097196
table-0101-264 2 3 0 66 356 2088 1.0 0.0004562043795620438
table-0101-91 57 5 0 48 207 1219 0.5 8.905494505494506
table-0101-502 8 3 0 82 81 3281 1.0 0.04914083828488839
table-0101-370 32 3 32 825 383 44259 0.14285714285714285 0.12116082224909311
table-0101-683 12 3 0 11 23 1469 1.0 2.808926080892608
table-0101-553 4 6 0 908 1060 100787 1.0 0.0358058788715723
table-0101-187 5 4 0 204 265 4666 0.14285714285714285 0.20125786163522014
table-0101-745 15 2 0 479 411 46836 0.041666666666666664 0.0453125
table-0101-861 6 4 0 300 287 1317 1.0 0.018639251086593114
table-0101-980 2 7 0 297 335 2436 0.125 0.07985143918291551
table-0101-9 1 7 0 206 282 3595 0.14285714285714285 0.020128824476650563
table-0101-698 14 8 12 199 241 4615 0.3333333333333333 0.7640591966173361
table-0101-45 1 8 0 209 291 5418 0.14285714285714285 0.009491733006736069
table-0101-667 7 7 0 748 646 53050 0.09090909090909091 0.08550474547023296
table-0101-225 1 2 1 42 47 4171 0.5 0.02457956015523933
table-0101-902 1 7 0 303 336 3322 0.125 0.04499151103565365
table-0101-774 6 2 2 36 74 4521 0.5 0.047550084479845524
table-0101-47 6 7 0 209 291 5418 0.14285714285714285 0.03674219228413962
table-0101-986 1 7 0 302 337 2398 0.125 0.03633360858794385
table-0101-720 8 11 15 22 57 695 0.25 1.3865979381443299
table-0101-970 1 7 0 307 340 2599 0.125 0.031569173630454965
table-0101-826 1 6 0 45 59 3582 0.5 0.01217263002582073
table-0101-503 4 4 4 26 50 780 0.5 0.40941176470588236
table-0101-476 3 9 3 34 50 1665 0.5 0.043697478991596636
table-0101-919 2 8 0 303 324 2997 0.125 0.0893854748603352
table-0101-166 8 10 0 205 269 4235 0.125 0.10787847579814624
table-0101-34 4 7 0 207 327 3798 0.14285714285714285 0.024084931072730152
table-0101-535 3 9 9 910 1161 137309 1.0 0.001454152644480452
table-0101-212 2 5 4 8 24 778 1.0 0.3083969465648855
table-0101-123 6 5 0 204 258 4336 0.14285714285714285 0.24981844589687727
table-0101-69 0 1 0 209 279 4087 0.14285714285714285 0.0
table-0101-117 4 7 0 202 267 3675 0.14285714285714285 0.09219858156028368
table-0101-92 2 3 0 34 19 3480 1.0 0.13018242122719734
table-0101-976 1 7 0 303 341 2528 0.125 0.03248259860788863
table-0101-823 0 1 0 53 75 12487 0.3333333333333333 0.0
table-0101-570 20 6 0 310 354 4686 0.5 0.22731239092495636
table-0101-110 0 1 0 211 283 4272 0.14285714285714285 0.0
table-0101-353 2 2 1 50 58 0 1.0 0.17391304347826086
table-0101-482 3 13 13 906 1048 73221 1.0 0.002436950977614055
table-0101-481 3 10 10 906 1048 73221 1.0 0.0021535845848682346
table-0101-498 5 11 0 15 30 1249 0.25 0.9338677354709419
table-0101-858 5 3 0 296 268 11190 0.25 1.2151898734177216
table-0101-883 3 8 0 488 497 8042 0.1111111111111111 0.031081081081081083
table-0101-322 11 3 0 410 71 8754 0.25 1.0833333333333333
table-0101-111 0 1 0 211 283 4272 0.14285714285714285 0.0
table-0101-169 4 7 0 205 269 4235 0.125 0.04196704428424305
table-0101-228 2 2 0 43 47 3791 0.5 0.05810055865921788
table-0101-157 16 12 0 116 104 13832 0.5 0.14747356051703878
table-0101-849 1 5 0 305 349 3032 0.125 0.012258064516129033
table-0101-811 10 8 2 463 601 14650 0.1111111111111111 0.7287367891293407
table-0101-99 8 3 8 375 259 25335 0.25 0.133762592169488
table-0101-869 0 1 0 299 347 2723 0.125 0.0
table-0101-939 3 8 0 299 331 3545 0.14285714285714285 0.09339887640449439
table-0101-394 1 3 0 70 71 968 1.0 0.5350553505535055
table-0101-775 6 3 0 161 261 345 1.0 0.12405237767057202
table-0101-80 2 2 0 27 59 1267 1.0 0.04951856946354883
table-0101-470 7 3 0 678 845 35661 0.125 0.1913104414856342
table-0101-801 9 5 9 447 326 23293 0.2 1.2724550898203593
table-0101-354 1 3 0 300 258 150437 1.0 0.008499661705006765
table-0101-887 1 6 0 488 497 8042 0.1111111111111111 0.008783783783783784
table-0101-834 23 5 0 83 59 3776 0.16666666666666666 0.16694663393203257
table-0101-788 3 3 0 19 100 1312 0.5 0.01997087580611608
table-0101-373 1 2 1 39 51 1501 1.0 0.011494252873563218
table-0101-839 2 7 0 295 337 2993 0.14285714285714285 0.030908405578590276
table-0101-684 12 3 0 11 23 1469 1.0 1.7196652719665273
table-0101-704 19 2 0 537 508 38665 0.05555555555555555 0.0023030779118760267
table-0101-391 42 4 0 75 105 24876 0.5 0.2288078351908139
table-0101-262 2 4 0 66 356 2088 1.0 0.0007369455362156092
table-0101-916 0 1 0 482 493 5905 0.1111111111111111 0.0
table-0101-348 1 3 0 9 35 572 1.0 0.07245155855096883
table-0101-328 5 4 0 497 203 226923 0.3333333333333333 0.01728953318260407
table-0101-33 4 8 0 207 327 3798 0.14285714285714285 0.028996989383615907
table-0101-985 6 8 0 302 337 2398 0.125 0.22047894302229562
table-0101-691 6 1 0 15 77 12082 0.25 0.19054566676393347
table-0101-929 0 1 0 490 492 8400 0.1111111111111111 0.0
table-0101-23 5 4 0 207 279 3855 0.14285714285714285 0.15671641791044777
table-0101-419 3 12 12 1128 1323 147043 1.0 0.0012500844651665653
table-0101-681 1 3 0 456 502 9105 0.3333333333333333 0.04291527931927488
table-0101-402 4 4 0 253 293 277313 0.25 0.04148901279107904
table-0101-385 1 3 0 74 85 1251 1.0 0.1330834114339269
table-0101-459 3 13 13 869 1108 206174 1.0 0.004651363107799647
table-0101-606 6 7 12 177 143 125154 0.3333333333333333 0.31478405315614616
table-0101-273 1 3 0 24 44 824 1.0 0.11074489123269611
table-0101-213 1 2 0 48 53 6963 0.5 0.015191545574636724
table-0101-701 1 16 0 51 286 4643 0.25 0.003409090909090909
table-0101-900 3 8 0 303 336 3322 0.125 0.11375212224108659
table-0101-526 3 10 10 931 1116 67701 1.0 0.002386092489489831
table-0101-598 1 4 0 447 215 138215 0.5 0.038206360100663465
table-0101-79 6 4 0 201 265 3529 0.14285714285714285 0.4272570442783209
table-0101-761 31 21 101 479 411 46836 0.041666666666666664 0.42485795454545455
table-0101-780 67 5 12 0 0 0 0.0 5053.0
table-0101-64 1 2 1 6 30 1231 1.0 0.02546916890080429
table-0101-131 1 3 0 806 621 92821 0.023809523809523808 0.013447625039320541
table-0101-679 1 2 0 11 33 2626 1.0 0.013813813813813814
table-0101-675 2 3 0 191 258 10865 0.16666666666666666 0.12834224598930483
table-0101-331 5 2 0 4 9 326 1.0 0.25162689804772237
table-0101-685 2 3 0 11 23 1469 1.0 0.6980474198047419
table-0101-283 4 2 0 195 225 14037 0.5 0.07578397212543554
table-0101-748 15 2 0 479 411 46836 0.041666666666666664 0.10014204545454546
table-0101-893 2 5 0 302 324 2605 0.125 0.05575539568345324
table-0101-280 14 3 14 467 330 195540 0.3333333333333333 0.06572477749424285
table-0101-308 15 4 1 150 191 2794 1.0 0.1585932315859323
table-0101-708 1 11 0 537 508 38665 0.05555555555555555 0.0005177461972434478
table-0101-658 10 23 41 333 355 24981 0.2 0.9703761450009745
table-0101-479 5 2 8 34 50 1665 0.5 0.0033613445378151263
table-0101-662 3 10 0 232 305 10400 0.25 0.06806041628292503
table-0101-281 27 3 2 467 330 195540 0.3333333333333333 0.023090807244662975
table-0101-425 3 9 9 1079 1260 153388 1.0 0.001523519329651495
table-0101-993 0 1 0 301 342 2467 0.125 0.0
table-0101-284 6 6 0 0 0 0 0.0 470.0
table-0101-878 1 7 0 300 349 2851 0.125 0.018197958277851752
table-0101-510 3 12 12 794 1095 81431 1.0 0.0014312001635657329
table-0101-215 5 4 0 117 243 3270 0.3333333333333333 0.02129436325678497
table-0101-309 1 7 1 150 191 2794 1.0 0.037491705374917056
table-0101-835 3 6 0 11 17 2309 0.5 0.05854982551376502
table-0101-582 10 7 0 9 265 1691 0.1111111111111111 0.28547763666482606
table-0101-624 6 6 0 214 293 959 1.0 0.02146348915368164
table-0101-768 2 5 6 22 73 954 1.0 0.19480519480519481
table-0101-261 2 4 0 66 356 2088 1.0 0.0006316676024705222
table-0101-591 4 3 0 90 140 4661 1.0 0.07617065556711759
table-0101-956 10 6 0 44 32 19882 0.25 0.3042347696879643
table-0101-512 1 2 0 20 35 2451 0.5 0.18834080717488788
table-0101-129 5 4 0 204 258 4336 0.14285714285714285 0.477124183006536
table-0101-173 10 5 0 203 267 3938 0.125 0.12969509500662837
table-0101-860 10 15 0 300 287 1317 1.0 0.10957873620862588
table-0101-546 40 3 13 555 251 708 1.0 0.6099908340971586
table-0101-251 2 4 0 66 356 2088 1.0 0.0005614823133071309
table-0101-572 1 2 0 41 61 5014 0.5 0.05636070853462158
table-0101-336 4 6 0 2547 1772 449241 0.14285714285714285 0.00955295171281439
table-0101-455 3 9 9 869 1108 206174 1.0 0.0015935225461906199
table-0101-693 52 5 0 63 123 2485 0.5 30.391959798994975
table-0101-822 0 1 0 53 75 12487 0.3333333333333333 0.0
table-0101-870 2 8 0 296 342 2800 0.125 0.03297997644287397
table-0101-847 0 1 0 299 347 3158 0.1111111111111111 0.0
table-0101-519 11 5 11 15 24 2452 0.3333333333333333 0.037134740259740256
table-0101-57 6 7 0 204 276 4105 0.14285714285714285 0.10018832391713747
table-0101-95 13 4 10 46 60 12402 0.5 0.01942698134597547
table-0101-339 5 4 0 87 155 193695 0.3333333333333333 0.022646571451116548
table-0101-618 6 6 0 214 293 959 1.0 0.02146348915368164
table-0101-208 110 6 0 3 669 2535 0.5 44.95945945945946
table-0101-383 1 2 0 25 42 2085 1.0 0.02213666987487969
table-0101-751 7 20 31 479 411 46836 0.041666666666666664 0.040482954545454544
table-0101-378 4 2 3 32 63 7725 0.5 0.12342569269521411
table-0101-868 0 1 0 299 347 2723 0.125 0.0
table-0101-224 2 5 4 6 19 841 1.0 0.5
table-0101-841 0 1 0 295 337 2993 0.14285714285714285 0.0
table-0101-330 1 3 0 25 38 888 1.0 0.06016466117796074
table-0101-405 15 3 22 56 91 3141 0.5 0.2908366533864542
